 -0.00032221791728636  0.00691079642202201  0.01683537432655606  0.02766943627774281
  0.03914459210464456  0.05032222252971923  0.06136118118389627  0.07233595835603758
  0.08254869104275285  0.09244102692921823  0.10250230360961238  0.11255663172997793
  0.12242839663324058  0.13207098559568134  0.14140381794593632  0.15056172174426807
  0.15972365363628852  0.16896886584067614  0.17815458557825894  0.18721776419793956
  0.19626258134825708  0.20540923565826802  0.21454292930683611  0.22363977290611148
  0.23273006728378687  0.24173969278587754  0.25056874400925666  0.25921450715933902
  0.26774763845810229  0.27611692228222179  0.28431387987893325  0.29251853285877027
  0.30084583443820495  0.30917230198059753  0.31742063526188824  0.32563737467981307
  0.33380705229695645  0.34205106509665378  0.35050878827565762  0.35897376468761438
  0.36734860419075299  0.37569524833483803  0.38401090527285658  0.39220527437195363
  0.40037926324619172  0.40849421643514111  0.41674940240297631  0.42502093594612123
  0.43335071236528566  0.44174509487949465  0.45016115978434273  0.45854690450710200
  0.46687935633001609  0.47531384892057088  0.48385782622269008  0.49261140101335549
  0.50152404997242384  0.51049415604592541  0.51947869296435112  0.52857595440366745
  0.53736691857099383  0.54606230973430636  0.55472320900329342  0.56359703117439786
  0.57282963694000677  0.58217927341061393  0.59135079282123182  0.60074234867737120
  0.61021593499855609  0.61970657024447939  0.62920282774394498  0.63874377670603522
  0.64833991450008677  0.65783012885470371  0.66779065513120472  0.67809623875970715
  0.68846992176108202  0.69893391081821088  0.70938228999633424  0.72020593074509343
  0.73135614801538018  0.74283196058837120  0.75450606109291007  0.76622560014889185
  0.77827616239313313  0.79178745817583362  0.80571944599734757  0.81999126633232333
  0.83440503470238725  0.84978969549605765  0.86761323287636238  0.88607012697512422
  0.90653735818666914  0.93002139984749566  0.96182613705380804  1.00000000000000000
 -0.00277588779989178  0.00968736548232044  0.02066695326169686  0.03205085161584410
  0.04332684544693449  0.05410061466926856  0.06485289627591855  0.07573804247091709
  0.08654939914359848  0.09690393794024993  0.10739804992212970  0.11824761261557351
  0.12966742721665572  0.14165321924550461  0.15301949438162796  0.16376350831020817
  0.17427492637881209  0.18449015529548229  0.19464605498071044  0.20459243322188339
  0.21523570567028144  0.22629675657795417  0.23645207134498322  0.24620599162526602
  0.25581860369564458  0.26564886397896675  0.27553965529867291  0.28520288291850338
  0.29491762662206977  0.30531950610916286  0.31586522802809630  0.32617506593258089
  0.33635164820530489  0.34675519252198667  0.35700355604912987  0.36721767612228545
  0.37724589324985813  0.38807485244029211  0.39855433319575923  0.40957521502911287
  0.42029556559196263  0.43208641392764185  0.44351138533698098  0.45488845810108230
  0.46532557036494127  0.47511374150275426  0.48517795594475582  0.49506898092498053
  0.50504458544341058  0.51482127282381074  0.52486022840277158  0.53513216722874468
  0.54565935408365063  0.55666297987446711  0.56731516828950523  0.57734759095619803
  0.58734523810107941  0.59753312448393625  0.60791013206130451  0.61819611321273593
  0.62900323414128767  0.64047856458041441  0.65219260318708594  0.66356839363220310
  0.67458707407408169  0.68517445499408391  0.69591546662343362  0.70658242076590272
  0.71756841062742027  0.72858375502682460  0.73948477899801024  0.75057634677249019
  0.76172152812857419  0.77290981636975242  0.78312167173256619  0.79313365801539570
  0.80298745482135392  0.81277830178194865  0.82187473551316315  0.83096045915415961
  0.84038472433658640  0.85031487262944316  0.86046804633409568  0.87069734576560809
  0.88137719730784081  0.89248376825756426  0.90363041484073015  0.91483681462287159
  0.92572977891732278  0.93637168251794700  0.94695635742660211  0.95756272393055464
  0.96796971891885997  0.97831976729197678  0.98904292537737382  1.00000000000000000
 -0.00942221825904566  0.06209937958623816  0.09715636042660721  0.12245864673291744
  0.14385056695419338  0.16254755280502908  0.17987236285050531  0.19575337518923042
  0.21055451345662976  0.22483371990825538  0.23792927130069130  0.25057083725474233
  0.26292852148872653  0.27528172421166869  0.28753120097948554  0.29941721518595121
  0.31105528428613799  0.32233578636503590  0.33333552637096941  0.34404900865216770
  0.35430057491031269  0.36368544833786104  0.37267647133681797  0.38157404520822669
  0.39015222870508687  0.39862828571252396  0.40630526194586958  0.41415830533325682
  0.42212487265005372  0.43024284703928467  0.43813630328039455  0.44600417014539173
  0.45393228255477835  0.46192833817751594  0.46992831285502218  0.47806567667519539
  0.48587545608242000  0.49356387650596140  0.50094531805884568  0.50808113118183851
  0.51509779667329314  0.52213511714376282  0.52913421079848832  0.53602333160489701
  0.54276057869568928  0.54933001722374597  0.55597023546638280  0.56287477043362510
  0.56996501492589191  0.57706048875530180  0.58404186238858447  0.59096958314770687
  0.59799947529303432  0.60507425071859477  0.61262900045091684  0.62034603724391291
  0.62760226710577716  0.63445575015740197  0.64117257745848000  0.64791991195632359
  0.65485809187866739  0.66196593596389275  0.66928078627789300  0.67664061759496652
  0.68390966209412718  0.69112119470245048  0.69836370967479133  0.70570420556346691
  0.71305902677388733  0.72054646366220387  0.72786734538569331  0.73504620394972764
  0.74222377924051186  0.74955417466576846  0.75701693838749984  0.76464818487258934
  0.77247570624567596  0.78057037481624081  0.78893292264366754  0.79765447959813718
  0.80676549771452732  0.81586050836749446  0.82485674566262368  0.83379616812467761
  0.84274004760536581  0.85177140785234784  0.86110004341942958  0.87061463139931328
  0.88037678810277742  0.89034515945881543  0.90109955903697514  0.91314806779971469
  0.92651901278520554  0.94201870879556082  0.96368645681924570  1.00000000000000000
 -0.02121593643766533  0.14856062101994655  0.20033786712591636  0.23458670221136291
  0.26252689140943258  0.28598506517322808  0.30682802737975207  0.32581918877884597
  0.34310401788720762  0.35838372117649886  0.37216646763352879  0.38545792002018875
  0.39824430460947063  0.41042097695482604  0.42201217891889864  0.43296022717161464
  0.44311775243343754  0.45274113473418170  0.46183731685603574  0.47057776473097129
  0.47898467631851449  0.48711391257742043  0.49505671093244508  0.50297931748168090
  0.51095727112374223  0.51886958165191543  0.52652727102716501  0.53393034976549059
  0.54111430819328299  0.54807374348712745  0.55484357913429716  0.56140189647175032
  0.56773393693904295  0.57392972560411049  0.58007288925866396  0.58610540177215531
  0.59199444246707311  0.59784920352965176  0.60353099866992754  0.60907704261432671
  0.61454500170992699  0.62012170081742068  0.62574880815195377  0.63120253246409319
  0.63651227668088706  0.64178541932788491  0.64694402051560718  0.65200984055476741
  0.65704050240679657  0.66204033987264521  0.66700921623951415  0.67193396380231996
  0.67677235546933323  0.68148373798336603  0.68615751093403232  0.69082866218235761
  0.69553750496509281  0.70022548270851459  0.70497414091545885  0.70975802706415747
  0.71452149482478244  0.71932580352104958  0.72415021877434371  0.72887860414061267
  0.73355086787441903  0.73814598751192972  0.74281157284688382  0.74744808983243261
  0.75203334640785025  0.75659905828119511  0.76120308244493318  0.76587884233937575
  0.77065067479887361  0.77573279319662047  0.78088956073179516  0.78604751588113253
  0.79125042917304655  0.79662017583976608  0.80205668088056770  0.80762552236911023
  0.81332678596685881  0.81908892176551451  0.82490878899591680  0.83078791560617793
  0.83673725177265845  0.84277945671499954  0.84903919500533442  0.85575572870848693
  0.86333464908545754  0.87157108639976211  0.88060268307680445  0.89071128505803498
  0.90256637452118604  0.91872891361765663  0.94291745485267930  1.00000000000000000
   2.8028637117998607E-008  -1.0000000000000000     
 T T T T T T T T
  <DiscreteSampler_grid>
  grouped_processes
  1 # 1 for a reference and 2 for a running grid.
  10 # Attribute 'min_bin_probing_points' of the grid.
  1 # Attribute 'grid_mode' of the grid. 1=='default',2=='initialization'
  0.0000000000000000 # Attribute 'small_contrib_threshold' of the grid.
  0.5000000000000000 # Attribute 'damping_power' of the grid.
 # binID   n_entries weight   weight_sqr   abs_weight
    10   10   2.186971351376777E+004   1.730617023610021E+009   2.186971351376777E+004
    11   10   2.186971351376777E+004   1.730617023610021E+009   2.186971351376777E+004
  </DiscreteSampler_grid>
