 -0.00030734269779137  0.00684751437179837  0.01681721632948092  0.02761636464747958
  0.03826726859489652  0.04920903687791713  0.05994647056288687  0.07054075612510451
  0.08108250485696014  0.09161671268810141  0.10214232431292300  0.11221693585520724
  0.12179518218391652  0.13121417847387465  0.14042949594337520  0.14964636552916810
  0.15875004964536188  0.16776717273649691  0.17659562682840063  0.18525550608581218
  0.19388935619443023  0.20253330734127564  0.21110578745865230  0.21954325733237073
  0.22821273381307303  0.23699076370251485  0.24578425336674345  0.25462613202287587
  0.26324636259643724  0.27166448890561323  0.27989255479389397  0.28817018994326415
  0.29688476051998086  0.30520657786220895  0.31365903212408275  0.32207785002703188
  0.33034847840838583  0.33876866194178934  0.34703707862111538  0.35517841383058241
  0.36323400875858586  0.37134419352891257  0.37956592331776118  0.38780158865950654
  0.39609669268507025  0.40464835391847076  0.41314737099369614  0.42155349641356082
  0.42995077551437538  0.43844468192980535  0.44705098187073095  0.45571081322715346
  0.46437146245326372  0.47274795004074771  0.48101331900426747  0.48926829918193382
  0.49737851353857149  0.50549143342033043  0.51383002112327092  0.52223988065696458
  0.53079292747797691  0.53959482333503672  0.54843794055137818  0.55738118658078895
  0.56622291688428328  0.57506224973251996  0.58411600034306788  0.59331945522793417
  0.60290456685224680  0.61258929948477658  0.62304157209055944  0.63367325011033238
  0.64410853335818552  0.65453810366707743  0.66533387558206669  0.67603684966145949
  0.68667866071638528  0.69735864200139674  0.70822075067679058  0.71919489916998347
  0.73025560258693945  0.74147088397635874  0.75279235528622512  0.76423965366301405
  0.77627720862172500  0.78908601585631954  0.80239250141364671  0.81612320136942595
  0.83037104999888878  0.84572726784692609  0.86306159361745116  0.88135387446354352
  0.90151352783765026  0.92435953597545906  0.95967142550926354  1.00000000000000000
 -0.00270991248567261  0.01009624897616790  0.02203313381075770  0.03392747624814179
  0.04516992223153019  0.05569404584869318  0.06571234653451627  0.07492297896168132
  0.08354572810581812  0.09229495590133209  0.10139504427314884  0.11131191159502325
  0.12184020912821382  0.13297571432632235  0.14466325302600233  0.15504756374700329
  0.16535178507000661  0.17625418734039172  0.18741751697783304  0.19780064383759205
  0.20795431628018241  0.21857475016011263  0.22943401930872973  0.23962062988085328
  0.24961039708565649  0.26069063027820694  0.27261806702546443  0.28467708171560169
  0.29661060568228748  0.30836780091294924  0.31933858698983913  0.32979162726132977
  0.34069372662596026  0.35176883034425838  0.36246717767993814  0.37370646191880624
  0.38464043061398423  0.39496233434603406  0.40430196321831491  0.41325901417330935
  0.42205199084998724  0.43045145342602004  0.43918260397253717  0.44828516166874655
  0.45737583904977175  0.46657806997891077  0.47615418728869419  0.48643412627085936
  0.49739272366031029  0.50804523258003798  0.51883062930927293  0.53021673765185751
  0.54196839044871314  0.55304391640480000  0.56431117641312956  0.57540241073930187
  0.58681613148519318  0.59881064102212544  0.61046298360209517  0.62198681221256535
  0.63281590224678941  0.64402769501017243  0.65582783804645894  0.66722404426498760
  0.67781060967720053  0.68798863230763996  0.69812453851109713  0.70856743134361821
  0.71833102625131262  0.72815481417431227  0.73834995331720032  0.74827034061408426
  0.75817581243702636  0.76781851488596720  0.77750147204387998  0.78739284720496394
  0.79745783110381707  0.80772833792302212  0.81778390468347661  0.82781335972627634
  0.83763265459921776  0.84770273452777301  0.85805230467036642  0.86838800025253682
  0.87890044959605051  0.88969938634513446  0.90062611825001782  0.91226088505118197
  0.92306916544158335  0.93364389564995909  0.94465981674409849  0.95602877581083356
  0.96788195696726542  0.97833339160602473  0.98940969188564454  1.00000000000000000
 -0.00708247136049214  0.05171971719729634  0.08381223340261025  0.10740790698325052
  0.12610567799617697  0.14281020209770426  0.15840608661529637  0.17230204387903109
  0.18513688809854764  0.19811865160486339  0.21067858724210561  0.22278730906542810
  0.23440600427635200  0.24580535804483192  0.25677883910397115  0.26706856857764533
  0.27663506205126354  0.28582840115886055  0.29530886644114407  0.30498402922248530
  0.31447847530302409  0.32375236687230535  0.33332586353004351  0.34320000362514058
  0.35297069320989322  0.36208906504735106  0.37039773537596354  0.37822903785451728
  0.38545708234161946  0.39281548281062700  0.40062752364860665  0.40873937242054803
  0.41661489202027158  0.42425664837078897  0.43149146160224122  0.43873069992400465
  0.44658577851305631  0.45456520023591501  0.46238405459356036  0.47027913275638245
  0.47818664090609009  0.48602403627288382  0.49378048247830369  0.50138762732389075
  0.50853517272200988  0.51567615212230500  0.52268170835266803  0.52970872346092335
  0.53697469151270971  0.54446428552404236  0.55192155709934210  0.55912268295060041
  0.56605390056315219  0.57295107402174728  0.57981638448296757  0.58743054672700490
  0.59480047296997618  0.60234597872445161  0.61024760522522137  0.61834926225998954
  0.62659623245809437  0.63511999447071632  0.64356558261648322  0.65175916590391647
  0.65986472050585476  0.66752256084364681  0.67483193421584919  0.68210693155651869
  0.68926804679651121  0.69611828809925436  0.70280095737127357  0.70937665031624075
  0.71580254194745441  0.72231625782806286  0.72907272339510798  0.73607813419638324
  0.74324072708717848  0.75054605368942640  0.75824456230063508  0.76606597678033228
  0.77447956506779314  0.78317564754063573  0.79183341552213304  0.80076608915138658
  0.81009851339650363  0.81980610837127010  0.82990920090892573  0.84052746973503389
  0.85156659506659049  0.86386191299969439  0.87700467454312503  0.89206824564294729
  0.90834716824953554  0.92811087884329768  0.95506658619042439  1.00000000000000000
 -0.01499567930766965  0.09480907177619499  0.13159077717995288  0.15534320147419795
  0.17427116327148992  0.19087261205432679  0.20558509318248536  0.21804373747497868
  0.22959805915942263  0.24005275068674056  0.24950673304714377  0.25841012675340458
  0.26726037843539124  0.27623063578123225  0.28506428751262813  0.29367338478680571
  0.30216664330403553  0.31052478762673635  0.31864179232003748  0.32648066212025417
  0.33401460612032152  0.34129857578507811  0.34849820503097123  0.35566213225397175
  0.36297258002403027  0.37016726846183795  0.37687387025359309  0.38333861910401540
  0.38966990634597026  0.39608485099855817  0.40220066284594969  0.40829947355995810
  0.41444449895151569  0.42051883854603694  0.42663753879246935  0.43256567340006308
  0.43831136958648237  0.44406157313061118  0.44973947077805709  0.45541409756230322
  0.46127828301663359  0.46739008843431151  0.47325392352343348  0.47885928807143013
  0.48431876569980647  0.48980962959582086  0.49534778899448806  0.50103075171836586
  0.50702647191838013  0.51293528522286647  0.51874562697310422  0.52444610021995142
  0.52993754728939979  0.53559565309928148  0.54129389504241732  0.54690949513825293
  0.55252714533332925  0.55809405207595508  0.56355133154599801  0.56892746776986181
  0.57424332896226149  0.57980848345800651  0.58534121736374412  0.59099550487813213
  0.59640611948141575  0.60183269201965928  0.60784493071592693  0.61394259553115738
  0.62007111569010775  0.62618223766733749  0.63251568964487559  0.63897195560070874
  0.64560673734686791  0.65258689894733357  0.65967330211367725  0.66663769522053140
  0.67354177069401144  0.68046773281475126  0.68775877411010833  0.69569106436063921
  0.70386431861089926  0.71200100290301616  0.72024790686692031  0.72887611707145405
  0.73842454873513130  0.74894159919184311  0.76006365729148173  0.77202684450161463
  0.78434325214583478  0.79727573299213994  0.81129648165357038  0.82745585100051289
  0.84695213378171141  0.87310192218649829  0.91092668591204629  1.00000000000000000
   2.2570801859734106E-009  -1.0000000000000000     
 T T T T T T T T
  <DiscreteSampler_grid>
  grouped_processes
  1 # 1 for a reference and 2 for a running grid.
  10 # Attribute 'min_bin_probing_points' of the grid.
  1 # Attribute 'grid_mode' of the grid. 1=='default',2=='initialization'
  0.0000000000000000 # Attribute 'small_contrib_threshold' of the grid.
  0.5000000000000000 # Attribute 'damping_power' of the grid.
 # binID   n_entries weight   weight_sqr   abs_weight
    10   10   1.280730843613896E+004   2.545923237105618E+008   1.280730843613896E+004
    11   10   1.280730843613896E+004   2.545923237105618E+008   1.280730843613896E+004
  </DiscreteSampler_grid>
