  0.00259351118249073  0.01590937810051854  0.03068332077952055  0.04482568542301306
  0.05856272875133308  0.07136532872159643  0.08382821174287383  0.09525224763802245
  0.10641078409834838  0.11729254002567607  0.12807081546380647  0.13929700361584402
  0.15082217742301185  0.16275801089673478  0.17460393095587270  0.18627714019409866
  0.19768735633793588  0.20899403726132099  0.21983646420388150  0.23058822933760534
  0.24160485283022437  0.25263475717371636  0.26367388105532863  0.27435900583488149
  0.28558700852931607  0.29660250777887442  0.30710110198839341  0.31751667277930717
  0.32787799904177856  0.33839232291227822  0.34858401601086397  0.35859886039062183
  0.36793378488530792  0.37743245845903228  0.38691340012257952  0.39668207266450900
  0.40644947982802998  0.41638414805133112  0.42703326269112940  0.43816548058357757
  0.44940460249487080  0.46042710299000356  0.47134020341038863  0.48199982305261740
  0.49224661229544542  0.50205490742148395  0.51181886021531497  0.52198436066049125
  0.53220308830988661  0.54211056664905544  0.55166507040042623  0.56136404346325197
  0.57135594121931843  0.58145760524215595  0.59185888121925367  0.60227198672706195
  0.61236904310304996  0.62244543255919860  0.63223190484573655  0.64229329132002433
  0.65252468534078545  0.66288331665657962  0.67346285792240901  0.68378230085463376
  0.69461271862854879  0.70581508299134987  0.71678639938559940  0.72778855113760221
  0.73890743959833005  0.74999146722125110  0.76097650807873352  0.77199593923991272
  0.78291197240998789  0.79329072614343399  0.80314877870476487  0.81290007620905469
  0.82286497523835145  0.83287571294825713  0.84281292402228847  0.85283070543664730
  0.86316790823830203  0.87377080626661918  0.88428164206625159  0.89460156325977558
  0.90487969945059266  0.91514820019206011  0.92543677072868280  0.93547829358881840
  0.94496031856954321  0.95382281792634638  0.96235987070114215  0.97052627547359593
  0.97845452651384557  0.98561475367948836  0.99153559515012468  1.00000000000000000
  0.00000237720182599  0.00000257932800994  0.00000279961155403  0.00000301909780271
  0.00000324454564911  0.00000346735894887  0.00000369638442012  0.00000392710556602
  0.00000417171388758  0.00000442480472666  0.00000467750896178  0.00000493106768265
  0.00000518449620094  0.00000544314879250  0.00000570950965213  0.00000599768836157
  0.00000630586979388  0.00000661711639781  0.00000693692853275  0.00000727131139149
  0.00000761094687167  0.00000797095591008  0.00000836067418542  0.00000877546420144
  0.00000918290890959  0.00000964775220402  0.00001010689868909  0.00001058938756448
  0.00001110891532179  0.00001165479011234  0.00001221533252675  0.00001281045850154
  0.00001345102061149  0.00001410027012872  0.00001480946551398  0.00001556492816502
  0.00001636653607810  0.00001722814913497  0.00001819544233244  0.00001918443597751
  0.00002032743090836  0.00002150729893162  0.00002277399700298  0.00002415106263471
  0.00002561415229480  0.00002718624086799  0.00002890977900323  0.00003078856486920
  0.00003289002755420  0.00003526559326295  0.00003794508613992  0.00004101319314891
  0.00004444627729897  0.00004819549580556  0.00005226270524989  0.00005663765928675
  0.00006153090177432  0.00006689246254905  0.00007270990920919  0.00007908348024810
  0.00008605372220625  0.00009354593223048  0.00010155024141598  0.00011058585290701
  0.00012099021969905  0.00013278291211918  0.00014547208701177  0.00015929083475366
  0.00017585162979930  0.00019492417048693  0.00021558218234812  0.00023761920119879
  0.00026100278872478  0.00028575885136532  0.00031161669347809  0.00033763551856152
  0.00036723349392908  0.00040246259903377  0.00044608121382006  0.00049208810294077
  0.00052181634947700  0.00054306215322143  0.00056731000113792  0.00058705467922693
  0.00060776688029886  0.00064875180745686  0.00069144879683418  0.00074674336154458
  0.00081235397121258  0.00088792781534209  0.00097673791892833  0.00126142715887630
  0.00171523304612755  0.00266123444117302  0.01949060956030769  1.00000000000000000
 -0.01124618713593566  0.07424801341210849  0.12785729625333234  0.16794470667462655
  0.19976244672145296  0.22677801774852110  0.25284628051834040  0.27724907438759078
  0.29979127016027746  0.32088154974492267  0.33928290950768192  0.35578426996467516
  0.37111643879830603  0.38693151103021883  0.40335289203872093  0.41951751470983201
  0.43448542218392283  0.44848660878923952  0.46037517230656949  0.47140314662612842
  0.48246708726950349  0.49367168179588933  0.50464756452420545  0.51553676009949256
  0.52630741311415208  0.53671949943280528  0.54680027493669003  0.55673138935139466
  0.56658334164243396  0.57622327103317739  0.58564912212360731  0.59502356278225954
  0.60423469692743703  0.61309864180487028  0.62156467413774741  0.62986739551444315
  0.63821855884114231  0.64653774657035246  0.65461716408810011  0.66247225440019930
  0.67031795389739179  0.67816442698697488  0.68603042481390009  0.69395390503472543
  0.70189938202137081  0.70984066689816949  0.71760048058514270  0.72522535676809807
  0.73263657856620690  0.73965692995841448  0.74656454387615545  0.75333770099358854
  0.75981594576997991  0.76610071507261834  0.77229054689705090  0.77844700158145086
  0.78473059392099087  0.79103548357654119  0.79741695836586912  0.80377409727976046
  0.81001584309358754  0.81613481467985705  0.82217141183537212  0.82828246999751487
  0.83459362526387848  0.84087434725888022  0.84684032476798710  0.85272583325952911
  0.85866351866343493  0.86475384074564410  0.87094294146599494  0.87715989668249872
  0.88326070150958014  0.88919503632621322  0.89502857337337838  0.90052023369515344
  0.90614476374079578  0.91171966459747156  0.91714501293854145  0.92241138777768927
  0.92762798155416415  0.93283425253555263  0.93797170961351717  0.94297113838574009
  0.94777541404925236  0.95249945168191197  0.95721519018413892  0.96190693395153548
  0.96659516389288114  0.97129645531026954  0.97602006067032909  0.98079530236761081
  0.98562616097912203  0.99047013526472072  0.99528081890969855  1.00000000000000000
 -0.00237088584752304  0.00956171089398493  0.01992027545964191  0.03060618639656737
  0.04094581193725678  0.05138622320759590  0.06130653128839154  0.07146948971617856
  0.08163207360359881  0.09142904526468464  0.10099660474920129  0.11075808808978045
  0.12061959511997301  0.13053255340807152  0.14039509671402955  0.15045644173101552
  0.16070665644486318  0.17076392429442366  0.18077950113710436  0.19098793234382228
  0.20060314358942993  0.21044947607059072  0.22059486669539810  0.23065814661338618
  0.24100509495399436  0.25142530615727127  0.26174063423672822  0.27196553506049537
  0.28215500537879018  0.29270335469623138  0.30330473819908144  0.31376690535130330
  0.32450433221127045  0.33536597529953455  0.34640796711150479  0.35774103186230177
  0.36886272531502984  0.37978961415785178  0.39053085142591670  0.40131583832156342
  0.41236456040371372  0.42339505593232774  0.43431871761526375  0.44464929635542966
  0.45462050393340675  0.46464156156849679  0.47457822642975128  0.48454089810272505
  0.49427540161420558  0.50465857370956768  0.51546241725049380  0.52652744841245414
  0.53813054854540843  0.55010156141551825  0.56180143706784280  0.57321013697459777
  0.58406670762156720  0.59446446492243865  0.60469502553253018  0.61490982940374228
  0.62524965661192144  0.63564115860259740  0.64676256670168575  0.65836338522650006
  0.66984175254092992  0.68077460600817652  0.69159642349068295  0.70229512779150538
  0.71285798489734864  0.72309441725607204  0.73351801714812048  0.74386765066500493
  0.75404844702545148  0.76407346795257591  0.77438821739749186  0.78549424851125249
  0.79656982966794077  0.80720004694489378  0.81756805676432576  0.82782101220308635
  0.83826834561947738  0.84895240486120693  0.86005242310202445  0.87126801920110575
  0.88213014415157731  0.89261015626209983  0.90278782928176349  0.91279924576856009
  0.92332349824073201  0.93381468135922996  0.94485006283674178  0.95588668438734692
  0.96709983335900584  0.97814828885417870  0.98904112185493998  1.00000000000000000
 -0.00234250830892683  0.01037733330595590  0.02015644153366439  0.03047432615048758
  0.04024282755634259  0.05116996802483486  0.06215337398718930  0.07312558586115948
  0.08384500488164269  0.09436274465472355  0.10493955509483929  0.11596435186294148
  0.12721345976776313  0.13778764853240269  0.14789549011361869  0.15758960255354967
  0.16753598439378040  0.17779554384809873  0.18818958564494029  0.19872635047695439
  0.20936613271608226  0.22004787574434778  0.23071565587374154  0.24119465307376986
  0.25178805083041300  0.26257165230755208  0.27340777366320035  0.28430414630105488
  0.29531060647275470  0.30629793325359628  0.31711089667098291  0.32750628861055653
  0.33838256323219545  0.34968220970209146  0.36097634980742910  0.37226431804126653
  0.38346563790003657  0.39484711383699239  0.40596239777157483  0.41700259372496368
  0.42822129247775859  0.43939976638613359  0.45016614274024241  0.46055324243895290
  0.47069943994023450  0.48045032341536020  0.48967319072727811  0.49904702556494873
  0.50899893706851351  0.51962264418162796  0.53034385968714104  0.54091415087318528
  0.55125877654842004  0.56162966187504249  0.57215550030765761  0.58263233855505792
  0.59274549710603497  0.60242325602985236  0.61212572565882795  0.62202049135680049
  0.63223420798291807  0.64291636941116304  0.65327098472683509  0.66355839554587515
  0.67407863056943695  0.68472813584690961  0.69502693959562611  0.70547355492228436
  0.71628086942887870  0.72727043648488876  0.73675940605752399  0.74651131567072360
  0.75683612396389510  0.76813782504149875  0.77853030633928955  0.78853672129230468
  0.79837666906172988  0.80856606508986772  0.81900259804386999  0.82990214322905020
  0.84070747684605296  0.85143975725371923  0.86178549380886682  0.87229606861124798
  0.88227386798320717  0.89205341970471230  0.90195152413902513  0.91214964526240194
  0.92284141074458093  0.93397436852371207  0.94535198109566876  0.95681835242355762
  0.96763029269185441  0.97842241566376986  0.98885805106894176  1.00000000000000000
  0.11712550017524051  0.43341818629808471  0.44264110684461683  0.45068457258687028
  0.45964264782694331  0.46991822940407862  0.47827227762618790  0.48592465392010237
  0.49299041869361210  0.49911562245651669  0.50494973180490155  0.51013441410606997
  0.51527526587261507  0.52005457262779153  0.52428283904132544  0.52819309148370897
  0.53210072106672357  0.53601447939804958  0.54005078400279227  0.54396578959379605
  0.54779622591000876  0.55159127414297360  0.55537204126730133  0.55909988849901937
  0.56281997543728812  0.56661248994134739  0.57039570367562631  0.57414602191970265
  0.57797009133186739  0.58182038822188820  0.58573034830665949  0.58965699294520613
  0.59358885813661710  0.59744121160330077  0.60124730898332734  0.60512069419610837
  0.60918104716616017  0.61343288963077869  0.61769749948505914  0.62191400567050037
  0.62607596890664297  0.63022397428571364  0.63435908162456800  0.63855942826051648
  0.64272935687362587  0.64699950283168861  0.65138232185810607  0.65582632506711991
  0.66026690988095871  0.66469252333413553  0.66929606786855023  0.67407589512509858
  0.67891845196306511  0.68380693866315034  0.68881596922330990  0.69405158368656028
  0.69942043189756142  0.70469464655710690  0.70998840402109709  0.71527774322299487
  0.72071379921382783  0.72622852999257048  0.73176768746210863  0.73745730790519481
  0.74323698332556742  0.74908417713968700  0.75489518260439159  0.76081868370870820
  0.76689840484487548  0.77324822484634292  0.77971985599406657  0.78614095302086806
  0.79262953351888699  0.79938721689538184  0.80643445124350355  0.81356359748737850
  0.82079547482719417  0.82804339598059806  0.83545735882563388  0.84313253131873678
  0.85090321869773500  0.85870880928418647  0.86660133879407164  0.87461310051543473
  0.88296612761506910  0.89151304061268544  0.90034850432737934  0.90944245237557919
  0.91849660697469104  0.92761286544760668  0.93713626705601083  0.94706740975506787
  0.95703088980782935  0.96829770341453558  0.98259791936560448  1.00000000000000000
 -0.01707933007530204  0.11182965498391523  0.15482524608958526  0.18249440476832154
  0.20551316605161030  0.22585497794638448  0.24477529107992999  0.26164575465001905
  0.27730389478510975  0.29149607752755569  0.30488824485560184  0.31766180456442789
  0.33032835096028845  0.34311385547296175  0.35548726868762209  0.36703877946475055
  0.37781656091049121  0.38834298860674415  0.39878649123152171  0.40929733398507062
  0.41945762302186484  0.42897705866086866  0.43843648911920929  0.44792216104862398
  0.45734648418777396  0.46647950914822955  0.47548110559485657  0.48480501171827384
  0.49411564431944688  0.50321343031629884  0.51222870173337764  0.52112359041763057
  0.52999993962917602  0.53865583595535071  0.54693824510410494  0.55480711809142991
  0.56251525721267936  0.56989406851380797  0.57716868644697450  0.58438534866694158
  0.59163351471398662  0.59897205136802167  0.60639888863261304  0.61387597530319893
  0.62129855393062894  0.62862990379846340  0.63588847718819264  0.64318324760098977
  0.65060793424826791  0.65819355382500855  0.66547425058051835  0.67228046175717815
  0.67874660733524861  0.68513916393686358  0.69137909744124348  0.69749652634698056
  0.70350070067010928  0.70935203360840382  0.71507988708113224  0.72088206372937791
  0.72688778644469254  0.73300473331169436  0.73904541752745889  0.74492548751190690
  0.75074946978624635  0.75658503092072471  0.76246856468367585  0.76833031263667151
  0.77410147126373996  0.77966601805445679  0.78525767092635279  0.79082660654550274
  0.79623004863002111  0.80157619685288684  0.80700082381305882  0.81233763815772830
  0.81751727689795606  0.82266667268589933  0.82790169023265148  0.83327489354661521
  0.83888337855448780  0.84466884933917508  0.85054325332305436  0.85660941709583316
  0.86264772184889538  0.86857634368565817  0.87456591737737954  0.88084984672014344
  0.88759789502304798  0.89491479846780708  0.90286775810310660  0.91158746186089135
  0.92173084792402982  0.93410945130610556  0.95468735073439981  1.00000000000000000
   1.5440746532738759E-002  -1.0000000000000000     
 F F F F F F F F F F F F F F F F F F F F F F F F T T F F F F F F F F F F F F F F F F F F F F F F F F F F F F F F T T F F F F F F
  <DiscreteSampler_grid>
  grouped_processes
  1 # 1 for a reference and 2 for a running grid.
  10 # Attribute 'min_bin_probing_points' of the grid.
  1 # Attribute 'grid_mode' of the grid. 1=='default',2=='initialization'
  0.0000000000000000 # Attribute 'small_contrib_threshold' of the grid.
  0.5000000000000000 # Attribute 'damping_power' of the grid.
 # binID   n_entries weight   weight_sqr   abs_weight
    10   10   4.166232949888656E+007   1.173827564468761E+016   4.166232949888656E+007
    11   10   4.166232949888648E+007   1.173827564468756E+016   4.166232949888648E+007
  </DiscreteSampler_grid>
