 -0.00002702539480092  0.00039796688296441  0.00122979622810857  0.00260119962091737
  0.00443713848702679  0.00686745247467869  0.00979770325159359  0.01298734436849061
  0.01684568187036910  0.02106813222221129  0.02549206030547494  0.03027833770312818
  0.03554053127415878  0.04133562213205154  0.04744897986090539  0.05351419094256585
  0.05993100706635993  0.06672180262259915  0.07372637641299302  0.08096149369587313
  0.08838682517355434  0.09616783288569822  0.10435478809609490  0.11275345021359696
  0.12130656516413009  0.13027794743036092  0.13923110640651515  0.14806146368967216
  0.15657624073014073  0.16517318681331564  0.17375671271810142  0.18219242654712492
  0.19098367262864480  0.19998543214734488  0.20918191759431623  0.21922284903996114
  0.22869636506209590  0.23918385730625957  0.24981154461484986  0.26089799374044265
  0.27239704766024248  0.28372140332970980  0.29489658931932805  0.30582056011128228
  0.31649626554467214  0.32722882849452273  0.33800077538701473  0.34906611147136130
  0.36059690523493865  0.37219540793420625  0.38376130489423532  0.39535218430007757
  0.40754748288016507  0.41987902432497309  0.43230026163129620  0.44515213432200451
  0.45845822346871901  0.47088089785121179  0.48428766104250198  0.49868767675672943
  0.51305915999690921  0.52709235083951267  0.54097691457632113  0.55450173000988701
  0.56821944899310373  0.58183839319319253  0.59531879118363440  0.60859866797611040
  0.62135186826401467  0.63451217786490000  0.64771502866595065  0.66114374531848730
  0.67466278239055810  0.68810738567809326  0.70171121814058890  0.71501721434705556
  0.72820165808142290  0.74130939809047292  0.75465482670173623  0.76860251892983567
  0.78280128319053721  0.79709514665839365  0.81136392129116108  0.82555570196560935
  0.83966531025590718  0.85384027620445080  0.86751898032615926  0.88131683936924166
  0.89563406885168928  0.91058666733236338  0.92593077044269356  0.94113205477432627
  0.95613256565416493  0.97086421069005902  0.98539805651850565  1.00000000000000000
 -0.00254756280523505  0.00923997854028143  0.01958604647074508  0.02982241454216586
  0.04036359728926769  0.05002733698188748  0.05958052203506972  0.06880539520699239
  0.07794055322784595  0.08708610356040906  0.09656240079621065  0.10618878025347234
  0.11551161512131612  0.12483173235666603  0.13416481473689817  0.14371677108790143
  0.15323789988763417  0.16261995138092894  0.17259764491043419  0.18303553900915892
  0.19390432175828942  0.20459904064388765  0.21476580522953309  0.22475962823061765
  0.23538212923157406  0.24647456683859204  0.25749289137083892  0.26797657637805655
  0.27815354025876360  0.28863911049171287  0.29946097403351596  0.31049337794893672
  0.32089701453417091  0.33098302429054616  0.34064009784887123  0.35028871758923602
  0.36017982975477508  0.37017656906155277  0.38082012558223621  0.39163616642612598
  0.40339790577430906  0.41503006093256350  0.42639586936169849  0.43807547041178013
  0.45005765062380981  0.46147115159270774  0.47216685469158265  0.48264753254426962
  0.49324624437044345  0.50404554517845157  0.51446088662965372  0.52472512415918515
  0.53494393773574633  0.54556453001407301  0.55730960248534656  0.56883196277811388
  0.58009972904439622  0.59101697134873099  0.60155194538913714  0.61175349168852755
  0.62115953742100316  0.63040970432848509  0.63950246788233323  0.64874102109593768
  0.65819041411848445  0.66805422514585178  0.67845985813633891  0.68909172447282319
  0.70023959899614796  0.71182980903724802  0.72345809021987995  0.73556748446780662
  0.74763650292421513  0.75940816305381131  0.77060583303831554  0.78155534366230062
  0.79243022993699352  0.80279649088714533  0.81355595494086652  0.82500879774251212
  0.83635605163417603  0.84817378688373246  0.86207869491570310  0.87643579570491348
  0.88736918599181258  0.89788273262859464  0.90851341005213393  0.91855405491213460
  0.92796094514828786  0.93778926219781211  0.94781595081677283  0.95805006000529036
  0.96797916835311393  0.97786034178747805  0.98892213468682844  1.00000000000000000
 -0.00216505212890377  0.00961487637598308  0.01876057653922738  0.02654357618033664
  0.03392980465256190  0.04082811212085356  0.04721362202544473  0.05331237618650086
  0.05939978854651780  0.06531161458853653  0.07113750578350320  0.07698283746593276
  0.08283634006799273  0.08802533554191676  0.09293316374997242  0.09794323072014820
  0.10304741447476494  0.10818578462411657  0.11336032561593291  0.11863282976553001
  0.12364885592798437  0.12850399158789147  0.13342430700411478  0.13851809827244066
  0.14353708388630942  0.14850565724240444  0.15340376327394273  0.15846085653288666
  0.16351232048458486  0.16869175856458654  0.17405336939173713  0.17961761362494311
  0.18537818371850456  0.19130949377147510  0.19750697784953705  0.20335576096103714
  0.20916043376009200  0.21559040530770754  0.22207774102141528  0.22843991009450867
  0.23459379419152337  0.24069235437745676  0.24696709687228904  0.25314609575512148
  0.25930465384047380  0.26555072597083035  0.27184168621834165  0.27815940563153557
  0.28456884079722927  0.29114585131491688  0.29837051350604665  0.30574685938972584
  0.31293053853709785  0.31989667758071128  0.32676573067769166  0.33376314590562595
  0.34071831616038911  0.34773426010702224  0.35480384668363257  0.36180241790446876
  0.36883481258549783  0.37602442895319649  0.38356011340892948  0.39123915120114922
  0.39907596227615755  0.40708920402070514  0.41504355174701657  0.42388625949698439
  0.43281139166926008  0.44454123888675234  0.45716156475559333  0.46901404799085511
  0.47990060089146830  0.48976702554707380  0.49993348564573092  0.50980603983218242
  0.51981503194287737  0.53008688527321091  0.54097090186723129  0.55289106830862378
  0.56536979416605382  0.57811723617596122  0.59177763820728169  0.60674047315162860
  0.62271127477017085  0.64032872068109326  0.65796107455423791  0.67638688115621903
  0.69710375177426109  0.72057966099804149  0.74621914389623212  0.77211665206538738
  0.80294661895376418  0.84281438716605561  0.90021241744487057  1.00000000000000000
 -0.02029093634763404  0.12461063188391490  0.17465927760901293  0.20797051815137904
  0.23713293309156996  0.26129446347391250  0.28115601722951233  0.29927082837350510
  0.31774552833081166  0.33462229860260784  0.34977725334792459  0.36370074009157644
  0.37658533620469886  0.38868040869742337  0.40063067827635035  0.41288484680077842
  0.42504672643335178  0.43682632834314206  0.44824666693167914  0.45954874314189725
  0.46982248066397558  0.48013981900424407  0.48951726152457631  0.49889690242870505
  0.50742464914716179  0.51567474840918193  0.52412580029063283  0.53293939540226076
  0.54155168467969661  0.54959158914596518  0.55737817710782966  0.56534831195023261
  0.57357265673570734  0.58162072034679024  0.58896684586758119  0.59594949953307697
  0.60306270733835254  0.61038245447539385  0.61753750643317951  0.62446844720386652
  0.63101416287849210  0.63735752410601265  0.64364649265362484  0.65000572586537542
  0.65640048952175178  0.66284569907654567  0.66925418044201501  0.67561175282657193
  0.68193759899489503  0.68800812100463393  0.69333303317092732  0.69831518118210145
  0.70310416692153976  0.70788629550660698  0.71281327415135731  0.71786335480473884
  0.72289991774880069  0.72781884733133140  0.73254787563016277  0.73725738562431709
  0.74199745191299882  0.74677208899268199  0.75169391163856580  0.75673307291890868
  0.76180085246079721  0.76690520884306401  0.77215863957459585  0.77727085817542108
  0.78218395224317683  0.78696651197885092  0.79172649618730240  0.79657506880452555
  0.80155183887174630  0.80646778955070109  0.81136381752187781  0.81630045474253810
  0.82135452368633455  0.82661793618076818  0.83197480260335444  0.83728006378826569
  0.84252446144433957  0.84773488830647037  0.85285939291682977  0.85795284544026729
  0.86309558252266416  0.86842496702250571  0.87416737707042902  0.88074428695381690
  0.88772372834058721  0.89426876494587348  0.90243395033287532  0.91117730579824918
  0.92192342324139642  0.93548568874970972  0.95590803520471646  1.00000000000000000
   1.0577982566100259E-014  -1.0000000000000000     
 T T T T T T T T
  <DiscreteSampler_grid>
  grouped_processes
  1 # 1 for a reference and 2 for a running grid.
  10 # Attribute 'min_bin_probing_points' of the grid.
  1 # Attribute 'grid_mode' of the grid. 1=='default',2=='initialization'
  0.0000000000000000 # Attribute 'small_contrib_threshold' of the grid.
  0.5000000000000000 # Attribute 'damping_power' of the grid.
 # binID   n_entries weight   weight_sqr   abs_weight
    10   10   1.813969427195674E-004   6.670344367169586E-008   1.813969427195674E-004
    11   10   1.813969427195674E-004   6.670344367169586E-008   1.813969427195674E-004
  </DiscreteSampler_grid>
