  0.00955310881209792  0.05259159820910890  0.08280469557938552  0.10540301875974030
  0.12585697501714396  0.14468930744861611  0.16241512187388429  0.17934530167191626
  0.19556350491238908  0.21128055640603979  0.22697288363457463  0.24290098482767961
  0.25884349647213722  0.27384293453582575  0.28734681506003462  0.30119548835613286
  0.31543055898360239  0.32906248296355306  0.34335583366771782  0.35772873892145463
  0.37146192688610563  0.38491774019071162  0.39880839881111851  0.41265783109202747
  0.42624790977075688  0.43930764821856461  0.45329022955251769  0.46625703683535769
  0.47915312114048320  0.49136561621144959  0.50374340226785552  0.51535583846410971
  0.52635051607129657  0.53711601178017732  0.54839596699148485  0.55966606557143905
  0.57087098541659920  0.58149321154932232  0.59286920375336938  0.60508344562162686
  0.61819574004946964  0.63047969845969765  0.64227337401125983  0.65313618369228732
  0.66344492094985830  0.67352263157085368  0.68339609840038018  0.69345788149678644
  0.70364496106060681  0.71347822178668829  0.72356665012069754  0.73348026760154728
  0.74334563665661924  0.75254297083697053  0.76154653943897743  0.77103713351100578
  0.78059361895747337  0.78986061996758650  0.79882287766830173  0.80766455581379215
  0.81664763332916446  0.82592732174389860  0.83480871895972841  0.84345414244555428
  0.85176261748640925  0.85987208509338975  0.86795675096326708  0.87557281437204915
  0.88264495214161964  0.88951475973478233  0.89634282273305887  0.90292842690075048
  0.90930889614094834  0.91555383295031856  0.92158338401125039  0.92741275092755460
  0.93321067149724390  0.93897837954007723  0.94472344002145914  0.95053907940891058
  0.95599045320080211  0.96029558691653760  0.96387872333217850  0.96737613799347777
  0.97093370622011699  0.97423512005525870  0.97738636399300427  0.98032642728778729
  0.98306840432572673  0.98571395455469957  0.98833053781477676  0.99045806980134077
  0.99247791984153622  0.99454537481763672  0.99661462160277259  1.00000000000000000
  0.00882675322276149  0.01659917334182964  0.02711127202560012  0.03826667301569876
  0.04929717552493453  0.05999508068005749  0.07058807051345568  0.08047349393794276
  0.09113298123404691  0.10188537887713535  0.11281858570169823  0.12388434067799534
  0.13506774183828979  0.14673280405075501  0.15773213518603360  0.16959930738057144
  0.18266803313514110  0.19264484085841599  0.20143185766599733  0.21039090375959391
  0.21860825668473191  0.22674496458260224  0.23511215797388671  0.24382433374624715
  0.25261459170928174  0.26192513587482713  0.27207374056938266  0.28322332297996211
  0.29542222608128188  0.30698246280385755  0.31818993126440004  0.32929589535076770
  0.34018541988958867  0.35069211356845414  0.36116551940298414  0.37167966366643973
  0.38308267865841256  0.39425136063325206  0.40443337802352136  0.41475877085696766
  0.42579324161742055  0.43690406361126871  0.44775318683684340  0.45807250126538218
  0.46853806053313923  0.47899920957973113  0.48960600804867449  0.50050964786233665
  0.51179205950032614  0.52333418097922890  0.53507301355604076  0.54632610312824403
  0.55681909168314536  0.56676922732936985  0.57650843499089388  0.58682833757496167
  0.59758329839337432  0.60866136006622040  0.61938832560221746  0.63004682109794041
  0.64115954970377709  0.65226092874035846  0.66274523391946705  0.67184235578914919
  0.68000379334340000  0.68845388816966180  0.69748743278203063  0.70667229931335163
  0.71549189848302708  0.72358414498170953  0.73238045314243794  0.74287906374770929
  0.75436524575961594  0.76584926713495050  0.77641604886598603  0.78612835532176728
  0.79615987134660327  0.80654417914808840  0.81716353884800774  0.82762431644124324
  0.83809201613077478  0.84831676391047650  0.85856049702058168  0.86837595762285524
  0.87823466500785241  0.88835947812578520  0.89870342495484778  0.90982841322376617
  0.92071840563726826  0.93197870010622319  0.94313446005447321  0.95437503911461474
  0.96511551186345457  0.97605737866691089  0.98768741777070834  1.00000000000000000
 -0.00079575978470831  0.00461131499494657  0.00701569337059786  0.00941984684445723
  0.01245777763578627  0.01616799554784850  0.01963870162311993  0.02337323513083832
  0.02766474597851002  0.03237345801577644  0.03696978032115669  0.04142266187058982
  0.04623856781599332  0.05215402789102703  0.05854312376471360  0.06529638420932918
  0.07227436311808291  0.07930263075792029  0.08631670803877289  0.09285855377696174
  0.09924470503243391  0.10627542174246023  0.11412543610004953  0.12161355464143744
  0.12882559532791604  0.13630305712928115  0.14464875944827005  0.15319854655891044
  0.16193449941944321  0.17092742893135784  0.18008035036786382  0.18909961770740988
  0.19791026987243743  0.20671402300821623  0.21571655624168248  0.22537018774979001
  0.23483326923809864  0.24461442590042839  0.25468534647861685  0.26552304920403352
  0.27681243840272285  0.28806730051634089  0.29913053070947521  0.30999146490949098
  0.32104177170947812  0.33270461143390218  0.34459762400140398  0.35607706704271502
  0.36729633046671983  0.37820395109571758  0.38897839163940495  0.40008487791276698
  0.41163569367520381  0.42380007321569602  0.43621304606533401  0.44835777977627389
  0.46012703909798847  0.47147722337227749  0.48278722430277110  0.49423628867285807
  0.50608973646963140  0.51888634114844490  0.53159518814486673  0.54464449160727968
  0.55815500790011108  0.57222441551454883  0.58674070291500369  0.60070663798502888
  0.61240421570668024  0.62318898621169438  0.63447814911239819  0.64610786274269749
  0.65821087227664132  0.67051513767403681  0.68308405368839031  0.69571568973734510
  0.70682935976057271  0.72148081008520948  0.73829080549200121  0.75432533799129053
  0.77014093222387248  0.78614089965890532  0.80130229136980280  0.81522672709860800
  0.82887547475560164  0.84313697960548695  0.85796720784362612  0.87258979913973023
  0.88721616846397744  0.90190358651179070  0.91661412225774264  0.93110378241286840
  0.94740478215383461  0.96440883587661164  0.98190492744047098  1.00000000000000000
 -0.00271032524159718  0.01048006872683937  0.02123344109031631  0.03220891664654894
  0.04314570989765161  0.05427508164958135  0.06564599581075109  0.07685122250514671
  0.08715513325251899  0.09664698904692082  0.10619848437810508  0.11643451431824629
  0.12727804894117939  0.13847167895722023  0.15017810176619689  0.16202941696546388
  0.17325881411590749  0.18406056092803472  0.19440405357938911  0.20462884625817276
  0.21490689857405815  0.22519796750565668  0.23578097905813977  0.24648654615170831
  0.25827594410866334  0.27063699552536169  0.28254570500739273  0.29396286335110206
  0.30497829404258087  0.31499399448951215  0.32449355319953782  0.33435871802475892
  0.34496264549814765  0.35483627251879651  0.36251388915935245  0.37051769119452627
  0.37891568654263447  0.38734652982021667  0.39561304673979059  0.40402620302861819
  0.41228379052121661  0.42217050438423903  0.43425690095548680  0.44616433065841149
  0.45753094104005376  0.46754878852950471  0.47728249483558682  0.48697010782890610
  0.49720560666226099  0.50616314781859484  0.51483625238976527  0.52376460665034896
  0.53278866907031608  0.54203302802955566  0.55128212100048712  0.56041533681277311
  0.57053018604220940  0.58064527991099546  0.59071685411792296  0.60096132773866284
  0.61155927178682579  0.62264385458344484  0.63371872384438899  0.64468430774535124
  0.65549322156077061  0.66616404080679925  0.67655925861051203  0.68687091574513592
  0.69750691792685582  0.70855896279096420  0.71997866286984069  0.73146176198118729
  0.74291190483403402  0.75465121791809364  0.76645772130525325  0.77757243869336667
  0.78900654669731962  0.80058319878045170  0.81289126536441203  0.82443094594714150
  0.83547139422007510  0.84555075352286557  0.85509828466905891  0.86447937957027565
  0.87498617750121610  0.88750941231815994  0.90008117650014163  0.91267380067996440
  0.92467598564799180  0.93733858501469702  0.94958369241499907  0.96096604894710347
  0.97093467576795767  0.98076551842384430  0.99045671276629832  1.00000000000000000
 -0.00250935499513415  0.00950562950514182  0.01995450217653482  0.03119312485591585
  0.04316672348576003  0.05481261286790836  0.06661763532366748  0.07802371248411542
  0.08891733176753049  0.09969807563339435  0.11064346163418311  0.12100227094893017
  0.13113307672889027  0.14105764747818594  0.14973527290463379  0.15734335510534112
  0.16544942949995653  0.17430676345604665  0.18376434721640389  0.19254652896912924
  0.20070704035862669  0.20930869817619660  0.21967242865297074  0.23102826595172718
  0.24151688176963340  0.25275812873873627  0.26437330872821674  0.27691170841115959
  0.28856906723171311  0.29965347938510822  0.31084722201658588  0.32268688455984812
  0.33435791828158279  0.34600613826760590  0.35786714768723343  0.37016204364881156
  0.38253890826281556  0.39422445017043239  0.40449178521486434  0.41415092208278881
  0.42395788588820138  0.43370668881212987  0.44359582978414291  0.45403581277176391
  0.46577155896520700  0.47772804666625462  0.48871432061975295  0.49927290989066558
  0.50949017707443822  0.51980917693042283  0.52996147549853478  0.54111749574941959
  0.55323952831272150  0.56527934176493866  0.57661784614111344  0.58766579314176448
  0.59878215327052320  0.60968907045729281  0.61980031987625628  0.63022474448707533
  0.64120864354017626  0.65221785505126673  0.66268059868967233  0.67247960565652687
  0.68227818937367357  0.69251936617736076  0.70256621067916758  0.71255087898842084
  0.72269068912721579  0.73297588205686470  0.74344719861114916  0.75367865019170943
  0.76334004546143386  0.77294415316468290  0.78278044418015025  0.79376084691334603
  0.80569223984059379  0.81803617207816082  0.82970860730340013  0.83973040233907426
  0.84900160648389100  0.85824894028245235  0.86717353213758419  0.87563055265133327
  0.88391449806867628  0.89179297884160835  0.90123576486477164  0.91258823688595780
  0.92344476753892546  0.93471389179656617  0.94619518346651021  0.95878200666070668
  0.96897640528266904  0.97946775870900549  0.98965218256379406  1.00000000000000000
 -0.00239604048058293  0.00950225214294182  0.01856853416072583  0.02878547822556837
  0.03912084592062016  0.05048075287513295  0.06191347871130840  0.07471307983969999
  0.08714363198077642  0.09892992677171845  0.11054323391468271  0.12238489504777497
  0.13318095800922361  0.14382975452340585  0.15487136290811443  0.16630232228601283
  0.17741639622985736  0.18774771041455249  0.19801370223487269  0.20891076922127497
  0.21995952014872847  0.23092726702437516  0.24161796305338454  0.25197752210932650
  0.26205314514524292  0.27145173672124767  0.27984473610941452  0.28842934421531752
  0.29700318334180309  0.30529689798497639  0.31320101615755946  0.32119187939042232
  0.32908796502890958  0.33723936633486901  0.34547033972705832  0.35418364172886113
  0.36299352881447194  0.37171057345025987  0.38002760677983483  0.38798930209705529
  0.39680520237558659  0.40863700443951995  0.42146088433141821  0.43385332937841287
  0.44606105785128980  0.45785378220447664  0.47001959787401854  0.48167946696064551
  0.49339094573653880  0.50415771523719077  0.51471289093072492  0.52568295019878386
  0.53707314062029310  0.54835500625712263  0.55966708707641133  0.57110202505988827
  0.58237309549400429  0.59208553423604171  0.60138848934615019  0.61104873793492598
  0.62107989093488891  0.63077174820453363  0.63998439902882898  0.64956655638455185
  0.66072157037974677  0.67200448165401350  0.68304211312963503  0.69341385292651814
  0.70407039054022624  0.71500694092539108  0.72636025119599557  0.73807049117220158
  0.74956489248970382  0.76043915255226635  0.77089796683165845  0.78146803394304787
  0.79208002248218556  0.80241053780231941  0.81253484807471665  0.82300340133974403
  0.83396477989013029  0.84490257536079461  0.85585576095228988  0.86693579073770544
  0.87798002349600535  0.88900218662633479  0.89998568319198169  0.91107811916520698
  0.92240254979171943  0.93383019595685335  0.94542002371313338  0.95731291881110825
  0.96890622576172603  0.98018707912947334  0.99036429002573412  1.00000000000000000
 -0.00157018453899217  0.00745948950511482  0.01455625546263900  0.02201382182140943
  0.02996837960910215  0.03773884534818112  0.04521572966403689  0.05273833780429211
  0.06136443769671963  0.07249717222304994  0.08478987788207482  0.09622704371096628
  0.10697309593285123  0.11744084494730012  0.12756152967983309  0.13724282966800039
  0.14701090097929409  0.15730127079290310  0.16764642547295297  0.17802280268728551
  0.18832440664213526  0.19890575738828062  0.20983418631231585  0.22044414611690527
  0.23094971704567585  0.24143465117722207  0.25254476369226847  0.26390012273778968
  0.27474547360673179  0.28482212627353343  0.29447695407911861  0.30370120914872195
  0.31269214593635014  0.32214144711562043  0.33220158382692538  0.34232437136708527
  0.35218410869279904  0.36212304921488286  0.37198745428119362  0.38128072639506266
  0.39032881341932557  0.39982028282775001  0.40987320373815062  0.42006599718859805
  0.43052007071332166  0.44117955112828106  0.45186516145830663  0.46228534321475395
  0.47306794836990917  0.48421930177476413  0.49617122441501760  0.50731254720569430
  0.51865225073914334  0.52973706744524585  0.54093927354755678  0.55158354184305436
  0.56198998130477151  0.57271234978487529  0.58359261960549946  0.59541792458906451
  0.60745265559810635  0.61944961251826836  0.63165552725567342  0.64397165989049621
  0.65625967227285165  0.66803121213901862  0.68009951261920298  0.69276678682536552
  0.70620084860588139  0.71975190052390858  0.73235258502529177  0.74384659590945978
  0.75471410486110901  0.76534523214435812  0.77582565629928391  0.78619662979705196
  0.79674925462427482  0.80772590369137398  0.81905362743842502  0.83017975324710436
  0.84075690851694551  0.85100918422206828  0.86135663268187934  0.87198509814728409
  0.88276637105919897  0.89342904767426523  0.90405180024544607  0.91490355800955014
  0.92593840517805459  0.93719932070870537  0.94823693456976466  0.95875828697950194
  0.96926133205294418  0.97969651013796988  0.98977937170037089  1.00000000000000000
 -0.00186759637633091  0.00902043471840208  0.01820139016963289  0.02681568107625797
  0.03469159757824435  0.04286625747607577  0.05117498234668180  0.05902270736763523
  0.06757073510365473  0.07665943734110311  0.08549870325555561  0.09869007399825319
  0.11022167919440240  0.12139805589440827  0.13222502464528740  0.14354440745333116
  0.15481751304940503  0.16611533222376351  0.17649114378472780  0.18643231432483967
  0.19603394388727993  0.20602383465520049  0.21703780954976018  0.22846331799381739
  0.23990853570864129  0.25089011489913432  0.26204900584348673  0.27324934935432049
  0.28469153268294195  0.29608267281270173  0.30701949477263896  0.31786791027956296
  0.32898702990171663  0.34020465152280127  0.35124957221517128  0.36197543889991551
  0.37265948187342263  0.38349520417192634  0.39449645676754819  0.40552985704657252
  0.41634834933203596  0.42685982605755235  0.43726438500335835  0.44772136451007477
  0.45827041920201184  0.46907507880510346  0.47984504253100285  0.49033885869602761
  0.50099116376437214  0.51172592993852450  0.52205286880659796  0.53180994476543475
  0.54150389683036615  0.55252818332260711  0.56410715325519056  0.57568632390716357
  0.58693043624918306  0.59785000450634440  0.60853747806590963  0.61905690939464453
  0.62905443864260946  0.63862354804268917  0.64839705551373128  0.65866256860061345
  0.66940282527757122  0.68044981692408923  0.69148608806090484  0.70230912763333919
  0.71299895419750137  0.72375106901189423  0.73480436119236758  0.74573001259590921
  0.75660254865980547  0.76747101859556199  0.77791157911714770  0.78862674146273959
  0.79932212975660577  0.80969789591913599  0.81958904768231378  0.82918443887711513
  0.83900692176609493  0.84905669217331581  0.85942648398802868  0.86978937881309426
  0.87992416710261800  0.89021201536529759  0.90099763043454173  0.91193851285381766
  0.92263186182372570  0.93317705699325793  0.94409255997699404  0.95561574019687057
  0.96715441405444935  0.97830996487052024  0.98945100791137897  1.00000000000000000
  0.00538110824537711  0.03483499090269548  0.05255047718982787  0.06493185498271162
  0.07549820007009676  0.08512813301273005  0.09361569303215933  0.10161270640928337
  0.10940361552031708  0.11723621502631767  0.12490664114212605  0.13242934001264664
  0.14026520986438210  0.14837392359006854  0.15696266848785573  0.16558352495679354
  0.17361204499138189  0.18166606148872502  0.18941056881296453  0.19680353928862940
  0.20416992850536717  0.21177171702041819  0.21917912987299967  0.22705780862602393
  0.23452790351362884  0.24164030181649251  0.24858793930886330  0.25541468965947178
  0.26245663279539388  0.26941921733744656  0.27502177439521069  0.27987508197528166
  0.28473384109458366  0.28971974189234023  0.29484713222042724  0.29989959354440576
  0.30482794027345156  0.30976728311677937  0.31471838766360749  0.31986184048542260
  0.32500927875103985  0.33047705734046207  0.33593765657148872  0.34364978518764100
  0.35044627489317987  0.35750891727763179  0.36453286850916727  0.37140873580306066
  0.37818707367118198  0.38465900376174894  0.39150057751090844  0.39878670646987852
  0.40640886463841946  0.41412086749118665  0.42168093564170173  0.42908462123828783
  0.43666038156938586  0.44483336329822815  0.45363119251770517  0.46252167538616190
  0.47112877169437667  0.47935057057285585  0.48732287209716185  0.49512136168911985
  0.50315774228041166  0.51096913961027912  0.51887874655942157  0.52719333874795959
  0.53592020990656519  0.54505467523178242  0.55404088843742105  0.56254165227131225
  0.57159389285723561  0.58132633383000776  0.59101836356705639  0.60043459773722063
  0.60953655551306019  0.61909656954661363  0.62882681708701638  0.63882421711514437
  0.64932479554187050  0.66058635953686684  0.67285782916131454  0.68596760338407814
  0.69866212619535129  0.71148026544599752  0.72529040185928384  0.73989046567526673
  0.75555037261801683  0.77580456145189169  0.79653988689608712  0.81787617978700755
  0.84021615147388773  0.86681872727332920  0.90605273806193087  1.00000000000000000
 -0.02025385364324861  0.15444089585471193  0.21535371992291213  0.25085005605760935
  0.27673930374847083  0.29759229298641515  0.31525428394644778  0.33041018450969140
  0.34478660980676595  0.35804958675480164  0.37058969849975243  0.38244219977527388
  0.39364599211614903  0.40385577221249447  0.41350418344346229  0.42283333210090696
  0.43162798702995331  0.44018474452573281  0.44861209298852417  0.45708193660043833
  0.46482138665040773  0.47165998566289102  0.47823384527195539  0.48513368379283051
  0.49253844615344938  0.50045300827251815  0.50776587741327450  0.51470450619703956
  0.52136902810925101  0.52782533693348044  0.53419125125826039  0.54034849431681209
  0.54636481412443583  0.55224036157249456  0.55788830066345096  0.56349407313042799
  0.56907502814694544  0.57460202880706890  0.58003523769444965  0.58527042229637738
  0.59026270369188760  0.59516259413788675  0.60033574150037416  0.60574283309274835
  0.61110038072543937  0.61640727762804448  0.62165838323042222  0.62687097084233423
  0.63201276332546952  0.63697768042455405  0.64187856138205457  0.64667867362095066
  0.65158662215308638  0.65659595424331207  0.66176432844231570  0.66684167595230426
  0.67184400186312532  0.67678218410877100  0.68152715183196433  0.68639591459222948
  0.69133291450359613  0.69643799330870826  0.70169824213043364  0.70685868902923321
  0.71182248980458096  0.71657647476468722  0.72125496302503866  0.72603879248739889
  0.73092385921697833  0.73584746808918888  0.74071016051544947  0.74584153341601400
  0.75092875729073705  0.75598576342985790  0.76097699178138911  0.76586367403325095
  0.77074435295349719  0.77599965553879913  0.78161621249985214  0.78733228591816218
  0.79339018821504281  0.79875281365728390  0.80430026592007686  0.80991578534542041
  0.81578930922723769  0.82225984992536350  0.82886245289932370  0.83552323899738246
  0.84249198459788788  0.85011410743671678  0.86001160056902171  0.87243529736640679
  0.88621190575955544  0.90457129356581623  0.93368690192824877  1.00000000000000000
   2.0006052415640796E-054  -1.0000000000000000     
 T T T T T T T T T T T T T T T T F F F F F F F F F F F F F F F F F F F F F F F F F F F F F F F F T T T T T T T T T T F T T T T T T T T T T T T T T T T T T T T T F F F F F F F F F F F F F F F F F F F F F F F F F F F F F F F F T T T T T T T T T T F T T T T T
  <DiscreteSampler_grid>
  grouped_processes
  1 # 1 for a reference and 2 for a running grid.
  10 # Attribute 'min_bin_probing_points' of the grid.
  1 # Attribute 'grid_mode' of the grid. 1=='default',2=='initialization'
  0.0000000000000000 # Attribute 'small_contrib_threshold' of the grid.
  0.5000000000000000 # Attribute 'damping_power' of the grid.
 # binID   n_entries weight   weight_sqr   abs_weight
    10   10   3.851815981903888E-044   3.050642990382799E-087   3.851815981903888E-044
    11   10   3.851815981903891E-044   3.050642990382801E-087   3.851815981903891E-044
  </DiscreteSampler_grid>
