 -0.00029909812120751  0.00691870989811479  0.01694092625800955  0.02777456154109268
  0.03873966977168956  0.04971661959264023  0.06075702088341216  0.07155404232454600
  0.08191936053744255  0.09229180254567543  0.10265087476076037  0.11297952712440859
  0.12317595705955628  0.13313334932119505  0.14275551310791451  0.15212322660505231
  0.16127425415700727  0.17027447998012135  0.17920806836527775  0.18805559042427256
  0.19679637924197421  0.20560023999849616  0.21458032845392408  0.22366232876815212
  0.23258707099656933  0.24139242165476171  0.25022303639426269  0.25907928751002457
  0.26795957561579148  0.27678591627751525  0.28547577106673483  0.29434971481469396
  0.30318579088099473  0.31187997050351196  0.32041342381048643  0.32880533862803163
  0.33718132490643499  0.34567740121630569  0.35424938570032594  0.36278837333233505
  0.37117329795139364  0.37935482964363904  0.38745469939791194  0.39553640046151389
  0.40359581873226963  0.41182847553195989  0.42001564776280331  0.42820735564891926
  0.43643268830102783  0.44468371234828385  0.45296112656744264  0.46129581701183880
  0.46984031071187032  0.47870313531444530  0.48763434547205614  0.49640539602613065
  0.50500589300493071  0.51363720699294713  0.52273739656218976  0.53191256471680637
  0.54113123152714060  0.55028579323852689  0.55927750853782909  0.56807288735096129
  0.57677831975907723  0.58549099435493757  0.59430510910186707  0.60315928387231743
  0.61227644655744762  0.62182492464806682  0.63132318204823978  0.64094801478563990
  0.65046853551252193  0.66016228710864755  0.67008348949475038  0.68015909792371898
  0.69031575459281913  0.70052164080441925  0.71077795431369872  0.72182524938356285
  0.73317530843872158  0.74463429883933152  0.75622941342885486  0.76804642711994231
  0.78044787762989576  0.79365968342540050  0.80698074326925229  0.82053776788142307
  0.83455101373274243  0.84977125327896830  0.86713520892005436  0.88594337918872756
  0.90654529088625313  0.93026533356119900  0.96243325538210545  1.00000000000000000
 -0.00265968811953082  0.00983960557793144  0.02069043261197034  0.03213947476676013
  0.04344817660773284  0.05403453864369564  0.06482699071102330  0.07586459932701446
  0.08690039442453859  0.09749289733522537  0.10846626513944832  0.11995912601151869
  0.13156595708457478  0.14292909306182022  0.15382123338801945  0.16441726710345100
  0.17477392507684231  0.18499743851944433  0.19513014369455231  0.20501720276365509
  0.21478252976313278  0.22463352013519100  0.23496141907321300  0.24563846208671858
  0.25614046008109609  0.26611639329189679  0.27600196189119991  0.28593291152524103
  0.29585919339619116  0.30578561932621512  0.31571612085128420  0.32567296320681477
  0.33566147800505652  0.34554391942394036  0.35542492893682248  0.36556140938537618
  0.37641952831007647  0.38789359849920191  0.39952878812105186  0.41125025867724579
  0.42271367272975352  0.43370582376798328  0.44410368661596650  0.45417009953698417
  0.46481171511288993  0.47566985794733596  0.48655539152984156  0.49733159814589056
  0.50874128136801100  0.52035612375385798  0.53174999583996874  0.54289700311370115
  0.55418999046038886  0.56490416515143604  0.57499209171379162  0.58488645243259829
  0.59496526805032479  0.60497779202839763  0.61483286470632126  0.62481083933239834
  0.63527214593298065  0.64587940086999851  0.65610325342914566  0.66610076674638574
  0.67603591801265850  0.68582985998790547  0.69613237008493933  0.70642210652932047
  0.71726026944962695  0.72779473910322845  0.73846271495026083  0.74902273714963685
  0.75990645788127797  0.77084882173144142  0.78208276756577799  0.79305737999914261
  0.80391174519753672  0.81418252093548360  0.82391169196372349  0.83361538374181465
  0.84349463574459782  0.85369081142779424  0.86443653781035656  0.87522772705103147
  0.88589572437251496  0.89652339527126101  0.90729764531945079  0.91814067875258154
  0.92864699473845547  0.93905365042310052  0.94961266474725081  0.96007257736257401
  0.97017296114870322  0.98039030263371674  0.99011645943474025  1.00000000000000000
 -0.00948191464771593  0.06185553209280319  0.09999868655278420  0.12786797900535710
  0.14942872212845998  0.16761657600792204  0.18501214546797382  0.20165475378971320
  0.21725602289314505  0.23164976415003191  0.24487086514097334  0.25755186605174013
  0.26960967346330866  0.28157794315391965  0.29320656980843035  0.30448984431058951
  0.31527887633144519  0.32541813038924416  0.33510953068338689  0.34434869425591325
  0.35359988731986886  0.36292143791873854  0.37204322065219730  0.38129783482524193
  0.39045943054963184  0.39941531172755707  0.40799411869821772  0.41646081934396773
  0.42486876110219901  0.43350971416934758  0.44173514127139368  0.45008316693053041
  0.45835890903060600  0.46649191805116791  0.47446680628788629  0.48216485399290521
  0.48968904765319299  0.49722825345736354  0.50477553107441120  0.51227054530750515
  0.51972550079997026  0.52716792210544605  0.53448230990376977  0.54176954993183568
  0.54898104791266567  0.55625910089366326  0.56360570459545123  0.57121792329474252
  0.57842646488598404  0.58546017344551859  0.59236860847142403  0.59922669556137220
  0.60613528381481108  0.61307793913389053  0.61996395901595824  0.62685162381814097
  0.63381546045890091  0.64085313399816068  0.64801515747495941  0.65524546060901467
  0.66225644574976017  0.66917813519313885  0.67613091259193359  0.68315714631856372
  0.69023461387524998  0.69728899539115252  0.70432237532583175  0.71128022181147910
  0.71842878409314537  0.72564596506413048  0.73307386189977730  0.74065725859223452
  0.74839134095159288  0.75633555566342192  0.76435113066713689  0.77222460046715080
  0.77989926841084822  0.78751387494782943  0.79533059436613052  0.80336505538807212
  0.81154705420602236  0.81914870373410242  0.82713180907684070  0.83508821419215040
  0.84340062440033103  0.85204242575154365  0.86078687080917071  0.86977435395919200
  0.87939615952869354  0.88970928629805701  0.90060024169792996  0.91221210706550859
  0.92572300303760635  0.94176292239868131  0.96421691464366732  1.00000000000000000
 -0.02231601061320610  0.15065743104853174  0.20198712640759717  0.23622379006189564
  0.26350180838727877  0.28689952308937144  0.30753687256849432  0.32564455967516637
  0.34250712789477372  0.35833861465920358  0.37280266395753181  0.38676909609777504
  0.40010486568424775  0.41248949754958047  0.42405902091908843  0.43488689732955788
  0.44526466408378224  0.45514382271200032  0.46450980770669198  0.47346825492779632
  0.48202427667984155  0.49017297164827256  0.49809689989057232  0.50578157391434930
  0.51332505292061337  0.52062306255330970  0.52754265470785711  0.53423980248140690
  0.54083957099502189  0.54732692337524669  0.55362092909535898  0.55985316989516376
  0.56591365864903853  0.57194830263582230  0.57789243155010805  0.58373569938493086
  0.58955318622938224  0.59531673449438560  0.60107205280563236  0.60675242871328428
  0.61225155773899831  0.61768176281273368  0.62294717308321901  0.62822489113691427
  0.63352734997701399  0.63869038733436267  0.64373552716919746  0.64878293447800772
  0.65388897026223392  0.65909121052253328  0.66436632462647194  0.66963194832029715
  0.67486459944846011  0.68005488559536487  0.68521723465725393  0.69029022612181123
  0.69538729377138908  0.70050874352230663  0.70559272338489343  0.71057456008558950
  0.71543135464140439  0.72019849152101245  0.72478666795459690  0.72923651496880892
  0.73362716057180333  0.73800605061169400  0.74246097519579268  0.74702842035824335
  0.75171186785742439  0.75643960252125297  0.76109041451049009  0.76563151127302365
  0.77020507947882577  0.77503825905757451  0.78014500592510694  0.78541253810625489
  0.79061951770182060  0.79582444681994913  0.80104229611033118  0.80632253332524106
  0.81172617120206847  0.81730231921130458  0.82309577803796907  0.82897951348234977
  0.83507708287119986  0.84143450447822032  0.84799288181819110  0.85501670612380554
  0.86276341017728309  0.87121849180673760  0.88072904627874549  0.89173206892314505
  0.90444923007952061  0.92009714132896103  0.94335242277288711  1.00000000000000000
   3.2032388766414254E-008  -1.0000000000000000     
 T T T T T T T T
  <DiscreteSampler_grid>
  grouped_processes
  1 # 1 for a reference and 2 for a running grid.
  10 # Attribute 'min_bin_probing_points' of the grid.
  1 # Attribute 'grid_mode' of the grid. 1=='default',2=='initialization'
  0.0000000000000000 # Attribute 'small_contrib_threshold' of the grid.
  0.5000000000000000 # Attribute 'damping_power' of the grid.
 # binID   n_entries weight   weight_sqr   abs_weight
    10   10   3.620337151788248E+004   3.730731400650362E+009   3.620337151788248E+004
    11   10   3.620337151788248E+004   3.730731400650362E+009   3.620337151788248E+004
  </DiscreteSampler_grid>
