  0.00012716290456717  0.00141523076895639  0.00246285711014560  0.00327140952874237
  0.00397220102668737  0.00463289007194904  0.00527567642736229  0.00589488453828827
  0.00646851505220989  0.00698386773782679  0.00748249160973578  0.00797845570281178
  0.00845748421737025  0.00895836027818194  0.00944300534022494  0.00987787140644572
  0.01031677914186820  0.01075949116990938  0.01120460017685988  0.01167507468033879
  0.01217499574986328  0.01267606172754611  0.01316313102020005  0.01361669147586383
  0.01407596192497374  0.01453484978077254  0.01497904185064045  0.01541848517703889
  0.01585318912965749  0.01628664476231072  0.01670932257566004  0.01712067891871960
  0.01752704020551794  0.01793204736623021  0.01834452766993145  0.01875352627588559
  0.01916337726596361  0.01956418476614280  0.01997562985426343  0.02037720977937140
  0.02078452793461704  0.02121963965175185  0.02166859813023051  0.02209548601584257
  0.02252291351592274  0.02295912197798093  0.02340137767136722  0.02384003011695386
  0.02427941255067767  0.02471747806931280  0.02515542671324280  0.02560601633586952
  0.02605327132771383  0.02653088767241272  0.02700789212516359  0.02750182587744280
  0.02802396646357665  0.02857607137807369  0.02908367080829561  0.02958757652587224
  0.03006472030447901  0.03053433246097324  0.03099007355361381  0.03144739059590870
  0.03191706827781010  0.03240413884693147  0.03290711580024210  0.03339703481907016
  0.03388233026807233  0.03436538252883847  0.03486066642713524  0.03538091912401348
  0.03593743323313452  0.03650036213692457  0.03704457486324093  0.03757123357267558
  0.03809654607288582  0.03863704871112891  0.03919863125278805  0.03978678546157670
  0.04040660850140404  0.04105270889639721  0.04174353517662901  0.04250174380733898
  0.04330029823316027  0.04412219938724526  0.04505020164578679  0.04610264162954766
  0.04766429700672004  0.05004587821529513  0.05351196132249585  0.05778715583967373
  0.06256279189043749  0.06856755842334912  0.07271264841933217  1.00000000000000000
  0.00743951419418195  0.02094703868899948  0.03693056325256282  0.04998388146749511
  0.06223237976380427  0.07387421450507289  0.08492769338964973  0.09495248002566052
  0.10494757976462438  0.11535802337038105  0.12569813437678248  0.13624036956517663
  0.14716194140976424  0.15817953045396271  0.16872690329605719  0.17839781545998801
  0.18827290752418269  0.19832226602272449  0.20795773968255576  0.21764450061225607
  0.22731683295915195  0.23730363498137932  0.24755309774022574  0.25789052158772530
  0.26882434597905869  0.27877831674957354  0.28927810590482883  0.29947593850047638
  0.31051350772843928  0.32086948329722376  0.33132965518501439  0.34098750413367229
  0.35039419110709502  0.35978952640270689  0.36959331684300284  0.37975712641279541
  0.39040036717155407  0.40031425668049353  0.41004669570743096  0.41969021241714327
  0.42970223930509077  0.43975307056159468  0.45014816873559754  0.46010976711962909
  0.46964465621252433  0.47872566409708739  0.48749546713210296  0.49642045695649878
  0.50496884591770563  0.51325990420754919  0.52192050919768351  0.53137324860114032
  0.54063985788323754  0.54967812549903972  0.55873235735359716  0.56909175921811550
  0.58043979926699829  0.59166501346399480  0.60330801167237480  0.61353738713295691
  0.62369167032015493  0.63347354018319391  0.64291603190402569  0.65250715101034440
  0.66181731672136523  0.67201831623724329  0.68325410150128163  0.69347425818577801
  0.70288298403862426  0.71179468090058673  0.72056709829101384  0.72985520691993766
  0.73851089471461229  0.74778929714956321  0.75727248015589532  0.76634623107702360
  0.77536984650072638  0.78424057098150746  0.79478078696823595  0.80491001250374561
  0.81516614624039430  0.82575832409816863  0.83626709791344589  0.84624391071548311
  0.85633707030811057  0.86688406942573670  0.87741221942053904  0.88750923273820304
  0.89832869634017953  0.91048243985834976  0.92221022899153582  0.93288336100886304
  0.94397438270281619  0.95612315666619130  0.97094405312030951  1.00000000000000000
 -0.00110163327496384  0.00573784071867446  0.00820856358704109  0.01096508569701505
  0.01401102789700754  0.01740354285920910  0.02114717790482500  0.02494067211235626
  0.02907762155074125  0.03360475344853060  0.03867236108020761  0.04392013988385848
  0.04943043288537124  0.05475106355881318  0.06025422446805979  0.06673547549758066
  0.07315419089262325  0.07943360779159207  0.08638273545335641  0.09362104212000635
  0.10046769120002458  0.10796548295503947  0.11612007190509069  0.12453051615263942
  0.13347916419065500  0.14177070379892348  0.14892718841719735  0.15581236099260512
  0.16316644429672997  0.17133202415710008  0.17967487916634395  0.18776514320102500
  0.19601681924983699  0.20482091971791386  0.21431738670341524  0.22419747841527302
  0.23377825213385456  0.24316292841351259  0.25296351865334765  0.26314667416103399
  0.27345053015339521  0.28386656349340350  0.29386162645592273  0.30351255155201617
  0.31387405918738853  0.32533912505615892  0.33691347062811511  0.34857184361130317
  0.35946024239489327  0.37066600032614294  0.38205570840499076  0.39282559737820000
  0.40400721846479493  0.41570242626436649  0.42799609273044947  0.44083861636377925
  0.45406723501792373  0.46744253330540370  0.48056569222348727  0.49329760012780166
  0.50541602789915474  0.51766476424612207  0.53062710111381695  0.54456926924523452
  0.55828282997717771  0.57055083513727556  0.58368839222479774  0.59706764688848879
  0.61026416636213798  0.62302112825494682  0.63528267630432889  0.64738231092953036
  0.65951778558412844  0.67140209108307014  0.68322823726584114  0.69547106723785046
  0.70788920395744903  0.72143105839333221  0.73615725078340466  0.75024832717289802
  0.76455060875468328  0.77988526090349963  0.79587114310994855  0.81207798369902884
  0.82843361447439468  0.84468857089697369  0.86079459092421495  0.87751098236244129
  0.89334142959806628  0.90955356851137115  0.92590043450885695  0.94186157137348525
  0.95675988692669922  0.97128271109279618  0.98562778099311188  1.00000000000000000
 -0.00364330967414013  0.01315678103610779  0.02604545169615531  0.03753965329712052
  0.04850656103641774  0.05940908093672440  0.07030161590609632  0.08140623820011694
  0.09301933512157544  0.10481802924969855  0.11610332040295997  0.12729111017397676
  0.13856576058937375  0.14997673359181091  0.16129577382786783  0.17190564133717900
  0.18221254211511423  0.19268711539052363  0.20336932665885565  0.21439161045778118
  0.22529464216449827  0.23648108249790284  0.24735947920409410  0.25701917461144297
  0.26618295954327054  0.27631330570217688  0.28602864866321143  0.29508963347850481
  0.30358821131073249  0.31310023954250127  0.32492921859286455  0.33695097360832627
  0.34809726492409188  0.35889720045088180  0.36907261622217735  0.37885876593409523
  0.38734209035645312  0.39574098859282097  0.40453634367523605  0.41367674277229266
  0.42405626917424255  0.43524488761823371  0.44657637125981892  0.45830007320828092
  0.46999689505142517  0.48242268781612468  0.49538482026475883  0.50791309833059761
  0.52012561387389999  0.53219938055795812  0.54479603826827705  0.55741105205356234
  0.56845773493312779  0.57847182242050443  0.58879992208126564  0.59904979765385191
  0.60873193408642778  0.61766078818834269  0.62642772337626917  0.63657639211588202
  0.64700754147480577  0.65740281059409722  0.66734584128448626  0.67908848727806825
  0.69074862949013938  0.70233012461287569  0.71333110341229322  0.72193860293492307
  0.73062399203819595  0.73913752341547412  0.74786789527150654  0.75644858366710666
  0.76493286100239732  0.77437169377524540  0.78558787146844344  0.79738586666836675
  0.80857805542393957  0.81911194231781503  0.82916999514599010  0.83999051789318979
  0.85041581077374084  0.85968138651263193  0.86818095309184506  0.87726890484070896
  0.88731302552301317  0.89762544836130809  0.90795276399540203  0.91790362919430246
  0.92849419494630758  0.93982664220196355  0.95242534843371462  0.96349713110499724
  0.97269800477867741  0.98151034116026870  0.99045068880617371  1.00000000000000000
 -0.00213012567393513  0.00877113596079782  0.01789328049167036  0.02755335726244249
  0.03720329378320917  0.04715094294093922  0.05722791806374001  0.06744726559012693
  0.07806633616054594  0.08990381182935706  0.10286808886123533  0.11469967849359661
  0.12636294460252426  0.13660747073902965  0.14739390753844719  0.15669859827717947
  0.16570590648362898  0.17432426984126004  0.18381729977630828  0.19361331361287829
  0.20466312948918677  0.21472750420120260  0.22498440981506096  0.23591814065109790
  0.24704030275253414  0.25892637541788782  0.27138754987319497  0.28472445419099407
  0.29722067680721237  0.30726922211271690  0.31724653641576250  0.32730631655534881
  0.33807384907639526  0.34819697306335923  0.35820069060799792  0.36857544221241717
  0.37914698564001997  0.38957366972805296  0.40027423733664774  0.41109382579940973
  0.42168248793642688  0.43165502565374819  0.44204878978801371  0.45243024838527113
  0.46264833623626200  0.47248514354443671  0.48274606564397909  0.49444607409033209
  0.50604740581992513  0.51687545555792025  0.52873452418506894  0.54035823280493989
  0.55228133017105996  0.56427907564294011  0.57563069490857000  0.58725468559620830
  0.59771595993462456  0.60734396185943695  0.61640809982444211  0.62526227106079746
  0.63489151372895258  0.64378210975751116  0.65431214813040972  0.66538855447693945
  0.67619830873863251  0.68701702383614538  0.69853416779729249  0.70990403110487021
  0.72052407288470899  0.73059160887358177  0.74083680463535106  0.75134232352149266
  0.76148039873845308  0.77125905332365385  0.78109071243865269  0.79125163626659656
  0.80184397751118863  0.81265769110486663  0.82391389500169687  0.83503979334923928
  0.84585308904570311  0.85690673597128730  0.86752053931078998  0.87730137113204931
  0.88652631975452478  0.89666690171697994  0.90789263792148112  0.91829150092584955
  0.92774876033150921  0.93754568587577691  0.94845399934671704  0.96059483054226336
  0.97136963758704353  0.98130543066350506  0.99081012907923482  1.00000000000000000
 -0.00281222843087852  0.01202034091491893  0.02393185123490057  0.03413462742462614
  0.04353648304577184  0.05293934369175787  0.06265325212336632  0.07239841178345369
  0.08198631633013539  0.09223392991434322  0.10198997675170328  0.11134389476298046
  0.12078119372560944  0.13137207671019710  0.14449211834576764  0.15573494105569202
  0.16640323514746461  0.17705627764963708  0.18807525684395768  0.19907586756525658
  0.21016497397397130  0.22156474117745145  0.23346474035931036  0.24532583055485072
  0.25731236501489479  0.26923363317232130  0.28053671346821241  0.29138774781053339
  0.30136938974536231  0.31157066843051928  0.32211520153452416  0.33247580331500914
  0.34233140579781068  0.35207704872089957  0.36241437600109599  0.37317738825031033
  0.38282074517691533  0.39240037895455021  0.40212915746874739  0.41208235683627853
  0.42192816971725516  0.43194007882204649  0.44254092176762333  0.45401813289199561
  0.46536957114856903  0.47672974193447276  0.48781489782913889  0.49818151243763931
  0.50756853321058704  0.51680642658702969  0.52637771929743249  0.53694535840318924
  0.54760497825038457  0.55807710049763815  0.56867225315372139  0.57973519040918120
  0.59132064909934445  0.60242746600363706  0.61374047762516404  0.62524534715743652
  0.63646740846578553  0.64715762032170310  0.65736386486124387  0.66768385857281820
  0.67843957660515586  0.68966444216619471  0.70135307152796400  0.71283334425880462
  0.72394126777577439  0.73493127434204408  0.74522075255589026  0.75492880995382183
  0.76426592015319172  0.77418460924334775  0.78545983672096442  0.79758359027104009
  0.80996877279976853  0.82224136825332406  0.83370465673179517  0.84460015367305274
  0.85467975807445384  0.86317483464260980  0.87123629952377124  0.87928915545807651
  0.88775460812963847  0.89617233174881661  0.90530054860807074  0.91495828071865137
  0.92546879428052742  0.93578299428929634  0.94587268948991143  0.95633664195671575
  0.96645782728307583  0.97698693463308806  0.98775098349998602  1.00000000000000000
 -0.00269163183414326  0.00959451654813390  0.01983932306483592  0.03027235693299672
  0.04022875685619218  0.04987685592732136  0.05976453266396826  0.06916487729290187
  0.07907221914360320  0.08882466806777360  0.09871248462210939  0.10871479325237253
  0.11887214717983628  0.12918704639631404  0.13932601393228009  0.14946573102980232
  0.16014178569103626  0.17097767281246987  0.18183868227949007  0.19306573699747798
  0.20427002231955937  0.21500384824871677  0.22576653993214466  0.23652044631375263
  0.24773825377569894  0.25948760226677320  0.27138746181345319  0.28233976096377217
  0.29326808619657180  0.30547202059700618  0.31727659332929592  0.32828001766719223
  0.33904118728751265  0.34940799881098816  0.35944973732670499  0.36892597510865965
  0.37905076168676582  0.38911761389919874  0.39959250090877357  0.41025310617751465
  0.42077662761529377  0.43086137940876579  0.44150667198244864  0.45297317845754193
  0.46406581430048949  0.47433890795204903  0.48529830289786974  0.49673107445275411
  0.50790001687480468  0.51923832013972637  0.53096013197506653  0.54353337685857095
  0.55755330589945162  0.57007443813568703  0.58168883929844806  0.59199824084051078
  0.60181455986252130  0.61229325811623569  0.62285091407567594  0.63341347321611119
  0.64466453654800937  0.65647184300824768  0.66912341593906310  0.68070438636732600
  0.69123280568678902  0.70110489789720332  0.71156857083212199  0.72406888926119062
  0.73472802688369532  0.74490820822662751  0.75490106945946001  0.76569099208996350
  0.77658917204066902  0.78707757341332130  0.79787519594313172  0.80761510565988026
  0.81717739417849911  0.82611053604224871  0.83537256001593441  0.84483064401288188
  0.85475426767444107  0.86540124049387579  0.87584823918203814  0.88587572744710952
  0.89567549008462066  0.90538427048119363  0.91499355021631246  0.92521952260632467
  0.93566441731675210  0.94534687725165956  0.95484630667841797  0.96390156684135808
  0.97297212912794473  0.98179276627691459  0.99069895718366996  1.00000000000000000
 -0.00223763090807418  0.00925374493184191  0.01878612716754206  0.02914387737867699
  0.03938185125612464  0.04993761739534390  0.06074598571259737  0.07249385671296102
  0.08417961618529400  0.09559443075513309  0.10761641369057338  0.12048376023570859
  0.13248029125532101  0.14362594484887645  0.15502325721481586  0.16639872231215072
  0.17780107275200507  0.19013397430755244  0.20344475968328396  0.21586161286453753
  0.22656744023217595  0.23700582234781301  0.24790987267395609  0.25965758184469234
  0.27236283074770284  0.28563182938328241  0.29855140536366381  0.31019595925599636
  0.32283005058825714  0.33472783333966249  0.34485180713720098  0.35514411216241154
  0.36611843988431297  0.37714755824317236  0.38746686695342786  0.39778697091475029
  0.40828431857156228  0.41862284709562136  0.42844709106335233  0.43823664693868586
  0.44845009137811565  0.45904035924662401  0.47010992372248755  0.48180008975615163
  0.49322850120321443  0.50463320195996753  0.51540576740684541  0.52600980874048930
  0.53621207495746537  0.54647247421823775  0.55592980650963042  0.56492007744556028
  0.57400271623949495  0.58329277562530590  0.59269492416415481  0.60245613579520951
  0.61231121576269965  0.62219429507895008  0.63156398158644622  0.64078649011332589
  0.65061735177797098  0.66156942857595769  0.67327685489637346  0.68525771481264119
  0.69624348059944230  0.70645725737814935  0.71525467257465514  0.72352040136308082
  0.73172476811252163  0.74021901756159136  0.74879610011557129  0.75768389556244042
  0.76615071789515643  0.77616637598289817  0.78763210480696533  0.79927334514107262
  0.80950391328284810  0.81973588071165038  0.82954522526831420  0.83887416859941033
  0.84785139575476465  0.85771986984007142  0.86887641426795825  0.88091527389556579
  0.89240087916264876  0.90325315305999687  0.91231003172534841  0.92110336155720407
  0.92989627367805139  0.93857898764773162  0.94760627721987545  0.95720754033490552
  0.96762481675834022  0.97895927237058733  0.98941426478544414  1.00000000000000000
  0.00678577800447925  0.03325026098242965  0.05209605606336094  0.06529258759616720
  0.07463251991021599  0.08386198164267815  0.09254293859245594  0.10061839622389709
  0.10865927954469218  0.11645675915947350  0.12417875312491396  0.13211347695878628
  0.13963478019654935  0.14676501830565014  0.15390224700553448  0.16106288228713561
  0.16799478499596843  0.17444070086571242  0.18057667623302995  0.18659087327962295
  0.19194724826248177  0.19720313295957762  0.20256655535758811  0.20801466943922109
  0.21318645162969843  0.21831538953229548  0.22338044419304282  0.22857952574817730
  0.23405147217282876  0.23946053277098323  0.24469420967326141  0.24989993092314089
  0.25546266082639330  0.26136222354437866  0.26720246752843613  0.27333985835567970
  0.28024875230398311  0.28666747041201568  0.29283090709071624  0.29872790096008583
  0.30453685216110216  0.31022632581727266  0.31624565236069602  0.32250934817183935
  0.32905850643348167  0.33579965535856998  0.34254536390818457  0.34938605734149725
  0.35587295520664225  0.36215357445251689  0.36843824572194189  0.37491545810857246
  0.38128752461253118  0.38740091071448690  0.39359045922042996  0.39952757254269883
  0.40556677195082141  0.41168474498669472  0.41804121156094998  0.42474329883948847
  0.43173047159171174  0.43875072913414609  0.44576087154694188  0.45254838044656764
  0.45945521163054459  0.46664737594454564  0.47427303044254027  0.48194240019647139
  0.48965797391182003  0.49699158481670458  0.50401926604404979  0.51114514683660328
  0.51903449073054064  0.52774312420686675  0.53579222191087394  0.54496137995324467
  0.55604177925547726  0.56746244993022155  0.57942595379089135  0.59063071889915875
  0.60090492175263222  0.61081094666346136  0.62056907774517900  0.63066620743603041
  0.64122000095695009  0.65300169757507132  0.66636370768622633  0.68101176574636479
  0.69899867699599960  0.72050002601013841  0.74265815772015520  0.76622666044997412
  0.79329514142910296  0.82613237684061236  0.87039596179304679  1.00000000000000000
 -0.02329189172410535  0.13766927477212756  0.17915168448677821  0.19958613261989117
  0.21505454811939576  0.22850966298686931  0.24115736261764836  0.25222977429961319
  0.26210862822367825  0.27191378601345589  0.28192710043074543  0.29257749974724956
  0.30063030292828857  0.30873932038914198  0.31576876470771525  0.32253053060083076
  0.32923453188739771  0.33547400044522363  0.34147474629677799  0.34737344017895327
  0.35331551426652347  0.35926016714710773  0.36505118412752480  0.37070199470858500
  0.37655289388603391  0.38230861326424165  0.38792917751314498  0.39345115290703814
  0.39891222399334464  0.40444301206998551  0.41015860305444796  0.41612949615830996
  0.42240887008071698  0.42814441354326566  0.43371825839795203  0.43915999994623639
  0.44446860196901317  0.44964562696047516  0.45481712707715116  0.46004028192145063
  0.46521902335707843  0.47040653399689658  0.47569450485976439  0.48069717104704718
  0.48575793049635008  0.49087071699060297  0.49597025287824759  0.50106145201240104
  0.50613124662603670  0.51119378993768150  0.51648383823920374  0.52184837811799778
  0.52664671009022845  0.53157693994737565  0.53667384208645785  0.54188859327636596
  0.54730077055996773  0.55281759811566367  0.55813146720669082  0.56308280768282626
  0.56784439305290146  0.57256318664002837  0.57740357598295233  0.58247001887601491
  0.58770197624072607  0.59301626728852574  0.59836828043261914  0.60369742618106670
  0.60896671049593687  0.61443237008494422  0.62024644064669299  0.62608789380951813
  0.63164341377061195  0.63713111295817382  0.64261289974805436  0.64816477241690196
  0.65390838165408882  0.65984765569143167  0.66614089159532308  0.67270208814624610
  0.67924721993575532  0.68592257824481428  0.69310115635375713  0.70090761489911468
  0.70913709538258674  0.71781377859554862  0.72683413626120330  0.73624781947600271
  0.74584571737367156  0.75713509127721901  0.76977856630989083  0.78440033478526106
  0.80157689708824120  0.82249829509393402  0.86027953804278412  1.00000000000000000
   1.4518613841682243E-032  -1.0000000000000000     
 T T T T T T T T T T T T T T T T T F F T F F F F T T T T T T T T T F F T F F F F T T T T T T T T T T T T T T T T T T T T T T T T T T T T T T T T T T T T T T T T T F F T F F F F T T T T T T T T T F F T F F F F T T T T T T T T T T T T T T T T T T T T T T T T
  <DiscreteSampler_grid>
  grouped_processes
  1 # 1 for a reference and 2 for a running grid.
  10 # Attribute 'min_bin_probing_points' of the grid.
  1 # Attribute 'grid_mode' of the grid. 1=='default',2=='initialization'
  0.0000000000000000 # Attribute 'small_contrib_threshold' of the grid.
  0.5000000000000000 # Attribute 'damping_power' of the grid.
 # binID   n_entries weight   weight_sqr   abs_weight
    10   10   4.651746552441288E-020   5.891650819820678E-039   4.651746552441288E-020
    11   10   4.651746552441289E-020   5.891650819820684E-039   4.651746552441289E-020
  </DiscreteSampler_grid>
