 -0.00002867274942723  0.00040470866908186  0.00120236603093503  0.00263846955971173
  0.00459623102553726  0.00700808332476075  0.01004189064275801  0.01355399268161420
  0.01739338675893396  0.02153464080150830  0.02615310749174253  0.03134992429635158
  0.03673465624049157  0.04235550033245769  0.04862166358373128  0.05520604127677756
  0.06202148818640918  0.06875096172734134  0.07555496601467285  0.08266603771073527
  0.09019254567957379  0.09817605345000993  0.10658239843741892  0.11507325536183274
  0.12359796378916377  0.13217780779978763  0.14089227523221323  0.14975817536800645
  0.15872042134733602  0.16784485044647757  0.17730110204035657  0.18683310487519028
  0.19633386330659383  0.20585383912755942  0.21533614790820052  0.22477094447793358
  0.23425482940516085  0.24402867316113858  0.25405551261788684  0.26438538464821171
  0.27505571263839873  0.28589108325382989  0.29697282520808505  0.30837724405938527
  0.31984714878705661  0.33125443460614867  0.34337088209829697  0.35515922961725793
  0.36707175810448595  0.37898459320114786  0.39069325699485968  0.40282377970861216
  0.41525362230990509  0.42727711688722431  0.43923992364766523  0.45135266735653767
  0.46350535768650530  0.47575415295423967  0.48837451227906520  0.50138638761684384
  0.51456608430218864  0.52767477825591247  0.54072083885565403  0.55391358320210438
  0.56749274769186164  0.58158831458405258  0.59616864388773672  0.61098083402663861
  0.62643034425885535  0.64129837690555647  0.65568232905469315  0.66990751000201842
  0.68431634691361487  0.69798867225651451  0.71179510494644960  0.72575315246810712
  0.73976605275037455  0.75369288142094171  0.76747522729200823  0.78159626362965962
  0.79561649896091646  0.80960110642302285  0.82351765504253482  0.83730728945048682
  0.85120546374756678  0.86483612701421908  0.87842700618594716  0.89194988938975617
  0.90539612293001315  0.91877929788594581  0.93204625861176416  0.94534891077170613
  0.95894951402466855  0.97265415224069440  0.98633213324175750  1.00000000000000000
 -0.00218785121288880  0.00809021786254320  0.01728942105545591  0.02769172835908955
  0.03869937470940699  0.04993979237991513  0.06058688766004423  0.07179894073215433
  0.08337538112307685  0.09470219338601285  0.10580408088556456  0.11662836832415178
  0.12754292490691813  0.13816493687975681  0.14907231523830128  0.16069718119989285
  0.17231367384150870  0.18434627428967035  0.19623120077661860  0.20728153771443164
  0.21711333528047058  0.22652921892357397  0.23597200980647806  0.24549098867186217
  0.25516665678987421  0.26509378112986282  0.27646688462726132  0.28791122585462015
  0.29821644444621076  0.30761783317028424  0.31746810424421495  0.32841034581401213
  0.33923384455383937  0.34952764928235069  0.35941738271652035  0.37020641936070486
  0.38071153407121155  0.39107124506634283  0.40229213041450151  0.41413441785690852
  0.42523250031545629  0.43593036278784059  0.44723694057150909  0.45884930836988541
  0.47016869247700899  0.48117500446796174  0.49213281818231730  0.50319619104020918
  0.51429068369626563  0.52537766246542117  0.53638111502940944  0.54670804216993052
  0.55643205661359019  0.56605168387406779  0.57535959657803659  0.58445802747398212
  0.59371181392657046  0.60435905582252147  0.61705522116309330  0.62958114412806465
  0.64072534633549294  0.65145113046344760  0.66215817165679169  0.67287081811569016
  0.68385292987815915  0.69484481991595781  0.70514538415792494  0.71493732330236381
  0.72470670917970681  0.73404919626560972  0.74291024881868450  0.75158059871350535
  0.76073933337424704  0.76919497136181947  0.77730311657553530  0.78536835215199174
  0.79429759024384705  0.80432127341994542  0.81476926062747901  0.82593706576460324
  0.83759584254936958  0.84922109250417810  0.86088657963751147  0.87224549713040089
  0.88375178069155313  0.89527194800400123  0.90524838190748025  0.91537712047558650
  0.92559556323121051  0.93563505194845686  0.94538287581083680  0.95510071591718149
  0.96610042939921492  0.97782977625340461  0.98918649926434088  1.00000000000000000
 -0.00183775597814932  0.00772464644844776  0.01620556554236381  0.02320462353470867
  0.02968403720190438  0.03588942403469811  0.04176317733271545  0.04734425037866113
  0.05282862514761594  0.05832005367681245  0.06383513046039539  0.06905310799566680
  0.07434046244423016  0.07955412123913841  0.08457398629354702  0.08944024529310422
  0.09427726413226292  0.09919155842868514  0.10426190688635478  0.10947896847573184
  0.11490109092737268  0.12042181006593303  0.12590590528718817  0.13126193857861168
  0.13645760117791739  0.14165284380412133  0.14659321216379134  0.15168895841208643
  0.15682631306611913  0.16197534580227566  0.16708477904980928  0.17213774049026775
  0.17725594729682531  0.18236941397386092  0.18746707148423836  0.19266488665238532
  0.19785220406517315  0.20302133217899462  0.20812491911423214  0.21349886262744416
  0.21916250367518797  0.22478940846712853  0.23077675372914666  0.23706315777341438
  0.24337302076204950  0.24957736898053670  0.25589407116628393  0.26238620385467970
  0.26894306419652153  0.27536101156024090  0.28169311037335937  0.28814138291265923
  0.29461617240872501  0.30107137849434751  0.30781884284057304  0.31498750462914293
  0.32231800239959574  0.32925968846281045  0.33611410305036094  0.34309383943417621
  0.35039001726641483  0.35806434760029610  0.36605615693077714  0.37389674352685376
  0.38177732367986750  0.39021207410914643  0.39913286257569858  0.40834676204506992
  0.41746802884194029  0.42739759596798155  0.43774054681226177  0.44808839601210865
  0.45892325273215201  0.46945737015117978  0.48033687839769335  0.49068129051941828
  0.50122838620261445  0.51220123637313864  0.52381407229384092  0.53588467753529578
  0.54870293055828556  0.56238071402247636  0.57678634989597610  0.59105688825399982
  0.60562903415857283  0.62133652384740912  0.63832073218525931  0.65809474670676793
  0.68091259180402885  0.70535265129884817  0.73108896613570862  0.76006345805410336
  0.79444678677308411  0.83511216054370441  0.88742831333955852  1.00000000000000000
 -0.01843626845832584  0.11437259028664433  0.15794073384427038  0.18431372014270150
  0.20616694292482754  0.22482383783622825  0.23984395912491552  0.25322648157055216
  0.26567436177495701  0.27802759319911080  0.29031683576973538  0.30236847441559644
  0.31436112743268552  0.32641349756029331  0.33810564129601905  0.34935888854778147
  0.35954178308908763  0.36926214362457427  0.37892178371545188  0.38841081038471370
  0.39713251340711037  0.40513631033787206  0.41332563514452242  0.42157380544455331
  0.42954096341548786  0.43686212351197662  0.44410146348538160  0.45146787288215107
  0.45923829228257540  0.46687115777106186  0.47390825628842131  0.48111169165838413
  0.48871805209560271  0.49671692685830010  0.50411563712821572  0.51129842433895289
  0.51827386055699431  0.52565455329272359  0.53300281966866681  0.54023804584293822
  0.54695608850481892  0.55353669105695313  0.56024535983226897  0.56734562081801676
  0.57461201578605114  0.58171636023145346  0.58868999005105072  0.59567790635445395
  0.60275973893787005  0.60967813939229121  0.61626731594199802  0.62273553466891407
  0.62921518518398178  0.63545414201084738  0.64158183990230133  0.64775864848374398
  0.65403080798989277  0.66052959193797034  0.66681667360008867  0.67274488228080820
  0.67858514740935472  0.68444847292477351  0.69006607392137154  0.69527290746973647
  0.70027298671403493  0.70523045230069936  0.71018562688612663  0.71528667329674545
  0.72023528960422023  0.72516281333532984  0.73017716035682390  0.73543995472462975
  0.74087834622052451  0.74638455448818131  0.75207596674313115  0.75811279916898622
  0.76416714840966293  0.77029294190052400  0.77654251848108335  0.78286137180734094
  0.78927022284617854  0.79590856935235743  0.80274743820305539  0.80921159254643482
  0.81614891040623194  0.82342765553244324  0.83084885751498494  0.83973319665544588
  0.85011817353208374  0.86136742837891611  0.87374668363477648  0.88717449837204887
  0.90170259792457708  0.91885206815572096  0.94367712765046396  1.00000000000000000
   1.8955951514600211E-014  -1.0000000000000000     
 T T T T T T T T
  <DiscreteSampler_grid>
  grouped_processes
  1 # 1 for a reference and 2 for a running grid.
  10 # Attribute 'min_bin_probing_points' of the grid.
  1 # Attribute 'grid_mode' of the grid. 1=='default',2=='initialization'
  0.0000000000000000 # Attribute 'small_contrib_threshold' of the grid.
  0.5000000000000000 # Attribute 'damping_power' of the grid.
 # binID   n_entries weight   weight_sqr   abs_weight
    10   10   4.211648497401285E-004   3.407747395098458E-007   4.211648497401285E-004
    11   10   4.211648497401285E-004   3.407747395098458E-007   4.211648497401285E-004
  </DiscreteSampler_grid>
