  0.00015379511373952  0.00152288640426820  0.00254912953377591  0.00334012504697246
  0.00402772479268248  0.00466910811282273  0.00528266926430363  0.00585875917747676
  0.00639854069121210  0.00692361169718350  0.00744482811454462  0.00795877624019093
  0.00845527395129389  0.00895368996310164  0.00944614430332530  0.00992576886121921
  0.01039592592723431  0.01085765527288634  0.01131523056609708  0.01178508619388619
  0.01224694834297399  0.01269416610893974  0.01313134572674335  0.01355950908625680
  0.01398876867825667  0.01442452898222576  0.01486733508810461  0.01531936257290879
  0.01577253421659439  0.01621609355647341  0.01665484825416040  0.01708682618748018
  0.01750598668263870  0.01792246161421735  0.01832130948523965  0.01871551370028647
  0.01911731851263705  0.01952926010995660  0.01994267945505834  0.02035151080673391
  0.02077449673486027  0.02123217460736654  0.02168679859650974  0.02213358072685262
  0.02258063957302190  0.02302989496998760  0.02347336362430458  0.02391352803538992
  0.02435771958641209  0.02479562357421866  0.02525180162131343  0.02571674937674958
  0.02619240312204033  0.02667290698294413  0.02715093413861649  0.02762971208176277
  0.02812221548513888  0.02862554560405810  0.02913434316651768  0.02965152573311037
  0.03015993314089280  0.03064647578437153  0.03112806495998284  0.03160281611761483
  0.03206748764921596  0.03253796802310505  0.03301972803377860  0.03350481470406767
  0.03399606656439692  0.03449678331120259  0.03500386093298031  0.03551341454748368
  0.03603319915309369  0.03655924359186920  0.03710217947674679  0.03766611207998365
  0.03823497429212920  0.03881519120679966  0.03942295472167497  0.04002382947146343
  0.04064658106669312  0.04130486384453020  0.04199251720597088  0.04277613838157503
  0.04356477827312515  0.04438396940741063  0.04524238298706620  0.04631080648550918
  0.04769420926083889  0.04996687377581015  0.05321564873702044  0.05709294157854233
  0.06180203938120803  0.06838743916791976  0.07247040166139861  1.00000000000000000
  0.00715554700305181  0.02247335053175696  0.03798633733796382  0.05073829361472474
  0.06229482140111080  0.07326194055633929  0.08350427260481799  0.09312973660397822
  0.10287567116846183  0.11293933723406764  0.12317293784590852  0.13326432424602752
  0.14387115256934749  0.15559501998030845  0.16717215879012867  0.17747025951441636
  0.18695299965512063  0.19593052713294587  0.20462824954113973  0.21309258555759189
  0.22145090449758140  0.22995823706730387  0.23827237987370031  0.24654738990516917
  0.25511905485245040  0.26386086857993757  0.27284064924168050  0.28222231265652253
  0.29146690897077243  0.30139249706263410  0.31217189263019718  0.32155218765238641
  0.33115554825812160  0.34145237524063965  0.35231218490692229  0.36309026023744106
  0.37366238923372597  0.38378093942279451  0.39318877264065610  0.40234222020905702
  0.41206615998915441  0.42173693427481440  0.43118009688432757  0.44022714969769583
  0.44908803929261198  0.45825960579700897  0.46736255482241063  0.47614543683088306
  0.48574121127978898  0.49680383883487761  0.50740241760196980  0.51814453800904836
  0.52810411408001323  0.53836550901945557  0.54830186714181384  0.55768784183822651
  0.56688238654637091  0.57665616298419675  0.58701841724544046  0.59820145034419847
  0.60894610872688859  0.61959420388927111  0.62984591369157106  0.63995907921051531
  0.65015497456962534  0.66041727904499137  0.67005000514449398  0.67885746923129298
  0.68777025812248438  0.69640914403741605  0.70497490713982791  0.71391139371832968
  0.72315921725566890  0.73324635198635757  0.74462865159358438  0.75651298209399043
  0.76815182587463271  0.77890252849703745  0.78961559484696020  0.80121575684855284
  0.81357225509260700  0.82597202990385687  0.83746034649954704  0.84860287066580165
  0.86023253409307809  0.87155338152868711  0.88169047900814268  0.89108968225328844
  0.90049542013852280  0.91000064243759626  0.91964721207982636  0.92971634561539351
  0.94115808859027117  0.95585632292738598  0.97465441427850996  1.00000000000000000
 -0.00116227535674817  0.00564092077297442  0.00846744378355563  0.01128989410911817
  0.01439430657880801  0.01782079930885511  0.02153078401687595  0.02550154012205346
  0.03016301121157732  0.03488074782670059  0.03955396424568404  0.04484403560244410
  0.05026297519675055  0.05630691700201654  0.06326550302257217  0.07039284266328361
  0.07728033768035691  0.08452769863738875  0.09232292393094961  0.09988136372673358
  0.10713138638924545  0.11453577633665267  0.12242495315227657  0.13010758225782873
  0.13758211793305850  0.14551031043277704  0.15449162151918738  0.16447914839752750
  0.17511652709446743  0.18578936808878521  0.19597541327056611  0.20567780520958073
  0.21514082439600166  0.22459467027202326  0.23414452031150182  0.24362714568600385
  0.25284430246403750  0.26214441052294363  0.27166170992707867  0.28135750450722347
  0.29161743226879139  0.30233503179914650  0.31305789709037063  0.32410522436006212
  0.33579228602562217  0.34776280428708223  0.35969439740340919  0.37208305824251514
  0.38477892116534895  0.39688386269225279  0.41067579124827369  0.42469185009244903
  0.43875599919270136  0.45286425992920759  0.46673864035850399  0.47977586417192208
  0.49279185327293901  0.50579033264798756  0.51974525057169896  0.53315117971738779
  0.54615069581634490  0.55959571312951883  0.57346320855559674  0.58764640926492073
  0.60133345814562700  0.61579845809891209  0.63059697374678059  0.64546880486485947
  0.66024201458034304  0.67472497857410518  0.68786434512944694  0.69934434407123702
  0.71082638930401720  0.72236011234599251  0.73421703031042429  0.74619718137366275
  0.75850392804807476  0.77132418423274463  0.78398304092071502  0.79626378703504230
  0.80813818916582858  0.81982886485795503  0.83187571584957820  0.84405167633442102
  0.85638323573081110  0.86927096331878684  0.88258866526512947  0.89548301262549512
  0.90830865747304201  0.92096286580979159  0.93325504859545083  0.94591951688337517
  0.95906878021489639  0.97256568877888727  0.98626915545146554  1.00000000000000000
 -0.00300401185371287  0.01035427961321357  0.02250739785920839  0.03416515559052171
  0.04646239262261224  0.05870378141876729  0.07107417033992668  0.08274360341137754
  0.09314939302790740  0.10285087123875544  0.11230442558457886  0.12185011328222302
  0.13169432987354726  0.14178432502892291  0.15237897238393891  0.16356846198829272
  0.17493152716625657  0.18628737449735247  0.19800840721698726  0.21037620369550369
  0.22313617408194283  0.23526073047705484  0.24636348133731314  0.25717081560530697
  0.26777451486536280  0.27861014475729612  0.28992853703063648  0.30136816059505245
  0.31294395144988568  0.32421618275619168  0.33480988532531170  0.34542110934290815
  0.35630070566016442  0.36699143897181852  0.37775778116191833  0.38799386943020647
  0.39838656504775705  0.40910731030672121  0.41926611707700912  0.42876934442735609
  0.43827650712104455  0.44825295899861284  0.45838405441987046  0.46808341680219206
  0.47801222019838613  0.48808601946159419  0.49751500245132180  0.50667729493820102
  0.51554676864985893  0.52571615570242158  0.53712761842510870  0.54983491367721637
  0.56280872239980595  0.57241645396881824  0.58164509418124499  0.59095224678322866
  0.60079189705815839  0.61069250312879442  0.61996252490531367  0.62996106352734249
  0.64082258561033700  0.65120116442527309  0.66120319434719776  0.67173655344271432
  0.68223082530553580  0.69241743078872364  0.70199386813205855  0.71165968654205503
  0.72218862402494610  0.73319826480547023  0.74455798585019306  0.75489682080536047
  0.76467545006261484  0.77397166766873315  0.78344308310710420  0.79323869758667265
  0.80373392881660011  0.81493593694309474  0.82633974399229704  0.83809892939030572
  0.84987135641876865  0.86067013878069132  0.87035404921061954  0.87941067956366947
  0.88837185831332466  0.89770174176510420  0.90783911460333166  0.91822406566028558
  0.92816863993600829  0.93790905096472477  0.94820089653487716  0.95824204603091068
  0.96779877247710455  0.97685608853786510  0.98769454526554168  1.00000000000000000
 -0.00157222048665040  0.00801919594403328  0.01737240690781501  0.02680363172272229
  0.03649200817808956  0.04623605494899696  0.05588041459370108  0.06573213579946882
  0.07566803737055076  0.08512415146710116  0.09394258477762626  0.10300612786421540
  0.11212432301202854  0.12057041631087236  0.12857936427540176  0.13688041936981690
  0.14558494920276593  0.15577130317009089  0.16632629766104118  0.17777210327090981
  0.18845753239663030  0.19879106742183400  0.20906363724430177  0.21937517423411554
  0.23072566576025971  0.24313574900692264  0.25489415265570403  0.26572574528110238
  0.27595618542713390  0.28527793617619623  0.29417736165633618  0.30339588208131263
  0.31307691591809689  0.32292292766333131  0.33239514018350103  0.34235187753203172
  0.35272757933137727  0.36285911924038977  0.37337677262656377  0.38551274346351516
  0.39859575790897073  0.40969576219158710  0.42040097413129657  0.43040901127406511
  0.44041984387708538  0.44980472574258867  0.45911644235153631  0.46918528850505431
  0.47991774071532989  0.49111997672856372  0.50336221340606013  0.51606466643304616
  0.52818808867992362  0.53901233852728025  0.54965739349444143  0.55984439783080808
  0.57060830568463894  0.58122334694074174  0.59275804276475685  0.60307892894293746
  0.61585097744399042  0.62948484702271756  0.64418909222946641  0.65610294505034628
  0.66697609236241295  0.67704161217971692  0.68731292486862927  0.69797486322099811
  0.70883939525789308  0.72029980571006480  0.73179224687993027  0.74387236074447072
  0.75577827457570212  0.76730973582314255  0.77837921653731768  0.78890920060874714
  0.79932529529357410  0.80916257342112130  0.81850976268583264  0.82772151503032454
  0.83754958958505410  0.84764164400699815  0.85779788495812825  0.86786095942375774
  0.87811241299274823  0.88879517070671010  0.89984628370842623  0.91118554446697020
  0.92257332623039467  0.93441978638446899  0.94567680326286685  0.95811315871241165
  0.96935409620399027  0.97978789619526963  0.98962896713620341  1.00000000000000000
 -0.00271767323422323  0.01013255878060322  0.02083698037369330  0.03095191650029175
  0.04106973887777113  0.05071950544487309  0.06020361844283415  0.07004088256733319
  0.08067165567289877  0.09234548771700705  0.10462665496666737  0.11649509656807096
  0.12727986334464017  0.13754446426884873  0.14729980424961950  0.15799478656046537
  0.16883737199818966  0.17949099745088595  0.18961261708863031  0.20036909363235483
  0.21133511457278459  0.22155544452111561  0.23145830942216908  0.24153004164219552
  0.25169905437767837  0.26193571908496716  0.27259476265828120  0.28377044501066623
  0.29515737677233572  0.30622140296233086  0.31676875366995538  0.32721989704074256
  0.33800697494934834  0.34916592564171967  0.36062147950869872  0.37188810769923764
  0.38401394054419513  0.39623140154328751  0.40723301098338355  0.41785862722992023
  0.42918317944926404  0.44052041241567025  0.45119352241068184  0.46220581443343040
  0.47365360262640216  0.48481964250475185  0.49510025013341386  0.50583460487019749
  0.51749776669617786  0.52828813473306013  0.53900707921048885  0.55021053205465897
  0.56184844057515793  0.57285277977010118  0.58333114431786059  0.59357229700304970
  0.60378800335168337  0.61417592002175381  0.62467593277031130  0.63535070619084510
  0.64624064144476723  0.65742578845334521  0.66839912635006626  0.67925384018784052
  0.69047913851208442  0.70200918077531094  0.71469502444010513  0.72945148079666111
  0.73984635125422649  0.75054178859699305  0.76032236575746670  0.77011778845230083
  0.77961102052097975  0.78912199320441700  0.79998868910069687  0.81188488774886802
  0.82317392935187073  0.83382574991830594  0.84355533387939308  0.85258999950398140
  0.86147272468679392  0.87029226145745431  0.87945181625764945  0.88853355799915912
  0.89742216828381449  0.90622090190093540  0.91500739503254247  0.92355582375909262
  0.93192815919745942  0.94018974413865009  0.94874975512601079  0.95740345673074490
  0.96715133997200853  0.97714427868942311  0.98766483116370540  1.00000000000000000
 -0.00133469780132146  0.00731255576942393  0.01474299512209353  0.02328397946408677
  0.03188578614308637  0.04058641408772284  0.04899939103239628  0.05718493418370879
  0.06564225618406465  0.07452814485922621  0.08300550255608442  0.09253403659986381
  0.10268884901761216  0.11381995189082068  0.12527362659002947  0.13706804663730079
  0.14874711619780784  0.16018643823250373  0.17146986533945729  0.18303860027144586
  0.19460108646716973  0.20671384570850840  0.21609880419065705  0.22571280434450294
  0.23536117192554737  0.24455033875638180  0.25416629639320726  0.26358273923999787
  0.27350457446185228  0.28449047801596766  0.29539805838234728  0.30578943720240009
  0.31637664324086318  0.32691649711358883  0.33734374874047279  0.34748506321242456
  0.35734241127088184  0.36775720257737926  0.37845542496240125  0.38868064810908393
  0.39854283343222824  0.40837559362076442  0.41882639528270527  0.42948012055029050
  0.44143028853007305  0.45365763902785788  0.46565822438642718  0.47778265475798193
  0.48840177821171643  0.49949076714511337  0.51018550867595380  0.52080693390413169
  0.53082236543397721  0.54153992593645650  0.55146861392702362  0.56125637623478286
  0.57045123160999789  0.58031288868845599  0.59095658341687862  0.60232189801260916
  0.61452196535466108  0.62590996334256310  0.63654797613955560  0.64691201461365222
  0.65795586195306821  0.66841605765145962  0.67869846960671154  0.68957140159098340
  0.70170844261074850  0.71460979337753283  0.72825239257918795  0.73999462086032797
  0.75190650231340239  0.76438108076523137  0.77781270590733387  0.79154937558749039
  0.80448516393395142  0.81634640086654164  0.82687797370410632  0.83711040930435443
  0.84672818824699203  0.85593060950344502  0.86501616710084606  0.87479323821142507
  0.88567738101996163  0.89635851979492487  0.90629494425307611  0.91605493104705105
  0.92634413571127805  0.93678709479417011  0.94734553490107676  0.95777991305001942
  0.96867087885745784  0.97922648653343014  0.98939454550788875  1.00000000000000000
 -0.00218407080463633  0.00925950329185387  0.01862630459064768  0.02796322316385369
  0.03693228589878603  0.04618039297258152  0.05588333559807910  0.06622680650668275
  0.07642497482940803  0.08631558582111298  0.09637741648582566  0.10693758414200047
  0.11808496097287208  0.12840858851719994  0.13627685930400640  0.14422193295688684
  0.15206302353173148  0.16012459464064457  0.16816656948587602  0.17563551947841810
  0.18311339398235976  0.19071299870468270  0.19939555218574240  0.20797597811539320
  0.21791549845686758  0.22848449427639481  0.24006236494952451  0.25181159832094557
  0.26293959040683273  0.27414876048561365  0.28509434652931065  0.29726642200937814
  0.31050546446928046  0.32362960637831589  0.33641367020128593  0.34866944780442455
  0.35965336583194868  0.37005616609380565  0.37967628268494036  0.38872263238781229
  0.39766756930884306  0.40670433098705749  0.41641074682055362  0.42724293566482047
  0.43913218125226305  0.45148323668623630  0.46317092943201249  0.47376034900808933
  0.48408821287579062  0.49445243580769471  0.50486817443977106  0.51563744042896298
  0.52710431396822555  0.53910331389768518  0.55104422142592102  0.56249944600405322
  0.57344319909474928  0.58359310463855685  0.59319784387830932  0.60252217089563698
  0.61213775532657766  0.62184280073170883  0.63164999690012291  0.64136969750701323
  0.65145257854800132  0.66192554472274923  0.67201946123527956  0.68146112329863417
  0.69073553849460356  0.69947153527044892  0.70804135785873223  0.71673723398740574
  0.72621505825255750  0.73713071891247073  0.74917440902283561  0.76194765651358554
  0.77435211487217204  0.78621428764968382  0.79789943831020027  0.80921743784558875
  0.82023054131070339  0.83128754843900410  0.84294743140065276  0.85534984614650122
  0.86784226387769725  0.88009176654755750  0.89185692970432207  0.90365141013648709
  0.91627714154891360  0.92828233753002387  0.94123165417266808  0.95462906770722800
  0.96704493535710911  0.97847001693215307  0.98952515849170541  1.00000000000000000
  0.00451191872130603  0.03766618796057888  0.05958003143723666  0.07336823923933437
  0.08531907710635823  0.09617886093791334  0.10572164671966165  0.11375572584368339
  0.12082732092592333  0.12769557286166491  0.13463106456694499  0.14150768497480637
  0.14831253357253132  0.15512174327901285  0.16208597764323848  0.16884026782713790
  0.17541308583481355  0.18166379048562367  0.18802575513082784  0.19443936760074201
  0.20132058483955290  0.20808685191233442  0.21456944202313002  0.22089090795646618
  0.22738941784221120  0.23414355205867546  0.24108513360070208  0.24800678121713329
  0.25472547616145380  0.26147244627411598  0.26852304117804271  0.27545171142607860
  0.28277009191596625  0.28936869493059897  0.29588495748868299  0.30226138911995587
  0.30873054692739821  0.31526356026510677  0.32155196946617165  0.32764075541373522
  0.33389521197207517  0.34065670834836292  0.34796569227862201  0.35510225934462436
  0.36134018359411602  0.36714139804003809  0.37306307637198860  0.37910231137805839
  0.38506829977489238  0.39069784215280001  0.39636085156565365  0.40235675710074470
  0.40859055159179464  0.41485986327909202  0.42124274603603817  0.42754697321504698
  0.43375596029155822  0.43996368590225826  0.44620163960700682  0.45283656264252464
  0.45960744535546516  0.46662700861134415  0.47370269537107706  0.48096839247401235
  0.48890868688919686  0.49706330594647169  0.50586155027630264  0.51580553335907875
  0.52524411849491426  0.53451206588316702  0.54374077340341553  0.55259351897843823
  0.56128264953338525  0.56990314534182929  0.57848555624565712  0.58720015842921458
  0.59626157457890228  0.60595589236154390  0.61726291255350085  0.62922083164131626
  0.64146692537153649  0.65387203073044853  0.66614849458794445  0.67850991764555302
  0.69209661303804626  0.70695508575203014  0.72139168092991945  0.73575614205867379
  0.75002895251554835  0.76429063159811428  0.78020744133468345  0.79964674210869546
  0.82268779169614836  0.85057722450394324  0.89256215123489702  1.00000000000000000
 -0.01954549362348337  0.14278709334266854  0.19807050069755849  0.23187984015622198
  0.25730980856853758  0.27729073631945828  0.29480003312724951  0.31012681620166027
  0.32376007306260834  0.33626002730733612  0.34802166004893564  0.35953021391914519
  0.37054438466768558  0.38053638454101280  0.38997419771578107  0.39893824590333921
  0.40779925668446892  0.41632765311153846  0.42349052018517314  0.42993019383427433
  0.43606306188472094  0.44187391043073554  0.44758632380767083  0.45325996323740098
  0.45898514519946210  0.46484834607875214  0.47067924340685979  0.47622252163722584
  0.48204632297656369  0.48819228771062873  0.49420390684421711  0.50000373613548577
  0.50523752095048080  0.51022299969218743  0.51531414959197519  0.52013751414584986
  0.52493767741216002  0.52981076916254821  0.53484180132108938  0.53998556742066917
  0.54499773000142693  0.54979337358366220  0.55434910734415388  0.55888125645562281
  0.56369080033503260  0.56879415731579819  0.57416671796294194  0.57953936040262544
  0.58463752959192594  0.58958053495995655  0.59469400976615328  0.60000836555419124
  0.60518454717442283  0.60987214524841293  0.61456594544011145  0.61903580031964178
  0.62340779878799368  0.62759859793721862  0.63170780086656975  0.63588937827608893
  0.64020867694711392  0.64455612681446339  0.64869331607749670  0.65292298323983899
  0.65744692170836705  0.66227643870374531  0.66727996128837463  0.67214066297210684
  0.67704264121624735  0.68164098984738652  0.68669812245068151  0.69172439899769034
  0.69676004384585732  0.70149188274350749  0.70620043384650932  0.71121662416780662
  0.71678491953914569  0.72268095334670790  0.72862823727447934  0.73459790496627142
  0.74069951449028770  0.74711761139938171  0.75394689841859752  0.76090274567330640
  0.76807806037618676  0.77600094833872357  0.78464851306834438  0.79405184609483626
  0.80437540151800846  0.81626846703743838  0.83074357161454382  0.84705478545965496
  0.86458613217336777  0.88426228867419843  0.91362891988219086  1.00000000000000000
   2.3981349627037743E-031  -1.0000000000000000     
 T T T T T T T T T T T T T T T T F F F F F F F F F F F F F F F F F F F F F F F F F F F F F F F F T T T T T T T T T T T T T T T T T T T T T T T T T T T T T T T T F F F F F F F F F F F F F F F F F F F F F F F F F F F F F F F F T T T T T T T T T T T T T T T T
  <DiscreteSampler_grid>
  grouped_processes
  1 # 1 for a reference and 2 for a running grid.
  10 # Attribute 'min_bin_probing_points' of the grid.
  1 # Attribute 'grid_mode' of the grid. 1=='default',2=='initialization'
  0.0000000000000000 # Attribute 'small_contrib_threshold' of the grid.
  0.5000000000000000 # Attribute 'damping_power' of the grid.
 # binID   n_entries weight   weight_sqr   abs_weight
    10   10   2.121479659770226E-020   1.766180224636040E-039   2.121479659770226E-020
    11   10   2.121479659770226E-020   1.766180224636040E-039   2.121479659770226E-020
  </DiscreteSampler_grid>
