 -0.00031929637474918  0.00687761123933656  0.01674065965637733  0.02741504769015848
  0.03851205014626671  0.04951204512832699  0.06024378181386637  0.07128138304471013
  0.08251284607335513  0.09343777978808379  0.10381976267517513  0.11396137131116058
  0.12382834188677905  0.13334195738569571  0.14268270714349340  0.15212934641770343
  0.16186228794124649  0.17131262596792493  0.18042735866457682  0.18930365076597053
  0.19810657362160208  0.20667373291805252  0.21500875112153159  0.22324487957222622
  0.23164894297483271  0.24002417293578282  0.24864579914582238  0.25769490158252473
  0.26686601333095245  0.27619625452076330  0.28572012241683009  0.29480571159656471
  0.30380968709207912  0.31274281132180709  0.32166659827628735  0.33051614144702413
  0.33930014929868418  0.34800144663518495  0.35649044476758729  0.36483710871123276
  0.37358899104102544  0.38249614348945682  0.39158486148401278  0.40076304908509414
  0.40993265335940265  0.41908265453297172  0.42817196025878723  0.43673348684959257
  0.44536680990317457  0.45381543990088946  0.46228825756579428  0.47067417721484223
  0.47867474033132590  0.48623349374953728  0.49387105765973138  0.50165739520362573
  0.50954851068017926  0.51747313597915578  0.52534087217478309  0.53331600142870206
  0.54147469502816981  0.54980415398524685  0.55828442053896576  0.56686187903281982
  0.57547796335901702  0.58424156500431412  0.59288589208962195  0.60137371957208363
  0.61010248929550048  0.61925935499394535  0.62856605730716586  0.63801173604856576
  0.64759047918942059  0.65757260029678100  0.66779220600352474  0.67816080424886516
  0.68863087176150450  0.69897399789854187  0.70934704045391750  0.71971163053407128
  0.73044436943451541  0.74131222050608425  0.75232769403789490  0.76347892482521984
  0.77490921836439164  0.78802064193722332  0.80191634243895238  0.81622277760317297
  0.83079490346861851  0.84616606667548289  0.86291618863485375  0.88121806633775013
  0.90105592074852281  0.92407306888609875  0.95990258501533743  1.00000000000000000
 -0.00260846785481806  0.01028544421771610  0.02155352772595061  0.03233356361163577
  0.04354706973177163  0.05428690338741016  0.06496933473061063  0.07548684654784711
  0.08623538320595796  0.09791216404776808  0.11071615440765369  0.12439572639357993
  0.13815627130150301  0.15116768337434505  0.16307782456353692  0.17412805204921325
  0.18582139872265316  0.19733610742450816  0.20942661017807351  0.22028643275161727
  0.23072314510345163  0.23972733382611117  0.24831015909202769  0.25720153875824225
  0.26625482767369535  0.27553914433616739  0.28467300676466822  0.29401207314181482
  0.30365449354902413  0.31362685784958999  0.32404730719697744  0.33454039903314170
  0.34476672389528273  0.35526045015613139  0.36662154174606854  0.37773111279370059
  0.38776942716824458  0.39766256128989913  0.40818201438724155  0.41871638559062946
  0.42869104592362106  0.43834354672923059  0.44791831410454308  0.45734271244988278
  0.46643528011176738  0.47564311632392764  0.48579601989736615  0.49539603035449736
  0.50473238452658542  0.51480410445159919  0.52501271579532005  0.53524737892305629
  0.54499777019763451  0.55460595879029728  0.56428754626845945  0.57381794502285466
  0.58331288374447610  0.59284933733882439  0.60223732889678483  0.61179296537592542
  0.62180143820115119  0.63252487449764494  0.64384910225891956  0.65466441972791378
  0.66515434803078199  0.67550559750060546  0.68602381284118052  0.69669460569763741
  0.70788662561389259  0.71920306988118365  0.73056929388527370  0.74254688917204137
  0.75385991016725584  0.76489310642843533  0.77596798667740052  0.78706258500416093
  0.79731032300601079  0.80630074846768218  0.81517331842348428  0.82400652012702491
  0.83295712184923698  0.84243129730083099  0.85238215084118274  0.86327046431675147
  0.87489742014929117  0.88709049891968306  0.89987594634889378  0.91360070494690104
  0.92547655946197604  0.93712418402018149  0.94803797920789989  0.95885265236394801
  0.96914267974014823  0.97943603428730686  0.98961428700075271  1.00000000000000000
 -0.00770391332990805  0.05638379931346328  0.09110148830134016  0.11707970452489058
  0.13827412570303318  0.15660138795778716  0.17304648857261618  0.18799398874366829
  0.20214788724852745  0.21604975811710933  0.22938394073794904  0.24200726386873386
  0.25431231395812059  0.26692298971803563  0.27888099380234177  0.29064174806919707
  0.30286432304289190  0.31461242499904551  0.32545773330095445  0.33593582826921392
  0.34632430069263370  0.35605208845199432  0.36493867820802506  0.37369161466594625
  0.38279821697305494  0.39184190412787845  0.40041021256030851  0.40847307195440413
  0.41644732470236107  0.42453603211776436  0.43256829820189785  0.44063790687396726
  0.44886880906255078  0.45711549998918771  0.46545341516635758  0.47379974322463159
  0.48197038518243090  0.48967032197084687  0.49763661028954670  0.50510181164209522
  0.51266324715779310  0.52004049894053239  0.52728331378663762  0.53449432544658748
  0.54189856089987865  0.54952028099654393  0.55709391518183171  0.56447605534507150
  0.57197943534768925  0.57989527327349077  0.58766328863360051  0.59500283959658329
  0.60224642755298907  0.60926478206949963  0.61627354134434120  0.62337556993887355
  0.63052284226691035  0.63797287589736673  0.64524004402633617  0.65231292401553009
  0.65918333822935915  0.66573447492309268  0.67204991335159481  0.67825248899974422
  0.68483070983314553  0.69150935548123338  0.69832530157051020  0.70490979345346538
  0.71205619767132311  0.71945874377067409  0.72699202558125431  0.73451910650027930
  0.74190821325889378  0.74920984284541314  0.75654771767406503  0.76402050898399920
  0.77164930844880009  0.77930767644247156  0.78693497206699270  0.79471738292672500
  0.80294390908410984  0.81150653052388166  0.82036015461640832  0.82894439199408054
  0.83787747753761455  0.84673455927636943  0.85641122773625988  0.86645668280412869
  0.87684708079277485  0.88720691047030809  0.89816783480204443  0.91059861938936537
  0.92465458132169209  0.94138770624291401  0.96432461763873756  1.00000000000000000
 -0.02240033784392588  0.14968752227002871  0.20489356997866506  0.23854783411461661
  0.26557928178595125  0.28772635477492686  0.30768103603795383  0.32689432187343942
  0.34526503251178964  0.36237940764186610  0.37728727257729378  0.39068725014956518
  0.40360891133638072  0.41590584728961266  0.42828247922887480  0.43974935922333214
  0.45041356282618439  0.46051870234616943  0.47057758100952884  0.48006566603097262
  0.48893225456579020  0.49739778882907548  0.50537103164800978  0.51284202911418519
  0.52011596355877443  0.52724217482079183  0.53419530169076090  0.54097027033062883
  0.54743513039698688  0.55377931762242916  0.56007542380209885  0.56609036532477874
  0.57198804810152926  0.57781356811119733  0.58348933442277129  0.58895128206775960
  0.59439533537214284  0.59976869535233002  0.60505904543209277  0.61027863524594272
  0.61556090357494653  0.62089077509516177  0.62595310570441109  0.63098848659468154
  0.63590459429639556  0.64084372581240079  0.64570901609102249  0.65042112571835853
  0.65503137560445912  0.65961430574323099  0.66420736536392222  0.66881098852531518
  0.67338973851900574  0.67786786404142918  0.68222345937477924  0.68665238612474533
  0.69157263396052848  0.69653650222799257  0.70139085406146706  0.70613721119506812
  0.71078341413292867  0.71553159045393311  0.72026746717790213  0.72487750296664832
  0.72941310649158664  0.73383178977825081  0.73832485174338269  0.74302196436679580
  0.74783166735758999  0.75245849360516848  0.75705385792582003  0.76168388184349156
  0.76636982307129586  0.77120428202675229  0.77614205566158589  0.78103933607496112
  0.78607160657925368  0.79103126303197335  0.79643204376780741  0.80194053369450979
  0.80748445078174647  0.81329964115961551  0.81954417665071078  0.82579378026611250
  0.83198571122992371  0.83848764711658919  0.84540665407048265  0.85289424763555399
  0.86126328852056522  0.87003153627382368  0.87946843952844467  0.88982770704918246
  0.90221560698749637  0.91869832737933876  0.94335569103443750  1.00000000000000000
   3.4420784372922916E-008  -1.0000000000000000     
 T T T T T T T T
  <DiscreteSampler_grid>
  grouped_processes
  1 # 1 for a reference and 2 for a running grid.
  10 # Attribute 'min_bin_probing_points' of the grid.
  1 # Attribute 'grid_mode' of the grid. 1=='default',2=='initialization'
  0.0000000000000000 # Attribute 'small_contrib_threshold' of the grid.
  0.5000000000000000 # Attribute 'damping_power' of the grid.
 # binID   n_entries weight   weight_sqr   abs_weight
    10   10   3.947328306901652E+003   6.453537736047355E+007   3.947328306901652E+003
    11   10   3.947328306901652E+003   6.453537736047355E+007   3.947328306901652E+003
  </DiscreteSampler_grid>
