 -0.00008220952503530  0.00079263689255055  0.00182007064357135  0.00337284302687443
  0.00529847150898954  0.00765700803732083  0.01051555730055078  0.01367594480951624
  0.01746291422008660  0.02174284293926265  0.02612060258719554  0.03072588691500095
  0.03580966961664475  0.04104515581875402  0.04673914461672449  0.05313658544147206
  0.05989261444325179  0.06659455323497816  0.07317223372739404  0.08001335091951815
  0.08729933849049616  0.09510761880250333  0.10300878137175637  0.11121966715226156
  0.11967236770448642  0.12824605608112363  0.13675220662596924  0.14535715949468181
  0.15409325974219723  0.16293494753859122  0.17224412011493254  0.18223360087861024
  0.19262222766599199  0.20298378212238380  0.21318519231309407  0.22355231100863371
  0.23438422560094554  0.24552492677577550  0.25648093572124958  0.26684964391514909
  0.27707359227649331  0.28737102090541189  0.29796044016459894  0.30886657455566646
  0.31936650552060392  0.33027928720101352  0.34175313386796924  0.35344400436421841
  0.36559999432397500  0.37814439779909897  0.39064417536007762  0.40318119265006802
  0.41553730901890984  0.42760792671073672  0.43976932316251721  0.45201525867686798
  0.46422948201888692  0.47631349061127254  0.48818868603301374  0.49971286286900868
  0.51134739245549110  0.52294681092518425  0.53466803783019523  0.54682762878501046
  0.55936212060214652  0.57208220159928946  0.58472155469190090  0.59739601782232366
  0.61063211733859901  0.62409874361850315  0.63728309461317934  0.65068381896895955
  0.66424643668788230  0.67819495706144250  0.69242088123947521  0.70639388542612191
  0.72015609760534272  0.73369413841953712  0.74701744421565197  0.76045882355850358
  0.77419440661987105  0.78810447334815925  0.80248657147846492  0.81696734989826247
  0.83137365654555995  0.84615009979327949  0.86147047652348918  0.87671773695386479
  0.89192298677813253  0.90720208864352780  0.92255210364788365  0.93792801511024215
  0.95357124716296382  0.96915032358747044  0.98463174178397739  1.00000000000000000
 -0.00192014443359599  0.00966824485023440  0.02033539915133064  0.03099107592393496
  0.04186788895789598  0.05350152403693131  0.06484140054943367  0.07633037910903760
  0.08811036938635135  0.10004987767979098  0.11155675873365509  0.12276316372700220
  0.13402270830041094  0.14544681598149567  0.15719760046470163  0.16893788275917435
  0.18032286324040800  0.19105862333433263  0.20118169632229094  0.21100081514233568
  0.22073271664512070  0.23078492081798863  0.24128793885648514  0.25143210625145607
  0.26099259510089623  0.27047453160452350  0.28051943502305915  0.29054712740646360
  0.30047669362064683  0.31060048619791547  0.32119137688044763  0.33164296830649437
  0.34155330047770449  0.35124905743222418  0.36117003419083471  0.37130570701870536
  0.38164923327631517  0.39203826799908581  0.40230995599703412  0.41227341847386273
  0.42169668969768109  0.43089923390174151  0.44049311508903216  0.45053814889514865
  0.46088068677472571  0.47092543949399013  0.48113950509936032  0.49180699641789660
  0.50264122021669089  0.51330023987627249  0.52363399013063894  0.53374376663835332
  0.54363007772545702  0.55402480667935206  0.56402642971659878  0.57423929862610201
  0.58430820232610636  0.59476912290714379  0.60541291692898591  0.61584493944745478
  0.62586262855499175  0.63546778944942195  0.64537563095119588  0.65551528004311810
  0.66520927351652537  0.67463887809751810  0.68434636131343829  0.69472375413995158
  0.70540473723535313  0.71580840940393775  0.72615094098561106  0.73697916637898542
  0.74805975554890802  0.75887309838809913  0.76979413894957971  0.78149789054690233
  0.79359572613430018  0.80533353111729888  0.81714849118083421  0.82922042640993188
  0.84029261583071047  0.85126428145611865  0.86201569198599237  0.87347425091635122
  0.88385452261072361  0.89467937481257309  0.90538653869180785  0.91604577628967965
  0.92597073838538169  0.93537620059084936  0.94494957958312809  0.95544826720254561
  0.96607689038646993  0.97784451112517967  0.98870812622091786  1.00000000000000000
 -0.00200198753024254  0.01225616740955679  0.02348791563368690  0.03243444565122938
  0.04110449088286113  0.04828179347302846  0.05517660912887890  0.06172457421766177
  0.06838416254497555  0.07500006908008075  0.08165975109896760  0.08836212425816910
  0.09495222915382606  0.10144219948980754  0.10788514388481465  0.11431790214118250
  0.12088281680826714  0.12778550462549834  0.13518007232993415  0.14284915344455937
  0.14968757002573951  0.15620767828467144  0.16242100727684752  0.16822307844483611
  0.17364954915341663  0.17898384224598718  0.18440875319263370  0.18983362196603865
  0.19529663641987244  0.20097803649704385  0.20672485694553713  0.21284235208405380
  0.21901776830232603  0.22495190863522024  0.23100750644077883  0.23730354540912083
  0.24368079705211007  0.24990574318558981  0.25607669608617700  0.26218909413168789
  0.26838717152838265  0.27480088702708888  0.28137188333027219  0.28808615023154516
  0.29443358484810744  0.30085267291089424  0.30724585211415045  0.31410602164783025
  0.32103602899576894  0.32791879399857365  0.33480343851385436  0.34185015345302078
  0.34917542044690453  0.35646916832122938  0.36359471632755602  0.37066105107024910
  0.37753140104276123  0.38430877973172123  0.39122180828156877  0.39849834066017958
  0.40602272751588725  0.41368651950544999  0.42153150059388045  0.42956246142571514
  0.43787345217557916  0.44652736733511461  0.45544902576504043  0.46429155138907441
  0.47297211608478307  0.48191820748290226  0.49125089518001530  0.50080211585097900
  0.51010101257506257  0.51929014613962665  0.52817468088212005  0.53708533823698879
  0.54666553304896592  0.55667844884704598  0.56746854961936877  0.57862067004226792
  0.59176571532183619  0.60575058242092505  0.61888500609903585  0.63188488552379685
  0.64532961949871293  0.65980844615651935  0.67519759147113401  0.69158842130235021
  0.71026602889562584  0.73085751100260232  0.75201108924466564  0.77440589870408461
  0.79989092951353313  0.83404423621047474  0.88717739883963587  1.00000000000000000
 -0.01558866050986072  0.09397139871051073  0.12935475664812482  0.15347653825804553
  0.17208645556288746  0.18753610650867703  0.20117414841126768  0.21359085772862524
  0.22486238501693090  0.23555958896337878  0.24558547735012562  0.25490886408937841
  0.26388071535841823  0.27294071713070472  0.28184400216777983  0.29055452272051047
  0.29900746018784347  0.30708863926360380  0.31479862710647472  0.32221397413155145
  0.32947883740567679  0.33668774810235708  0.34366074894219067  0.35057338414235495
  0.35754514662915554  0.36439249697225229  0.37114233157719395  0.37792077184168599
  0.38471297000079041  0.39145788110853386  0.39787097435497343  0.40369311701777971
  0.40917578160118145  0.41466768662037140  0.42025199036218369  0.42595706642788445
  0.43172745406701074  0.43758960699684696  0.44332711111703854  0.44922785293463152
  0.45503753299010474  0.46108377743171375  0.46748432226781123  0.47380342687293725
  0.47992118088131430  0.48596813440710318  0.49202099489035572  0.49805196587163980
  0.50399282428613790  0.50969088845257671  0.51540768868092979  0.52132029184044637
  0.52681068886773563  0.53232329788390365  0.53780694730782663  0.54330699569043850
  0.54893901513809118  0.55452843476536318  0.55998970890452981  0.56552669581369597
  0.57125548655522762  0.57695740995221234  0.58274693829103119  0.58923673076218419
  0.59575153727492891  0.60240363727018242  0.60902102906422984  0.61554297248485146
  0.62190964816295002  0.62815506022029699  0.63445910864437194  0.64096789257251507
  0.64754987048811796  0.65421035048195264  0.66112934222060682  0.66836177021097409
  0.67640191140909955  0.68475828002262440  0.69301119600707095  0.70122142905574769
  0.70970002680232513  0.71889561145682412  0.72851161230607686  0.73790202521384618
  0.74736400456156027  0.75691388348984801  0.76684296741520996  0.77720713804071528
  0.78809499921016213  0.79954051544634819  0.81199272064044492  0.82631817863765933
  0.84431746095738447  0.86804635215537584  0.90902759502814678  1.00000000000000000
   5.6344130641175654E-015  -1.0000000000000000     
 T T T T T T T T
  <DiscreteSampler_grid>
  grouped_processes
  1 # 1 for a reference and 2 for a running grid.
  10 # Attribute 'min_bin_probing_points' of the grid.
  1 # Attribute 'grid_mode' of the grid. 1=='default',2=='initialization'
  0.0000000000000000 # Attribute 'small_contrib_threshold' of the grid.
  0.5000000000000000 # Attribute 'damping_power' of the grid.
 # binID   n_entries weight   weight_sqr   abs_weight
    10   10   1.881538096056961E-002   4.815966542708841E-004   1.881538096056961E-002
    11   10   1.881538096056961E-002   4.815966542708841E-004   1.881538096056961E-002
  </DiscreteSampler_grid>
