 -0.00031729363536570  0.00702070953597146  0.01723838418478396  0.02824153259216703
  0.03965259837156187  0.05061134318721344  0.06161757652164970  0.07290565253836059
  0.08407072457955456  0.09498454251912321  0.10544866410127052  0.11560315277452428
  0.12559497601610001  0.13550396702984976  0.14528676142248684  0.15500768841752266
  0.16473737362308671  0.17428255041431828  0.18347261108594645  0.19248959009465030
  0.20144725877868269  0.21039570473895788  0.21923827900711410  0.22789875141678465
  0.23632095562243141  0.24494238403016011  0.25370879676260705  0.26240592433203036
  0.27108367926695509  0.27967879295840303  0.28826471245783908  0.29685893862682788
  0.30546503556677029  0.31406224383580689  0.32259093973503683  0.33099488771922614
  0.33924734927635697  0.34737214111394388  0.35543099599459138  0.36349062163389817
  0.37184978368645699  0.38019114764140532  0.38848281780208038  0.39658062478030526
  0.40462388093809154  0.41265678075712048  0.42073095277638950  0.42892284789910917
  0.43721620219829427  0.44573760881925623  0.45411497365914594  0.46239029673295823
  0.47079786850068217  0.47940589595665228  0.48816514367279007  0.49697568516760765
  0.50576214066383862  0.51445637188132942  0.52313673112287595  0.53179422962697731
  0.54055286141815795  0.54945625427735079  0.55837518491686267  0.56740620640434769
  0.57644243611073753  0.58545857089169506  0.59437982471996742  0.60334786274750440
  0.61250201572173502  0.62180219216123167  0.63118153477093297  0.64042861390071237
  0.64979294798297504  0.65938806249248416  0.66934093840632991  0.67965767598576721
  0.68997764951367435  0.70039324547593962  0.71083486198975021  0.72163021788715320
  0.73273010876818268  0.74401948682264141  0.75552488076011926  0.76723372610188534
  0.77930124768273323  0.79239448109237942  0.80605781569869928  0.82008594053757056
  0.83448140915802671  0.84982390814020603  0.86737744323118771  0.88599098508340612
  0.90623019262204119  0.92984656056871817  0.96189716128903580  1.00000000000000000
 -0.00239584521273398  0.00958292317869719  0.01974748433005515  0.03042073270842532
  0.04127310085649557  0.05169882400495915  0.06228185440592575  0.07268941640824507
  0.08328901921329927  0.09380010502221142  0.10417620706370345  0.11432904825297019
  0.12435831185657391  0.13432013728509448  0.14433951287195812  0.15427688428214950
  0.16420883836865993  0.17394547735616456  0.18336616299708972  0.19297954730220263
  0.20302513202183844  0.21340051086339304  0.22421957677342499  0.23510550520696294
  0.24606289274540796  0.25667556519029072  0.26711602989016947  0.27765202298981650
  0.28793299350171075  0.29831422589666667  0.30882397746971341  0.31929296564002019
  0.32969852488839357  0.33977045138318313  0.34956029773621522  0.35933315978391150
  0.36908115885142345  0.37912230161436894  0.38933778300742239  0.39986416329637153
  0.41102213164715001  0.42190922191538888  0.43271612448941377  0.44311544702164352
  0.45324576845116954  0.46353957460076767  0.47378869654484390  0.48392028183210006
  0.49395784950743110  0.50427952414974886  0.51494282766350363  0.52590480182629062
  0.53704944756587614  0.54792505744669373  0.55873979735712631  0.56968788564388362
  0.58092588570360337  0.59206573405577778  0.60320127554767511  0.61436750893495484
  0.62554248596687656  0.63652210550672916  0.64724173758756443  0.65819320918232860
  0.66907071770185700  0.67991825962682029  0.69072486351312901  0.70159611744907269
  0.71215224336548888  0.72233186755863565  0.73252640192701379  0.74287417391837429
  0.75323990363040683  0.76356757853034052  0.77421324054172280  0.78517491944437601
  0.79613368897810421  0.80705012720066494  0.81781163660612188  0.82846692388322185
  0.83925128313506214  0.84989273644412611  0.86048162194230660  0.87079093133725505
  0.88152907420642546  0.89278015261198884  0.90411780333099334  0.91568853009167706
  0.92707571467938465  0.93817095769022663  0.94850314576312234  0.95878063736715236
  0.96892729328174598  0.97928632848101638  0.98978072926363847  1.00000000000000000
 -0.00961517392352890  0.06329771427462848  0.10041661301455611  0.12828937949902949
  0.14989020149646667  0.16883588899386015  0.18638459753679107  0.20275315827480561
  0.21823853085839642  0.23292623608716009  0.24722096177769884  0.26077145345100394
  0.27373930838287142  0.28608968887875103  0.29755128955720256  0.30857922427376672
  0.31880104543153320  0.32876564477611198  0.33832628361622163  0.34766132834463837
  0.35686845210113766  0.36603202420402298  0.37496778067408065  0.38408782031849525
  0.39308101081878094  0.40214669569583139  0.41105126499454364  0.41966558213231880
  0.42825971941603969  0.43664514944354915  0.44494163694409755  0.45307058673081879
  0.46114424128812187  0.46917336273498239  0.47698795885588008  0.48448820708733736
  0.49168181099052488  0.49881578752683225  0.50624621584251783  0.51401703185487835
  0.52177931183873771  0.52924978152033575  0.53657642777799164  0.54368105859839877
  0.55062414568259510  0.55760575920127042  0.56453887365768163  0.57148729258833242
  0.57853226433419991  0.58577969391534712  0.59339654389678786  0.60102559015931922
  0.60861894244951109  0.61605839486295821  0.62327115088801033  0.63035547820358451
  0.63748472230646036  0.64470065742981297  0.65184130296479037  0.65880739603844551
  0.66567127346611410  0.67245068689574294  0.67925577989032726  0.68622265965106821
  0.69316671199428326  0.70023766677643362  0.70730738887212352  0.71423274391112634
  0.72110150737503698  0.72801749155676632  0.73502961514186993  0.74217284327463817
  0.74933026302057804  0.75637732274970781  0.76346168049560070  0.77065300166864814
  0.77781430196090828  0.78491412076747458  0.79204347610106884  0.79962235185183106
  0.80742993669697993  0.81546367464566405  0.82375569629782319  0.83214572504248485
  0.84067922766397762  0.84957567822021074  0.85899011757743260  0.86851595384331670
  0.87844117867062899  0.88827945046074785  0.89892758077613677  0.91126420180994450
  0.92500424935474701  0.94145069763957623  0.96444016882530326  1.00000000000000000
 -0.02289202533453630  0.15080777619935989  0.20434784656130361  0.24013564263429993
  0.26895270186606390  0.29249850050138504  0.31268187755795446  0.33065604707779422
  0.34733054293899818  0.36237332322088078  0.37664446888383329  0.39056386316221497
  0.40334974413654356  0.41519255224406515  0.42658237578649305  0.43744209805880374
  0.44774643580776541  0.45749127562099001  0.46680394560610927  0.47581795561237128
  0.48445404975968420  0.49272203380323104  0.50079708159454983  0.50854592534153409
  0.51590796180918597  0.52284283286072852  0.52949109169238362  0.53614228679760256
  0.54294181858553581  0.54979118758119638  0.55645491088486665  0.56283376661202922
  0.56891505875142612  0.57485154220441537  0.58072231636168936  0.58643488742411465
  0.59210811973346267  0.59780601696377322  0.60348540266282413  0.60879910203563747
  0.61399219477339018  0.61919677971589993  0.62447677629035114  0.62984241450911937
  0.63528013873485545  0.64073371327580075  0.64617188472450948  0.65150100246938392
  0.65659928840445658  0.66159113501296296  0.66650189176339047  0.67137898301536403
  0.67623097567985058  0.68109555391778620  0.68607638408590954  0.69093855315905217
  0.69564334329165545  0.70026703224531017  0.70484329781854016  0.70939123142824256
  0.71389750694860676  0.71838688546543261  0.72286563633193179  0.72739159724878710
  0.73201422391285664  0.73665171126840856  0.74124340734224181  0.74584713743142284
  0.75052288368632980  0.75528772566812130  0.76010905930816819  0.76494945640580214
  0.76981196173200717  0.77470056907739193  0.77959143302016565  0.78443139694876951
  0.78932165480442884  0.79437620492349115  0.79960195258147937  0.80486995508806058
  0.81018989811071718  0.81589490637909323  0.82199599480088392  0.82825777287219915
  0.83475219718379445  0.84149819947601856  0.84850021225672112  0.85565675863377721
  0.86324408504422989  0.87127630942865264  0.88027090831125321  0.89025057691508447
  0.90173866342306530  0.91730870361471650  0.94252061898649109  1.00000000000000000
   3.1723825640358914E-008  -1.0000000000000000     
 T T T T T T T T
  <DiscreteSampler_grid>
  grouped_processes
  1 # 1 for a reference and 2 for a running grid.
  10 # Attribute 'min_bin_probing_points' of the grid.
  1 # Attribute 'grid_mode' of the grid. 1=='default',2=='initialization'
  0.0000000000000000 # Attribute 'small_contrib_threshold' of the grid.
  0.5000000000000000 # Attribute 'damping_power' of the grid.
 # binID   n_entries weight   weight_sqr   abs_weight
    10   10   2.193564145897815E+004   7.676806769827409E+008   2.193564145897815E+004
    11   10   2.193564145897815E+004   7.676806769827409E+008   2.193564145897815E+004
  </DiscreteSampler_grid>
