  0.00280538588638866  0.01556588117777064  0.02949796683401689  0.04226204720925487
  0.05396844681567425  0.06537246875826803  0.07714801808320175  0.08884937249266860
  0.10010320587761437  0.11127161704591677  0.12251141659822891  0.13355998584987822
  0.14425759294672136  0.15490518822619484  0.16585772388928433  0.17740525163780813
  0.18922193254163852  0.20090118782739830  0.21242481889792642  0.22356411060279438
  0.23415356743438348  0.24442184527292074  0.25493286081647126  0.26555845689909147
  0.27608037389815077  0.28658332998394709  0.29728502338589469  0.30810907381967712
  0.31894505556690395  0.32983498590328675  0.34091974385857648  0.35196925771017290
  0.36280546473070313  0.37334668696898188  0.38360228911153721  0.39391830435246661
  0.40393183716840214  0.41391973287408512  0.42372451738873967  0.43337618572579678
  0.44344793684609329  0.45359752470202008  0.46453344944155012  0.47522819456127718
  0.48646037659380648  0.49773353730483383  0.50902468000381140  0.52005267046830472
  0.53016792737947427  0.54047602654046301  0.55107768240672661  0.56191233918897121
  0.57255696599454964  0.58314595340181741  0.59363597952332681  0.60329753096072380
  0.61282552511429011  0.62241787455289843  0.63279328373819876  0.64319784321097928
  0.65298033525226917  0.66253444163275454  0.67311401692244410  0.68382627020094422
  0.69430382327597562  0.70420162187744295  0.71501411442415841  0.72634985847354283
  0.73721688713205924  0.74787178451010194  0.75853340640373024  0.76917347192409702
  0.77990103541851108  0.79061503028059832  0.80148479986640153  0.81251483922816881
  0.82335287200256257  0.83379483317899050  0.84377794837303155  0.85368983327252346
  0.86364951271859691  0.87373406819250565  0.88406453565477416  0.89442496350008460
  0.90436815160435080  0.91389787452298521  0.92323717192184118  0.93253928017318510
  0.94187005629775100  0.95123713879507388  0.96066127633524134  0.96985625381905327
  0.97819388658473183  0.98570612865966334  0.99230791900095228  1.00000000000000000
  0.00000250807076018  0.00000260289958284  0.00000282483218650  0.00000305877951588
  0.00000331121285352  0.00000355777946765  0.00000379558364844  0.00000402509783601
  0.00000425640471337  0.00000450148887023  0.00000475304054263  0.00000502165163005
  0.00000530788343100  0.00000560873824315  0.00000591876187696  0.00000623862883548
  0.00000656045054058  0.00000688480175535  0.00000721489743321  0.00000754265517988
  0.00000787429300818  0.00000824010773227  0.00000861747910717  0.00000899375339806
  0.00000941906544604  0.00000986731852219  0.00001031276554284  0.00001078440430935
  0.00001130751841389  0.00001184524414594  0.00001240404681785  0.00001303375034825
  0.00001367590325947  0.00001434132403751  0.00001504520800522  0.00001579215581328
  0.00001657577251224  0.00001745059784005  0.00001835612276682  0.00001928433794575
  0.00002036290922023  0.00002153034227429  0.00002277415077517  0.00002412678925772
  0.00002554095787216  0.00002709854168477  0.00002894060086445  0.00003088158108980
  0.00003306163638937  0.00003534242556648  0.00003786603289624  0.00004059820520368
  0.00004364136220440  0.00004697043009966  0.00005064708859647  0.00005474084065511
  0.00005926149383794  0.00006415434770212  0.00006937357420561  0.00007509074825470
  0.00008172840247472  0.00008912029719912  0.00009747735387205  0.00010634109131332
  0.00011562412411468  0.00012495623283115  0.00013540163352512  0.00014712376791730
  0.00016141057022833  0.00017566040208895  0.00018850670942024  0.00020049011079194
  0.00021246880102393  0.00022556832164275  0.00024183658054024  0.00026210017726595
  0.00028394860109086  0.00030874661864119  0.00033754583346312  0.00037567820690407
  0.00042049856925667  0.00045787502292835  0.00048944256970232  0.00051781329518608
  0.00055957102799599  0.00062474831964432  0.00068959318408184  0.00073176973802116
  0.00077173052002587  0.00082690589419779  0.00089504622423737  0.00096436364075582
  0.00103897075977597  0.00111357787879612  0.01224306355050867  1.00000000000000000
 -0.01115642422981239  0.08123166007369259  0.12916816730486311  0.16647655597079006
  0.19899684918046237  0.22678632862505901  0.24993302941237211  0.26980847777964689
  0.28917491721148825  0.30870246613249475  0.32803363161194915  0.34649090098826335
  0.36357441902907478  0.37943738516318426  0.39456638439046460  0.40897828894328636
  0.42288462848984854  0.43669939640135841  0.45025698552108112  0.46341484537946304
  0.47600408665155752  0.48815278949764096  0.50001425453922865  0.51203212162563028
  0.52364386792481865  0.53484456536633596  0.54546790480870133  0.55588462476474831
  0.56601746355091065  0.57596556131994048  0.58585208988283566  0.59564118492472828
  0.60508969877487739  0.61446753231821782  0.62367963316429542  0.63273128753556929
  0.64158343685698149  0.65024670217483016  0.65870295300710058  0.66682688110083643
  0.67476367050423891  0.68267277567122808  0.69060221023287249  0.69834174555399708
  0.70593523699955507  0.71337129261156584  0.72070014093170820  0.72797394587278363
  0.73503500743515382  0.74185465341332013  0.74859534062293831  0.75536313443702141
  0.76222167411284569  0.76917971009486164  0.77601361741775932  0.78291432041753772
  0.78969528887155205  0.79633085291861150  0.80269421877967173  0.80896489295081175
  0.81518262122242002  0.82137014490009586  0.82757407596845334  0.83366700483068734
  0.83957929151832800  0.84537963861238019  0.85107329486146077  0.85663124019749548
  0.86212282774276283  0.86762706559967717  0.87311262287101121  0.87863929832531285
  0.88398489750826348  0.88932894255268602  0.89459106950674316  0.89988540193586175
  0.90516007822574029  0.91050496083543775  0.91587631403812442  0.92114026944216787
  0.92630597146980054  0.93133395145506270  0.93622883153105563  0.94102990400628050
  0.94577403694450624  0.95054329044844432  0.95528686098113769  0.96005453772272675
  0.96507392969865113  0.97002549834124707  0.97491817809949322  0.97986369871563517
  0.98490191630929347  0.98997110813958622  0.99499401665552401  1.00000000000000000
 -0.00189972314364077  0.00915933071294652  0.01935280959490023  0.02993321728289574
  0.04050720282259092  0.04998118744927219  0.05952314148733806  0.06931144753268779
  0.07975512519307022  0.09042533359078324  0.10122473562237935  0.11222088369991318
  0.12333186171867319  0.13460153448420523  0.14598767805311574  0.15670608705684472
  0.16691712052928823  0.17694664843093208  0.18706806240836427  0.19734213017515206
  0.20761823239597466  0.21818866031522163  0.22871853176090365  0.23911803309126586
  0.24918305177368982  0.25916161142981536  0.26929361785657674  0.27946950627506839
  0.28951287738857601  0.29935763381353009  0.30924303073564691  0.31929084869762325
  0.32917637843590303  0.33917733017754392  0.34920965608501831  0.35911439302984677
  0.36873844870805544  0.37863541857124255  0.38950273458397883  0.40019381829009387
  0.41086107393430887  0.42133489164481386  0.43184242892666336  0.44222989934260359
  0.45277059484014709  0.46361831083247840  0.47472734622193785  0.48583113975674425
  0.49668841646006423  0.50717146323716356  0.51739194363457519  0.52739891918225223
  0.53725120914320668  0.54715822084945565  0.55724900521013132  0.56752713956406986
  0.57834743206005945  0.58910842757908444  0.60025701239352347  0.61134857545996735
  0.62254799278307116  0.63344167522380024  0.64420200499072444  0.65515206410659499
  0.66629354300447818  0.67759970188683816  0.68928190010732837  0.70118524883740974
  0.71267318611785313  0.72353431363419496  0.73415877412660924  0.74444491275779456
  0.75479406781980130  0.76545040593623948  0.77663373353749010  0.78844083328388614
  0.80038744535110795  0.81174671495304807  0.82225422346719457  0.83252378733195331
  0.84307610341915651  0.85370327277033387  0.86421139699478378  0.87459632130182041
  0.88493433202380622  0.89544571461379763  0.90584474826423411  0.91639161908439248
  0.92708612062865148  0.93741162662309674  0.94763717438958417  0.95775604360439182
  0.96834443159283912  0.97891889539109234  0.98936447454526266  1.00000000000000000
 -0.00261497170061180  0.00980418859610480  0.02027180707063204  0.03085259036740635
  0.04152966720887828  0.05211792098036788  0.06291822118712295  0.07352554501717490
  0.08391157425503365  0.09407355573473011  0.10431205093067149  0.11454864562211103
  0.12430348642277909  0.13391610093676148  0.14349448838720799  0.15326853459789450
  0.16300523040611625  0.17278192794180464  0.18247017135245364  0.19226408144426382
  0.20249316490942915  0.21292978489293915  0.22398568664479965  0.23497043567768514
  0.24619011044706557  0.25721614791821978  0.26806214166010550  0.27855016981094688
  0.28920907312925492  0.29974475089902358  0.31047053906610106  0.32098850205992169
  0.33152970577804097  0.34183863775506157  0.35173964998056650  0.36182944360040720
  0.37238815072917475  0.38351716202530339  0.39486756087330666  0.40577527373211164
  0.41670123338177462  0.42706966857517514  0.43775564124430261  0.44853621424037737
  0.45921382982186543  0.47041202728609094  0.48166780033792556  0.49267875539548167
  0.50382750102911411  0.51464560832485140  0.52447184492979770  0.53405631837306344
  0.54366876146152510  0.55578805078145399  0.56777304755758728  0.57976194382893897
  0.59110470340544896  0.60212808990962352  0.61280244971094400  0.62361948654538601
  0.63443069385816475  0.64514119434857942  0.65626316396055373  0.66714788463576913
  0.67761405920310569  0.68775191026872318  0.69843438895303889  0.70921827220363476
  0.72007219247154586  0.73073799436486730  0.74143588368007984  0.75214331464734729
  0.76295731891045238  0.77358489386991269  0.78372460959091494  0.79345227690150677
  0.80325158838314481  0.81312773018501971  0.82297761947745685  0.83265314531416279
  0.84332708159489100  0.85434854329557697  0.86493583642706229  0.87554076022618577
  0.88558489709226340  0.89603256448837232  0.90591817301478372  0.91585738022339702
  0.92625931672444839  0.93652988870375486  0.94743727780523945  0.95806527479489945
  0.96857502929662131  0.97913743731754455  0.98953333203408045  1.00000000000000000
  0.17334686311045736  0.40397877511137309  0.41567907891560701  0.43092307083808867
  0.44098078066063745  0.45073542852317872  0.45965240918907385  0.46772429296981671
  0.47499453529235991  0.48170866484270869  0.48804242582596297  0.49399461307932702
  0.50048851602665845  0.50551544276650195  0.51061548027214698  0.51578186311025009
  0.52111809858599645  0.52833100671804067  0.53406453250700392  0.53909776897409789
  0.54350351287993826  0.54749383317208145  0.55140391717958681  0.55541124031698252
  0.55954077202338293  0.56370789142466649  0.56772639485545473  0.57173651213241028
  0.57575655818384841  0.57974348964062350  0.58371612430650299  0.58766886169372679
  0.59159279930230579  0.59560683355214061  0.59959583840904584  0.60356832615496803
  0.60758302353817595  0.61164931904118891  0.61581138934501223  0.61990058334132281
  0.62395923867326075  0.62841332626035218  0.63306847293860691  0.63757434149430203
  0.64196468940842211  0.64640464676077958  0.65109959663197536  0.65602305040723707
  0.66106923872425860  0.66610077614009100  0.67099264004450798  0.67577966308120119
  0.68059506792488444  0.68547169048058976  0.69048581630994099  0.69557411223966326
  0.70071161445635588  0.70585390792164349  0.71108763662285113  0.71626153137868653
  0.72134050081557211  0.72643975305455344  0.73161534937909523  0.73703307906334048
  0.74252316281527997  0.74809279974218690  0.75386008240969826  0.75978468989700265
  0.76575574696413862  0.77195316163985150  0.77826136852094363  0.78462637552457404
  0.79117086905816614  0.79792832497326860  0.80476270374871850  0.81158318651835948
  0.81844022026655838  0.82541538983307017  0.83265400982106574  0.84017751863605028
  0.84791442507734760  0.85569630953404374  0.86352864733400914  0.87139388340448165
  0.87918265826225273  0.88698010334978594  0.89510845201708378  0.90367527392173297
  0.91262935327728756  0.92199757135546845  0.93188682279900836  0.94261116728398586
  0.95394905951611442  0.96629647472594959  0.98089239457669930  1.00000000000000000
 -0.01231079404055839  0.10957833108307898  0.15329546645600206  0.18141151255501958
  0.20469674914423133  0.22505589950208213  0.24448882347400147  0.26210977264949203
  0.27783706788921864  0.29203341794243248  0.30545932826487898  0.31869499466813428
  0.33163396385356286  0.34384074531808845  0.35579811038883347  0.36726799213649192
  0.37868640155591482  0.38957767384712888  0.40071078831436102  0.41127824714938765
  0.42141043604002149  0.43108654280641190  0.44080216139949224  0.45063816942910184
  0.46038832078663516  0.47024618132144658  0.47973605027458915  0.48903195379120307
  0.49815888194229679  0.50681850765082870  0.51538778119672124  0.52367044753580660
  0.53224401177596892  0.54068629077811392  0.54931228714653779  0.55770912635619108
  0.56611521251870567  0.57429022036792976  0.58197427655297407  0.58948472258956719
  0.59689449336529199  0.60448305011541548  0.61193002684081221  0.61915081576826370
  0.62616815708662266  0.63301646125218292  0.63984036267487809  0.64670509310378232
  0.65357508272712317  0.66033857483402603  0.66692053273818741  0.67316498361730637
  0.67933471047293703  0.68562914843749789  0.69171591177586389  0.69783131504739504
  0.70370946821821279  0.70942784248986479  0.71499442601449192  0.72059968421660392
  0.72636871465398278  0.73225383662169574  0.73813334098659933  0.74381969625337441
  0.74939009582518690  0.75488263168588854  0.76039499983502146  0.76603250543254342
  0.77149607000328702  0.77686751288891809  0.78215641109977874  0.78731639135698273
  0.79258983683033135  0.79794775270380425  0.80337557701407181  0.80883496090863605
  0.81413225972484637  0.81929162553350865  0.82460011569778635  0.83000524592734015
  0.83566642074253106  0.84140792381595186  0.84705938627377630  0.85270154027550271
  0.85856806982434841  0.86477942299204136  0.87126103758237983  0.87807256227836628
  0.88529090080531847  0.89263868902015919  0.90058298834290695  0.90930446170676738
  0.91945042007245958  0.93230419186173485  0.95307845547881032  1.00000000000000000
   1.5890227946483006E-002  -1.0000000000000000     
 F F F F F F F F F F F F F F F F F F F F F F F F T T F F F F F F F F F F F F F F F F F F F F F F F F F F F F F F T T F F F F F F
  <DiscreteSampler_grid>
  grouped_processes
  1 # 1 for a reference and 2 for a running grid.
  10 # Attribute 'min_bin_probing_points' of the grid.
  1 # Attribute 'grid_mode' of the grid. 1=='default',2=='initialization'
  0.0000000000000000 # Attribute 'small_contrib_threshold' of the grid.
  0.5000000000000000 # Attribute 'damping_power' of the grid.
 # binID   n_entries weight   weight_sqr   abs_weight
    10   10   1.612194721772614E+007   6.348924329293796E+014   1.612194721772614E+007
    11   10   1.612194721772614E+007   6.348924329293801E+014   1.612194721772614E+007
  </DiscreteSampler_grid>
