 -0.00002535307138285  0.00037991822604914  0.00115569523811262  0.00257335802994474
  0.00451934507675832  0.00692715412221843  0.00998213951789320  0.01347694132982388
  0.01730090626136136  0.02149912186937118  0.02613379520375223  0.03132227747750619
  0.03665461898337625  0.04230085772624482  0.04874256538295010  0.05533765890542338
  0.06212106134094673  0.06872834806870964  0.07554351682950837  0.08269274821141762
  0.09039290947170267  0.09855866951211774  0.10698738231793731  0.11538715600006308
  0.12386374064552021  0.13262420523296597  0.14157844068706321  0.15019200703695157
  0.15934744976106419  0.16842393757388052  0.17777114848085027  0.18717372069804605
  0.19658873108855379  0.20607223186200402  0.21555507072107971  0.22491885547763701
  0.23452396716466789  0.24439322722525020  0.25447576667585081  0.26494561169542424
  0.27546248672526452  0.28628717279522348  0.29748392208746333  0.30874216983268504
  0.32002241906959017  0.33130193005099418  0.34303734750477971  0.35473057657035567
  0.36663726607773556  0.37854616763681037  0.39035528522498658  0.40258239297951598
  0.41496568416746277  0.42690970572291681  0.43887724327847194  0.45098618954626185
  0.46305516880179243  0.47537225285983586  0.48817058060096108  0.50129357785053696
  0.51444022008564416  0.52751878184070555  0.54053068182457442  0.55371440419841966
  0.56731496685701854  0.58144775438497531  0.59607841246979221  0.61099877132366820
  0.62641204241846871  0.64123793652603223  0.65565047949615429  0.66994251868761900
  0.68436800169667356  0.69799337461125033  0.71178816508807408  0.72573328473240672
  0.73972846915935542  0.75365009413869610  0.76744820002201075  0.78156811431212714
  0.79557264845515530  0.80953948138664344  0.82344446455563247  0.83724054182626306
  0.85113664720358151  0.86476409502701701  0.87835830524702985  0.89188185255931218
  0.90532978735203951  0.91872315799884374  0.93200297737189886  0.94532592684076289
  0.95893799131571500  0.97264785730790237  0.98633060673945328  1.00000000000000000
 -0.00219050521899866  0.00810086807236518  0.01730537190608716  0.02772154375447439
  0.03874073017488556  0.04999714041797075  0.06066169165271405  0.07188988937079249
  0.08345737424008651  0.09476473975215127  0.10585959938538361  0.11667367503602472
  0.12758154003578662  0.13819845099120778  0.14912649913558029  0.16077865831311078
  0.17242989325382715  0.18448509962107246  0.19638125679895593  0.20742745693298201
  0.21727333661265794  0.22671940414553407  0.23618741287956777  0.24571697177638019
  0.25538659142829040  0.26533376414614868  0.27674293531957594  0.28817150691974686
  0.29847425256902399  0.30789969907829146  0.31776366941660650  0.32870891551835557
  0.33950151936793221  0.34980752354009420  0.35971008804122856  0.37050478197646530
  0.38101333993093001  0.39131889023430383  0.40248798847269934  0.41427181550372155
  0.42532376869481925  0.43599280671758911  0.44729973377787702  0.45892324562967107
  0.47024934497097548  0.48126241046448676  0.49222071905057158  0.50327611109783343
  0.51436200294877688  0.52543782270385020  0.53643318156187847  0.54675252313242917
  0.55647063544824937  0.56610187910000986  0.57542537984836795  0.58453922168585248
  0.59379532211237418  0.60446222259455351  0.61720886204587067  0.62977663350966739
  0.64094678417806961  0.65167884821332833  0.66238235018596470  0.67308628430915252
  0.68406133956095405  0.69506625399544930  0.70539299239173503  0.71520121132752812
  0.72496213350125283  0.73429427412101944  0.74315507047283547  0.75180937543648230
  0.76094713338329756  0.76940192633156790  0.77750624702443027  0.78556064825851279
  0.79449762090440323  0.80456110460217056  0.81506180966499631  0.82625740503467515
  0.83790192761109805  0.84950322982245430  0.86115938390938929  0.87254669692809539
  0.88408536305296204  0.89563261281025586  0.90550736550170363  0.91565434387118350
  0.92586535147514248  0.93588370016152600  0.94561214757607059  0.95529600134220682
  0.96627045570932668  0.97793591432062321  0.98923505847981119  1.00000000000000000
 -0.00184344169283522  0.00772522429403252  0.01623901094793646  0.02326364403186586
  0.02975290273963499  0.03597297088655019  0.04186287914675620  0.04745972668123521
  0.05296613185343729  0.05847156999876212  0.06399848746833844  0.06923385951622783
  0.07453565187142897  0.07976112982021982  0.08479324127816090  0.08967393783628184
  0.09452854278759085  0.09946866991561325  0.10455003364620252  0.10977684409757986
  0.11520794703440985  0.12073947868412721  0.12623828456115496  0.13161136465414777
  0.13682103926147499  0.14204195816847981  0.14696401957633562  0.15205251676587683
  0.15719382919350680  0.16234669976289073  0.16745636893051336  0.17251343720185969
  0.17763971122707464  0.18275795149668186  0.18786125411746576  0.19305833307218601
  0.19824140395923495  0.20341198659087203  0.20854843526495132  0.21395187335842758
  0.21961320901490219  0.22524052753870275  0.23125272587163098  0.23754423107353984
  0.24385425823762627  0.25006600777431809  0.25638978887681524  0.26288509527316928
  0.26942817015375825  0.27582935259342900  0.28217249083297535  0.28863470143038372
  0.29509910776828674  0.30156155717198774  0.30833965221770177  0.31555288215726351
  0.32288625987482678  0.32982125790463268  0.33668275217841737  0.34367393398691332
  0.35098219716256268  0.35868834995534560  0.36669480477773753  0.37453507490202376
  0.38244057288342753  0.39091423338031506  0.39988688850383436  0.40910676313749639
  0.41825651917800294  0.42826475717020684  0.43862603602524208  0.44896537103696793
  0.45977945162312855  0.47029660771417992  0.48115789348605253  0.49148314132926896
  0.50203615686042624  0.51300214404677325  0.52462441306096008  0.53667716588779746
  0.54953237359336782  0.56321527694473783  0.57760235327907117  0.59183905084741761
  0.60641122538762138  0.62216728926302944  0.63916829803841246  0.65903222670690242
  0.68190553465413606  0.70628895065907249  0.73203150206362189  0.76108077506873439
  0.79550681736582052  0.83601661147480355  0.88815797180394163  1.00000000000000000
 -0.01834185207448766  0.11332660323473941  0.15664607778713999  0.18290470382384991
  0.20469007266330724  0.22331419020735352  0.23832906785203176  0.25165298101799916
  0.26401689044524790  0.27621399528540302  0.28838435128313428  0.30035089316922942
  0.31227029403427059  0.32426668246825324  0.33592551559777922  0.34722398544526351
  0.35753365402027093  0.36724169065035761  0.37691025290011143  0.38639666352944751
  0.39524241629802997  0.40334850254423005  0.41150083156990497  0.41979713717488293
  0.42780888336306844  0.43520176792916559  0.44246512734055488  0.44982850515497513
  0.45763291991432187  0.46533000112097178  0.47243939872305113  0.47958787721439361
  0.48720325498841449  0.49526910940408303  0.50282957013199925  0.51008947960908380
  0.51711981465108392  0.52450544941928767  0.53191022933473864  0.53923381505554424
  0.54604040293723333  0.55268727770991799  0.55942924752129419  0.56654735345184015
  0.57388827324528291  0.58107093191495574  0.58812399417214034  0.59517611678722038
  0.60233259596667066  0.60932802969080779  0.61598483508471980  0.62252593676211965
  0.62907384580092440  0.63539040254463586  0.64159060444306826  0.64783786771691199
  0.65418767327491800  0.66077419861789655  0.66710615893872027  0.67307583225349588
  0.67898001338876235  0.68489064515114284  0.69052930021911008  0.69576315534151190
  0.70079897403525870  0.70578612308191357  0.71077453311592675  0.71588713764949263
  0.72085659789439605  0.72580487986841402  0.73087151758323110  0.73617476811398574
  0.74161143376767635  0.74712991731652034  0.75285226824084694  0.75893569095687341
  0.76500306606781299  0.77115289473773074  0.77741944142093766  0.78375367721934730
  0.79020506132660595  0.79688015401758960  0.80369026125845311  0.81015183756327358
  0.81710348651254616  0.82438846577737157  0.83188935451822843  0.84082777571449407
  0.85121589194076763  0.86252916518425449  0.87486915786930319  0.88815354566884019
  0.90256572381161870  0.91955815550731856  0.94417526887051173  1.00000000000000000
   2.0739882444154101E-014  -1.0000000000000000     
 T T T T T T T T
  <DiscreteSampler_grid>
  grouped_processes
  1 # 1 for a reference and 2 for a running grid.
  10 # Attribute 'min_bin_probing_points' of the grid.
  1 # Attribute 'grid_mode' of the grid. 1=='default',2=='initialization'
  0.0000000000000000 # Attribute 'small_contrib_threshold' of the grid.
  0.5000000000000000 # Attribute 'damping_power' of the grid.
 # binID   n_entries weight   weight_sqr   abs_weight
    10   10   4.211295076992516E-004   3.407190396215573E-007   4.211295076992516E-004
    11   10   4.211295076992516E-004   3.407190396215573E-007   4.211295076992516E-004
  </DiscreteSampler_grid>
