 -0.00030150275881052  0.00678620152131466  0.01670029946818079  0.02756253627850665
  0.03911257623830717  0.05017444455750413  0.06133750803953438  0.07225403885592166
  0.08236609084497915  0.09229769843952018  0.10243285213737907  0.11251644275871828
  0.12230753113503681  0.13183448730035713  0.14113262112793523  0.15031084197745492
  0.15956035705371246  0.16895749129284932  0.17812334708189875  0.18722770658176827
  0.19639316856344044  0.20561634432997666  0.21487946270805788  0.22401874255442805
  0.23319230559780460  0.24207649588883018  0.25083285258696730  0.25942102046368992
  0.26787785692243726  0.27614667408792376  0.28430945455304457  0.29258730044530518
  0.30088132648944976  0.30917239769735566  0.31754313985164234  0.32568859298173486
  0.33399236537061711  0.34243919195253397  0.35093286798971496  0.35937630776891466
  0.36775295440999256  0.37610605807136138  0.38442996285017589  0.39263240395688420
  0.40084236416084190  0.40896826745507031  0.41715088371169623  0.42537330448191568
  0.43368379218309738  0.44206430831227295  0.45044104469326546  0.45876358396703260
  0.46713366283112684  0.47558685718500371  0.48405696822965216  0.49270902750758772
  0.50149120513251200  0.51033827501681639  0.51926070713070949  0.52835294035526958
  0.53717607062533734  0.54594632137958743  0.55480355223484223  0.56385059589138986
  0.57307249781897096  0.58232272212830349  0.59140166862135568  0.60069784828525818
  0.61007037371275152  0.61948203921343548  0.62892699364528726  0.63841377541996769
  0.64799083381919387  0.65763013958965255  0.66775038941346576  0.67815974052611139
  0.68855781056916843  0.69891008534603338  0.70930242025234969  0.72004866222716257
  0.73112154655988226  0.74260685841409591  0.75437256500760286  0.76617265174084892
  0.77836523694146253  0.79202061314867322  0.80592274691291366  0.82011680999322278
  0.83443764498448514  0.84980345315031880  0.86782484265326798  0.88627789632408804
  0.90672320173900922  0.93022175350482050  0.96183050262851033  1.00000000000000000
 -0.00277660710486902  0.00981296848322874  0.02080862337037162  0.03218434725513974
  0.04338141762685631  0.05408048182538308  0.06482562135845124  0.07571089129948456
  0.08653153699951366  0.09695529006496002  0.10751440407815187  0.11836734737942234
  0.12976510765989616  0.14169055642733688  0.15303540878267430  0.16371150118519948
  0.17412340243271052  0.18430128933810105  0.19443954670791119  0.20442498372219492
  0.21505939256821599  0.22613800784546711  0.23633011350657038  0.24612061528213933
  0.25573433672740925  0.26549943533135489  0.27524297027632699  0.28480665971157604
  0.29456696559019974  0.30511176200405471  0.31588223922655589  0.32634695263827790
  0.33649877391659377  0.34684249873082240  0.35707812886820106  0.36736609148106730
  0.37736305419330057  0.38822892585092200  0.39869976035268900  0.40980351975868179
  0.42058174469026827  0.43257635435583275  0.44417944643460833  0.45559907133649269
  0.46592329092633783  0.47578706798610881  0.48590586288258653  0.49586570250726758
  0.50584669731296561  0.51573326792450069  0.52588958395558438  0.53622419817779043
  0.54675001076650731  0.55762610211309527  0.56803849375123194  0.57788422520298377
  0.58775294495325459  0.59776236766007773  0.60800133849118865  0.61813254281115848
  0.62886634121054907  0.64028842990919577  0.65193277486620016  0.66327105773697193
  0.67422775221695352  0.68481403137225838  0.69555716955368418  0.70624057923261963
  0.71720389859263944  0.72824572054955161  0.73914185880608008  0.75017816827393624
  0.76125638314624144  0.77239704067326842  0.78269823299780317  0.79278490725459705
  0.80277365968593295  0.81255518521153902  0.82169605188716954  0.83076061010691027
  0.84025419182824912  0.85023065508135387  0.86039484449404346  0.87069898837772086
  0.88142067837837357  0.89257335338061461  0.90370424615406686  0.91486988220559884
  0.92577267829026566  0.93645250808800651  0.94714325077185424  0.95778749860450241
  0.96812138802907532  0.97835845401670751  0.98901133302471544  1.00000000000000000
 -0.00972700737921623  0.06295059986265969  0.09832353608408138  0.12343270970455257
  0.14486545029791315  0.16368369271876926  0.18123303758254508  0.19731812199767956
  0.21252247721272727  0.22702506142365383  0.24006217390062562  0.25265607662782513
  0.26505595219048528  0.27741646758404898  0.28958720474402738  0.30154874560963874
  0.31330072115147256  0.32471821227745429  0.33575113683130969  0.34642814157567214
  0.35653741472904243  0.36583864819636486  0.37483952353762212  0.38361682954560422
  0.39217403528781941  0.40048254570064751  0.40829100471937152  0.41630831813191455
  0.42444001029039313  0.43253977172002450  0.44041299506003623  0.44829894936526937
  0.45615783781053176  0.46401182674953739  0.47189687526014840  0.47994069087929142
  0.48781088098434638  0.49557367919282808  0.50301541491801527  0.51019509251671147
  0.51730670683641899  0.52437386132799269  0.53136419711301375  0.53825521114532060
  0.54503111976906493  0.55171675914370444  0.55854746874704164  0.56566263178401233
  0.57288181008709538  0.58005649509847435  0.58713133592725930  0.59415478918579889
  0.60127344081299938  0.60862800314219501  0.61631511520063398  0.62391495295556765
  0.63101019268716807  0.63783549587327804  0.64462219470318738  0.65153015412731119
  0.65853790585833205  0.66570750091129960  0.67303572922171828  0.68031570218127502
  0.68758399644604540  0.69483637115103247  0.70209922748756892  0.70939536580238616
  0.71673039936256133  0.72414770855859989  0.73136184664519999  0.73844035175262945
  0.74553564868043165  0.75285645934542900  0.76029799930613906  0.76787976497857158
  0.77573384714588323  0.78375171661032061  0.79209307564378628  0.80083983338536135
  0.80974232578353444  0.81849865134755484  0.82724380334050585  0.83606261881291843
  0.84484719488779014  0.85381892835213669  0.86307585226651751  0.87261402681802247
  0.88239171517027659  0.89240299924060140  0.90329642657942921  0.91534595327496593
  0.92858106979408295  0.94389573130009874  0.96518856925958885  1.00000000000000000
 -0.02116047080697761  0.14665862924809295  0.19901229769239048  0.23332040647480262
  0.26105675271614298  0.28431247348543859  0.30509269236284725  0.32424925268300753
  0.34164840120786999  0.35714696294999176  0.37090982866088057  0.38420012713858931
  0.39705413244256382  0.40931364354971111  0.42096944089865374  0.43201533054597524
  0.44232157762691199  0.45211894413867937  0.46135198693467855  0.47019921425483924
  0.47867212394625108  0.48681818938192750  0.49474718379410171  0.50266214888262450
  0.51072216996389208  0.51870773835860728  0.52643561848406795  0.53388122291392437
  0.54115846589412453  0.54823127629428059  0.55508485497472193  0.56171146899822544
  0.56808646331407309  0.57431619034771919  0.58049191169904391  0.58652934683142743
  0.59244264543589975  0.59830759288212709  0.60398667297566355  0.60954535542147326
  0.61500662790998295  0.62059519672372754  0.62622795060520442  0.63172817288384331
  0.63708118887585496  0.64234659053690024  0.64747616979022127  0.65251027707931775
  0.65752702258214701  0.66251282228161013  0.66746500090188321  0.67240673853826161
  0.67732214705657268  0.68209906189879632  0.68685305924144424  0.69160141483449566
  0.69636808434642017  0.70112805579608473  0.70592070038919374  0.71073844243659734
  0.71555528811613456  0.72040959427082485  0.72526795367345354  0.73001887258307663
  0.73469472179121287  0.73933368452656556  0.74402548858363271  0.74868813208113549
  0.75326438985965882  0.75781473611525729  0.76242820962195090  0.76714700490164034
  0.77202911986736289  0.77718405745646002  0.78239617420793683  0.78756189005407806
  0.79279234358883643  0.79814475677842800  0.80356720829759409  0.80915261854083975
  0.81485867480814578  0.82056870533154402  0.82628529476885815  0.83203812137771083
  0.83790486186399604  0.84389843142168375  0.85014299642541902  0.85686937589046086
  0.86438919980619155  0.87250064187139575  0.88139113990845963  0.89130283674744426
  0.90303263096265463  0.91914148435847765  0.94316894243421601  1.00000000000000000
   3.4330710296168013E-008  -1.0000000000000000     
 T T T T T T T T
  <DiscreteSampler_grid>
  grouped_processes
  1 # 1 for a reference and 2 for a running grid.
  10 # Attribute 'min_bin_probing_points' of the grid.
  1 # Attribute 'grid_mode' of the grid. 1=='default',2=='initialization'
  0.0000000000000000 # Attribute 'small_contrib_threshold' of the grid.
  0.5000000000000000 # Attribute 'damping_power' of the grid.
 # binID   n_entries weight   weight_sqr   abs_weight
    10   10   2.141634772164268E+004   1.677229149704682E+009   2.141634772164268E+004
    11   10   2.141634772164268E+004   1.677229149704682E+009   2.141634772164268E+004
  </DiscreteSampler_grid>
