  0.00975165985487107  0.05117891999105360  0.08263593836222831  0.10643599238413443
  0.12592096218657869  0.14367814640426943  0.16108977897809659  0.17785005449953648
  0.19331975238579485  0.20765221599358827  0.22114136546498431  0.23550811607823322
  0.25023692838313621  0.26410901662090258  0.27805334244307806  0.29211835439501194
  0.30635630078361431  0.32061005173975332  0.33458825639644130  0.34790348024994744
  0.36103131856884535  0.37430956052687925  0.38851945741158650  0.40282237553296540
  0.41727965085531349  0.42998313639604646  0.44335218105234947  0.45641302383605253
  0.46970659891383298  0.48269410183289652  0.49655516917509068  0.50915178526699789
  0.52103239682462732  0.53251663410295169  0.54362560078973865  0.55461869977150735
  0.56576307282650573  0.57738130785158337  0.58977121372411789  0.60228776974640053
  0.61369044392435523  0.62462020900473114  0.63525070098044345  0.64562488198018164
  0.65569044457175985  0.66588133845949049  0.67758211905248478  0.68857630296288108
  0.69818975493671875  0.70730107580767998  0.71641019033413988  0.72620274751693481
  0.73624410256960859  0.74572802956682782  0.75559412728326336  0.76545328409929303
  0.77500031312502959  0.78468024430981431  0.79450676386149133  0.80411279603297314
  0.81335739442771349  0.82244980650587407  0.83137214094617895  0.83972670191699850
  0.84797303375146915  0.85649097027771537  0.86525804384017757  0.87378729156473567
  0.88188557874545004  0.88941519626646026  0.89672819332078779  0.90387173559230005
  0.91062802555374767  0.91729055219205657  0.92371059978930747  0.92995323234586647
  0.93625321129627637  0.94180626820921998  0.94735160158346565  0.95277034334443655
  0.95772055105915532  0.96190157370835738  0.96553830508690719  0.96906597211661116
  0.97251687194207659  0.97590413746676530  0.97907023945527460  0.98190444349231409
  0.98450051003967043  0.98691821665897639  0.98921891214996005  0.99144717859010667
  0.99346853032963089  0.99520012706916039  0.99655254516077663  1.00000000000000000
  0.00897307537725836  0.01698217611911134  0.02734748609926159  0.03825997403090690
  0.04878775747794704  0.06002650677830121  0.07085298462427451  0.08162086613344383
  0.09226131570877373  0.10211610803524969  0.11087504477037918  0.11945643592812745
  0.12823225413619094  0.13702300536150430  0.14573350113628367  0.15434811539842622
  0.16306504827475982  0.17330043725261526  0.18447190907868261  0.19577136397502196
  0.20694735032926900  0.21786809322964484  0.22866543475892995  0.23922200778262875
  0.24958636145888227  0.25994952705817193  0.26987114134990192  0.28001274011725841
  0.29000855559278449  0.29994305804960048  0.30955918244156833  0.31937477170312517
  0.32907083828625927  0.33969395760382992  0.35114894645572542  0.36262761732489562
  0.37440144982548240  0.38426908097285239  0.39458874890778922  0.40435532495710902
  0.41460190426571902  0.42544825916841317  0.43668822370226584  0.44750544651801893
  0.45822897575313132  0.46834602575178330  0.47781566665052555  0.48712326839186665
  0.49677740537337783  0.50729249235933782  0.51879771840998989  0.53010066581173843
  0.54138591823151461  0.55262035300072898  0.56378449189838753  0.57496079216776530
  0.58625050493207598  0.59772817996109540  0.60937602817199621  0.62114100605605194
  0.63275686457633240  0.64395820401095250  0.65443953408618527  0.66448362710987285
  0.67465557639257123  0.68403144185151410  0.69349235052918423  0.70286011076590260
  0.71253417963698940  0.72260132957330536  0.73292455321419225  0.74322428361956827
  0.75350451592071044  0.76388395785079299  0.77443600846697169  0.78442024636401686
  0.79364729217554730  0.80280131070946670  0.81195125583348871  0.82147483305612579
  0.83163405523295486  0.84296413892183086  0.85417912401961082  0.86493305268585408
  0.87549611491429546  0.88666863230130921  0.89726554375073941  0.90826044253848193
  0.91900500148499686  0.93095590194325906  0.94188463957250401  0.95287948525911448
  0.96373378284285349  0.97487338401412482  0.98722744767805215  1.00000000000000000
 -0.00092323794803617  0.00460076016538114  0.00700221704349421  0.00952412660768153
  0.01222610302305920  0.01558086949591293  0.01918425350158810  0.02289210468855601
  0.02707300558538177  0.03170644849670080  0.03659180495971905  0.04236387728001739
  0.04811918874636242  0.05420596871168779  0.06064410229072309  0.06789363607441952
  0.07491919154929216  0.08158145933438027  0.08831838351156884  0.09552090151743511
  0.10296532361022911  0.11079758252944941  0.11944439503505305  0.12794235539873511
  0.13590180656965256  0.14407128132470071  0.15291775998621795  0.16230212076187359
  0.17222217016090247  0.18164678094989536  0.19179444275719210  0.20182233189055243
  0.21200458009574086  0.22209203692702642  0.23209240642935930  0.24213170222918470
  0.25219883524825243  0.26256791222720399  0.27344079404911203  0.28301708486116506
  0.29304711028220398  0.30344560809207261  0.31356723625636873  0.32423462834446865
  0.33497572011618548  0.34565866070431522  0.35593225277388141  0.36617059013559083
  0.37630727636440919  0.38635054089139237  0.39624785777705690  0.40704115917874095
  0.41813718057939064  0.42928827968081545  0.44046222735565022  0.45180252562933354
  0.46367390305684103  0.47581871377583834  0.48730648450704411  0.50001328420572144
  0.51253062779410385  0.52482588633181215  0.53655359717888118  0.54760364698014863
  0.55890448938514059  0.57118653569048938  0.58432960061747075  0.59793866677978735
  0.61179895040856824  0.62578080248394896  0.64020517653965403  0.65446652259646254
  0.66851773593602570  0.68249688821392551  0.69674318074377473  0.71063076140494297
  0.72430655807680699  0.73792991115316320  0.75181849899929343  0.76632942572281515
  0.77966753887625850  0.79319913880040616  0.80654359334292680  0.81969008162619783
  0.83295386160157059  0.84647949006760792  0.86010080622693852  0.87421377370277265
  0.88857747391441166  0.90345021052244134  0.91892913220991035  0.93463028312841312
  0.95138832946899932  0.96792413911960140  0.98409094625479587  1.00000000000000000
 -0.00190395750319821  0.00825196390821340  0.01717319211164359  0.02722741427819941
  0.03853204987253306  0.04855453091624539  0.05888908709448726  0.06964905093448040
  0.08061719298002293  0.09052455452325707  0.10036076741026952  0.11117985189751374
  0.12287554527240888  0.13517567192876159  0.14729642285511035  0.15907278015218848
  0.17019410262612969  0.18120095907058781  0.19190522836813051  0.20217628372020446
  0.21276424893363097  0.22359893014130022  0.23429095304874359  0.24492459026681418
  0.25498889467520647  0.26477978483087405  0.27437156938219920  0.28385799130334055
  0.29339299299121452  0.30245123159378123  0.31160665458913084  0.32209773721502288
  0.33298094181824328  0.34324347948638362  0.35328527826386774  0.36411126215606859
  0.37469824091387682  0.38451978811024518  0.39419453960424111  0.40458707762719404
  0.41553960122747763  0.42616148189080483  0.43621496062541243  0.44592417058040790
  0.45537249006642566  0.46475205438007339  0.47404946236450679  0.48364069787724845
  0.49369086702623821  0.50420294149744727  0.51465023520684694  0.52506441611192867
  0.53592508481742873  0.54643234914689154  0.55686555700245632  0.56749912771945643
  0.57834976766463608  0.58905238195603371  0.59951761389822633  0.60916356090243995
  0.61833678127904712  0.62790722870736770  0.63786300365670434  0.64710254798053046
  0.65579885464181109  0.66458989876927355  0.67408494126001961  0.68385488719247001
  0.69380760491427218  0.70423388371000484  0.71531771495475527  0.72690355830389031
  0.73905092853510868  0.75184126327387102  0.76513293747753996  0.77770219583967615
  0.78887871559384715  0.79960004110571747  0.81015615709767752  0.82107532208186096
  0.83204890178549229  0.84315409681096432  0.85352939099697811  0.86352072422510873
  0.87386647161212228  0.88484060503124473  0.89603354810961477  0.90622227773511987
  0.91600191580547896  0.92637722599785011  0.93696547239257078  0.94823852381692997
  0.96014864063995420  0.97399846880264218  0.98736331753949125  1.00000000000000000
 -0.00244020837707124  0.00973917407134730  0.01941908332835285  0.02992458001135844
  0.04012220724396842  0.05093878901841433  0.06124320267062269  0.07194757776571195
  0.08275809797469896  0.09491684762884113  0.10631306050121160  0.11656306989003663
  0.12703858299489307  0.13798945863022266  0.14924527816810254  0.15943155727221503
  0.17103181337711004  0.18294239853765928  0.19526474669131191  0.20720321403032241
  0.21844311734543514  0.22923922614208281  0.23967502192289239  0.25016081258166162
  0.26083296022678604  0.27136659936330410  0.28157715839755632  0.29165713536604315
  0.30218169229756708  0.31313937141714782  0.32413051184584152  0.33458696069096627
  0.34440640148929769  0.35419624559640867  0.36411627113317574  0.37384224213322886
  0.38388158553054447  0.39394325318505913  0.40476152954239181  0.41612208373600867
  0.42748667432377746  0.43876675857637171  0.44928024367271613  0.45905694451364337
  0.46850261986869862  0.47818849693914872  0.48865891560877023  0.49992087513837519
  0.51182634382948844  0.52413474298665252  0.53510400639180833  0.54617069281963015
  0.55703137894876387  0.56810719888289196  0.57923478348207647  0.58997636156742816
  0.60085172093372319  0.61204857547987845  0.62328598002865609  0.63426249963770720
  0.64529350021479637  0.65667813213077120  0.66800556036645209  0.67900801805122746
  0.68987307583948987  0.70060041750358326  0.71109833611142836  0.72121272585436214
  0.73128882987481714  0.74155610580381448  0.75234863317762990  0.76369713434385822
  0.77493251474260139  0.78573891669110485  0.79585454121651944  0.80583491338349655
  0.81614936348444844  0.82672244639135284  0.83722514658894043  0.84763623389073339
  0.85804759459766822  0.86852430955309357  0.87874602721965633  0.88928304899078015
  0.89949564880452260  0.90978056541265517  0.91930868858677106  0.92791019127219831
  0.93657662258893359  0.94519091086813900  0.95430955808689799  0.96348078933741477
  0.97188994329786638  0.98045644913913088  0.99000479705920730  1.00000000000000000
 -0.00268237857485761  0.01155848983069058  0.02294438949297094  0.03328094392435958
  0.04395918844028558  0.05479485763002399  0.06554227751188381  0.07625664976647210
  0.08770890771732655  0.10015695349323821  0.11195468438465769  0.12304411534403879
  0.13391390556790214  0.14474053141077148  0.15597149694302595  0.16725875270613216
  0.17873624421444087  0.18969320035158732  0.19961933649737751  0.20966208259499705
  0.22023464194526532  0.23102805221163372  0.24200494049701177  0.25266496127864724
  0.26415115618343027  0.27515434479227785  0.28587322051725383  0.29614683038496248
  0.30618861602953912  0.31626763823630738  0.32635371993409035  0.33630118578400853
  0.34654038340020327  0.35691898866626015  0.36716264487597594  0.37737076835473865
  0.38766279613973914  0.39786865971047219  0.40744643051638124  0.41690380034721403
  0.42710732910238836  0.43744872509779675  0.44754894893502556  0.45709953900556166
  0.46679143770249865  0.47648441702369487  0.48637990670266057  0.49598150565085880
  0.50562802690461583  0.51546494395912068  0.52600433553934534  0.53727799448486446
  0.54809832424519900  0.55836922816135082  0.56856870933843207  0.57905175961513644
  0.58934546620845962  0.59910704819447480  0.60961399423943496  0.62112547320925637
  0.63281145454060705  0.64449344192433178  0.65626640738753661  0.66779228212725050
  0.67870091938842303  0.68919974470620982  0.69936589067142452  0.70922892413740979
  0.71905448818746309  0.72848225025151936  0.73793895779706475  0.74716362528380775
  0.75725572586765533  0.76671485082031743  0.77571296612116281  0.78462777274857565
  0.79426338595542489  0.80549062672741145  0.81648260217131063  0.82732086690476025
  0.83815200981478410  0.84875633688195884  0.85921427231331537  0.86978383840894724
  0.88012163514389719  0.89050379905370913  0.90048711835007256  0.91042322047534785
  0.92056794779191842  0.93115432767334272  0.94219512766039160  0.95385998675719030
  0.96619535689456648  0.97864354666255748  0.98966240815278450  1.00000000000000000
 -0.00184234032711296  0.00783521257116965  0.01633311793811755  0.02529652766886746
  0.03469831637137989  0.04500776524490308  0.05607997698438373  0.06617956231655500
  0.07660730934170194  0.08787394832834154  0.09962814924788869  0.11082959294710573
  0.12122971600034312  0.13162702965419121  0.14214244307525126  0.15229081986853035
  0.16252124394739306  0.17323557686704522  0.18418848176602490  0.19488220688058805
  0.20540414097801701  0.21688407021862280  0.22884433777156682  0.24042424192353487
  0.25137336708671870  0.26263557331615661  0.27406410908460505  0.28573340354390231
  0.29754157340916432  0.30891449419645733  0.32059971171951834  0.33248334782560207
  0.34434410906306417  0.35589502371049142  0.36777416696582582  0.37908488986312117
  0.39058606119373213  0.40173265151331566  0.41319308497942386  0.42446992420413854
  0.43548763728799356  0.44690905091214927  0.45853580237118979  0.46992662770277388
  0.48184090171291921  0.49400172318393532  0.50575203581544970  0.51679890238714876
  0.52748064570718189  0.53848928859067213  0.54938864926030806  0.55982554498833603
  0.57095329677654338  0.58289118159850295  0.59438708589767408  0.60567502631080217
  0.61674907634930398  0.62728795340210641  0.63509496294517209  0.64309992706588492
  0.65091088975067501  0.65862933754965980  0.66652847769490675  0.67487526742080695
  0.68340031977226301  0.69368195218053852  0.70550287783059806  0.71700435733489054
  0.72831492992520963  0.73898445851869399  0.74989138773129860  0.76097293937431287
  0.77109945883312725  0.78125108895345308  0.79073519686473936  0.80046042489665070
  0.81042820107238001  0.82048045799095781  0.83088510415261352  0.84084933241608861
  0.84990426262425078  0.85878910956176857  0.86815569653145175  0.87807620925185503
  0.88882139811726801  0.89949664753248626  0.90974303723836358  0.91944878597370983
  0.92898895218806343  0.93848366540334016  0.94820845282511934  0.95805129585945792
  0.96822340374071203  0.97873470778768390  0.98919948692988258  1.00000000000000000
 -0.00153057396145945  0.00952981472706918  0.01954636307938597  0.02909785159195052
  0.03913919439893267  0.04913439913938387  0.05977456692423853  0.06958004837854685
  0.07924398212691729  0.08894186496251284  0.09910185569609389  0.10902220869916572
  0.11864038849596212  0.12896798942385013  0.13985257445258670  0.15059486038102476
  0.16073378054815748  0.17092251079867196  0.18140189250525784  0.19245975265734508
  0.20389350396284989  0.21487419472611197  0.22571447557546506  0.23692169135531371
  0.24867700567042580  0.26008359693769922  0.27152089873509933  0.28287194305223123
  0.29453541986000581  0.30659720344845259  0.31839201638390491  0.32988397528853897
  0.34129845522729718  0.35274487772768598  0.36464772308300486  0.37716055158916234
  0.38986384157489445  0.40251243928338087  0.41468706110363779  0.42559485759140198
  0.43561350334986643  0.44505436672691057  0.45459486426194518  0.46457785712492367
  0.47483612543710041  0.48518881447111928  0.49575633961012022  0.50510426090919602
  0.51368826781258947  0.52242269497739668  0.53197062080931934  0.54158855743906331
  0.55034033884591771  0.55910262672694122  0.56882517397313659  0.57993568896827441
  0.59054304133580748  0.60112107640752754  0.61181094467133779  0.62262438879058679
  0.63338349554930751  0.64422734705813289  0.65495123640000297  0.66598579335949259
  0.67793707229950428  0.69031937623789186  0.70301997989044152  0.71544536217005472
  0.72627402466524071  0.73664336130213093  0.74673632484447483  0.75682298741973320
  0.76649965974801459  0.77576476720025700  0.78466634652807821  0.79395322333414597
  0.80299351898963223  0.81199478404441949  0.82169103326936677  0.83240182070820323
  0.84362250578524500  0.85473698894401617  0.86561057069155478  0.87656487108118675
  0.88750960628255637  0.89875012855633796  0.91021255950109803  0.92153115551893505
  0.93177639878844210  0.94100858628444606  0.95001373581406856  0.95938255429767683
  0.96965207071058945  0.97950135159363505  0.98982289803221912  1.00000000000000000
  0.00647437260890435  0.03611312869597928  0.05085365560942733  0.06088295642221836
  0.06976676655881647  0.07811129776516107  0.08616803039973181  0.09376840833306385
  0.10106742120020160  0.10800004293000191  0.11450360815505144  0.12096753776345509
  0.12782151715184184  0.13468951974034427  0.14178483408933179  0.14865427496071118
  0.15518443714523825  0.16161915592422535  0.16812115105438477  0.17468675657067018
  0.18123379536192011  0.18776096198686071  0.19447444924752447  0.20114901739115254
  0.20795170079418529  0.21481481253929693  0.22137280184443317  0.22750876705025638
  0.23331319076485743  0.23916530655305049  0.24540487338700898  0.25185938625876997
  0.25820598739148742  0.26434123092592071  0.27037337875018319  0.27656543420937407
  0.28292482199209645  0.28927439086011753  0.29566439728771482  0.30198262131455655
  0.30838948732585281  0.31489125509800564  0.32123926507242090  0.32740510168241449
  0.33343599517999384  0.33957055219405158  0.34582929838121867  0.35216966304045916
  0.35846332750076321  0.36463289613627048  0.37084040123285333  0.37716946997821937
  0.38372896902961340  0.39060813148071977  0.39754114920572753  0.40487144156218818
  0.41246199475569623  0.42010770593205049  0.42806987905784577  0.43595478568861978
  0.44361718165888619  0.45103613329195885  0.45837537002479772  0.46593804159403163
  0.47396143658277956  0.48215619718724800  0.48991323201975223  0.49721447341264335
  0.50413668376230514  0.51090688642281412  0.51781192603957860  0.52509324624967701
  0.53272549940016478  0.54049271335356552  0.54920642558433042  0.55846268871287297
  0.56839495177242105  0.57893563660611036  0.58941669144928799  0.60009118064719702
  0.61171560086920118  0.62395218151480081  0.63561545284689225  0.64731974307904716
  0.65909801971152959  0.67147757187742985  0.68470499515373295  0.69905774876040483
  0.71442395367350942  0.73118142091246541  0.75101365362582850  0.77481529624476586
  0.80060168284684541  0.83031149193703124  0.87534193892746148  1.00000000000000000
 -0.02217432763668010  0.14090003870399387  0.17615952392844120  0.19755351919865891
  0.21472350249391436  0.22942763329795926  0.24195354352044485  0.25296408721867375
  0.26326959363090235  0.27352538345810268  0.28282117385852401  0.29131490579771951
  0.29849312450771193  0.30575136117072194  0.31303928052317287  0.32001343008593891
  0.32664322227994164  0.33270330743267834  0.33856832854263580  0.34443874453867107
  0.35044246096835352  0.35671111745481277  0.36285090848055834  0.36854156764444157
  0.37411108167364915  0.38017112005480458  0.38637603430684198  0.39251076525753470
  0.39862297497136412  0.40473868837850380  0.41086218691008974  0.41682065942037105
  0.42256073332378358  0.42815162974581683  0.43342582200598523  0.43901067439316449
  0.44480999899788309  0.45058630251298898  0.45638262234519905  0.46197071304457049
  0.46726929348893675  0.47300994116992173  0.47840378055886573  0.48349447612356844
  0.48835931883583283  0.49312285695014918  0.49802850786628122  0.50329862373725798
  0.50889172531179372  0.51436767892260415  0.51959064359856699  0.52444110561105495
  0.52916488423978381  0.53404697588734029  0.53921250578883628  0.54449235915856953
  0.54923172081328819  0.55380342011467187  0.55836404080572710  0.56288785568112498
  0.56769419482609140  0.57273764603354427  0.57785759200695996  0.58299434008123796
  0.58791902922289641  0.59270817893254746  0.59761968831342249  0.60247716483086466
  0.60735391458285914  0.61238549583610158  0.61739679205554332  0.62251604421820961
  0.62778141736999249  0.63324660545472300  0.63855323802565123  0.64369738118959408
  0.64927070472716097  0.65591765838831151  0.66249249631607066  0.66937462531560687
  0.67645418973661720  0.68385813343737112  0.69124132403907268  0.69882182570016504
  0.70667544369416124  0.71523062720541819  0.72480336679699442  0.73451839299593713
  0.74543032669280707  0.75727461770513793  0.77079590279919408  0.78688098747697466
  0.80443674567859480  0.82583426722554754  0.85907354352344534  1.00000000000000000
   4.3827028062255077E-056  -1.0000000000000000     
 T T F F T T T T T T F F T T T T F F F F T T T T F F F F T T T T F F F F T T T T F F F F T T T T F F F F T T T T F F F F T T T T T T F F T T T T F T F F T T T T F F F F T T T T F F F F T T T T F F F F T T T T F F F F T T T T F F F F T T T T F F F F T T T T
  <DiscreteSampler_grid>
  grouped_processes
  1 # 1 for a reference and 2 for a running grid.
  10 # Attribute 'min_bin_probing_points' of the grid.
  1 # Attribute 'grid_mode' of the grid. 1=='default',2=='initialization'
  0.0000000000000000 # Attribute 'small_contrib_threshold' of the grid.
  0.5000000000000000 # Attribute 'damping_power' of the grid.
 # binID   n_entries weight   weight_sqr   abs_weight
    10   10   6.027467233719663E-044   9.903890194382155E-087   6.027467233719663E-044
    11   10   6.027467233719572E-044   9.903890194381879E-087   6.027467233719572E-044
  </DiscreteSampler_grid>
