 -0.00005148487654645  0.00057905035952693  0.00150532026488675  0.00295990171024043
  0.00499189974123071  0.00746575954007642  0.01036304678966758  0.01390421738735209
  0.01787016801416208  0.02210931287495460  0.02658890557249518  0.03152736919645290
  0.03693501827836868  0.04263111459059248  0.04850138718781912  0.05478754140046610
  0.06176169029962908  0.06895465078963348  0.07616168153095074  0.08357168271333230
  0.09099158053505052  0.09844668677397324  0.10613046546968377  0.11425375412876677
  0.12283527993283137  0.13171588160404438  0.14066273352703190  0.14986866540425783
  0.15905311498823532  0.16832834281702647  0.17802170946459117  0.18795674700764647
  0.19791169288671950  0.20789358838467181  0.21787129881465367  0.22785159450796871
  0.23780130890841394  0.24781627171919035  0.25791820020430412  0.26813268980528970
  0.27861253051266066  0.28936470009473741  0.30028819010888308  0.31148112248073861
  0.32259129232976896  0.33402487159326916  0.34585112696119436  0.35780868860996734
  0.36967025248314583  0.38146643358083626  0.39332056781560698  0.40535135056587773
  0.41760756972313950  0.43000182071263665  0.44247202100229199  0.45478162504056263
  0.46696202166158740  0.47913742037969881  0.49132899963317234  0.50351102192183506
  0.51574207570783348  0.52828623996661350  0.54163728730580785  0.55509454098558675
  0.56857866681475344  0.58209591157040297  0.59556031760118344  0.60921371388219203
  0.62302168012934012  0.63716323204812952  0.65131089733395964  0.66508518332882427
  0.67869869019954610  0.69223996671601762  0.70596922665738759  0.71975865132726635
  0.73348348239901284  0.74710101759393621  0.76064090679555640  0.77457858033969740
  0.78865291244046964  0.80292601804530872  0.81729565041605445  0.83137167975089676
  0.84553274116067934  0.85954626345311169  0.87355562007255350  0.88764902724987571
  0.90181289587912550  0.91577073685520627  0.92964479058039162  0.94331512233801917
  0.95724678359532234  0.97143771347275354  0.98564527025571147  1.00000000000000000
 -0.00246477675632339  0.00896180125197611  0.01931575677798441  0.03033238746027413
  0.04175129606363048  0.05281750406085198  0.06378387774413692  0.07484084968738541
  0.08588314304332650  0.09655189549588926  0.10732786141636262  0.11802662052089918
  0.12892213113928006  0.13908357281772343  0.14944036281828532  0.16027849598634358
  0.17133554350972052  0.18281439459338314  0.19444035442484289  0.20546480114364932
  0.21551441493947945  0.22488633351759343  0.23465141450686897  0.24451574305061188
  0.25416162658219871  0.26381135575015086  0.27440911586796340  0.28569285343566941
  0.29650701331940282  0.30674432758122666  0.31691867612159214  0.32713676243554574
  0.33701169665882597  0.34676867801061273  0.35668321192900460  0.36713156829458454
  0.37767055507898517  0.38827577795539442  0.39953695218965674  0.41123720932988528
  0.42264736752535725  0.43369266041416382  0.44521320053371466  0.45718133774443942
  0.46874043717615899  0.47979961545010763  0.49075893762751122  0.50171711222222481
  0.51274451261070053  0.52367455816903619  0.53450310558202063  0.54487477742565582
  0.55468475672842621  0.56431727211174831  0.57356938688230863  0.58252023832256861
  0.59156576521371373  0.60102006345280812  0.61215366722514586  0.62363445724530020
  0.63430164051298354  0.64449605878926131  0.65480182581864654  0.66538828993927179
  0.67636802571163468  0.68739292616966019  0.69789440886313237  0.70804683314141192
  0.71824058487303311  0.72818328709740210  0.73754868314237176  0.74692358869790965
  0.75709218961038549  0.76656618455501369  0.77578181297601434  0.78443874011728287
  0.79350445764630129  0.80291391003432200  0.81302074637742816  0.82433509087419599
  0.83631976466574620  0.84824184454418161  0.85983715868085298  0.87084595218330541
  0.88222095203392004  0.89382366410502256  0.90444641193019837  0.91510453608723885
  0.92609230833073075  0.93710615545957676  0.94754473031294517  0.95761689129310790
  0.96842560054159377  0.97927096688023274  0.98971927806655591  1.00000000000000000
 -0.00240401449023971  0.01282134582840694  0.02489348497596757  0.03488327222635759
  0.04437319044331640  0.05324844854986252  0.06157455764088732  0.06941859829854516
  0.07699306571805925  0.08446928542819111  0.09177266865770053  0.09884390977634590
  0.10563596129016471  0.11239065644400316  0.11924092033957256  0.12613621198581132
  0.13304926555012470  0.13978606522224157  0.14646405007652352  0.15257346366143817
  0.15863130673490322  0.16486175510968448  0.17093120424416350  0.17710963669843238
  0.18325001414391953  0.18936741466879775  0.19542598743029652  0.20138761398955080
  0.20742313493344275  0.21369915959808020  0.22022973550524513  0.22690109345185980
  0.23370089468269228  0.24072769039666431  0.24745592657740847  0.25410552245721774
  0.26065672470041290  0.26750638165397450  0.27420391510072090  0.28100412984211309
  0.28766406036354530  0.29382531232009013  0.29968993518570969  0.30556013758748235
  0.31162271769893202  0.31806311849592733  0.32464385179416611  0.33108328126713077
  0.33759672915357308  0.34441009048220567  0.35162854348014549  0.35918031728730948
  0.36655091678740309  0.37354428642735044  0.38051848218279666  0.38765015373461020
  0.39489241955120630  0.40224590934673760  0.40957947200736655  0.41716321279318841
  0.42523465279866446  0.43372752318032087  0.44253580403425286  0.45153748242471053
  0.46025126215449369  0.46862468356694542  0.47715991587973189  0.48574934952746790
  0.49441563138575356  0.50308736361636452  0.51148142099802385  0.51985566177212283
  0.52867923372867109  0.53807033577898578  0.54814919651943705  0.55874651730272717
  0.56938985161172762  0.58002332639893794  0.59066555551003519  0.60184541398865488
  0.61369038240148854  0.62579111608863891  0.63859701325188478  0.65212069019036389
  0.66704954579057552  0.68270457607479151  0.69878932146626682  0.71598790154048253
  0.73479122897925730  0.75415032452871578  0.77536297045131175  0.79962184901133970
  0.82780110094284565  0.85955192921698587  0.90451547330249848  1.00000000000000000
 -0.01921510160915896  0.12426724092173354  0.16970483265114089  0.19726631529755270
  0.22013196261548620  0.23844971282656541  0.25368585850589936  0.26742468861934221
  0.28083791226134358  0.29438518616268777  0.30775845425846488  0.32086639784982651
  0.33393882928347457  0.34648044729861754  0.35792687328241229  0.36820398845742058
  0.37822805223722394  0.38819585052333427  0.39773783400294477  0.40602498903273826
  0.41412307450731634  0.42171004529575978  0.42946213461764732  0.43736569632807254
  0.44486930779051836  0.45199290932922037  0.45899432569404713  0.46600564358782709
  0.47299574738053679  0.48005390822550797  0.48736583883066326  0.49479903902165806
  0.50210342485120740  0.50914641805080585  0.51596663566332013  0.52272752681647117
  0.52941747888724466  0.53600983666412805  0.54243610077775306  0.54880611007014002
  0.55514039003327886  0.56130881953161171  0.56758110403323592  0.57398507214016270
  0.58039090558550777  0.58660310620016032  0.59268516546369610  0.59887250857320418
  0.60523357426028113  0.61163015549491073  0.61791289747589973  0.62391129185471972
  0.62992919951362625  0.63583277516967063  0.64163421459793712  0.64746486539326809
  0.65331720712379548  0.65921277087288421  0.66498147824813225  0.67041904352765636
  0.67560209892829493  0.68086125205985382  0.68631951639035249  0.69170878449041728
  0.69684363821654838  0.70193580363571906  0.70686440220119329  0.71169375999975026
  0.71641790342818934  0.72102918602727328  0.72556563362070170  0.73035141726211084
  0.73545534328281392  0.74072887343716431  0.74608207177987029  0.75151593842376563
  0.75711603160551744  0.76281864217471096  0.76859171153419070  0.77464258672348485
  0.78073967639066222  0.78725993303815334  0.79426607707524000  0.80137842891135691
  0.80847439338160532  0.81572426526107522  0.82329617283015188  0.83156771173625077
  0.84118389620020040  0.85208426163434448  0.86453501286987045  0.87912043921062188
  0.89417684495291938  0.91210759729457414  0.93834921392107740  1.00000000000000000
   5.6371007747147906E-016  -1.0000000000000000     
 T T T T T T T T
  <DiscreteSampler_grid>
  grouped_processes
  1 # 1 for a reference and 2 for a running grid.
  10 # Attribute 'min_bin_probing_points' of the grid.
  1 # Attribute 'grid_mode' of the grid. 1=='default',2=='initialization'
  0.0000000000000000 # Attribute 'small_contrib_threshold' of the grid.
  0.5000000000000000 # Attribute 'damping_power' of the grid.
 # binID   n_entries weight   weight_sqr   abs_weight
    10   10   6.963861231784041E-005   6.434306844666229E-009   6.963861231784041E-005
    11   10   6.963861231784041E-005   6.434306844666229E-009   6.963861231784041E-005
  </DiscreteSampler_grid>
