 -0.00013450127716623  0.00593770188302211  0.01607796641437608  0.02704823566074376
  0.03822727847085226  0.04916924633390218  0.05998626111680193  0.07085868979203050
  0.08143576256012734  0.09155531116726300  0.10151169516063660  0.11139557775701195
  0.12103513409293144  0.13078451132891408  0.14040985643313655  0.15011064676937860
  0.15941583222168895  0.16856730754810761  0.17764213441769258  0.18667560479548581
  0.19556137473160376  0.20426156985299376  0.21282552909593322  0.22132051539347739
  0.22968389990050869  0.23810213860061455  0.24651727837352763  0.25490574984013492
  0.26341578034316759  0.27204453499963888  0.28070537199422724  0.28939234936940639
  0.29808920281415041  0.30662415679469252  0.31505172887415850  0.32340357675182702
  0.33180455155390448  0.34017233911459210  0.34839612187009100  0.35656710584795082
  0.36472681095559495  0.37273446782954106  0.38061555673806169  0.38846369605684911
  0.39638105462755902  0.40443827601049431  0.41259590718320815  0.42066063903245721
  0.42863355942294912  0.43711690301036865  0.44584960631514481  0.45468719563367765
  0.46347171624878164  0.47213672688764052  0.48081337279476394  0.48946105794307593
  0.49823443783013421  0.50704425297235267  0.51589165757840805  0.52482663316035594
  0.53394968744131788  0.54305016204479195  0.55211924725429973  0.56113695838738220
  0.57011349138484824  0.57906557233931755  0.58798409485322101  0.59737203379991732
  0.60684104500320091  0.61631129475013235  0.62580845656048545  0.63537504455314919
  0.64499466063350230  0.65467270074422068  0.66466723942220962  0.67488126683967886
  0.68519414820272118  0.69557063268025754  0.70613827734085555  0.71671067076980732
  0.72820925563935579  0.74011179989690645  0.75245608295648736  0.76524050574963243
  0.77811463513909573  0.79144260779795972  0.80494247292024257  0.81954582530859033
  0.83513343726309686  0.85124676573255265  0.86812828185378155  0.88622693026342414
  0.90701433776918916  0.93207642530695722  0.96272686511364858  1.00000000000000000
 -0.00250110483190001  0.01073728745367434  0.02141246118729969  0.03254199234482281
  0.04328453125477524  0.05482414283552137  0.06635427790822832  0.07863163976830501
  0.08975560411772650  0.10057583407519456  0.11097127956142591  0.12153645315195802
  0.13198567737024647  0.14240217497347116  0.15270982685944812  0.16311127434533557
  0.17323260456686376  0.18328370668011484  0.19314129375775138  0.20293500042692247
  0.21288142427297355  0.22309212459098160  0.23326730977506038  0.24308566647250107
  0.25270663425983814  0.26240482295707784  0.27191670009559571  0.28156669319837396
  0.29156344704394804  0.30202066660275573  0.31251647730147758  0.32255906472162549
  0.33237702490542004  0.34255180840380561  0.35310531028053638  0.36402465395855865
  0.37497060917765657  0.38605573776259389  0.39707128838113775  0.40825811533110640
  0.41954264470520414  0.43096067184261794  0.44253216162530612  0.45445519631595011
  0.46582855836556675  0.47679720480160004  0.48801610651618743  0.49935592688744684
  0.51007075293244830  0.52065723105274830  0.53119086884634392  0.54142045014431395
  0.55104572750159375  0.56081278773324905  0.57043362654840479  0.58014230092966601
  0.59032818390410524  0.60100352200441498  0.61125358422912468  0.62127168189075055
  0.63110995047524543  0.64087738202411371  0.65059563040671520  0.66049799079385041
  0.67098619811984606  0.68275360317320866  0.69511450237222683  0.70719605164513766
  0.71908750773210484  0.73093580830150884  0.74255439743372975  0.75437258189257472
  0.76663260170029446  0.77734654291022176  0.78765190522907735  0.79783216170054161
  0.80812861788035262  0.81836975201749684  0.82835593924372042  0.83818533156769970
  0.84817511776496646  0.85786584137192312  0.86767824644474378  0.87757553490524975
  0.88761865391324368  0.89740695179942165  0.90735590398130261  0.91676786334285887
  0.92676149644061556  0.93689502377472778  0.94721122461926976  0.95786249953659086
  0.96825143116974755  0.97853069976875506  0.98915774502745568  1.00000000000000000
 -0.00886025613922207  0.05422600906984387  0.08873533819196634  0.11514931636469397
  0.13616935363798571  0.15422098675971882  0.17039516884274372  0.18468820792280846
  0.19823600458691856  0.21152052645109573  0.22463099723758145  0.23722626431957367
  0.24918221729402321  0.26207589943883319  0.27412889693362619  0.28491438061428670
  0.29516159076148696  0.30465038843725367  0.31387138928787406  0.32273552966535113
  0.33147718507000612  0.34064037838155892  0.34997451725664014  0.35933403285131688
  0.36880836671648171  0.37803369799314940  0.38689929469718354  0.39536240262838140
  0.40346085951956973  0.41146849750983316  0.41996995761867090  0.42903740118121997
  0.43820685304236273  0.44723047677865574  0.45601351400945817  0.46455358180452955
  0.47307917690491330  0.48155674271415344  0.48972968750022555  0.49758807850617931
  0.50540569371543453  0.51338003106757557  0.52148812697733837  0.52950519260646922
  0.53770905952640247  0.54619321791537712  0.55478733781784761  0.56316079366700778
  0.57110469595899049  0.57895471683473787  0.58670335389511874  0.59417158861331032
  0.60144403028020443  0.60870344731841342  0.61580282638455486  0.62295734830872307
  0.63029464928291035  0.63775865695398171  0.64557138244734014  0.65391092748800106
  0.66230136435701581  0.67087917693475285  0.67954994838721139  0.68809111292616676
  0.69636074364377376  0.70437346655721522  0.71217402091421500  0.71968079673572805
  0.72749990264593234  0.73540577387549755  0.74325122363678364  0.75101454009634272
  0.75850471581470702  0.76603456202435694  0.77356323236150637  0.78113812936641402
  0.78871637908515524  0.79635068826110600  0.80423837813962962  0.81229399104185773
  0.82027521481463972  0.82812289164443653  0.83615909132882105  0.84469102273171015
  0.85345846284622773  0.86256706668656036  0.87199491971104159  0.88203456331824770
  0.89251224396944884  0.90306554768450331  0.91408801879753965  0.92613759223765268
  0.93944974858934538  0.95461978623197896  0.97392851801701918  1.00000000000000000
 -0.02007221108269770  0.12949266982524452  0.17779906034992671  0.21082153454382258
  0.23647339261770581  0.25785741186938471  0.27798574526100062  0.29729431716206633
  0.31498306934300396  0.33116219000796626  0.34539271333929128  0.35929563457662400
  0.37266130042507006  0.38491050494302892  0.39650309150145913  0.40807726101361330
  0.41963465550064116  0.43080973176885679  0.44155021805102646  0.45225490505255950
  0.46237700752384059  0.47183886837152250  0.48111409565274921  0.49014029505278267
  0.49909027449999238  0.50788754269184488  0.51648504525495043  0.52501450597268984
  0.53348315625082177  0.54183032195020975  0.54996870452744151  0.55789782397289933
  0.56554558212461115  0.57255474882228830  0.57992727244677122  0.58708704693799652
  0.59410866528547346  0.60097355717460288  0.60772094049055470  0.61445899541112448
  0.62108834295139403  0.62765697323219427  0.63406412007369350  0.64027046329976778
  0.64640674427763722  0.65248595161139833  0.65859913702752659  0.66470380004475238
  0.67067811891742091  0.67644310600326008  0.68220681212467271  0.68778991604742912
  0.69319064747346693  0.69853548039659363  0.70382995573455642  0.70901646592488754
  0.71420099821985250  0.71926501966184941  0.72428025976810662  0.72930216751321253
  0.73429683978954285  0.73935317663062261  0.74428455685095418  0.74915644557532801
  0.75412754546949901  0.75906764378581759  0.76393191575988884  0.76891276149518950
  0.77401728148685622  0.77944002152531233  0.78487597796571695  0.79009579552393761
  0.79509862926636610  0.80001357853917454  0.80496578630995785  0.80992719070384633
  0.81475430431718909  0.81955345271810753  0.82454119904809275  0.82974867067315472
  0.83499149902241365  0.84011406462395144  0.84511494509656071  0.85003948625494519
  0.85529008446785781  0.86120730082097363  0.86733495174512054  0.87383414109780078
  0.88071383529677028  0.88791143745237366  0.89579439057360921  0.90538841759673594
  0.91729518749202021  0.93197356753033900  0.95318397412748157  1.00000000000000000
   2.9288023988969909E-007  -1.0000000000000000     
 T T T T T T T T
  <DiscreteSampler_grid>
  grouped_processes
  1 # 1 for a reference and 2 for a running grid.
  10 # Attribute 'min_bin_probing_points' of the grid.
  1 # Attribute 'grid_mode' of the grid. 1=='default',2=='initialization'
  0.0000000000000000 # Attribute 'small_contrib_threshold' of the grid.
  0.5000000000000000 # Attribute 'damping_power' of the grid.
 # binID   n_entries weight   weight_sqr   abs_weight
    10   10   8.571177100652008E+003   2.274136593311203E+008   8.571177100652008E+003
    11   10   8.571177100652008E+003   2.274136593311203E+008   8.571177100652008E+003
  </DiscreteSampler_grid>
