 -0.00143438556947196  0.01732482327358797  0.03471144777915241  0.05069046293940011
  0.06533493120705931  0.07892852592154369  0.09140619281270818  0.10349378664461570
  0.11541067487156911  0.12699678066618791  0.13810703296179039  0.14870661148940015
  0.15894903582290273  0.16893746691197872  0.17880175421543409  0.18850842759903430
  0.19795376476857110  0.20716976185003358  0.21632071020565569  0.22551812950211619
  0.23468957589224670  0.24376407362941502  0.25280284349961696  0.26183754655533886
  0.27084051264932957  0.27986042345014234  0.28880622975068859  0.29772219665759725
  0.30655258918093325  0.31516483793777378  0.32352760887121734  0.33169562401134994
  0.33972891113154408  0.34764528305446207  0.35548364848512937  0.36325741761174912
  0.37119896917668505  0.37906028792657875  0.38684577557107019  0.39456830569792112
  0.40221048557780015  0.40982061658153141  0.41739174500642029  0.42491713985813351
  0.43234589706360443  0.43999361381577151  0.44778779952337322  0.45551248176036224
  0.46322089633710839  0.47093430273763032  0.47860068239980358  0.48623075104357993
  0.49390736194986490  0.50155143574927474  0.50890586936613991  0.51701786489950574
  0.52531350720652237  0.53374356484360042  0.54225122938004033  0.55069003066012656
  0.55903825299072074  0.56738526005482059  0.57577947446617217  0.58419493018248037
  0.59270491241239898  0.60131586439634066  0.61010125007071914  0.61913605088230850
  0.62838371583763997  0.63775925703197778  0.64711013803344308  0.65629696321758990
  0.66528689616856196  0.67416573543695124  0.68311353884188541  0.69214294256494735
  0.70142416132049323  0.71087544174245065  0.72056527744964460  0.73051871676833202
  0.74066151855604379  0.75104245470269659  0.76162737348326726  0.77253318807213123
  0.78402530563999295  0.79615725660647674  0.80866300982786299  0.82136381844895612
  0.83422671945273608  0.84783462214032457  0.86478592476383376  0.88283807358655697
  0.90288039501356643  0.92637915535786097  0.95899944802295656  1.00000000000000000
 -0.00213499781181896  0.00869016754232101  0.01862296630467897  0.02878021569553981
  0.03916982424755328  0.04983135382435406  0.06076708736631527  0.07133826046555437
  0.08154999648162126  0.09161437386214927  0.10185906472563766  0.11244607992622087
  0.12309776275093803  0.13390048065858462  0.14477068799275825  0.15534019604791810
  0.16578838313219324  0.17610101091463262  0.18632808614940127  0.19662881269677610
  0.20712293102864068  0.21837121440097032  0.23051187588475841  0.24274342058172957
  0.25468214441032833  0.26615232912158449  0.27704665023274261  0.28761533690291419
  0.29851044883276584  0.30985773830089408  0.32128486117062621  0.33258600675004230
  0.34358519573218343  0.35431511302501739  0.36411193757590338  0.37433117371380603
  0.38451977434080681  0.39448738950068418  0.40390299251330802  0.41308012015651174
  0.42261666242436263  0.43261484313179677  0.44265301377821353  0.45238163968848555
  0.46231983495229417  0.47273356851265042  0.48327693506070524  0.49359102360465168
  0.50346518418717379  0.51307115883675791  0.52276560010044448  0.53263993751587213
  0.54263385297768285  0.55255658865860757  0.56242923627432739  0.57258889245522093
  0.58347695000756417  0.59533883592010328  0.60723122099888582  0.61837113118563602
  0.62917280040572354  0.63957306893454657  0.64994131140220823  0.66001726033146657
  0.67010421028601297  0.68051526519326344  0.69089174824979271  0.70153261424083802
  0.71233869828455620  0.72390864952890066  0.73538378592935394  0.74667857662707271
  0.75763249313329173  0.76792670024522303  0.77798748841485432  0.78791577398957757
  0.79785284007560286  0.80784754029666228  0.81834064930550954  0.82928915910679424
  0.84022274678392739  0.85092323447742890  0.86170334669821769  0.87242798240331254
  0.88313254042070666  0.89375470422843328  0.90467512335119615  0.91569506325616712
  0.92664776591201103  0.93716839222610049  0.94773606904850116  0.95831304136027018
  0.96905669860854515  0.97950597048059829  0.98993268115984800  1.00000000000000000
 -0.01139527596879466  0.06629366494359423  0.10478312308176450  0.13251800899834409
  0.15469785795383761  0.17386030823735638  0.19107897930001705  0.20724594678412714
  0.22238868404953854  0.23595694147076582  0.24842501912373005  0.26057174113419818
  0.27244668371995551  0.28409186496407052  0.29561956042351256  0.30695526257984523
  0.31767958288711118  0.32776470505594779  0.33743137886512553  0.34675998456435753
  0.35588084459381736  0.36496236492286416  0.37374754768334217  0.38238346526313566
  0.39087975164964583  0.39927493776337458  0.40763658171021966  0.41598231429394855
  0.42443372324766754  0.43285694259030533  0.44124451136065262  0.44968859194638505
  0.45778445748662522  0.46561918810320430  0.47331530386292547  0.48107947812620344
  0.48861260985750393  0.49609132103082337  0.50319000195248464  0.50995707231444054
  0.51668798268493099  0.52340929198710784  0.53016760940777685  0.53686790117355565
  0.54365614003336871  0.55056008360294006  0.55733737728114663  0.56408373362663966
  0.57090590513072859  0.57776584223074601  0.58478385577634606  0.59199325783033740
  0.59931635166676933  0.60662553422845611  0.61377143067349826  0.62066005092396270
  0.62720937889184636  0.63368376052907216  0.64023252811289577  0.64719470497771592
  0.65391374474950803  0.66067080674555401  0.66730792154098828  0.67400133490258918
  0.68074504027477267  0.68765057396876395  0.69492448095458270  0.70228785354183376
  0.70962263300724859  0.71702223490859429  0.72452427662188512  0.73213347140459650
  0.73971313042251541  0.74711148608170541  0.75429572373066545  0.76130453466275050
  0.76847733850780553  0.77571009127557300  0.78308175445993466  0.79077194962002517
  0.79870454759443332  0.80658367310070633  0.81475854919792734  0.82324847167744131
  0.83188491198673686  0.84068370678915116  0.84977772192552670  0.85928585530101798
  0.86935852070794695  0.88007313126563447  0.89113377311146558  0.90289523003854621
  0.91625393657672316  0.93278136949663648  0.95715340989064457  1.00000000000000000
 -0.03111729854146789  0.15898388974143310  0.20666763044539904  0.23595357374580031
  0.25830858977486548  0.27791356658715521  0.29534640356419156  0.31120448390517474
  0.32512510829104097  0.33759177882156244  0.34913307775962860  0.35990562822629096
  0.37018407918481011  0.38027400289529184  0.39019000955639194  0.39953757186894545
  0.40834017294145020  0.41676068586638138  0.42494605151243892  0.43290722517817204
  0.44060566788301436  0.44801322251855008  0.45528546726438845  0.46265309107650915
  0.47013286012434213  0.47733962912693262  0.48427694813001382  0.49106010257459287
  0.49771743722502498  0.50429981313304928  0.51082890306995499  0.51726323751514225
  0.52339524788037650  0.52907500692489395  0.53457988707989013  0.54010362221058528
  0.54554270474269484  0.55096606302688222  0.55635720936793509  0.56165581260524489
  0.56681723628475433  0.57191181180429318  0.57701633009371756  0.58209890729024616
  0.58708786867642804  0.59205678492675229  0.59688572273717788  0.60167381292707200
  0.60645232875139699  0.61124823086696378  0.61604420423065620  0.62075672429327977
  0.62556349668897682  0.63047169047201379  0.63542948723011605  0.64036600011475098
  0.64537666092950596  0.65024439389913458  0.65509306946539114  0.65997307906255231
  0.66487641190371027  0.66977652296548296  0.67472260792189176  0.67968563082804334
  0.68458066564884990  0.68941912953803552  0.69426819896239234  0.69918435420331726
  0.70417883685103622  0.70925544494100523  0.71447494650575505  0.71980838060236840
  0.72518178000235778  0.73049136308406848  0.73582539285416271  0.74119829981867502
  0.74667205790489377  0.75230697231147803  0.75815932834524313  0.76420284031555707
  0.77036768823835455  0.77677181013907204  0.78345195808476631  0.79026366268335968
  0.79749693438324143  0.80500510069538256  0.81274826837357872  0.82084282947684795
  0.82942148336030985  0.83868244380696189  0.84882251460137603  0.86029185342844916
  0.87386110169157227  0.89135653315874463  0.92031883482790122  1.00000000000000000
   3.5145774961399146E-009  -1.0000000000000000     
 T T T T T T T T
  <DiscreteSampler_grid>
  grouped_processes
  1 # 1 for a reference and 2 for a running grid.
  10 # Attribute 'min_bin_probing_points' of the grid.
  1 # Attribute 'grid_mode' of the grid. 1=='default',2=='initialization'
  0.0000000000000000 # Attribute 'small_contrib_threshold' of the grid.
  0.5000000000000000 # Attribute 'damping_power' of the grid.
 # binID   n_entries weight   weight_sqr   abs_weight
    10   10   4.789864754991495E+003   6.232379010486458E+007   4.789864754991495E+003
    11   10   4.789864754991495E+003   6.232379010486458E+007   4.789864754991495E+003
  </DiscreteSampler_grid>
