 -0.00008566296931210  0.00087510343473525  0.00194646630916754  0.00348997374329257
  0.00544659155967323  0.00783700960919749  0.01070396567714652  0.01396681810017661
  0.01752898917824221  0.02137826005287403  0.02562369463637175  0.03014562587212144
  0.03492748011510877  0.04017098315438336  0.04578807621426591  0.05150773629075587
  0.05738079146298469  0.06356057847934150  0.06999964367469740  0.07659768829868854
  0.08337996965021284  0.09045759949121751  0.09765179967105431  0.10493563680663262
  0.11227645409263648  0.11986846258120154  0.12765039322768848  0.13553476535883804
  0.14361897494553377  0.15202955988397429  0.16090124475222048  0.16994259021781732
  0.17907761225497398  0.18825147246807461  0.19737543014291353  0.20679153012389548
  0.21647447536328029  0.22665535120282293  0.23703295896092472  0.24740971903768141
  0.25751115728075924  0.26775703890487379  0.27836878985955760  0.28933308010571879
  0.30070950305259969  0.31285124380626200  0.32549019314322075  0.33772282865313813
  0.34961379027093942  0.36112310686857507  0.37298364149971092  0.38500259550819377
  0.39722783326793243  0.40925382905067481  0.42102009923634504  0.43301078208262850
  0.44507750680643765  0.45752685524328590  0.47039751849630473  0.48346334055643708
  0.49651624091351459  0.50959476949166516  0.52283360099573306  0.53620771241925647
  0.54981160103712956  0.56372613502836355  0.57827575356226779  0.59264270527330087
  0.60662476581058922  0.62059286693168147  0.63438671450259199  0.64769857011057408
  0.66085128535013704  0.67390622984979731  0.68689858960725536  0.69995030769333566
  0.71358108647116292  0.72777611243614404  0.74209804739049645  0.75655647849081054
  0.77117267359019548  0.78591784236734574  0.80102615536731470  0.81584929151364971
  0.83077510183147796  0.84592234770568775  0.86127700721965761  0.87706592652049342
  0.89279179743505310  0.90849216786308096  0.92414748449917983  0.93954678994613139
  0.95470783655829961  0.96980241062876404  0.98489019838611636  1.00000000000000000
 -0.00279254390469028  0.01053054257374529  0.02142573578748164  0.03081666440219983
  0.04032391611343415  0.04971184915860029  0.05891891350501267  0.06840286560163757
  0.07722664297654626  0.08816337735628391  0.10011139189828826  0.11210427851257475
  0.12403312515991084  0.13606751904160658  0.14824138185451990  0.16048429638846548
  0.17253957128541622  0.18440631845331920  0.19581262965324719  0.20669089172472549
  0.21732672005642800  0.22784953438958838  0.23833867868065464  0.24862753428630732
  0.25904849897137705  0.26983516544351482  0.28072740987408984  0.29136046956235057
  0.30190319073725724  0.31229545086474653  0.32241984427136289  0.33301157904070344
  0.34452424044603758  0.35631625579059822  0.36811125638250913  0.37961279678159471
  0.39111185085127886  0.40256615656692457  0.41333899124442558  0.42342608926904068
  0.43296349178520666  0.44255329443424640  0.45234938053292373  0.46228831739531712
  0.47234035731637036  0.48293047657569488  0.49367084596094762  0.50383503285528608
  0.51366130181266723  0.52383809145428684  0.53456909281126341  0.54525732601822197
  0.55604868451336897  0.56688085344463857  0.57748420371177089  0.58781741005906218
  0.59793345482911808  0.60777707301778661  0.61700770019907136  0.62616048868356589
  0.63559041356530899  0.64538436070284910  0.65547837614471172  0.66488335014325828
  0.67542485265117513  0.68636336555321653  0.69880813499161787  0.71050503449304347
  0.72179775406451718  0.73228129127376040  0.74264322931150073  0.75310569991845722
  0.76371882690049553  0.77396199479965055  0.78410833379870770  0.79416188494173057
  0.80496172030129742  0.81502946566825418  0.82407326178891571  0.83321621734309526
  0.84287768630144377  0.85236338142920531  0.86156396046248984  0.87058466007838653
  0.88035985795604088  0.89127204524014891  0.90181333475962155  0.91236641266403884
  0.92314140137984446  0.93444343124021900  0.94600398226710336  0.95713617553786523
  0.96745727142672355  0.97791455472552935  0.98880438979123464  1.00000000000000000
 -0.00133261202618869  0.01155354638272337  0.02200443791628427  0.03103424030226084
  0.03934142592020428  0.04726789871621842  0.05492175895376622  0.06258824114708469
  0.07000992615054691  0.07693067595779485  0.08372255482341054  0.09028283519453900
  0.09645682464804181  0.10251841375993084  0.10851866592088603  0.11459270163635152
  0.12091216106269886  0.12741143073386774  0.13399618552597145  0.14047925769541536
  0.14711705208505946  0.15364464162935179  0.16012175099989043  0.16637416119250767
  0.17269387254248469  0.17910470554670652  0.18556713894068419  0.19211503677405015
  0.19875018864657645  0.20555170041139481  0.21186456450651361  0.21795121700118603
  0.22400407254384000  0.23036304401078569  0.23657055705119850  0.24276603689629578
  0.24912668088368503  0.25560807846002681  0.26213330484812813  0.26859391680085487
  0.27488914248709440  0.28107232050622527  0.28726622794797119  0.29350643428662043
  0.29981543124817950  0.30622963723911001  0.31253264091094718  0.31869549039964706
  0.32524754718425325  0.33200236288655732  0.33898868381235076  0.34600278734435053
  0.35306792474131282  0.36008629518648372  0.36690749926645688  0.37366374274016251
  0.38045905464716606  0.38736732044959626  0.39425719013758487  0.40113485515613728
  0.40816261203352311  0.41561682096667790  0.42356183301431516  0.43181114501500306
  0.43986940061215335  0.44765240096027176  0.45547054096962181  0.46381144018921217
  0.47255630600009196  0.48123185767012328  0.48970114738859483  0.49861802582013781
  0.50848576295279913  0.51858281792715188  0.52812786449041194  0.53750095221536209
  0.54735546500953269  0.55790046957827599  0.56878717565829229  0.57997572536916420
  0.59144543810790395  0.60321821687308919  0.61564309737220990  0.62827851603224449
  0.64229691436867764  0.65838632965746580  0.67701703347357600  0.69710745885074110
  0.71747202012561340  0.73864945202613452  0.75999722418724769  0.78184788548591377
  0.80658640319918129  0.83918024361990129  0.88864264900405299  1.00000000000000000
 -0.01466868827225171  0.09199024259787417  0.12833719954174255  0.15396271053162089
  0.17368434057486185  0.18876280780824689  0.20138998374595404  0.21291559205392449
  0.22391018358046810  0.23523725455588529  0.24633218365682699  0.25699368306008824
  0.26687883627535314  0.27587580061325584  0.28432358229910326  0.29238111120243537
  0.30002664431194004  0.30738802706853757  0.31473577096778227  0.32204121456390977
  0.32918113394470538  0.33601881569697628  0.34261389653647645  0.34909146283464659
  0.35546728089520119  0.36196199244775473  0.36838541201118202  0.37468119272465944
  0.38068575150981426  0.38650973894928553  0.39234955947187106  0.39850946096814432
  0.40460871743254745  0.41070615356968937  0.41669352057088233  0.42256108138823567
  0.42843904172117719  0.43426843629545325  0.44006154229157984  0.44604557001924738
  0.45214384670469770  0.45818668593405049  0.46430903823700564  0.47033185355197499
  0.47632817277822870  0.48228566314691773  0.48806745917699718  0.49361745751121672
  0.49893620374762598  0.50405851294879422  0.50934585902247376  0.51488956229375449
  0.52058681468532120  0.52700904718357877  0.53301970409363186  0.53901485904409707
  0.54504502916484832  0.55109539166215193  0.55701461206353609  0.56270101113527604
  0.56832570698449136  0.57414611838044127  0.58024957130880139  0.58651565517201398
  0.59309332512303348  0.59965524826724437  0.60589229113197818  0.61192682533001130
  0.61798064118707730  0.62412528260225697  0.63048836360703042  0.63697733192565553
  0.64353624701019418  0.65042254465412841  0.65767362977610844  0.66533246285717018
  0.67303950746313379  0.68086613106860083  0.68883230664896844  0.69671748034207404
  0.70485268351830743  0.71334411758251326  0.72245441578591441  0.73169897984058041
  0.74180973347650947  0.75204775370364474  0.76446855864969354  0.77591122821726810
  0.78782227561667850  0.80114187924211744  0.81594706442204368  0.83234363694223301
  0.85160578868135672  0.87528728952619239  0.90997735327608620  1.00000000000000000
   2.7859409375928504E-015  -1.0000000000000000     
 T T T T T T T T
  <DiscreteSampler_grid>
  grouped_processes
  1 # 1 for a reference and 2 for a running grid.
  10 # Attribute 'min_bin_probing_points' of the grid.
  1 # Attribute 'grid_mode' of the grid. 1=='default',2=='initialization'
  0.0000000000000000 # Attribute 'small_contrib_threshold' of the grid.
  0.5000000000000000 # Attribute 'damping_power' of the grid.
 # binID   n_entries weight   weight_sqr   abs_weight
    10   10   1.238767438025886E-002   2.179466209304085E-004   1.238767438025886E-002
    11   10   1.238767438025886E-002   2.179466209304085E-004   1.238767438025886E-002
  </DiscreteSampler_grid>
