 -0.00027955052757698  0.00659499927856772  0.01630811143913300  0.02718375730643759
  0.03861548859126709  0.04975814824522309  0.06056537332316071  0.07139366987043548
  0.08219902948221006  0.09280182913048271  0.10320570085075986  0.11343804403533937
  0.12351077660360765  0.13336548704669590  0.14287710748431848  0.15227140024659222
  0.16138147430508276  0.17029645528499943  0.17910669207485036  0.18780119631508160
  0.19634543684548750  0.20494779926332768  0.21359108125725362  0.22215988086092392
  0.23083603117484844  0.23962589094231421  0.24835607169033025  0.25686300482967650
  0.26522208938393022  0.27352945495404501  0.28194751493626979  0.29082228672847410
  0.29937696266234004  0.30788265984547558  0.31629959339931057  0.32467559445453753
  0.33292137762929502  0.34108049157668247  0.34913163433611677  0.35714488329024563
  0.36522748904254626  0.37335372163266001  0.38149241331755840  0.38986769092083284
  0.39832270495377547  0.40664489608498261  0.41474742574038037  0.42290797303287225
  0.43148041552167471  0.44048425795423779  0.44961086147906282  0.45841812317476083
  0.46725111964955096  0.47605782910234401  0.48478758888731704  0.49350618618639791
  0.50227163561669319  0.51108556232196312  0.51985907331478221  0.52875578010024282
  0.53770110698030027  0.54670197000891574  0.55569867354004110  0.56460586435699844
  0.57340657519493887  0.58220035252599556  0.59114272752328301  0.60026588332066899
  0.60942678752222978  0.61854224118403411  0.62769892161660734  0.63697253335223525
  0.64624051375692027  0.65562292519462095  0.66524201470414523  0.67504044513146277
  0.68491396293053863  0.69483631718596317  0.70460748919793637  0.71555434766502746
  0.72687064347090502  0.73859612152996479  0.75073813291174440  0.76323871953072253
  0.77601863272676075  0.78916251147952943  0.80306874674214701  0.81734633755887975
  0.83233049106625390  0.84850374240238602  0.86624381256739769  0.88560005817152132
  0.90620939124725386  0.92979115197306006  0.96171169586319882  1.00000000000000000
 -0.00304527987082526  0.01205949032883293  0.02436899846201604  0.03623437425374247
  0.04753694748462331  0.05804214251740033  0.06813816793157251  0.07797091086611642
  0.08797586474949808  0.09788894041848091  0.10811102798404043  0.11837346779089734
  0.12844515722727892  0.13845365389819289  0.14858135599056790  0.15933000000000369
  0.17025706321566361  0.18149299706628491  0.19261744749722925  0.20348519294043815
  0.21421318175333168  0.22516107361854540  0.23607462431660173  0.24642428395056287
  0.25686787310168757  0.26761886843528981  0.27844223462003959  0.28879394095493977
  0.29906969024229602  0.30928549956969392  0.31935304538367731  0.32935012033577415
  0.33935320205481873  0.34937450359486694  0.35977573741063884  0.37040472840495975
  0.38097240457672599  0.39143441557913805  0.40219160170694790  0.41347682484004600
  0.42585833439719567  0.43798921731458484  0.44991648448889981  0.46196566006668816
  0.47400589024184986  0.48518242085488922  0.49544247511628514  0.50531665294603856
  0.51512412005705477  0.52503086468797389  0.53495502450332455  0.54502681243314577
  0.55491458039318076  0.56519127190750862  0.57598660004991142  0.58676778173920374
  0.59689677787050266  0.60677063062435976  0.61633417591808415  0.62619343359424640
  0.63564335678294603  0.64538794150031042  0.65594916090574462  0.66717568854617182
  0.67742497861102857  0.68737477663972646  0.69803140163034416  0.70888182391439469
  0.71972354246175874  0.73033590148232674  0.74027505288797135  0.75034498007939632
  0.76083852468398805  0.77069695432855245  0.78030153164381266  0.78984481375577442
  0.80040041940570705  0.81126227068396872  0.82197834884289844  0.83264684050089854
  0.84323467986918754  0.85396749403533456  0.86418840263647867  0.87412918675898432
  0.88437368618693502  0.89532251006544872  0.90706550235768557  0.91846442975920384
  0.92931483651869284  0.94034398906612504  0.95060197391736156  0.96050562060636691
  0.97010226985364434  0.97972330059595658  0.98980201835133874  1.00000000000000000
 -0.00939915942949959  0.05656397653895869  0.08770750170934336  0.10937358387922386
  0.12745797981182866  0.14429064153526797  0.16140480521117540  0.17778112607091279
  0.19286954896296410  0.20631041245483051  0.21854331377646546  0.23008413618167498
  0.24073817961391644  0.25084797492979877  0.26078717745698293  0.27042224873023213
  0.27967360353767012  0.28870468189061482  0.29779941976999313  0.30727629965486097
  0.31584858634847696  0.32379494285577631  0.33168219039168162  0.33975697294747437
  0.34767912498055670  0.35568480643615658  0.36358484002068947  0.37111620499843062
  0.37910328853303554  0.38770424322221597  0.39635271279861539  0.40435782665761277
  0.41195168712667668  0.41933782204847975  0.42650610626798413  0.43365733663721823
  0.44078047532226111  0.44786842321823500  0.45487801183990978  0.46195884040340790
  0.46917610819677230  0.47640321430125859  0.48383827839982629  0.49158301437932167
  0.49927134975155540  0.50699071684014119  0.51469497733872438  0.52258340453253593
  0.53000724082222916  0.53748661374182105  0.54485071648071604  0.55217652826089303
  0.55936019902641843  0.56611332973356998  0.57256731523145665  0.57893862463066437
  0.58543221647989174  0.59207551758376908  0.59878641675981781  0.60570389458635432
  0.61242048247096748  0.61919612924247724  0.62572730120122699  0.63271478647447221
  0.63974499083344238  0.64689779179347517  0.65435278751340953  0.66194609046657338
  0.66977621807141474  0.67795796572079159  0.68631178893857603  0.69465465827487849
  0.70300002248944449  0.71141645806914977  0.71956001958103688  0.72795406236558657
  0.73606635621130423  0.74411023347655791  0.75257817762707391  0.76161388371463135
  0.77081108533219345  0.77966995439422571  0.78832835034877247  0.79737770473425817
  0.80681100219956148  0.81638363524968516  0.82660741440936436  0.83764067381321028
  0.84939547937029902  0.86143357510137586  0.87458431327070796  0.89041910084473164
  0.90816420128890007  0.92839278176489681  0.95439631261092361  1.00000000000000000
 -0.02044058228969226  0.11758600966213682  0.15124163262431375  0.17232822317127941
  0.18916086695048873  0.20347024820156848  0.21618204178542197  0.22786619492088689
  0.23858465696773212  0.24850719534134855  0.25774321624328467  0.26652316600282916
  0.27504320693277051  0.28323048366025172  0.29125819664066910  0.29883721815714720
  0.30624504508669848  0.31350296388732235  0.32067138517468918  0.32771851989503148
  0.33454869345080035  0.34106123421558410  0.34747857905820945  0.35380421415366392
  0.36010487223741994  0.36637645738779773  0.37237812997120423  0.37901981157447678
  0.38562971068726043  0.39202281373618181  0.39841923492002201  0.40476475596100897
  0.41107798918477489  0.41733408878622646  0.42337159532494228  0.42922350910454937
  0.43512660783741575  0.44095676471099177  0.44669064227323207  0.45262187105303914
  0.45856407129199134  0.46406427737036665  0.46939124994741716  0.47468303317548399
  0.47974483078623614  0.48463958364890081  0.48958925601393438  0.49472541739849707
  0.49976038743059215  0.50446802422148063  0.50898803667740533  0.51355337506216292
  0.51827436617964673  0.52324128028040751  0.52834303373576863  0.53333661585526493
  0.53830105818912699  0.54352521661194786  0.54917571882365435  0.55488978663175281
  0.56062705666579293  0.56659491642363213  0.57279223699370696  0.57905051302838240
  0.58518475345186505  0.59080745437670446  0.59647983496862844  0.60231020761563681
  0.60845876811129540  0.61479419523553080  0.62119747263613467  0.62783960508991166
  0.63480179472553322  0.64182805143191635  0.64890002176012551  0.65617699879102842
  0.66367176452405707  0.67126692788231568  0.67881673794643194  0.68635940185836453
  0.69457090092884577  0.70329565715949516  0.71246835611455450  0.72162263415337591
  0.73085869221767119  0.74017490119158269  0.74980750216821179  0.76011492867461916
  0.77142382309658863  0.78324402666986825  0.79584495994277038  0.80977064653181441
  0.82547605594463680  0.84693072037601780  0.88420336113844922  1.00000000000000000
   3.1151257162463662E-009  -1.0000000000000000     
 T T T T T T T T
  <DiscreteSampler_grid>
  grouped_processes
  1 # 1 for a reference and 2 for a running grid.
  10 # Attribute 'min_bin_probing_points' of the grid.
  1 # Attribute 'grid_mode' of the grid. 1=='default',2=='initialization'
  0.0000000000000000 # Attribute 'small_contrib_threshold' of the grid.
  0.5000000000000000 # Attribute 'damping_power' of the grid.
 # binID   n_entries weight   weight_sqr   abs_weight
    10   10   9.974818578003178E+003   2.529375285614125E+008   9.974818578003178E+003
    11   10   9.974818578003178E+003   2.529375285614125E+008   9.974818578003178E+003
  </DiscreteSampler_grid>
