 -0.00010509062461454  0.00094088008590538  0.00204271829792755  0.00362375435968471
  0.00564224334995241  0.00808572760146454  0.01100769036712638  0.01425089545030494
  0.01794227424251367  0.02196892113863568  0.02665818260447755  0.03176535628417314
  0.03679549449347750  0.04209611576454643  0.04787347651280192  0.05396890415098409
  0.06026444701145300  0.06656591056384291  0.07274925884650991  0.07914890720217960
  0.08580115307564144  0.09302487512259841  0.10057425620284322  0.10843466736792232
  0.11656050878111145  0.12534458518488745  0.13440252893740146  0.14350300548540271
  0.15280714617878763  0.16238399978828649  0.17174720174134511  0.18153380430628877
  0.19144001622952211  0.20121194202430895  0.21111702358938905  0.22105730620248315
  0.23071630597230353  0.24005197604851375  0.24954623781899346  0.25950267760846135
  0.26969330318866319  0.28015512351378158  0.29066739044965589  0.30112752354710348
  0.31144720203482384  0.32184115439514532  0.33239999532459757  0.34309598900988969
  0.35389561822582860  0.36475655288136138  0.37624829521656472  0.38804936600078821
  0.40020562847035845  0.41269720660646270  0.42528493973054488  0.43774565278886068
  0.45017709682516549  0.46240385567849268  0.47473822793685111  0.48737691657551374
  0.50013278851700960  0.51305017744219494  0.52625073980065562  0.53968490260978252
  0.55317267466351017  0.56672591105208392  0.58036922771319732  0.59405096063314045
  0.60776187611551846  0.62157009503285210  0.63516453763204350  0.64881137696306224
  0.66269345159981496  0.67684153524160062  0.69117385232752415  0.70569432656790232
  0.72023638571897719  0.73467752962399469  0.74898713524801253  0.76319565180535476
  0.77735533518736233  0.79234569535818355  0.80772028790896633  0.82311022033730441
  0.83831284884988766  0.85320717299509841  0.86700352720257601  0.88111347217977920
  0.89542906874662387  0.90992277974232438  0.92460899803753949  0.93959038145469176
  0.95500214492810542  0.97021573689299212  0.98515791076621539  1.00000000000000000
 -0.00170093992843454  0.00916404012626772  0.01888656795826461  0.02945885363864617
  0.04028856713506257  0.05076022833559252  0.06098070582515637  0.07181913655226259
  0.08295534259165113  0.09311206068756388  0.10269044478165699  0.11240735512626143
  0.12222968135852802  0.13174036627551319  0.14104222672852612  0.15047906906898775
  0.15997324216378403  0.16922969151188494  0.17817767508914989  0.18763218833994050
  0.19721516247677046  0.20655394832798976  0.21530089236647301  0.22396768942284095
  0.23293181787472100  0.24232312959759342  0.25199327665204352  0.26213930160536170
  0.27293863627695530  0.28445100175349231  0.29617884333658012  0.30792317026244476
  0.31978662243345535  0.33184794996457501  0.34430719081706523  0.35610584761951547
  0.36705431180965009  0.37771974039621120  0.38846551295334653  0.39942045659509362
  0.41012404284919957  0.42040843135123590  0.43015646568637628  0.44024111812495664
  0.45066677822081080  0.46124118867712444  0.47199047862280680  0.48250687748852916
  0.49486821686718846  0.50609353187990591  0.51751661534628790  0.52796855052919311
  0.53833200502198475  0.54828412026418472  0.55844505116819376  0.56943545777844651
  0.58103077251016155  0.59242269987987417  0.60351298992058156  0.61490633316797594
  0.62664453051693736  0.63941184256748462  0.65157200148978278  0.66344640778893926
  0.67381855954266434  0.68396778884509024  0.69474918752581749  0.70544614678839157
  0.71582445403037476  0.72633090144802692  0.73765161098317955  0.74930117489018466
  0.76068077802727341  0.77175785136688646  0.78269425085384770  0.79408727966942261
  0.80594034631684497  0.81676892869658602  0.82659862492285452  0.83621162848683983
  0.84595818195386951  0.85584030329196004  0.86605137368229956  0.87592896140258403
  0.88779145183816055  0.89921550342114931  0.91086018275337932  0.92194093717996040
  0.93290507235071773  0.94340946500843614  0.95329793322952605  0.96263917496801144
  0.97180563181302759  0.98122003179842054  0.99061432955979023  1.00000000000000000
 -0.00121858708723148  0.01114695025363699  0.02140808046522913  0.03042568845581005
  0.03908292565458318  0.04725659981547491  0.05498457023967436  0.06224201203552922
  0.06911683713513905  0.07571938421472869  0.08215833211134757  0.08843547671476794
  0.09439793262505761  0.10038892951546892  0.10647127651814596  0.11290173836822481
  0.11955300115281012  0.12620061289252676  0.13269777809222658  0.13915791358931107
  0.14542213464515022  0.15162936737230517  0.15786766193833246  0.16417052972428034
  0.17052474162071060  0.17683573335023819  0.18298200267238449  0.18895908718033766
  0.19485291110473793  0.20064249424462000  0.20678325249581217  0.21325334621466280
  0.21986300157821687  0.22632802434139390  0.23249241146613953  0.23838450220335594
  0.24419030122214702  0.25010910022597371  0.25601653308613270  0.26207473549225119
  0.26823944984824066  0.27440574069665224  0.28042189901279690  0.28670787755365734
  0.29276742184391358  0.29916717026309403  0.30584011242540737  0.31262442876832647
  0.31947095076972515  0.32654763864083525  0.33359277045456665  0.34031382410922234
  0.34665009837675154  0.35285203223982670  0.35913878443723718  0.36550907995557086
  0.37194016831346749  0.37860033992112696  0.38561131914618885  0.39276822937961137
  0.40034958228454443  0.40836506821418633  0.41614821267488739  0.42380628285349548
  0.43164410604080994  0.44000186921155338  0.44857912901388880  0.45707260775112973
  0.46555045258078903  0.47441610053751482  0.48404159696458426  0.49380381460283163
  0.50300176365755067  0.51174593486324937  0.52050905446655260  0.53000788403549515
  0.53960916619458932  0.54987502048534043  0.56048907369619205  0.57245176337303361
  0.58444540282740154  0.59841917668213696  0.61255010327712667  0.62754773733959335
  0.64253178089668095  0.65735391655259678  0.67211724280107688  0.68833252205205064
  0.70647230422078700  0.72684675864333737  0.75013582359719988  0.77608477393171171
  0.80357510877876148  0.83697797537434493  0.88738084119405936  1.00000000000000000
 -0.01944431630789804  0.11371701117099073  0.15054325040706928  0.17019027186244570
  0.18580128776829191  0.19943579704412276  0.21251903179459092  0.22513732095651651
  0.23676178990137728  0.24771949096419538  0.25785302436444946  0.26660930826393020
  0.27492601020991014  0.28293596325207465  0.29128075897045952  0.29931576386015857
  0.30690563540115801  0.31434081849430673  0.32154049747306779  0.32861202847961191
  0.33551693606067240  0.34226562436369729  0.34927978132292514  0.35626843367334460
  0.36315071792181014  0.36975037925527943  0.37604399473065009  0.38222873090246184
  0.38839649881282740  0.39453967733171230  0.40074553998631612  0.40704396339528820
  0.41348784480286854  0.41945110790735085  0.42473397919116335  0.43012677227397639
  0.43564155796161996  0.44110273092063534  0.44656523201773551  0.45192004406718395
  0.45712607867299915  0.46221284447934652  0.46727296213245051  0.47240811649106207
  0.47769927700077680  0.48325515711406675  0.48905879017192799  0.49487342494234715
  0.50056641058477847  0.50593355752950486  0.51114383943548680  0.51612045614525870
  0.52097387034009990  0.52592670943559661  0.53093646381008508  0.53602460115744333
  0.54077242484973265  0.54565203172320698  0.55058780328974999  0.55555686583696684
  0.56061477885589461  0.56700173582403124  0.57358537913638163  0.57999739728821575
  0.58619328049162500  0.59227438071426131  0.59860517394426205  0.60495606250631606
  0.61097541800880117  0.61708886528874096  0.62348734736795264  0.63000990489302577
  0.63647910424791687  0.64297546941138428  0.64946336964191087  0.65605857391161049
  0.66252350364861345  0.66899710107769594  0.67630402205211615  0.68343925479672252
  0.69121596262132146  0.69919339440745532  0.70729902722166682  0.71566072405232839
  0.72435763391980157  0.73364694337309555  0.74394395924831569  0.75527122229525501
  0.76721363813954835  0.77980542795782093  0.79342943380628239  0.80894014688143434
  0.82663881431504482  0.84833007668569149  0.88434654765608844  1.00000000000000000
   3.3815064410608383E-013  -1.0000000000000000     
 T T T T T T T T
  <DiscreteSampler_grid>
  grouped_processes
  1 # 1 for a reference and 2 for a running grid.
  10 # Attribute 'min_bin_probing_points' of the grid.
  1 # Attribute 'grid_mode' of the grid. 1=='default',2=='initialization'
  0.0000000000000000 # Attribute 'small_contrib_threshold' of the grid.
  0.5000000000000000 # Attribute 'damping_power' of the grid.
 # binID   n_entries weight   weight_sqr   abs_weight
    10   10   2.881281962917221E+000   1.133236489334358E+001   2.881281962917221E+000
    11   10   2.881281962917221E+000   1.133236489334358E+001   2.881281962917221E+000
  </DiscreteSampler_grid>
