 -0.00032195336010987  0.00684992078921669  0.01659354332039261  0.02733081625779292
  0.03799425784226228  0.04895623904183023  0.05972503895785246  0.07001247775711505
  0.08031504721767657  0.09046499820611081  0.10057752518343047  0.11044852119076472
  0.12010516218797528  0.12967961391951924  0.13943387720685860  0.14943734079510576
  0.15890488412568876  0.16830833665361331  0.17767404725075175  0.18694746548762564
  0.19608872979959649  0.20522574422608225  0.21408465905548255  0.22284983650471279
  0.23147498550316098  0.23992851198154619  0.24828263573969522  0.25659583245521067
  0.26488757387490242  0.27327470277889715  0.28174210092861102  0.29004030554621230
  0.29856556956534575  0.30703430109455282  0.31541124720865249  0.32400712627343825
  0.33231781003064009  0.34050837392603833  0.34859271187071733  0.35663627605956461
  0.36469932025824842  0.37296809788526081  0.38144705150815894  0.38988246602336157
  0.39815238326566449  0.40654828735190773  0.41496464369206326  0.42344259630974118
  0.43187996794149058  0.44044270741149139  0.44913414346413133  0.45782682005031472
  0.46651919254361912  0.47514140245323627  0.48376103440549734  0.49224150575183589
  0.50068389652139056  0.50920727099288321  0.51784252038430389  0.52659180586419319
  0.53568997501395610  0.54457604408876648  0.55341374953596012  0.56229107682616553
  0.57121433225816864  0.58014908926114872  0.58897011653645137  0.59769610233044346
  0.60667356548269191  0.61589071796971273  0.62527501234773608  0.63475941107506662
  0.64437367578440430  0.65417627931690658  0.66422742334896567  0.67468322150207771
  0.68541961714836175  0.69603498821855625  0.70664312864337819  0.71742154310625084
  0.72867786370092502  0.74035804978241648  0.75216141384963353  0.76388030595457312
  0.77614308292085143  0.78918931142542326  0.80346726048537020  0.81824713883875688
  0.83343384204350046  0.84978998013416340  0.86818221085049063  0.88754551487125743
  0.90851537531455051  0.93244956950784574  0.96288419963979188  1.00000000000000000
 -0.00250494889498563  0.01010576645847078  0.02015688756118630  0.03092853547797652
  0.04132066533817072  0.05287217486643527  0.06411366172516872  0.07495060637770738
  0.08582160708640034  0.09651303118687081  0.10713941621530916  0.11767411728640832
  0.12860150108821686  0.13961572900167168  0.15008691009996850  0.16028241580254635
  0.17049007950977330  0.18063614440767142  0.19080937161430192  0.20094711894229655
  0.21105169963147857  0.22150183122150918  0.23225635263912275  0.24330581959047279
  0.25408179613838411  0.26436601898918366  0.27484406458884819  0.28575149050812315
  0.29667633067050420  0.30740249459500646  0.31804858269499447  0.32882256316408176
  0.33976981850928706  0.35110119919184241  0.36303055492960495  0.37497070231234236
  0.38638670487731730  0.39699105107042310  0.40706699426298920  0.41725320946687694
  0.42736750451439298  0.43733552147013771  0.44738820602405216  0.45726452426953196
  0.46831121543422366  0.47942687356751629  0.48993109418750386  0.50039852362973569
  0.51093799209071211  0.52154089258622660  0.53187528534378803  0.54221178350466748
  0.55258139679895912  0.56285529475354024  0.57324888037763411  0.58405138516553801
  0.59513397908388443  0.60633504438957331  0.61777709514707924  0.62871776620757569
  0.63918836609091689  0.64940320109662419  0.65961068204524753  0.66974064803197497
  0.67947151392925997  0.68892972251285467  0.69852053508109335  0.70808705724192900
  0.71875498266776405  0.72955663486224065  0.74073256603274207  0.75142086348983461
  0.76114360089815203  0.77114061542754886  0.78088562304766718  0.79057995571722151
  0.80019819840551643  0.81000521305776019  0.82018043939568808  0.83043272800359014
  0.84020419892280951  0.84975127750012791  0.85973503259669026  0.87022607279971675
  0.88044548979089876  0.89043425558719236  0.90112432591549119  0.91327251131955145
  0.92499757739042954  0.93606958889177672  0.94709027301761473  0.95788026622322286
  0.96850795591055827  0.97900208707062741  0.98957461483064324  1.00000000000000000
 -0.00892018173712998  0.05890827273469142  0.09283307418740797  0.11759528736379113
  0.13802894712537017  0.15585733797271914  0.17272551903816052  0.18932830392666264
  0.20501091961452161  0.21909447185753453  0.23232733532215746  0.24509443154681948
  0.25774540259721118  0.26994687079106766  0.28194471857372572  0.29354356515568725
  0.30446987647177803  0.31506823002629208  0.32521923580147249  0.33538987054221242
  0.34558897419753853  0.35559365959660189  0.36488789616060696  0.37384144792461727
  0.38263949929536484  0.39130723137253159  0.40000417419411938  0.40862412685840432
  0.41716854134675913  0.42560183524947165  0.43380412813381303  0.44206715066282259
  0.45020688746269960  0.45829319804117136  0.46620650794363772  0.47395676901945660
  0.48165810316225549  0.48936372929543231  0.49698334659670840  0.50443652103428438
  0.51181117867771042  0.51922227728085668  0.52672790865062913  0.53429566880681079
  0.54160219813021626  0.54910712748557944  0.55628661900558962  0.56350330218869482
  0.57042512558663250  0.57753032003582738  0.58479431873015819  0.59218220016114997
  0.59958705589641748  0.60685364472691827  0.61412993516732606  0.62150687148443939
  0.62913541571778975  0.63696489742150875  0.64438421797749446  0.65143167047091444
  0.65840907124838777  0.66548140608696660  0.67268371269884575  0.68001828393388375
  0.68722694916728355  0.69414047460190331  0.70142975659288398  0.70885615682777203
  0.71620071230282756  0.72339517563130429  0.73061553769664067  0.73803140194427042
  0.74557110895770062  0.75307420998935537  0.76047460869924755  0.76774216531689055
  0.77531868302775242  0.78333704556077532  0.79123875875955196  0.79938613819240012
  0.80747162329570688  0.81615535906588965  0.82517786635052071  0.83428170684317327
  0.84358454596354882  0.85297405227610679  0.86214501988423164  0.87151314850362860
  0.88145851348307547  0.89199095720859978  0.90302503213667562  0.91438610279261856
  0.92715279476185763  0.94250354196175556  0.96438074954831576  1.00000000000000000
 -0.02296485113577624  0.15095853347304913  0.20211704824871574  0.23567917142011569
  0.26262402306607047  0.28557388035273462  0.30558643386998680  0.32346891288443130
  0.33984216578111692  0.35502401429382652  0.36898147864693198  0.38179419390111852
  0.39360558688247721  0.40505048710080810  0.41625795807647759  0.42716577725686811
  0.43785457779334958  0.44870311998053292  0.45902641139480738  0.46853599997271150
  0.47773303937213063  0.48696095026835928  0.49619112224842099  0.50467047703610002
  0.51264567877821876  0.52041664628713813  0.52792500065223091  0.53514696707579512
  0.54201835908771834  0.54838728923887825  0.55452955391838088  0.56067337363642966
  0.56673213863100935  0.57268081580476127  0.57847799331662475  0.58414767517556443
  0.58977858997580912  0.59535946931810269  0.60099805911928028  0.60668796378699019
  0.61246481500648242  0.61791524485776506  0.62345712123973873  0.62898038986176685
  0.63446850232928009  0.63992515538397388  0.64528753491951651  0.65049755524036357
  0.65567564842664783  0.66096194747034920  0.66621704941580395  0.67127445061310265
  0.67617639264737195  0.68104139350288639  0.68581944178164589  0.69047344624186513
  0.69507840747090655  0.69967607973477441  0.70423214857063410  0.70879460224246971
  0.71347525138823931  0.71823123756533713  0.72288830995658737  0.72753631832467225
  0.73243586433174612  0.73741236543711364  0.74234132636658923  0.74727707232622176
  0.75231739756758165  0.75745789435069222  0.76259989735013933  0.76772013738056832
  0.77279537214499672  0.77775381538492694  0.78281251398864182  0.78805637463924250
  0.79342933039587660  0.79889979800769384  0.80446440802905383  0.81003129895650849
  0.81557056525255567  0.82152841070762483  0.82733551233048030  0.83331513310411676
  0.83950672807266324  0.84591985294756389  0.85274256975732032  0.85984982443979918
  0.86727032941967286  0.87522390379520254  0.88444320412499366  0.89407407045837206
  0.90545736875469107  0.92021313064908627  0.94464083513346431  1.00000000000000000
   9.7360277007614041E-009  -1.0000000000000000     
 T T T T T T T T
  <DiscreteSampler_grid>
  grouped_processes
  1 # 1 for a reference and 2 for a running grid.
  10 # Attribute 'min_bin_probing_points' of the grid.
  1 # Attribute 'grid_mode' of the grid. 1=='default',2=='initialization'
  0.0000000000000000 # Attribute 'small_contrib_threshold' of the grid.
  0.5000000000000000 # Attribute 'damping_power' of the grid.
 # binID   n_entries weight   weight_sqr   abs_weight
    10   10   6.437853261468007E+003   1.385487757144934E+008   6.437853261468007E+003
    11   10   6.437853261468007E+003   1.385487757144934E+008   6.437853261468007E+003
  </DiscreteSampler_grid>
