 -0.00031267984531428  0.00699228151245936  0.01751239873862488  0.02847042642245423
  0.03955565933609254  0.05085562150129744  0.06185861399405097  0.07254746477344967
  0.08284005808250147  0.09335019060904022  0.10425060689843177  0.11447125928037376
  0.12420006172384258  0.13348519750061530  0.14252168659059344  0.15165356500537236
  0.16111882971727121  0.17060278248382435  0.18006980087025543  0.18960353201420749
  0.19856276621951507  0.20731833520239812  0.21640571894396782  0.22528632136405885
  0.23434063542322103  0.24326081160070839  0.25198877140165848  0.26081743554525810
  0.26961626793966220  0.27831834666100508  0.28697859585279584  0.29527577344814632
  0.30328050285492336  0.31094954003228109  0.31877655208709915  0.32666740815144762
  0.33459682623301212  0.34264807271756859  0.35092867040189613  0.35933158608319643
  0.36761623267181082  0.37604632098622276  0.38465616730029634  0.39328790830312849
  0.40201145969162266  0.41079415536034014  0.41969450998559343  0.42858817806725863
  0.43735562714850518  0.44599936527858042  0.45444819402724185  0.46298080805274683
  0.47161723151674212  0.48032884142496113  0.48914180027369319  0.49796899918024617
  0.50668686693330778  0.51524357899529305  0.52343861037979078  0.53150645950683750
  0.53959962509506165  0.54769898296751285  0.55604142062231976  0.56479697416128516
  0.57388855069210398  0.58350208964677741  0.59280930248022268  0.60215613903078857
  0.61154555726206894  0.62096838577426494  0.63056209621682424  0.64034446880028695
  0.65036320806577419  0.66079111551016445  0.67164750552525132  0.68280997051328107
  0.69411699104341451  0.70534977521001196  0.71630586892892689  0.72704957968952466
  0.73780160654160165  0.74879068272521487  0.75995665062537854  0.77163423471209991
  0.78384549547696092  0.79692202400402257  0.81046166370163175  0.82430806407671164
  0.83856086711317479  0.85350970068934362  0.87047753846430165  0.88837652038638137
  0.90776651698180699  0.93069111099982726  0.96213519294605643  1.00000000000000000
 -0.00226621670203974  0.00902171085390231  0.01931649574782024  0.02969340705215933
  0.04031254449278496  0.05075915721510863  0.06132319880122555  0.07228341444761055
  0.08294437613196323  0.09319689329225453  0.10350859723040252  0.11435665356922363
  0.12527780882746606  0.13626126880106426  0.14738418749586604  0.15883352942191678
  0.16963444295948013  0.18014714818408037  0.19008731308415863  0.19957887802881558
  0.20927362072548053  0.21920341230580601  0.22915215177406437  0.23936692715922098
  0.25016684524639404  0.26126174211658543  0.27189450248613484  0.28211989729321496
  0.29241041458800815  0.30429789477458075  0.31579066040044373  0.32631912486474807
  0.33638778224522753  0.34537796320034048  0.35496503656319423  0.36433735751084129
  0.37411405509331680  0.38397035930621615  0.39436932783117196  0.40573695030637336
  0.41790108747786497  0.42994104265796768  0.44169038577045938  0.45296562515712352
  0.46358319747637911  0.47388208725160541  0.48358965120074221  0.49303743398947231
  0.50219408427492540  0.51199309256625647  0.52198222061836164  0.53488897856678408
  0.54747584270251815  0.55988873871201217  0.57249239342947311  0.58449738456427114
  0.59462694902186386  0.60454381120295952  0.61468221824683933  0.62503960508537737
  0.63493719142655369  0.64489995757963581  0.65477594131360395  0.66472304422076811
  0.67439607894545550  0.68382197823993540  0.69343841347622226  0.70276666138408728
  0.71410536742845454  0.72643301099129165  0.73675931923308291  0.74690325153583448
  0.75645921560698182  0.76526889140337961  0.77375866211346800  0.78211553997924632
  0.79062751353976302  0.79922371028238315  0.80785440757081839  0.81698696379132019
  0.82668502697034618  0.83659871592834611  0.84650409047919639  0.85719856368024938
  0.87035649446243546  0.88261054974639308  0.89422669451954440  0.90552070336949508
  0.91689533486107766  0.92896657080640999  0.94094771929943721  0.95246698996325141
  0.96412645875113201  0.97645485860988390  0.98810909887471676  1.00000000000000000
 -0.00802297869599893  0.05833196930255262  0.09563313507996865  0.12260101149084843
  0.14477068743473209  0.16426087776795059  0.18124184946822591  0.19715282942112464
  0.21222214051904448  0.22597231028243536  0.23966377839317340  0.25250512010151371
  0.26413930894149595  0.27592273013364688  0.28796918100948371  0.29950288678779224
  0.31019777537349097  0.32066270940130343  0.33103234686737809  0.34116336004255893
  0.35162916315554760  0.36208140139590483  0.37236856939929963  0.38140091308768137
  0.38969765339022999  0.39826297860155957  0.40672252098471834  0.41532342164640756
  0.42348206142050027  0.43170413885906495  0.44002797248752212  0.44845965464812887
  0.45660749057802497  0.46448756070546271  0.47234860037389148  0.48072386894969071
  0.48978856136983595  0.49855826037467721  0.50640617027860813  0.51370189112769271
  0.52093545641024330  0.52823063638072776  0.53557396565317683  0.54283092490074802
  0.55001700976001255  0.55698119500067789  0.56409103960937657  0.57133936497279814
  0.57866486002981299  0.58618762654391754  0.59348118211838874  0.60045253987881064
  0.60813448608720266  0.61635306621679431  0.62436441421831934  0.63211678564599794
  0.63960433885929069  0.64708270813810609  0.65445295142089621  0.66206261320690529
  0.66959489410743733  0.67672152687704712  0.68370761151229165  0.69065792020499595
  0.69788380214271151  0.70496621762896516  0.71211130312137561  0.71935881854962513
  0.72648302265833964  0.73354954935465688  0.74060596480384155  0.74776826800636753
  0.75520169462213949  0.76243379237038056  0.76984083380754265  0.77629023415860465
  0.78296518395172843  0.78983386115800214  0.79686697156930408  0.80397861846863239
  0.81122877593240816  0.81887122952305447  0.82662603857498240  0.83436278431730238
  0.84339165657278514  0.85255572879701513  0.86221227610496254  0.87225080372225317
  0.88244471826225424  0.89310597419400217  0.90434507618409576  0.91613929873607558
  0.92900049842596788  0.94375810611067334  0.96484294236620283  1.00000000000000000
 -0.02222400174178658  0.14956715011546584  0.20118431765916409  0.23614277720289645
  0.26402515873282933  0.28812241246335096  0.30979386142554560  0.32901451883413718
  0.34618801170113389  0.36161619271519857  0.37572547616442536  0.38893204260562714
  0.40142675514219911  0.41318240610789103  0.42399596726578898  0.43429412350236463
  0.44395387057694724  0.45317911700252178  0.46200671419393047  0.47057546604979728
  0.47895903459212169  0.48725087809385720  0.49536397816568856  0.50334375802560838
  0.51104667919163749  0.51837124614020058  0.52564354446760153  0.53301247492366077
  0.54039363221579750  0.54750573350494081  0.55425113018117844  0.56081032329244040
  0.56728891220537947  0.57378348604476204  0.58030760463299613  0.58663217402361256
  0.59290694559666413  0.59922030758553313  0.60528983839040562  0.61097119305083425
  0.61658793356449726  0.62228132293437188  0.62770289962287695  0.63276612948241628
  0.63769018285772949  0.64262769570953171  0.64758143403294688  0.65252606738480878
  0.65749090246560848  0.66245098372733158  0.66732985309536297  0.67236318501135905
  0.67738812903384249  0.68241076077074325  0.68730095958355852  0.69189990928704725
  0.69632113827097597  0.70073653502113920  0.70511878153408791  0.70947338500115442
  0.71374849014142372  0.71800900792893563  0.72243402784014243  0.72684324041756188
  0.73123325675362627  0.73570505694566146  0.74021352665343387  0.74480499071861772
  0.74936940938836827  0.75415175964740744  0.75900711999985038  0.76384459535940596
  0.76852924317787996  0.77327006063630177  0.77815363873849663  0.78311458756520180
  0.78812806654218481  0.79313472019001596  0.79851660493584464  0.80369633456505407
  0.80904284281918359  0.81469322438115532  0.82071932461149666  0.82697505960856854
  0.83342968414645979  0.84016927396737962  0.84715396091108019  0.85431845978866727
  0.86206186739715174  0.87011167259204791  0.87968582820282215  0.89063831140001426
  0.90323912577229559  0.91887786403311356  0.94303483604373806  1.00000000000000000
   1.2140291590113252E-007  -1.0000000000000000     
 T T T T T T T T
  <DiscreteSampler_grid>
  grouped_processes
  1 # 1 for a reference and 2 for a running grid.
  10 # Attribute 'min_bin_probing_points' of the grid.
  1 # Attribute 'grid_mode' of the grid. 1=='default',2=='initialization'
  0.0000000000000000 # Attribute 'small_contrib_threshold' of the grid.
  0.5000000000000000 # Attribute 'damping_power' of the grid.
 # binID   n_entries weight   weight_sqr   abs_weight
    10   10   1.937298441529369E+004   1.229079837643824E+009   1.937298441529369E+004
    11   10   1.937298441529369E+004   1.229079837643824E+009   1.937298441529369E+004
  </DiscreteSampler_grid>
