 -0.00029194513876512  0.00685412980189275  0.01686074971310884  0.02768494252362431
  0.03889034691684131  0.05004608606612428  0.06103482598684958  0.07207838951523109
  0.08305463241284547  0.09369696933995646  0.10383423620173722  0.11358583090491227
  0.12330002558570904  0.13290124989088825  0.14233643993107492  0.15164069363147212
  0.16109789671166572  0.17055176036591566  0.17972233221846651  0.18894837393427000
  0.19817221904212742  0.20742132987741629  0.21656019688132866  0.22551794809506023
  0.23422416984273214  0.24271648998511391  0.25106529322820303  0.25938353045119744
  0.26733677661371941  0.27511801492100102  0.28303350701700597  0.29115168915921985
  0.29916857519269768  0.30758076850095611  0.31620254672427833  0.32491520364899934
  0.33367527718506529  0.34231607276730192  0.35077727370922762  0.35914777419078758
  0.36756156824466302  0.37593218783982640  0.38423129159516928  0.39261763890138979
  0.40098912432563516  0.40946127475136618  0.41770319283727869  0.42618834483041318
  0.43483642136585865  0.44342636740768809  0.45193145361838433  0.46044041904422373
  0.46899670833004214  0.47768375923561418  0.48640348980876003  0.49492344979122455
  0.50364688409956437  0.51260211052230142  0.52176562161107853  0.53124292340836499
  0.54083891789112060  0.55032218329719385  0.55984404450246916  0.56939289660872294
  0.57886440020898910  0.58846307487556715  0.59798894930642821  0.60767566702133136
  0.61753407141517791  0.62748889270122421  0.63760471517122819  0.64772785790002607
  0.65775881705643424  0.66762399147484308  0.67744986474910762  0.68747120438720022
  0.69735726449357549  0.70716115966007786  0.71754468937399696  0.72819502616135456
  0.73903985740778966  0.75005503767045834  0.76104639080012215  0.77279513790792809
  0.78471049433623830  0.79689337585125919  0.80931576570343944  0.82199445029186080
  0.83507798655978127  0.84958110699323097  0.86783709174977530  0.88620860420676528
  0.90597956286404746  0.92952861880879956  0.96115038240688278  1.00000000000000000
 -0.00228789096579348  0.01043805794411354  0.02163292307875143  0.03207795102063696
  0.04229101103063755  0.05161574636245953  0.06107910009905596  0.07056238542016538
  0.07987911879362881  0.08963636146359415  0.09961599058943772  0.10944828283329844
  0.11935627423237684  0.12953589659802428  0.13974401090731850  0.15043898259474303
  0.16117919639418499  0.17235011447723486  0.18363600375748540  0.19450515876471650
  0.20507515680779653  0.21558339854693698  0.22620301785666896  0.23734610266922546
  0.24853256313316777  0.25869761091597610  0.26847561833935807  0.27891804454374780
  0.28948237877768940  0.29938885776517149  0.30921057979050282  0.31998004750830089
  0.33135891079811258  0.34186966171019473  0.35209053268680607  0.36311272316029075
  0.37471436941147240  0.38619558441808943  0.39799771608573614  0.41060854626308968
  0.42338717622737959  0.43558887651827399  0.44711938601252060  0.45831209080995317
  0.46854523499962691  0.47888053041535933  0.48985378231648552  0.49998840437299280
  0.50957509832889292  0.51906591675852654  0.52928690468571538  0.53921140543888668
  0.54843288205793383  0.55744884586995591  0.56718488996017558  0.57825124574544950
  0.58913315592325155  0.59973214036873990  0.60985538437386067  0.61971541748471437
  0.62910842730552208  0.63834624152840846  0.64744537438715366  0.65682559692561981
  0.66642134157899557  0.67672348121341341  0.68752046789293020  0.69907686811600211
  0.71120896739302708  0.72286760672435557  0.73414827791054260  0.74603549665075797
  0.75767408163316285  0.76980798187318389  0.78069966122373080  0.79155153994311345
  0.80252536294257903  0.81332427791450845  0.82371863625768516  0.83391851330116029
  0.84511911010670449  0.85574307584740072  0.86578934362641158  0.87619339668360641
  0.88632714764642739  0.89654843521904737  0.90659202411635353  0.91675292964940946
  0.92764921171407910  0.93840468716810344  0.94903978958374668  0.96008007889318925
  0.97121184269258831  0.98157493891981829  0.99086111262499743  1.00000000000000000
 -0.00914749161592695  0.06049777553744298  0.09506040154693372  0.12021033952030162
  0.14001305434105857  0.15810702382016789  0.17519779438830993  0.19194918051762250
  0.20913348127206913  0.22598335035246880  0.24131867029608481  0.25502582075224012
  0.26775424151353244  0.28035981718406494  0.29265460624767176  0.30436200273004843
  0.31522379237350912  0.32524671747485218  0.33510042684173641  0.34466080937875465
  0.35404512896762674  0.36320087335672796  0.37226791626184486  0.38169853031733464
  0.39144171428285301  0.40120061574490062  0.41070528999295280  0.41981098304828895
  0.42842571814149311  0.43698418344984469  0.44488734476285435  0.45254213746222033
  0.46020478781468183  0.46794624463015672  0.47584555129421158  0.48369427113741759
  0.49148821849081686  0.49884835762047242  0.50670054399464304  0.51448278528989422
  0.52221653645229615  0.52969221577012127  0.53698973512655512  0.54433943700802934
  0.55146334263198815  0.55851147889841135  0.56548032894239708  0.57254371220722389
  0.57973554296457463  0.58689329477341012  0.59407559646229791  0.60129322888974024
  0.60881782101224557  0.61638759473907356  0.62376599120556409  0.63124066915310773
  0.63883132804101672  0.64639857663144462  0.65353876196237870  0.66027154638697938
  0.66678576818678625  0.67314580396274781  0.67962685698439107  0.68655515988872096
  0.69394019118845840  0.70137870584230999  0.70864562826100586  0.71585286915839097
  0.72266887309077510  0.72936765216735699  0.73606649600349039  0.74309340225957843
  0.75031111769992920  0.75714623164517836  0.76381528047646563  0.77069431571427149
  0.77796167534709271  0.78558910789891634  0.79341772839221580  0.80181833252460988
  0.81039561699494422  0.81909467008353920  0.82776607723273776  0.83623171311758482
  0.84462390086284334  0.85326896455501000  0.86237228411213518  0.87168151920824888
  0.88120743382889921  0.89111394510315745  0.90192816284014299  0.91423133821314240
  0.92787953633304643  0.94420557778357816  0.96678236482665802  1.00000000000000000
 -0.02187509042627067  0.14654923976885653  0.20042651931315000  0.23505989211927628
  0.26392794600275471  0.28842600516663575  0.30876350769394179  0.32670002867266817
  0.34301281432032327  0.35882215995700606  0.37558069939800154  0.38911366151803789
  0.40189917539697906  0.41350738409972632  0.42462990988668076  0.43551698526982685
  0.44613930047721168  0.45587108317510400  0.46508108935999215  0.47423285512731550
  0.48330170987740195  0.49202770552145919  0.50006190225107361  0.50763730449781475
  0.51519091601609179  0.52289285885762737  0.53067025033083337  0.53821225402510142
  0.54515833755355392  0.55154147982377144  0.55776451947705163  0.56404151494452470
  0.57043391616013439  0.57688195677639864  0.58311728352952774  0.58914948495049113
  0.59498376930926844  0.60063507361385116  0.60634989553024288  0.61204710328434953
  0.61770512866506277  0.62334707330996908  0.62866079963384425  0.63387211167277313
  0.63924096565745903  0.64461467071454870  0.64984014152336744  0.65483675053012014
  0.65968441200680683  0.66458927632695786  0.66956603994242236  0.67441801442720695
  0.67921619887446727  0.68394168304711433  0.68850923663141683  0.69317953291685097
  0.69769430159746493  0.70223358772714140  0.70681476085669759  0.71141760904419715
  0.71601129126529584  0.72055873494364109  0.72510689125009420  0.72981266344121687
  0.73488056234734100  0.74000945982153654  0.74519395284546264  0.75015096096963330
  0.75501366227229494  0.75984626310404291  0.76465634113041514  0.76946930863874619
  0.77424233369012219  0.77900701757490654  0.78388641649099577  0.78887267298208952
  0.79389101714133281  0.79886427981923658  0.80375717724751505  0.80857025493638235
  0.81354453193110077  0.81880296311408240  0.82423185796127019  0.82972240117596863
  0.83535676625915312  0.84122650814246536  0.84737233716825133  0.85410861875966859
  0.86199496754413674  0.87116545797830025  0.88097122847331910  0.89194311790462733
  0.90471026855536607  0.92024213292374946  0.94503697050828106  1.00000000000000000
   2.1622431107901751E-007  -1.0000000000000000     
 T T T T T T T T
  <DiscreteSampler_grid>
  grouped_processes
  1 # 1 for a reference and 2 for a running grid.
  10 # Attribute 'min_bin_probing_points' of the grid.
  1 # Attribute 'grid_mode' of the grid. 1=='default',2=='initialization'
  0.0000000000000000 # Attribute 'small_contrib_threshold' of the grid.
  0.5000000000000000 # Attribute 'damping_power' of the grid.
 # binID   n_entries weight   weight_sqr   abs_weight
    10   10   2.979695020157725E+004   3.703893169200400E+009   2.979695020157725E+004
    11   10   2.979695020157725E+004   3.703893169200400E+009   2.979695020157725E+004
  </DiscreteSampler_grid>
