 -0.00017451565265675  0.00136258967355217  0.00261438254983436  0.00429241392091801
  0.00642155515218645  0.00906360914993457  0.01198951118417235  0.01520176009338257
  0.01896419066025644  0.02313220433950565  0.02747596562025451  0.03220725187393820
  0.03736227705253805  0.04296180563640133  0.04902699036591917  0.05562776561420843
  0.06253654259788770  0.06943902349938103  0.07634065692847530  0.08385868313014605
  0.09192436446629426  0.10003104107091153  0.10800140587008918  0.11585260463529211
  0.12386578940370495  0.13233937581976918  0.14095962396763881  0.14990940016465226
  0.15904383097375077  0.16836019606649338  0.17793920598318788  0.18777069976241909
  0.19783200593817440  0.20789379173035027  0.21796761268794676  0.22801201787441128
  0.23797067045750209  0.24789392920805109  0.25783886063249462  0.26792918453977921
  0.27801861449139997  0.28833640219057521  0.29887368875639864  0.30958406386573278
  0.32056370179674787  0.33307053918653312  0.34553564161708894  0.35734645324971376
  0.36893927729489379  0.38107188526368463  0.39371772938167143  0.40646574124832741
  0.41942983969896341  0.43250205095982736  0.44562957714120033  0.45862095896659266
  0.47151569031241730  0.48436436759296314  0.49719585985158415  0.51000401815420626
  0.52269162559959625  0.53491652705337267  0.54740316485997376  0.56030161484716123
  0.57327801523230648  0.58655424226262731  0.60029201683373468  0.61404823971010380
  0.62748101126405176  0.64055656383717074  0.65336089514170126  0.66602982562936319
  0.67861095223716394  0.69109958299857877  0.70401321772464487  0.71688423010790636
  0.72967355469489437  0.74318614805083583  0.75698704832303121  0.77049271983927470
  0.78392067628876783  0.79807410682279079  0.81263211914793121  0.82753881170638144
  0.84259358161638132  0.85734670169149241  0.87191643977430777  0.88626990315487275
  0.90030202939650039  0.91406885461681620  0.92784566928166701  0.94162706590844880
  0.95597490824878728  0.97052155610456614  0.98515453464919778  1.00000000000000000
 -0.00276909291530254  0.00993751868833390  0.02128228306704677  0.03197566946744656
  0.04237896801376015  0.05227532270697793  0.06226687938009114  0.07237783935461752
  0.08277424594125482  0.09376005867234087  0.10527027683498529  0.11727573474114353
  0.12834829523158600  0.13861612718292782  0.14889565208864766  0.15955561668375107
  0.16967118878522905  0.17895745295496804  0.18809978115833781  0.19720574158035895
  0.20646420589450792  0.21628059074769801  0.22663396345258766  0.23689973968011657
  0.24715065830514252  0.25795526085001963  0.26947116277617389  0.28072232951288828
  0.29133194078763958  0.30128580672630223  0.31107366055729035  0.32097721678937763
  0.33027482175127382  0.33923761932709201  0.34824046822914334  0.35789126334992621
  0.36811413812632171  0.37875236260768758  0.38989726217416715  0.40122188147440058
  0.41253898645059423  0.42365208808263749  0.43510800229242319  0.44608628439039799
  0.45702009306090985  0.46704430521921514  0.47705907429631284  0.48722337149227452
  0.49725706824351856  0.50697712276297258  0.51653194104881317  0.52671028207470427
  0.53728256641546479  0.54828800783744724  0.55951184199207360  0.57149346696123249
  0.58325122896302417  0.59470180380521076  0.60573912818851883  0.61658725154526994
  0.62759350276222703  0.63914888768563882  0.65012617385838256  0.66079807117789968
  0.67158327003843543  0.68283912123138368  0.69418956365498230  0.70476246917522456
  0.71510190071928914  0.72514172124557097  0.73560303992213893  0.74597722634360442
  0.75658276853730844  0.76747323371861809  0.77893830709716250  0.79019833385310490
  0.80099060712028192  0.81210883624272412  0.82255460989456286  0.83294419262332087
  0.84287666425523311  0.85290269721636713  0.86279428656081769  0.87240387969901845
  0.88248324202168249  0.89284787546410471  0.90300025163030095  0.91285401637253361
  0.92319917136953733  0.93348657539231605  0.94410825365808226  0.95466458707618673
  0.96534614479914505  0.97638538723551227  0.98749603623497262  1.00000000000000000
 -0.00090899778565535  0.01300998762634293  0.02444315535964631  0.03396214917619636
  0.04275914269627706  0.05132513297270830  0.05976639827597917  0.06760869329388337
  0.07488584695607960  0.08194465140092379  0.08951586308915559  0.09719307008850096
  0.10476308380444915  0.11243862311828666  0.11994381899161488  0.12714987984350412
  0.13388384938910688  0.14057398734058862  0.14712877691340814  0.15363082320410110
  0.16018907857398088  0.16646740983828598  0.17207204914471752  0.17730744604996940
  0.18273230377603480  0.18823222093078326  0.19401870643708183  0.19988409100325630
  0.20583086003205470  0.21190803623907195  0.21809522025638342  0.22441937257580161
  0.23038585013587726  0.23748409920920982  0.24441162989035378  0.25109146377066283
  0.25751553030153318  0.26384105601957170  0.27037817537973297  0.27724032208454974
  0.28414484722155420  0.29108642814114144  0.29781056434878123  0.30475536915439971
  0.31205901164574273  0.31963611814600484  0.32721812279420204  0.33471295156416525
  0.34206092204402383  0.34927579371729617  0.35647297101924030  0.36343543253676358
  0.37044249943373936  0.37779711779564612  0.38528595499540413  0.39265767042969746
  0.40007291851560867  0.40752751204330251  0.41513534483852399  0.42306629612084318
  0.43111140365972112  0.43918517617039704  0.44734746589742380  0.45577754022984573
  0.46417885422217847  0.47248235925722437  0.48076312447313452  0.48885716291452785
  0.49717162852067764  0.50590679281685502  0.51488173401038329  0.52411505398578817
  0.53376621840522853  0.54338006548008555  0.55305098378693618  0.56257714459181229
  0.57208840776974323  0.58192312507719668  0.59258150312235713  0.60385872999677925
  0.61505101662217299  0.62630290894234109  0.63789547564243221  0.64964241856749849
  0.66193514320554248  0.67591873216542686  0.69097187885953848  0.70656266795910427
  0.72232324264930847  0.73969931863352378  0.75997616396521994  0.78481085587987642
  0.81380794651053689  0.84719061662323514  0.89483092530582176  1.00000000000000000
 -0.02037482057068314  0.14019825922137094  0.18707596413760838  0.21454855868276901
  0.23689436808262632  0.25732807389116674  0.27582681419861649  0.29190915933579653
  0.30606225105694468  0.31920344001684897  0.33162948338259979  0.34324272925270255
  0.35417664293938916  0.36458307675375135  0.37469007155787543  0.38410148323834398
  0.39309080276042008  0.40177704761744493  0.41012963638248184  0.41831307020310088
  0.42613800982207112  0.43356162183283647  0.44096938144153874  0.44832428473337887
  0.45570733279186076  0.46294789795718522  0.47008306564406449  0.47717342683986563
  0.48410469439390230  0.49076823172229833  0.49726068463669743  0.50362161351252965
  0.51001034035165294  0.51649689079388872  0.52302090546520463  0.52956515011235394
  0.53610083008848997  0.54235905195631307  0.54826659959479829  0.55408476820143970
  0.56005245654023705  0.56569214420100722  0.57112380885352465  0.57656731729319832
  0.58204972161679314  0.58740099338043006  0.59265311538332754  0.59785279538450187
  0.60300163095816628  0.60809047293091545  0.61309200693280874  0.61804407015242058
  0.62312013223711249  0.62850808345288378  0.63396269222353230  0.63948980486753604
  0.64486098710569750  0.65004217837929568  0.65496768697712471  0.65987212074981016
  0.66482826832796948  0.66979703662391366  0.67489916396314664  0.67984533452970686
  0.68466035032177708  0.68950500224867273  0.69448157215659534  0.69957983693956627
  0.70484437200307481  0.71014734690197812  0.71548703723107365  0.72080614631167073
  0.72612388307288189  0.73158234901172325  0.73719445137549955  0.74288776470279305
  0.74859283397607002  0.75440942796484234  0.76030987635830094  0.76642865590041132
  0.77272016373635444  0.77908395417971443  0.78542147924179373  0.79193690013787665
  0.79893493123518855  0.80613427464029763  0.81354075505781220  0.82179869876326705
  0.83072812080290348  0.84153117912117770  0.85239912352009917  0.86459103834072459
  0.87773459966965117  0.89708002037686407  0.92686107815867624  1.00000000000000000
   8.8192844119656879E-018  -1.0000000000000000     
 T T T T T T T T
  <DiscreteSampler_grid>
  grouped_processes
  1 # 1 for a reference and 2 for a running grid.
  10 # Attribute 'min_bin_probing_points' of the grid.
  1 # Attribute 'grid_mode' of the grid. 1=='default',2=='initialization'
  0.0000000000000000 # Attribute 'small_contrib_threshold' of the grid.
  0.5000000000000000 # Attribute 'damping_power' of the grid.
 # binID   n_entries weight   weight_sqr   abs_weight
    10   10   1.916363050587266E-005   4.452992976421452E-010   1.916363050587266E-005
    11   10   1.916363050587266E-005   4.452992976421452E-010   1.916363050587266E-005
  </DiscreteSampler_grid>
