 -0.00030906372661633  0.00684213437248543  0.01677798783649858  0.02763841617710499
  0.03917282329140283  0.05030337138360957  0.06137723753250166  0.07230694022373628
  0.08245548210878681  0.09238578647614226  0.10252506925499116  0.11259012812944959
  0.12239134805027369  0.13195769108372662  0.14124364678375861  0.15038346646939235
  0.15959954017062769  0.16892961510787291  0.17812716700821526  0.18722126868585526
  0.19634129576947942  0.20550536770440014  0.21469938943097241  0.22377952406525295
  0.23295275002543281  0.24190915601578780  0.25067598689984882  0.25929534020111944
  0.26779048199605571  0.27614339537453647  0.28429068245313183  0.29254547110194951
  0.30087393921635563  0.30918794001032518  0.31756361384206433  0.32574672902742091
  0.33396139709096390  0.34229340273725656  0.35074613275621969  0.35918926743779772
  0.36756915301690263  0.37592768520102476  0.38424859564007058  0.39241785786900318
  0.40059584817830657  0.40869972412352823  0.41689137501631157  0.42509832280567084
  0.43339389650735843  0.44177146003201018  0.45016085266642875  0.45851336617539207
  0.46685869099995814  0.47530733128316277  0.48381276807159523  0.49253046606626638
  0.50141517175968742  0.51036900971680876  0.51936182433557654  0.52844042291466076
  0.53720359833715259  0.54589989349634260  0.55465092781394798  0.56362108923612653
  0.57286587297335378  0.58218352680401431  0.59134343185115590  0.60072803767316230
  0.61018037625000565  0.61965523423124946  0.62915297820942917  0.63867898269739953
  0.64827855998137951  0.65784309298129950  0.66782774420073865  0.67812753122492841
  0.68847141098306308  0.69890855506783678  0.70939654067446056  0.72023861379046505
  0.73133639990745380  0.74274908577249077  0.75437929824055172  0.76603280073404745
  0.77806676733842328  0.79167094407403227  0.80561216762696697  0.81985269596093191
  0.83422498141857615  0.84962029386512794  0.86758320009979961  0.88603806349523939
  0.90647590251956867  0.93000756222854075  0.96182698508306164  1.00000000000000000
 -0.00277863071375946  0.00969783965958605  0.02068621545907158  0.03205633002695274
  0.04331686093808844  0.05407678157329120  0.06484184282870734  0.07574334820301733
  0.08655171143617187  0.09690862176083524  0.10740736521039000  0.11828380125992764
  0.12973142888169056  0.14173149898786450  0.15308890349494547  0.16381464310911223
  0.17432930597985882  0.18454764826191977  0.19470288262097504  0.20461526865015564
  0.21524255620022434  0.22626543834405882  0.23641031168075025  0.24618044325651689
  0.25578566816332932  0.26560377251689404  0.27547321683948628  0.28515803496500619
  0.29490851060590140  0.30534592446130931  0.31589705241320049  0.32623152253865678
  0.33644643831390969  0.34686315808059559  0.35713259895494809  0.36735761567902359
  0.37739068389661867  0.38820591559643053  0.39865598638727778  0.40966306926319601
  0.42036623967513659  0.43214227841151226  0.44355212195583332  0.45491535641718539
  0.46533105681470055  0.47511042195550840  0.48515451565008172  0.49503320150240887
  0.50499233791639941  0.51477454508541021  0.52480477761619782  0.53507558704909097
  0.54561259019458408  0.55662623546875134  0.56728236447086799  0.57729690027567004
  0.58724765167466408  0.59736128090780649  0.60769057819617078  0.61795140260936554
  0.62869731646193272  0.64010481095323835  0.65182020829160103  0.66320957012061799
  0.67426467812952506  0.68484206769189637  0.69559624738885029  0.70627090469640952
  0.71726437559716583  0.72830586342960524  0.73924013751033368  0.75035260036853957
  0.76152145741285293  0.77273428350754958  0.78293346287823851  0.79294709232234095
  0.80285175899936079  0.81267718296015568  0.82181023888832494  0.83090941264086760
  0.84036456400188808  0.85032045373619514  0.86047276227494540  0.87068379328202317
  0.88134440937476266  0.89244601617734620  0.90359846419397349  0.91480802196624744
  0.92571751816153458  0.93635860051226460  0.94694064184364779  0.95754418367833705
  0.96796738014449868  0.97833566810960049  0.98905361264604985  1.00000000000000000
 -0.00944652630347048  0.06225969653966720  0.09736089417316986  0.12278625043403778
  0.14430490051217887  0.16311558079603661  0.18053746140484891  0.19644407487770299
  0.21126867477473205  0.22560045444574314  0.23874877358015179  0.25144924032569993
  0.26382411338570694  0.27616761743855184  0.28840175164708487  0.30032171938679203
  0.31206214002759419  0.32345215551484524  0.33457071592954019  0.34532810609665088
  0.35561177981109182  0.36493566922850168  0.37400406259620833  0.38289226774467960
  0.39153120179804785  0.39994778386840890  0.40766668515054333  0.41553749268075080
  0.42354941439955163  0.43164470099526508  0.43955781482936379  0.44749310565149131
  0.45544351703875530  0.46346442751984623  0.47150387002911914  0.47962636955020299
  0.48743396910790954  0.49518159838947223  0.50255870039712147  0.50971682589985390
  0.51674845836654137  0.52379128041074674  0.53078383383740080  0.53766726324340719
  0.54440610886073193  0.55100821167378755  0.55771698443141537  0.56470829388177635
  0.57184017057992031  0.57892835099026896  0.58592550216624639  0.59288232303776633
  0.59992654774256160  0.60712622653664172  0.61471890671391527  0.62237983253671714
  0.62955264162756375  0.63636459521728861  0.64309848354027788  0.64989326492881283
  0.65683494566098921  0.66394929062941666  0.67128945837160636  0.67865746204339417
  0.68594929606880151  0.69320318132858061  0.70046748698230310  0.70780824913679552
  0.71516954432850877  0.72264966131015740  0.72992248828867290  0.73709102284157824
  0.74425257498084574  0.75161075405779465  0.75907067536679473  0.76668259758463886
  0.77453261320284028  0.78259380123236033  0.79097460018909127  0.79978668685391363
  0.80885528120575423  0.81782391402195964  0.82671185090877275  0.83560022500169417
  0.84440860959402031  0.85338018344049160  0.86260426257291201  0.87207365443107154
  0.88177744378095879  0.89170071935847350  0.90243171331388738  0.91436589950146785
  0.92761119208318898  0.94301667926575750  0.96451118626894716  1.00000000000000000
 -0.02119880001358671  0.14794219113174256  0.19974468338640025  0.23400618971450324
  0.26193870477682568  0.28538389543430376  0.30623047606715326  0.32527173051502073
  0.34258318147765526  0.35795331427128824  0.37174620803239095  0.38507867737965806
  0.39793243520872357  0.41018483753990520  0.42185273009890534  0.43287817094707615
  0.44310339507342139  0.45278893314079238  0.46191404324343494  0.47066726550747801
  0.47907865599962729  0.48723398214950964  0.49521653831113532  0.50319166020782458
  0.51121908307353436  0.51916517875000623  0.52685938206749927  0.53431043351325669
  0.54155543126401517  0.54858404356911916  0.55541031932298734  0.56199574847656308
  0.56833976163093514  0.57456134705045991  0.58073287925102057  0.58677331931736676
  0.59267087870293156  0.59854168445005240  0.60425054097652908  0.60981028423283623
  0.61528324591908712  0.62087705162029694  0.62650062339901869  0.63194067913520391
  0.63724169460167590  0.64249795343276106  0.64761708891841197  0.65264619938719681
  0.65765772439806680  0.66265122230006934  0.66762596137623975  0.67257052452604194
  0.67743955110922838  0.68217900449922553  0.68689764080783455  0.69160093565010639
  0.69632969549244284  0.70103210318994935  0.70578609481779120  0.71057216069034457
  0.71535833744186772  0.72018440161217123  0.72501227917398758  0.72974552236314438
  0.73441193014554984  0.73902429414432680  0.74370956717044501  0.74834985409714261
  0.75292797022511282  0.75748911752173320  0.76209189005736844  0.76677650251238760
  0.77158849755495706  0.77668490603174900  0.78184596551199181  0.78699428712826758
  0.79220301166007145  0.79758409116198703  0.80301133002519709  0.80856599130084927
  0.81424655312532623  0.81996079113833831  0.82573754832115787  0.83157524455890974
  0.83749675079459274  0.84351887067672704  0.84976414328311700  0.85648031411646652
  0.86407179169952664  0.87226220268662602  0.88125499605664170  0.89123689260670302
  0.90306559511467299  0.91922036032951626  0.94331223611309001  1.00000000000000000
   3.1802598868076470E-008  -1.0000000000000000     
 T T T T T T T T
  <DiscreteSampler_grid>
  grouped_processes
  1 # 1 for a reference and 2 for a running grid.
  10 # Attribute 'min_bin_probing_points' of the grid.
  1 # Attribute 'grid_mode' of the grid. 1=='default',2=='initialization'
  0.0000000000000000 # Attribute 'small_contrib_threshold' of the grid.
  0.5000000000000000 # Attribute 'damping_power' of the grid.
 # binID   n_entries weight   weight_sqr   abs_weight
    10   10   2.158275869830080E+004   1.696821702746663E+009   2.158275869830080E+004
    11   10   2.158275869830080E+004   1.696821702746663E+009   2.158275869830080E+004
  </DiscreteSampler_grid>
