  0.01139279460675054  0.04870692785799802  0.07779152332468194  0.10203746682420964
  0.12361587912348307  0.14203970481697278  0.15966197689539741  0.17677115253277037
  0.19343236077919965  0.20940719836569857  0.22427749229995955  0.23859022222132220
  0.25316939435489172  0.26863248444294613  0.28471385998120746  0.30107148332642708
  0.31641094173359297  0.33100804870829020  0.34539062704894535  0.35977926517429104
  0.37417976580355211  0.38800071319608453  0.40097713102137550  0.41389775515380500
  0.42742379109524725  0.44088391744184829  0.45361263767143001  0.46567409386608061
  0.47733757466759635  0.48877938235912310  0.50029812313130817  0.51206941716470733
  0.52384989624627998  0.53534083822199618  0.54697217916951513  0.55837097965879279
  0.56957493038998841  0.58060771320596327  0.59240134147121082  0.60443802097511168
  0.61638154995667738  0.62800071463859375  0.63948416415996545  0.65053136632495745
  0.66094965555290996  0.67191558713730171  0.68245149194236132  0.69243659538450042
  0.70249252852367705  0.71238926338510078  0.72252792720150638  0.73353187989294455
  0.74508563004147232  0.75607411735376950  0.76619901991016415  0.77555853733801328
  0.78482598722410823  0.79400426259169543  0.80316224691807647  0.81216020259102550
  0.82111173939582527  0.83023290569275909  0.83914597671680546  0.84823092758915231
  0.85740428518255729  0.86669516505342092  0.87552475073110037  0.88405803590055176
  0.89215599377873245  0.89968434923310758  0.90673891506618576  0.91341973683677113
  0.91970243317289802  0.92548908114998385  0.93104844396448927  0.93662211640503723
  0.94155828489300442  0.94616532436127887  0.95057749748318887  0.95510192890248069
  0.95924158118695313  0.96291485609884397  0.96634153524036914  0.96963983710023716
  0.97299446071970075  0.97633376524578641  0.97936342399852927  0.98207848620500382
  0.98453498548288709  0.98679374185795765  0.98888880584418271  0.99086155537864506
  0.99278542942326087  0.99468059655155816  0.99661900278377769  1.00000000000000000
  0.00938357572793574  0.01542141318142690  0.02409711133105003  0.03350470306288306
  0.04277641079953287  0.05159276088369973  0.06054880350684706  0.07106567412160809
  0.08273534265175601  0.09356186864458080  0.10343502811026822  0.11309771903333582
  0.12294198315689395  0.13292863408453598  0.14293074831559571  0.15223558708514695
  0.16083101660697899  0.16886201563846759  0.17651538891552809  0.18499347257820736
  0.19377423245469386  0.20230229548851986  0.21087898803526878  0.22019988821995240
  0.22978339004936896  0.23964858961559590  0.24905857689668454  0.25902773262707690
  0.26887464994719462  0.27945818461755773  0.28972565045093546  0.30052190026998582
  0.31087352081379482  0.32147341523512796  0.33203403832911604  0.34235566086389768
  0.35230565374166228  0.36253362437807202  0.37349112558072411  0.38502527469981651
  0.39624425420699322  0.40697643238220282  0.41811262361957657  0.43035523561463945
  0.44261251634147103  0.45474959096857415  0.46748606354677241  0.47989322183928501
  0.49119710087757246  0.50184946966266286  0.51248009514782300  0.52299369709053933
  0.53320050799908902  0.54417069597162870  0.55584259553393789  0.56805252226254976
  0.58018124791378523  0.59218903718371929  0.60377936485823447  0.61488269187991185
  0.62555282450879057  0.63600748327002621  0.64685846030972016  0.65817072938502952
  0.66968795455131980  0.68115796659931593  0.69240119631224428  0.70349889021461209
  0.71458664510271575  0.72570952188567839  0.73679579459298117  0.74774034862857752
  0.75866135725080286  0.76979331626381964  0.78116890569418218  0.79342056096077507
  0.80584002666072641  0.81792094232157608  0.82973127060827256  0.84093338530009265
  0.85193436263722255  0.86253808354966965  0.87277829412517127  0.88279785891436990
  0.89332807147002025  0.90440351673367880  0.91541122705938172  0.92580434971915482
  0.93583334095394566  0.94649390134324929  0.95717725539688758  0.96681399199071139
  0.97579043007793054  0.98438427110130511  0.99052682270175474  1.00000000000000000
  0.00017822456221629  0.00484985000214300  0.00743602460573751  0.01002279774099613
  0.01298662674186414  0.01640463924873314  0.01990704918484912  0.02400438777519574
  0.02820692742019525  0.03308787751728588  0.03830971861995817  0.04366630434407838
  0.04987928841665695  0.05617304277035473  0.06163155848400064  0.06713204676796344
  0.07337471995743122  0.08025300676084120  0.08720562614455409  0.09390823584989805
  0.10113913802676058  0.10910659679246359  0.11758320102714995  0.12640831864373914
  0.13563567466218146  0.14495301975002323  0.15370052832425249  0.16236306232787509
  0.17136053989442498  0.18079327178683582  0.19020162170782007  0.19957911004464618
  0.20871045100669902  0.21814357680349020  0.22752478876830823  0.23778615995298760
  0.24833619404855811  0.25856467814154227  0.26886270367401865  0.27924905396269717
  0.29016662735828341  0.30185624227276991  0.31423841756112530  0.32593979446414267
  0.33727581222265729  0.34804221708616812  0.35869414982671749  0.36934651776829536
  0.38013794830441877  0.39129752630572573  0.40253406554446169  0.41390960978912639
  0.42565344673541272  0.43730444248690531  0.44909724221463615  0.46061138265904827
  0.47244454735526259  0.48494672826793694  0.49810746282102503  0.51011642272494062
  0.52131555857132272  0.53268942331438596  0.54446527400408162  0.55657244591887489
  0.56889499747926298  0.58112420887722926  0.59317438796654554  0.60561450187334875
  0.61860711464206286  0.63142995866201046  0.64455385476213833  0.65792667616129308
  0.67150257889739651  0.68568892323268182  0.69987263956362455  0.71539440223375883
  0.73186420903713645  0.74849514800785844  0.76312841297779710  0.77791505617534185
  0.79309473538842734  0.80851861994506180  0.82391000264084346  0.83943134998633340
  0.85468166886384267  0.86960282411127487  0.88408157279822563  0.89791936252256643
  0.91107372485369909  0.92390881495015498  0.93692863949132899  0.94962100565949936
  0.96222311226698420  0.97482880573145358  0.98743154379471909  1.00000000000000000
 -0.00262630798830915  0.01074932714673943  0.02177306339151427  0.03194851706552722
  0.04214621754653739  0.05242322785202046  0.06273565166470590  0.07252927040317377
  0.08249168268896213  0.09377923476888825  0.10573815147658301  0.11682780806183288
  0.12767648435594123  0.13702412753760257  0.14687708472146480  0.15629889725725649
  0.16598545949066862  0.17566036739340513  0.18597787098891314  0.19745780437670021
  0.20977944249132396  0.22185239990052419  0.23330106703916348  0.24396577637808359
  0.25449438834001259  0.26491032614122667  0.27610380677541690  0.28740603952475818
  0.29915939512068296  0.31054811643954328  0.32135148599918728  0.33173108418373370
  0.34238310934703542  0.35347219588161533  0.36399040371444530  0.37378688716824460
  0.38341263310608409  0.39337830256864870  0.40310707949762309  0.41321069719103093
  0.42355100756050013  0.43486025902081288  0.44584579038101496  0.45666023634522868
  0.46819525305046567  0.47933363135365198  0.48995976153798593  0.50052813668462248
  0.51146532646788545  0.52200820803639314  0.53132302628708106  0.54054887682250918
  0.55082013051505274  0.56085056231992725  0.57045639060839648  0.57992063252701664
  0.59032882526331254  0.60151839650141004  0.61214760483587138  0.62249469767043031
  0.63298528628836581  0.64415335719116462  0.65615291598005832  0.66750521146970221
  0.67786908847225880  0.68833185587318746  0.69991108819671066  0.71149272581221745
  0.72227972341299040  0.73241926701232052  0.74231395800586675  0.75230619265835508
  0.76192430730533833  0.77128264301108174  0.78071340917179777  0.79052787842242900
  0.80071426370208543  0.81043063734240395  0.82115882465592294  0.83235567194046522
  0.84446951852421437  0.85623996083056764  0.86793913089277253  0.87973818668147374
  0.89169074423656791  0.90282477705435371  0.91356919541740078  0.92413108911180908
  0.93419908879789459  0.94367279940399817  0.95263573832389903  0.96150741595199396
  0.97050442281938321  0.97946989605294787  0.98986452265380442  1.00000000000000000
 -0.00257995382182759  0.00986279320406261  0.02023964185044843  0.03052765651101645
  0.04100739452385425  0.05079783318274903  0.06076254271386607  0.07024923730569331
  0.07936485870628082  0.08839907473310123  0.09800919947471853  0.10857041040704909
  0.12096954880358554  0.13257134125100165  0.14320712741769262  0.15286035430967104
  0.16186129141257236  0.17099870568332334  0.18001571970627062  0.18931946702722244
  0.19897998741970266  0.20929669464654241  0.22020289960607092  0.23090164413810699
  0.24112076533902455  0.25104173483309017  0.26103808843435272  0.27132360672585876
  0.28209038179609763  0.29323722940609842  0.30476318294083338  0.31578570924884924
  0.32606736325453534  0.33631665492120572  0.34692720575535974  0.35788123579411174
  0.36915004255916017  0.38061076921323139  0.39203269892374248  0.40315356682502829
  0.41366975280126722  0.42375852007415082  0.43384838208741716  0.44383002956757495
  0.45396458145520785  0.46456852112861308  0.47547316041419563  0.48596050577267497
  0.49592765753705637  0.50625788001933725  0.51687907710017944  0.52713322882817470
  0.53712009344844525  0.54809318892045156  0.55959353967308201  0.56987132038078403
  0.57927223061686406  0.58917019281928695  0.59945285545511362  0.60949795624341330
  0.61874767994702662  0.62879367558819377  0.63991203148099862  0.65034855792590585
  0.65899753537304706  0.66735601764475028  0.67588796657879480  0.68503430277473032
  0.69428560485235014  0.70379448441602233  0.71382159313313931  0.72456834771797340
  0.73488666175647999  0.74507542662783577  0.75564109469585916  0.76754938902740544
  0.77886854369020564  0.78974565628920712  0.80031204516280197  0.81214548797049346
  0.82377953876188437  0.83633517842156380  0.84814159096381314  0.85896824923645676
  0.86894745837305998  0.87938614416992900  0.89077996109229296  0.90319095050360576
  0.91511745806748257  0.92640652312764771  0.93793232981743280  0.94987960526479787
  0.96217566206249283  0.97485573328373087  0.98763599372186317  1.00000000000000000
 -0.00192898334776992  0.00964607020848543  0.02010896661757152  0.03122523217444787
  0.04186082494247391  0.05242041657163642  0.06363468674555513  0.07551625413455447
  0.08864991204815785  0.10213991054697064  0.11411905274080252  0.12524738566298085
  0.13550996712681831  0.14551293536191892  0.15487407016116722  0.16439263178670530
  0.17470350737340540  0.18592111386908394  0.19739671120077301  0.20923393736402218
  0.22156594026181603  0.23318740348245642  0.24388407376856289  0.25525707945776110
  0.26686777636505193  0.27827093779126189  0.28958039356378001  0.30098843234543377
  0.31262305825846876  0.32455997534289033  0.33571054273425099  0.34571064703034676
  0.35545495013832273  0.36505350371713530  0.37431701580230731  0.38310574978908024
  0.39174202887859144  0.40126028077833842  0.41097934801390085  0.42044520442013789
  0.43052634413875984  0.44074646093734721  0.45245382779683513  0.46327646412902146
  0.47351183430044019  0.48359019938665426  0.49413956978872764  0.50502260853782044
  0.51614475495695844  0.52742280686857301  0.53821565197433796  0.54875041933968571
  0.55907897466383216  0.56824579887702498  0.57660408319980339  0.58525924277700025
  0.59440086559278515  0.60411261478135381  0.61337206040408010  0.62263037409489541
  0.63310960387840209  0.64460102357731264  0.65598031721255057  0.66716746376621072
  0.67882175094999930  0.68957687011413504  0.70007980180771723  0.71049628061738423
  0.72150185540813039  0.73164662531994906  0.74076266012549452  0.74993624115489566
  0.75874955771659292  0.76738457145226713  0.77551581058616148  0.78373920757966142
  0.79277406565837771  0.80305810688051937  0.81326447762640908  0.82317588859034196
  0.83342954187430818  0.84446616030907029  0.85615973882531871  0.86769001613798558
  0.87867132219645439  0.88976726653746985  0.90094768033096806  0.91209323264541387
  0.92347768194743785  0.93500856689712686  0.94666727122093497  0.95807665737253189
  0.96903206417130650  0.97991612445258447  0.99015066144416319  1.00000000000000000
 -0.00219454725382018  0.00909763617332594  0.01810150615200649  0.02754745804696064
  0.03730230207616102  0.04780973031910803  0.05910300616706071  0.07032179402309253
  0.08100418277155097  0.09126264204504558  0.10198424859011962  0.11302852295867162
  0.12396327745335103  0.13457455441250613  0.14506894427669279  0.15621968013845039
  0.16711139925438495  0.17776563812614621  0.18896468414759920  0.20150224926193078
  0.21277123044588370  0.22147371185259015  0.22996737591401611  0.23851283239533980
  0.24735199829106172  0.25644048505804562  0.26581955853686878  0.27615568801027196
  0.28749173449954413  0.29865126637481409  0.30902949962993531  0.31929329075120222
  0.32945774344483947  0.33959046482360156  0.34970490202660198  0.35987469163429547
  0.37104064998237224  0.38262658942963307  0.39459983631869866  0.40633578226660699
  0.41733474787869507  0.42797681555646283  0.43907627255718790  0.45020416097731458
  0.46110974627519430  0.47179919216535349  0.48257550140792715  0.49474098891958301
  0.50690005587035802  0.51920191918246572  0.53070120769595919  0.54193721609355250
  0.55368846717504128  0.56511637416421256  0.57635926232087331  0.58735705287365803
  0.59824718601596794  0.60882039473944205  0.61979079177020435  0.63186772667155378
  0.64374379914248969  0.65471116934134810  0.66511382926743079  0.67428005139902469
  0.68374988523416735  0.69313074062479074  0.70211116004600804  0.71129691433550812
  0.72056063672491599  0.73054309411537155  0.74154457311526545  0.75273182308298892
  0.76343198022465097  0.77401734101129793  0.78467454009373117  0.79544827707570620
  0.80615781936860209  0.81674848508845499  0.82748753014968046  0.83839204503740150
  0.84971858551960622  0.86094077022373361  0.87195110543138576  0.88315316792955012
  0.89406781248584488  0.90479767892955643  0.91492670128249098  0.92472758776332165
  0.93438285340952665  0.94356638708932683  0.95256974906569292  0.96186421361006702
  0.97184182402097685  0.98164119651411896  0.99105553400114410  1.00000000000000000
 -0.00225619733355036  0.00911057650025049  0.01968693370142402  0.03049274065300970
  0.04204170070420228  0.05417043919987159  0.06594616688764536  0.07757263443511211
  0.08940218167934764  0.10149074079058359  0.11335431132706461  0.12509813385104357
  0.13715601598185878  0.14926442872766596  0.16100163755510416  0.17249116708025530
  0.18410289478442687  0.19654854896781176  0.20950679157973165  0.22197078625927183
  0.23358702624214447  0.24515724952668094  0.25705840854679768  0.26918289883561636
  0.28072554859101895  0.29145866450510938  0.30185171525433191  0.31233459734209440
  0.32315299503955697  0.33418513678509304  0.34532373970279562  0.35643784203040529
  0.36735562624859558  0.37813681564239338  0.38876049559894676  0.39907138687688987
  0.40944956903495383  0.41990415072532827  0.42973640665931129  0.43922759929309252
  0.44846100037923520  0.45822396010390171  0.46839415754565045  0.47749549490009990
  0.48720344215687517  0.49703576254202658  0.50706860769881001  0.51628123497750311
  0.52546197427827379  0.53513440365259524  0.54606355438476950  0.55810266883792470
  0.56974812118090279  0.58127084695323328  0.59260944207171129  0.60406546128124683
  0.61539568054775762  0.62637232990662783  0.63716870057725905  0.64769709720712676
  0.65821239445005220  0.66899499354572867  0.67959302367281116  0.68975528323859236
  0.69951542075091233  0.70905690029544954  0.71874567585538307  0.72870684466343705
  0.73911938774245889  0.74952713243728275  0.75913593184092298  0.76888435444062775
  0.77940384796862316  0.79004038163678836  0.80017455103106128  0.81003064215960752
  0.82041859888362523  0.83098026520325696  0.84001872085683627  0.84825809350133496
  0.85688737602202969  0.86561910263730890  0.87447414006541824  0.88349614773402585
  0.89264399514895865  0.90226598362757116  0.91226573350748419  0.92229583974491436
  0.93213771777871679  0.94175837997564427  0.95130390707573953  0.96124466198509972
  0.97146985799595542  0.98137622863324403  0.99073769229383257  1.00000000000000000
  0.00389212648669664  0.03652416452908563  0.05337859312727725  0.06544365002318642
  0.07594855563041537  0.08609594541734510  0.09583439057849266  0.10522489441465500
  0.11411995925146264  0.12264147849717447  0.13059161891643586  0.13828189689580109
  0.14605172920996984  0.15393643291933748  0.16188694029728229  0.16949618021064833
  0.17610449097552849  0.18242897343729400  0.18884724805378783  0.19533083142791030
  0.20184704179870741  0.20826381017038237  0.21468593182761869  0.22123397905452236
  0.22778113161568300  0.23437916732788283  0.24093852719800088  0.24744354174538175
  0.25440666333997386  0.26150530257414051  0.26855855593618161  0.27532282026784616
  0.28180113602649881  0.28829183408468351  0.29528124940644834  0.30254085684741089
  0.30952462881941623  0.31669061137444876  0.32414495182373249  0.33178554157916529
  0.33963155654523908  0.34813154954918990  0.35677796565151793  0.36573666978046010
  0.37421056195635366  0.38223102008241450  0.38995837398415500  0.39744695760721105
  0.40485883523479455  0.41220642593981227  0.41937713534345872  0.42684609899143150
  0.43467040168728194  0.44209799317127063  0.44949131674337389  0.45640815542096164
  0.46271760322778405  0.46892679450647717  0.47543846517386346  0.48247760526421868
  0.48935842275804997  0.49584978538618107  0.50233663991107946  0.50997342311822369
  0.51724680493786435  0.52527003999986732  0.53367964735977247  0.54246001310843694
  0.55159981067328512  0.56104257101610855  0.57098424035245854  0.58125601355584833
  0.59107561047906609  0.60034027761475051  0.60919632555522807  0.61784749939939165
  0.62656828131516351  0.63594705880610392  0.64558796722590972  0.65446268631617388
  0.66308435505287289  0.67245701445080208  0.68225144547134842  0.69170439845771237
  0.70164547527507715  0.71441163242412808  0.72901305971828845  0.74326154224200225
  0.75845823393804412  0.77502686244234187  0.79381962030951581  0.81458703996754644
  0.83733836009122220  0.86337151983397897  0.90522404669364620  1.00000000000000000
 -0.02093450081217435  0.15669695491391145  0.21447600376088433  0.24929815615136966
  0.27684404350994762  0.29779372576300578  0.31464047623554264  0.33028258850785402
  0.34413123116305278  0.35709016890210504  0.37054563659792450  0.38205044649336029
  0.39189985660479809  0.40133783253950095  0.41027560461026075  0.41894478946611441
  0.42691239974086248  0.43439615463691750  0.44205709573423330  0.45014466027982991
  0.45784431024234085  0.46548278063899978  0.47328177883719874  0.48116740939411190
  0.48905860887091934  0.49669672677847110  0.50399986336744662  0.51108875749851279
  0.51781872411359209  0.52413175640565834  0.53026075810639073  0.53633675929149516
  0.54218773447086654  0.54825274834442872  0.55435084316130867  0.56044434482139149
  0.56647045532026785  0.57221737413493579  0.57768660182535225  0.58294830091754857
  0.58813166476250456  0.59334181995498469  0.59864284095744158  0.60415647976774123
  0.60975209222743487  0.61534324185103040  0.62094145191068129  0.62642449604530104
  0.63177854084676877  0.63709134601308826  0.64241641744051226  0.64746980048420499
  0.65189380678576958  0.65654155155189131  0.66120818705300854  0.66585945081247799
  0.67035769600536588  0.67471362206413144  0.67911525205786960  0.68366421715385961
  0.68820589679730781  0.69256043236924347  0.69690212667644758  0.70128336800028823
  0.70550292467981590  0.70952300817236391  0.71369517084901668  0.71790352882323871
  0.72224601105950981  0.72666100539466760  0.73109735143836441  0.73564384993951271
  0.74019764499078167  0.74465256984885697  0.74932446465262847  0.75439978859653534
  0.75973381365875181  0.76515111022792137  0.77074804789657214  0.77673014329634693
  0.78291885807792783  0.78937542374204994  0.79605648473597101  0.80297711658900872
  0.81018110874078120  0.81799343477369657  0.82576127306551383  0.83412787484869289
  0.84254280744524801  0.85179916192289851  0.86222774046357975  0.87375225785975763
  0.88666242790202632  0.90357402691700250  0.93119008629189204  1.00000000000000000
   5.5662392778709442E-055  -1.0000000000000000     
 T T T T T T T T T T T T T T T T F F F F F F F F F F F F F F F F F F F F F F F F F F F F F F F F T T T T T T T T T T T T T T T T T T T T T T T T T T T T T T T T F F F F F F F F F F F F F F F F F F F F F F F F F F F F F F F F T T T F T T T T T T T T T T T T
  <DiscreteSampler_grid>
  grouped_processes
  1 # 1 for a reference and 2 for a running grid.
  10 # Attribute 'min_bin_probing_points' of the grid.
  1 # Attribute 'grid_mode' of the grid. 1=='default',2=='initialization'
  0.0000000000000000 # Attribute 'small_contrib_threshold' of the grid.
  0.5000000000000000 # Attribute 'damping_power' of the grid.
 # binID   n_entries weight   weight_sqr   abs_weight
    10   10   1.877218342154603E-044   7.312118222010884E-088   1.877218342154603E-044
    11   10   1.877218342154605E-044   7.312118222010901E-088   1.877218342154605E-044
  </DiscreteSampler_grid>
