 -0.00020385047625552  0.00630107140834196  0.01633501228449563  0.02692526164352566
  0.03787125584980473  0.04916471872360965  0.06012385124970251  0.07117829593944421
  0.08191656801373996  0.09217382417511291  0.10201269446495710  0.11175323136380985
  0.12144519708123715  0.13098418396868999  0.14056986029062521  0.14987581535704697
  0.15893109504433661  0.16783863374232308  0.17647017889803995  0.18492756312732958
  0.19355104016312727  0.20239202871819981  0.21137509484299932  0.22051845183618610
  0.22950981353813310  0.23831514671931248  0.24697565035177660  0.25565836199819275
  0.26433364103520823  0.27284154930620114  0.28124649502176602  0.28965854539951102
  0.29810907608380754  0.30654948752459754  0.31536568680729005  0.32400719585316112
  0.33265940638317643  0.34119870911697281  0.34922307976229061  0.35725325871795310
  0.36546861167224354  0.37384752631455509  0.38235026455581467  0.39092750148215505
  0.39957319978987188  0.40834689652704764  0.41698861138164733  0.42550057389824042
  0.43398040032594964  0.44230509126343370  0.45041517169404355  0.45868252399315462
  0.46692473988690864  0.47514146193230339  0.48332865834490663  0.49154747226022805
  0.49968547540829805  0.50776907798343107  0.51595144309996488  0.52416811848360889
  0.53286591759466329  0.54176156019822996  0.55069858128697025  0.55950264388004622
  0.56828812750369384  0.57728397842998025  0.58667109498498826  0.59640578883517426
  0.60624652915761201  0.61595914962211529  0.62615388548906248  0.63664802305929202
  0.64702811323452036  0.65744241338544451  0.66802439786062995  0.67854859981944093
  0.68898242403599153  0.69942110995992635  0.71010719969086267  0.72079412037106072
  0.73151572373524421  0.74224433411729729  0.75332212869821069  0.76508443480530419
  0.77737686616728130  0.79015165811786781  0.80304588270406319  0.81652745499951307
  0.83089169603560364  0.84653212713867665  0.86398584619167595  0.88166323126670643
  0.90182237923595221  0.92563940694800562  0.95983156611421283  1.00000000000000000
 -0.00279982030654775  0.01026319496114945  0.02250909393380591  0.03450150585698634
  0.04567625016521371  0.05611388394808030  0.06598876146416087  0.07508017387971785
  0.08357656513070558  0.09220163376609070  0.10115955177146327  0.11086789383132524
  0.12122820307192539  0.13215253438492358  0.14370060605981938  0.15410627849605793
  0.16432871890074513  0.17517380538069480  0.18607441873125480  0.19615723994344217
  0.20610604245283612  0.21669296038556382  0.22747192468136079  0.23753446185592883
  0.24750093999073899  0.25851518609077434  0.27046349378049195  0.28250775785074411
  0.29430004267869103  0.30609454689235460  0.31750215497629791  0.32787952909224838
  0.33867391235305910  0.34979035233471190  0.36067741563350503  0.37201646711064473
  0.38301721113682724  0.39318364237533354  0.40257400978291769  0.41159162125203858
  0.42037609814470145  0.42877383452750945  0.43729344866100500  0.44622957136812808
  0.45516421202821744  0.46431666123153587  0.47382758653207019  0.48400299228336185
  0.49487352554090996  0.50584902704126700  0.51675735953421009  0.52803426273996834
  0.53961227065864670  0.55100951807423881  0.56221881273444563  0.57337474024119728
  0.58479357598746096  0.59722621888491967  0.60909592016926972  0.62074565112295654
  0.63177673330336992  0.64321887070270689  0.65505886290610560  0.66656554753201513
  0.67712409122534944  0.68735719559971398  0.69748143588685330  0.70790802618064597
  0.71768259074715923  0.72750950802498726  0.73760145902471108  0.74748451885380540
  0.75726603952077731  0.76675075269094550  0.77634880440684206  0.78625872068436287
  0.79635905646175431  0.80660542382829303  0.81664279914335469  0.82663364135857553
  0.83651625137474284  0.84662552498965760  0.85695073559720358  0.86727347108844177
  0.87777890410125059  0.88853390626449869  0.89945282653178804  0.91082583289089114
  0.92184560965566220  0.93254986629446446  0.94382276063840331  0.95533896143985442
  0.96740062057346754  0.97800722386302652  0.98922631587426502  1.00000000000000000
 -0.00708396813712745  0.05198760653486814  0.08460508702097648  0.10863702304698167
  0.12776638127016376  0.14466572752701304  0.16030094183887381  0.17410172107154626
  0.18703415801851564  0.20007776191751189  0.21279456251850765  0.22507805227819577
  0.23687764942052331  0.24845271806337213  0.25957226897105856  0.26996807698659642
  0.27958733563186411  0.28908697475206729  0.29911674545314282  0.30919220749070553
  0.31895260592361052  0.32864761664746650  0.33880640855342137  0.34920007529633512
  0.35927548287600952  0.36858435451749677  0.37700516163579251  0.38476171624622574
  0.39233181438777576  0.40003285998806926  0.40819105466583117  0.41657594493413863
  0.42465572170768939  0.43232545611517476  0.44013646001652773  0.44815102507975141
  0.45633132528862635  0.46440354410082590  0.47240721022511439  0.48038431609747434
  0.48817386250460287  0.49615207791828714  0.50418340978676823  0.51187969513250187
  0.51929171923366590  0.52638978311434681  0.53347574726001190  0.54073499102765699
  0.54824561788617110  0.55586854403804076  0.56337631586853532  0.57063548302838174
  0.57768600226057387  0.58483100238869534  0.59239455605087243  0.60017964745569596
  0.60814347096545240  0.61627439758054148  0.62450126553892193  0.63251154434306101
  0.64057621481055416  0.64929343425580610  0.65770453013538166  0.66614540936826272
  0.67354258831967728  0.68087282458393650  0.68820288904686944  0.69533968444903782
  0.70232479146852300  0.70903657821554278  0.71546268006082359  0.72180701094173505
  0.72819497248638365  0.73476022954336384  0.74146988842386718  0.74845790021548630
  0.75581223662488983  0.76324364090288677  0.77086177269848100  0.77923163984055122
  0.78784858338560215  0.79636635416004409  0.80490543797758562  0.81356671139006798
  0.82247958609821925  0.83183368299678428  0.84182428238329310  0.85204086891407771
  0.86355800270896110  0.87555776340824132  0.88941137732248454  0.90336637231955186
  0.91891012466571442  0.93771618390778788  0.96188201136739226  1.00000000000000000
 -0.01473582968992509  0.09273041107814796  0.12890883869599715  0.15229414584290146
  0.17103535892174487  0.18747357977400406  0.20229084041526213  0.21494372626626385
  0.22655768495578921  0.23721947981261909  0.24682638405416393  0.25585089490265689
  0.26473982200305590  0.27374066402655189  0.28269326558267549  0.29149195175342901
  0.30026246713179111  0.30889978179232513  0.31723130159111584  0.32525131612540886
  0.33296013918485140  0.34032049454652075  0.34761437988823751  0.35484669366004717
  0.36215136217488875  0.36940507688955732  0.37620029478201122  0.38264222275289783
  0.38893754821295445  0.39529306410605308  0.40134097251868439  0.40737014040882941
  0.41344869705974380  0.41947603169009240  0.42553866459251316  0.43141822245024153
  0.43712392881955375  0.44281424943930714  0.44843710182116264  0.45406623082010389
  0.45989325028943484  0.46596243874713561  0.47179691931525841  0.47737907845805627
  0.48285938160083336  0.48841692153576988  0.49404392093583810  0.49985150615084134
  0.50593279735576491  0.51197344541913770  0.51792156102590592  0.52374478863645924
  0.52927040337632225  0.53503686056098454  0.54085510822666283  0.54655592764000616
  0.55216628040272442  0.55765974646172634  0.56307565228208134  0.56843663308919956
  0.57374510412943525  0.57932058298495059  0.58484051965492423  0.59049817074018218
  0.59593330792177868  0.60140701339635949  0.60750527923110231  0.61370446603887507
  0.61995673195797829  0.62614415605440177  0.63253738791031311  0.63906917394719087
  0.64581243003686650  0.65290151343251313  0.66004513031432055  0.66706148895081074
  0.67402503933346725  0.68102818786267905  0.68846817711395059  0.69655962047871300
  0.70484545715998470  0.71306459809287059  0.72139538047255947  0.73018511634057359
  0.73994208131027539  0.75065467886945703  0.76209118295545764  0.77437297068640509
  0.78698628037433860  0.80006809993068395  0.81410684185958504  0.83023110641917619
  0.84945334298468045  0.87509975213961744  0.91187301738407289  1.00000000000000000
   1.3498692178880243E-008  -1.0000000000000000     
 T T T T T T T T
  <DiscreteSampler_grid>
  grouped_processes
  1 # 1 for a reference and 2 for a running grid.
  10 # Attribute 'min_bin_probing_points' of the grid.
  1 # Attribute 'grid_mode' of the grid. 1=='default',2=='initialization'
  0.0000000000000000 # Attribute 'small_contrib_threshold' of the grid.
  0.5000000000000000 # Attribute 'damping_power' of the grid.
 # binID   n_entries weight   weight_sqr   abs_weight
    10   10   1.280656258379823E+004   2.609966028084823E+008   1.280656258379823E+004
    11   10   1.280656258379823E+004   2.609966028084823E+008   1.280656258379823E+004
  </DiscreteSampler_grid>
