 -0.00014364760338056  0.00599154720982021  0.01608008885704743  0.02723026707360865
  0.03865530454210944  0.05053555295471952  0.06194550643568404  0.07281387428443047
  0.08331587012053068  0.09349529022163866  0.10381221732670748  0.11397256730198824
  0.12383408399269627  0.13328488875757177  0.14265522254361718  0.15198913750085169
  0.16122681608726142  0.17020415886691231  0.17961592709352922  0.18918743863615278
  0.19881298777388853  0.20820014832736181  0.21726630466324973  0.22628595119521686
  0.23533867266576536  0.24405023035829695  0.25269809454575948  0.26133251032016430
  0.26988860121415914  0.27846561763841693  0.28667026188629879  0.29543954760290692
  0.30412915756750314  0.31283062710989368  0.32143671837094240  0.33055221091004910
  0.33977954365236218  0.34880433496466456  0.35752816473545501  0.36601430191631545
  0.37445528898276537  0.38302712011907791  0.39153510046317558  0.39979650400291639
  0.40773626859008788  0.41573920221253241  0.42383213946159493  0.43194995367282651
  0.44001802424997932  0.44795094594170465  0.45574497989610807  0.46350171328681261
  0.47109709748091017  0.47854661011104338  0.48623586066124674  0.49422572315615981
  0.50239630894574883  0.51058285961966998  0.51880914922207211  0.52712152900803211
  0.53550115075405025  0.54429600018492674  0.55336991702313376  0.56244501014486503
  0.57146124608543836  0.58041318421150867  0.58937380145451967  0.59850399878997873
  0.60770817910866504  0.61706079800038549  0.62665441101775421  0.63643860961617660
  0.64629105861718750  0.65612970590848463  0.66576007237954304  0.67567858746739085
  0.68571367863844557  0.69580424177643341  0.70591686071508442  0.71603416003748488
  0.72619490770010697  0.73659442132986797  0.74830199191030644  0.76022939838500769
  0.77223009724374869  0.78445154893648850  0.79716864485925087  0.81048247930497774
  0.82567608704495088  0.84214446276535360  0.85941424591841409  0.87766416059604135
  0.89806577447905889  0.92332604985869449  0.95976205891523569  1.00000000000000000
 -0.00257091798085498  0.01006488796856937  0.02139449552579901  0.03253956673301486
  0.04387083335991739  0.05457312265686568  0.06487065405216050  0.07494853579680340
  0.08509691395623448  0.09574685860359057  0.10711961799070997  0.11867427512966057
  0.13013092715393793  0.14144235066048277  0.15270825906718552  0.16429391812123312
  0.17612125736587736  0.18794819073599753  0.19971540990709757  0.21081231871795530
  0.22095820407136060  0.23023334712776847  0.23885768573630867  0.24751191840741049
  0.25653652240043595  0.26596342080428770  0.27547304797748112  0.28476534392062192
  0.29409885939582303  0.30388877798562014  0.31400595103990037  0.32394445143856737
  0.33397610776331793  0.34444915814059873  0.35529910260735553  0.36707581814871015
  0.37780764361002722  0.38754559763044405  0.39751590132047249  0.40854477790770055
  0.41910507161156202  0.42908127820405695  0.43922847410884491  0.44875860561218728
  0.45817936243939711  0.46797857203548515  0.47819751474934319  0.48788406002835322
  0.49726376365704206  0.50735871306293168  0.51804153580826995  0.52870275980700576
  0.53926035607092404  0.54977428968083397  0.56035377003373432  0.57119759406212123
  0.58169805266915287  0.59159998072758813  0.60113766604521957  0.61093491474564487
  0.62125275025527438  0.63185574395961430  0.64263855779737722  0.65378186652454096
  0.66483763112573802  0.67543798468816807  0.68605497898184131  0.69717283667629626
  0.70866582378793719  0.72055727196255515  0.73294075428062522  0.74563265014895441
  0.75784187754196686  0.76942201035845670  0.78055030248607193  0.79133864523626907
  0.80111442412678413  0.81010557157115071  0.81870596436823728  0.82719538770547540
  0.83593107697452207  0.84509467037301000  0.85466582825584314  0.86556615571996121
  0.87647492514268888  0.88858154255826072  0.90041146391131521  0.91249728876543790
  0.92418392677715244  0.93564144977046226  0.94643367012711099  0.95716367410640679
  0.96770378920316624  0.97843465046793610  0.98904636593820505  1.00000000000000000
 -0.00828713523338829  0.05353375303213787  0.08586171187738341  0.11125980771211701
  0.13239864964043147  0.15109927533932735  0.16750042184761765  0.18226070060852373
  0.19627491165430971  0.20948630406568788  0.22235014458723662  0.23466059781923232
  0.24653750429819649  0.25813472155257089  0.26945458586881188  0.28035249984087618
  0.29109298107543502  0.30226796099356584  0.31331345013047035  0.32340162574024139
  0.33294047179121533  0.34243490017110922  0.35168679126836411  0.36046981915488813
  0.36897238430948426  0.37760010972769548  0.38649033519922543  0.39514818614418362
  0.40348160962262569  0.41158670085754023  0.41989429172427295  0.42856292688658526
  0.43715257789084883  0.44644049900688537  0.45588190094608233  0.46476347548563934
  0.47352307616922529  0.48199727798438802  0.49029235485641726  0.49845468511760416
  0.50666908572365188  0.51454564472606723  0.52236479362836841  0.53028791545726239
  0.53829933486139536  0.54643283126412634  0.55475530277190788  0.56312227981903351
  0.57136142420196012  0.58043195046530094  0.58852290966681031  0.59617088418007336
  0.60368307433967150  0.61115904970539303  0.61844131242867728  0.62581607223365687
  0.63296844442223255  0.64025908825891364  0.64775081007195179  0.65535953803523983
  0.66284584241187627  0.66979460029930327  0.67653236762935620  0.68330735883616345
  0.69039298089252521  0.69741222603016484  0.70452643281967775  0.71152303750985402
  0.71930945827107429  0.72698821608251041  0.73481933540162070  0.74259829162058266
  0.75001152047908992  0.75762955361016826  0.76506234073407609  0.77257156071387445
  0.78028518602463970  0.78811391855760549  0.79610432372501727  0.80436644949423453
  0.81302459367433544  0.82212867414872115  0.83127582919963083  0.84024817799560469
  0.84921952697695668  0.85872886554114158  0.86972628969447774  0.88080836785815575
  0.89179921282455898  0.90344561822400815  0.91575896258395162  0.92900542579690137
  0.94302258585638732  0.95780145881072676  0.97570411909800259  1.00000000000000000
 -0.02100370285846159  0.13184277843912864  0.18273129052785289  0.21564658200171860
  0.24189542225467245  0.26527264824379387  0.28606639207365125  0.30535352280481809
  0.32343783083515826  0.34040332560112502  0.35608033319779880  0.37089878814520394
  0.38454143415652881  0.39777520835933128  0.41094178392869157  0.42351101708607974
  0.43545694797855994  0.44663437855976867  0.45731425881105009  0.46760755402179088
  0.47747116166309483  0.48662443013552803  0.49527260176610410  0.50364307600370473
  0.51165065664016773  0.51941550032419492  0.52718490790032446  0.53496281322075845
  0.54263208701783028  0.55020025313950438  0.55771013770323918  0.56490120174666492
  0.57169111514835991  0.57845118776975335  0.58513192543401360  0.59166588752567273
  0.59800051967155499  0.60409552191060034  0.61009266641119986  0.61614265852404226
  0.62221858918064854  0.62830261216886185  0.63441158679366128  0.64037957892883857
  0.64613256380057504  0.65149543977424007  0.65674637907569944  0.66203390790150884
  0.66730742027176637  0.67259197943147719  0.67785482997245983  0.68311507926375814
  0.68812299099343033  0.69290642794208901  0.69786376814337725  0.70295110625420998
  0.70800384728206611  0.71289894458894976  0.71762995205948965  0.72236895109630017
  0.72714932192623627  0.73184314920591065  0.73648209924077424  0.74115946237492969
  0.74588980755317924  0.75095797774409323  0.75613640264645965  0.76114270469501699
  0.76603408545503238  0.77094221881243485  0.77595703027803797  0.78109595706879753
  0.78635900224408040  0.79150399470735178  0.79674606373249257  0.80201670432648287
  0.80729816168014246  0.81260875253971709  0.81794645620732132  0.82332621181138144
  0.82892588661146638  0.83497728186139886  0.84095229059314192  0.84674854095912711
  0.85254413185994471  0.85859553974126013  0.86513588160959365  0.87219607545886269
  0.87955113515481809  0.88724410793342523  0.89487065626345996  0.90420919510379905
  0.91519338389858751  0.93030345433455708  0.95250182642806591  1.00000000000000000
   1.0414363985271162E-006  -1.0000000000000000     
 T T T T T T T T
  <DiscreteSampler_grid>
  grouped_processes
  1 # 1 for a reference and 2 for a running grid.
  10 # Attribute 'min_bin_probing_points' of the grid.
  1 # Attribute 'grid_mode' of the grid. 1=='default',2=='initialization'
  0.0000000000000000 # Attribute 'small_contrib_threshold' of the grid.
  0.5000000000000000 # Attribute 'damping_power' of the grid.
 # binID   n_entries weight   weight_sqr   abs_weight
    10   10   3.072917871739589E+003   3.496826967011513E+007   3.072917871739589E+003
    11   10   3.072917871739589E+003   3.496826967011513E+007   3.072917871739589E+003
  </DiscreteSampler_grid>
