 -0.00046978006886559  0.00764346372727097  0.01764638929298817  0.02868845313619612
  0.03936115509983369  0.05066394809847490  0.06190979942523846  0.07250884377121708
  0.08265629671488131  0.09280002639856742  0.10284304603830578  0.11276103853381964
  0.12267604754854836  0.13259995885576906  0.14240520610404686  0.15204142022550921
  0.16123776424147626  0.17010483769056298  0.17884740384367404  0.18807103051738025
  0.19790507681873434  0.20791386557322039  0.21726655732995204  0.22616680793524063
  0.23484189423214347  0.24364496009535097  0.25249363375159040  0.26142632359282586
  0.26990014218350467  0.27811795853714499  0.28654905112490270  0.29506365875227081
  0.30408162316926196  0.31323818447934476  0.32220308281640386  0.33103255833946427
  0.33983262034764694  0.34861569327081021  0.35734866713322877  0.36604387312819742
  0.37447173376957860  0.38262158928826712  0.39058864291118162  0.39859527045581911
  0.40655832788898516  0.41451354217958164  0.42248318433384136  0.43042541909440629
  0.43831543237375020  0.44618110113098020  0.45400775515642150  0.46173733805873901
  0.46956507906481243  0.47782449850154557  0.48598461214684519  0.49397226348322715
  0.50189205980106344  0.50993414717151020  0.51861754908625501  0.52730040254872279
  0.53607790984632442  0.54505545385809362  0.55396896624109937  0.56271798953824370
  0.57149955851337952  0.58024391381614149  0.58897976109557693  0.59773394992345452
  0.60660432294200906  0.61558340674653522  0.62463141172410064  0.63378940800204620
  0.64330275524305158  0.65318901520580719  0.66311433587277280  0.67312567474811713
  0.68322788484528862  0.69362901872317695  0.70439405645509445  0.71487155505232847
  0.72565550446093541  0.73666691870689449  0.74869859900029057  0.76134024959772906
  0.77387429441081690  0.78651494454760384  0.79988568844463159  0.81406187482631820
  0.82899134780033334  0.84445592691030913  0.86116003247404815  0.88095913573865303
  0.90161694256363978  0.92520905065703452  0.95867582082811520  1.00000000000000000
 -0.00185800670391856  0.00919463779927919  0.01849900020041458  0.02828546139712389
  0.03810705104005863  0.04838113586971334  0.05847684214160485  0.06965655599646546
  0.08024161037608919  0.09158182907719825  0.10203482031526846  0.11407248745304856
  0.12538150708098933  0.13711060604537856  0.14884469936445333  0.16089200674665019
  0.17240869425225752  0.18321181302992454  0.19374205858700697  0.20430224631471436
  0.21488150115510748  0.22522297684379475  0.23516825229090496  0.24474016880649854
  0.25443552878984937  0.26417642221234405  0.27437461563935811  0.28517331007853097
  0.29610287825005832  0.30722569621758233  0.31813503072402077  0.32921482287056503
  0.33974737887187073  0.35024500468233144  0.36089552059609759  0.37171943141761782
  0.38214310273250762  0.39223330621588326  0.40236927216892654  0.41251413164472711
  0.42248571489366243  0.43235533846378377  0.44222286318824860  0.45226252019365304
  0.46222989452370367  0.47217361772891658  0.48239546959275120  0.49279035821984490
  0.50348512435106918  0.51385664429772748  0.52427323563840778  0.53419091362763693
  0.54417099500303345  0.55437722378083376  0.56479235033633746  0.57614205134079310
  0.58786074961911949  0.59952431106005122  0.61043121005416712  0.62072880926783125
  0.63096223186155209  0.64121983499621815  0.65184771904058469  0.66316451447699809
  0.67482824376716510  0.68645998401188546  0.69715148572905450  0.70753702051211487
  0.71783429442824154  0.72780942881680832  0.73756559649665498  0.74786661675292698
  0.75857432906408395  0.77031963220764610  0.78228041282135297  0.79435094991617072
  0.80495789709773280  0.81556988874439118  0.82563248184404614  0.83576857464184873
  0.84539437728566946  0.85515074366673227  0.86510056133777735  0.87531264292079392
  0.88568143780305741  0.89604897735335964  0.90648993553056878  0.91709451349704041
  0.92804742133370899  0.93890438589927683  0.94927648064535264  0.95959865235072628
  0.97008399338305018  0.98074217648919637  0.99034887020890960  1.00000000000000000
 -0.00729768030763332  0.05682551952292834  0.09119234940558349  0.11708961621632483
  0.13906197450386654  0.15815738297779436  0.17516081147656976  0.19118257622767962
  0.20670286154082809  0.22161666818314291  0.23526205475184550  0.24811967950429620
  0.26017068146522854  0.27209501712312795  0.28346547978346970  0.29462885027643537
  0.30489388865764816  0.31467713616687421  0.32371973173473045  0.33259600710795212
  0.34154623170126214  0.35077300860203725  0.36005623000237097  0.36875897025561383
  0.37727768676561579  0.38577258174961804  0.39416394473621658  0.40247434800717224
  0.41072546336707266  0.41865866517843203  0.42606438294299587  0.43324737789844814
  0.44048250762559849  0.44773049408458371  0.45489477553041829  0.46210071800237029
  0.46909976048286034  0.47608854552908214  0.48305171240329337  0.49037290632718983
  0.49777572204995585  0.50511399788687683  0.51219414132986629  0.51931014088831562
  0.52664534663453733  0.53448958993334084  0.54259363521518733  0.55116153037331872
  0.55986759893379034  0.56796069042600494  0.57575242744462207  0.58313982417155630
  0.59023209768258034  0.59714786488357652  0.60399023682433317  0.61038696110054536
  0.61639080693668413  0.62226205119144762  0.62815956269385043  0.63443860224188686
  0.64089760972678278  0.64743270004175535  0.65373224798761387  0.65987547159760662
  0.66609531662925348  0.67295073193023680  0.68040268265147363  0.68789312990077145
  0.69477895193890438  0.70136960509690782  0.70764148216483180  0.71547635994808856
  0.72314445875933175  0.73092426168804459  0.73856514097733184  0.74613987424980377
  0.75411040332222645  0.76219850329301475  0.77051189279735433  0.77904368722520956
  0.78762119407633624  0.79656371900102718  0.80570856705595129  0.81502339357087028
  0.82486899811434133  0.83505691723808773  0.84496429944782736  0.85460364462140870
  0.86432535104112940  0.87458068343744710  0.88574801302202422  0.89848792280856882
  0.91406178902080604  0.93184490296362021  0.95701980411959153  1.00000000000000000
 -0.02025409853133917  0.14208532168148158  0.19397535847836800  0.22331710071105726
  0.24640727586256805  0.26715899572200674  0.28523362326053753  0.30140907935642947
  0.31589186518605328  0.32905339288618746  0.34126339119252025  0.35258826494124784
  0.36292035079141072  0.37278734113306305  0.38245783257142230  0.39191836489474335
  0.40108922007045844  0.41011831906879109  0.41916342422938424  0.42829819691438059
  0.43711942627622952  0.44504697410081978  0.45222295195084911  0.45901574013971796
  0.46564614096727347  0.47222774714598437  0.47875329051823462  0.48504815441347859
  0.49120219678838684  0.49742509358729126  0.50383534093677762  0.51077440488765113
  0.51767083158332994  0.52430474599946852  0.53032195860127529  0.53596700232121786
  0.54179301283526438  0.54773617689304999  0.55375685729272195  0.55979176737133407
  0.56554963095748145  0.57081391848604945  0.57611332044668861  0.58144766448868312
  0.58670454551303275  0.59207351113689466  0.59728042218557975  0.60230754221319527
  0.60704897872363539  0.61160556936191579  0.61611953192084157  0.62055172074790321
  0.62507625192681726  0.62996409358244088  0.63507676254224965  0.64013554002154338
  0.64520514701608134  0.65010560176394339  0.65501401787202196  0.66005604156511999
  0.66520133607408782  0.67042606092211710  0.67559742120581545  0.68076592628472621
  0.68597931898144948  0.69121174025273391  0.69644038296034372  0.70180622518640945
  0.70705875175540145  0.71228099757207097  0.71749028571971929  0.72264069342619663
  0.72784276532932346  0.73317674550172107  0.73865403957052056  0.74420314446723079
  0.74968814568664166  0.75513772170118176  0.76069825381313916  0.76646641101113933
  0.77223945124615534  0.77804736810713759  0.78412929040827328  0.79076248401993077
  0.79784790847002485  0.80504279626166353  0.81253148466750491  0.82079261649481150
  0.82952087934763008  0.83991642770207764  0.85152869007821819  0.86369424020094931
  0.87740127136505364  0.89460717099890519  0.92383934215353636  1.00000000000000000
   4.3425278411302635E-009  -1.0000000000000000     
 T T T T T T T T
  <DiscreteSampler_grid>
  grouped_processes
  1 # 1 for a reference and 2 for a running grid.
  10 # Attribute 'min_bin_probing_points' of the grid.
  1 # Attribute 'grid_mode' of the grid. 1=='default',2=='initialization'
  0.0000000000000000 # Attribute 'small_contrib_threshold' of the grid.
  0.5000000000000000 # Attribute 'damping_power' of the grid.
 # binID   n_entries weight   weight_sqr   abs_weight
    10   10   5.832757784369382E+003   8.798906513073248E+007   5.832757784369382E+003
    11   10   5.832757784369382E+003   8.798906513073248E+007   5.832757784369382E+003
  </DiscreteSampler_grid>
