 -0.00025998777551116  0.00692493051392556  0.01722645504810225  0.02833191426505423
  0.03967264383628144  0.05088617967093156  0.06242330347998468  0.07371588315668816
  0.08384467870543352  0.09391638418966015  0.10433808724402981  0.11455716748966228
  0.12454813372324075  0.13422501222637973  0.14378225467898789  0.15324857871779640
  0.16282669417679480  0.17232931278732871  0.18152901334317356  0.19067522918792518
  0.19969747319466433  0.20870700514281293  0.21742816767222978  0.22587188343613973
  0.23435897919172111  0.24309745483033460  0.25195541352097367  0.26051141575772802
  0.26903527473666633  0.27740133384131410  0.28622316398070519  0.29538790409265359
  0.30462655387529097  0.31364195984881921  0.32265904725441824  0.33123663003840803
  0.33930425735529635  0.34725117324576188  0.35519247124326037  0.36313989765928562
  0.37130162825288793  0.37945448132499249  0.38743062125114280  0.39556932980637671
  0.40377285180302225  0.41210080784721737  0.42035255503182173  0.42893297101127753
  0.43784244200796207  0.44663879158291642  0.45530903790959731  0.46384417870038591
  0.47233885540976422  0.48081196897666512  0.48933570367315699  0.49795980253490135
  0.50670795956091264  0.51559126089236273  0.52452661301191605  0.53339004998711204
  0.54226352993760252  0.55123143756846904  0.56031811019483080  0.56948480721624339
  0.57870192937162668  0.58797698526956754  0.59726284430993126  0.60668722755351723
  0.61631082247892444  0.62601556063684805  0.63546631334172032  0.64527524447777562
  0.65517848790100475  0.66527865425368793  0.67548811224235872  0.68554106791162139
  0.69573375934685311  0.70596764804155199  0.71680487789220060  0.72787989247723350
  0.73904122119744586  0.75017225742164917  0.76125554697326325  0.77266847017564055
  0.78476854752213820  0.79765713120635262  0.81100092322845752  0.82463980726992425
  0.83912268954771452  0.85517057498817595  0.87224542224822343  0.89054354708531147
  0.91034005791605777  0.93331898378222256  0.96344789742766002  1.00000000000000000
 -0.00185819521444217  0.00982507882212554  0.01943061915897358  0.03010370346881618
  0.04043711920422129  0.05105787025170664  0.06181132867780034  0.07290232138064952
  0.08408447499678694  0.09493203694088104  0.10547142361327046  0.11592542941420872
  0.12624493797216374  0.13698910466531028  0.14822406131957633  0.15964494006810206
  0.17092481250530497  0.18224624154875921  0.19292082756861906  0.20387196745216432
  0.21554100743906679  0.22740109643907069  0.23902718952579141  0.25041595980154235
  0.26170161506022366  0.27285139124971525  0.28383134837317170  0.29462200901361568
  0.30520077892914504  0.31607599301566702  0.32734661865295400  0.33846618598601574
  0.34931077065863092  0.36014700226477037  0.37086934060581678  0.38095127976239263
  0.39028303339019987  0.39946782297305916  0.40871144028381262  0.41806013598487318
  0.42721261500450408  0.43620803334079966  0.44557391169419475  0.45567061840566830
  0.46709575583289120  0.47885853668162232  0.48982252508084467  0.50040334328506941
  0.51112795075330397  0.52168274339647758  0.53197457669993542  0.54222923107780296
  0.55323993080916467  0.56407619461405079  0.57411047702322227  0.58379145611883698
  0.59332119389047411  0.60331209813067121  0.61319683997862595  0.62305455321356151
  0.63311051588543421  0.64340325265619969  0.65456224783411476  0.66576132573527469
  0.67638830806904493  0.68667088600596404  0.69687793066374026  0.70700503944016324
  0.71712290224184772  0.72726041446374323  0.73726912270923284  0.74727902177223571
  0.75687725448127718  0.76649723022608018  0.77606656960306020  0.78585752273173470
  0.79611564959572878  0.80679418496831090  0.81768743524687137  0.82873364477244182
  0.83988121045889663  0.85145752086919579  0.86330042851533251  0.87471914969820874
  0.88542013218033888  0.89597440792734817  0.90664981782731346  0.91748039360124845
  0.92759716894204758  0.93781243304430195  0.94824961168916244  0.95876750935662924
  0.96868852895781155  0.97890908313198943  0.98931865251939699  1.00000000000000000
 -0.00787239572459929  0.05432463271029120  0.08829268997760337  0.11351841654662195
  0.13328765771144999  0.15111003372415910  0.16677711611809617  0.18258347707587252
  0.19760936243491614  0.21185816364252660  0.22548558306710473  0.23813049278077497
  0.25030456324856881  0.26230711098970155  0.27369401362184959  0.28442316683718660
  0.29493488781507832  0.30551495388855987  0.31564067670499824  0.32501499635157893
  0.33395962336357521  0.34290835172023398  0.35174311389427515  0.36009850950482447
  0.36791012749450891  0.37546205943460931  0.38307192366820147  0.39077969339769658
  0.39839405719824172  0.40561275794610974  0.41263006711966727  0.41963967160754467
  0.42663914760670413  0.43361894636780601  0.44046700011652168  0.44707642050680063
  0.45360507815305184  0.46025513818695779  0.46720407389057783  0.47442546197248026
  0.48173378512925147  0.48896639077943416  0.49603356915970226  0.50275173656720074
  0.50928261238851902  0.51566162467613852  0.52200276481347241  0.52833437456252619
  0.53492891094927320  0.54181619412868631  0.54834817115983936  0.55472454452980080
  0.56080282381797419  0.56708035923475875  0.57338644595103427  0.57976292730940726
  0.58655793293556502  0.59333175505335245  0.60012519688166244  0.60699961721661910
  0.61398911080261009  0.62111996518474599  0.62854029179682247  0.63620635308741591
  0.64386867571234752  0.65140745557058644  0.65856290273785201  0.66565454432864390
  0.67310375279108092  0.68060385969402204  0.68817709539868566  0.69562577817025140
  0.70322417140824056  0.71096415507810296  0.71905227588984588  0.72716451883154676
  0.73519992061826234  0.74316349044770502  0.75146135960293559  0.76024231521626073
  0.76914485440329350  0.77838602707524029  0.78780418454269086  0.79766484137548566
  0.80781598764137352  0.81834085306533666  0.82933141690221590  0.84061900400784340
  0.85209051666322644  0.86417948440610659  0.87678128210936035  0.88998560579049846
  0.90609005150443789  0.92680304311533512  0.95494886708838800  1.00000000000000000
 -0.01358918752231261  0.09335762506858583  0.13416691462670247  0.15893824207790408
  0.17709906191843064  0.19256832546896249  0.20645336412164189  0.21906852310887109
  0.23099927148780308  0.24272884066952841  0.25355337859182980  0.26352357194589549
  0.27316736632987737  0.28261204712890620  0.29204078167612618  0.30137377605328708
  0.31036707034477251  0.31955886979624443  0.32845544386549269  0.33695786756391460
  0.34498006357543276  0.35253962807514277  0.35960218122600451  0.36617402787761955
  0.37321899590612950  0.37951873644602763  0.38553614993321716  0.39151836912389909
  0.39740779245228142  0.40315985344419114  0.40895051013963579  0.41477564789923332
  0.42061360748283444  0.42641938428846160  0.43218020467711110  0.43789390718439841
  0.44353693401398675  0.44918793120618117  0.45493552055982023  0.46056478605738743
  0.46577194129552235  0.47101306181191516  0.47624850443669420  0.48135885729541489
  0.48613483652238992  0.49083259406561647  0.49561058036333527  0.50052355710535357
  0.50551930518052113  0.51048099276136705  0.51538887553988189  0.52046819413186829
  0.52576491594056152  0.53110817757363971  0.53643323737772519  0.54180127349554974
  0.54728927665832017  0.55294786317534006  0.55876275692012123  0.56478340875662836
  0.57096284440552070  0.57690631207084564  0.58297919775647378  0.58873121326549105
  0.59471601326590984  0.60060288279406315  0.60661779968729390  0.61280224743252321
  0.61903544084707640  0.62512562993336929  0.63106326424389669  0.63706149634656872
  0.64337124754947284  0.65026550768045066  0.65751916083616702  0.66462666167176065
  0.67198991808912167  0.67980230845027501  0.68760399100092084  0.69561118187120385
  0.70402609823211371  0.71262386874312078  0.72125006136867187  0.73004531079249146
  0.73875879147187040  0.74794694449188492  0.75825245271780206  0.76933131724734294
  0.78115723859296959  0.79382793482933511  0.80837996520182642  0.82454781935043853
  0.84401308709990053  0.86950641897173631  0.90893743796427462  1.00000000000000000
   2.4767383854732114E-009  -1.0000000000000000     
 T T T T T T T T
  <DiscreteSampler_grid>
  grouped_processes
  1 # 1 for a reference and 2 for a running grid.
  10 # Attribute 'min_bin_probing_points' of the grid.
  1 # Attribute 'grid_mode' of the grid. 1=='default',2=='initialization'
  0.0000000000000000 # Attribute 'small_contrib_threshold' of the grid.
  0.5000000000000000 # Attribute 'damping_power' of the grid.
 # binID   n_entries weight   weight_sqr   abs_weight
    10   10   2.085929207787784E+003   1.280956278004151E+007   2.085929207787784E+003
    11   10   2.085929207787784E+003   1.280956278004151E+007   2.085929207787784E+003
  </DiscreteSampler_grid>
