 -0.00139284723345062  0.01721199099356847  0.03502163636399859  0.05083319156202975
  0.06541715774829585  0.07904798860756411  0.09198294915980235  0.10424614353165587
  0.11597714939078657  0.12715609316965321  0.13788823320894003  0.14829049966128285
  0.15857299562355642  0.16870540768046519  0.17863416866436171  0.18824714699185977
  0.19776920290024000  0.20719610089694784  0.21650751363919885  0.22572149374293846
  0.23472033476112431  0.24353518983736167  0.25210123421004277  0.26053439178635440
  0.26893729475630823  0.27743499994880111  0.28595128699651562  0.29436454827015734
  0.30261388920410776  0.31075763389573785  0.31874973269940765  0.32664738086023487
  0.33450229863960090  0.34233691969846314  0.35021873654709529  0.35809176508238288
  0.36604206758228869  0.37391359387798606  0.38181441652360082  0.38976310095604699
  0.39770970893836294  0.40569741474970916  0.41345652057616261  0.42143849118934851
  0.42947560853215733  0.43743143423183500  0.44529281801001669  0.45310090097887568
  0.46084266264749940  0.46852181265675152  0.47620049500686717  0.48393665633926880
  0.49172641726567806  0.49954477217132504  0.50743711736538744  0.51534696830030924
  0.52326452401545387  0.53122188883189414  0.53928259186685645  0.54752215247269542
  0.55578485710998560  0.56403013882183639  0.57223882430193362  0.58037473371136095
  0.58850469950697482  0.59675829942229552  0.60509544981506347  0.61345861549650160
  0.62186216958952667  0.63031977639638270  0.63879090192541266  0.64749071800726854
  0.65646125023460111  0.66573768407534428  0.67522734546640883  0.68484479914396601
  0.69454743366491267  0.70429607221266688  0.71420450408201452  0.72472557428131479
  0.73515831802892928  0.74562194334796006  0.75640981046512223  0.76762689351791746
  0.77938955166825763  0.79192735178482221  0.80488692798816941  0.81817852009469538
  0.83218000772785761  0.84688362722027610  0.86292561003158852  0.88110420497675179
  0.90067166675710664  0.92446425398269838  0.95840272865213549  1.00000000000000000
 -0.00297993349623594  0.01039536511094810  0.02164029413190403  0.03251764748567120
  0.04309720717724646  0.05349185172195599  0.06388426001840132  0.07433778830210795
  0.08497412581663136  0.09565377015034894  0.10623792601083962  0.11658186131864018
  0.12679556733699815  0.13697479819676001  0.14738248268891099  0.15773819609620149
  0.16834776292859310  0.17930767309168344  0.19030981176774975  0.20113047712391222
  0.21159225263081963  0.22194937430714903  0.23224040453471728  0.24249929111284393
  0.25291517616253162  0.26327895269528268  0.27388507384976768  0.28465390959243264
  0.29586507440743237  0.30714358859097607  0.31830593456225897  0.32930341863041973
  0.33988710888417195  0.35036426499521800  0.36080155885687848  0.37147730425250391
  0.38233717617484625  0.39313040363646118  0.40391620422856672  0.41445747779683850
  0.42494692045198557  0.43543793641381373  0.44589917662630407  0.45629766722413945
  0.46684783370584498  0.47711719851669165  0.48708682568225026  0.49705768210829387
  0.50729183805860201  0.51797043614766214  0.52803305499622988  0.53800022825087956
  0.54785862812261077  0.55736682581774510  0.56736590606405279  0.57773706035803607
  0.58872706758130400  0.59929557752500362  0.61032876391216118  0.62153599763536738
  0.63282519105504553  0.64395354454141385  0.65499629890536726  0.66556806026281923
  0.67577692958977498  0.68599043686851013  0.69617343082728478  0.70637200198438610
  0.71660051964518956  0.72676535861775238  0.73683469086737674  0.74692955215497236
  0.75722619917848977  0.76739688095966629  0.77753797988328177  0.78759636746969186
  0.79801298154950462  0.80882833467838688  0.81982145880854929  0.83060067627833034
  0.84095960101522016  0.85119030617728775  0.86166608419911939  0.87235806747562283
  0.88319651737284244  0.89385602555173804  0.90490472065572691  0.91565960887512288
  0.92632037128213973  0.93669556314202618  0.94723419367486628  0.95794737285356768
  0.96840690324833834  0.97888525944326510  0.98958252826591242  1.00000000000000000
 -0.01425119144228185  0.07500568406652841  0.11342913969031035  0.14154754032020775
  0.16571095293367968  0.18644613949307653  0.20460197809875377  0.22159350780215648
  0.23704959321905239  0.25104223289604616  0.26416809612651693  0.27645768100564816
  0.28792770068928875  0.29922853876765432  0.31047220335421338  0.32157135520505298
  0.33233210709367650  0.34285286364365153  0.35323290643241095  0.36356694196395656
  0.37362949665023437  0.38327723117648327  0.39252524517237047  0.40155855146724984
  0.41054052500646820  0.41935759680812257  0.42791489046437087  0.43622257518289781
  0.44427861716595118  0.45221575479160708  0.46010743515031055  0.46800705147545052
  0.47582840238878921  0.48363415389001696  0.49145995803468007  0.49934931747143002
  0.50730025095634323  0.51509400040143616  0.52261788340048476  0.52985683848715837
  0.53703218552423559  0.54455987616129919  0.55232061017803713  0.55994737675823936
  0.56727377451717209  0.57442916987798320  0.58149926418590281  0.58841506822629774
  0.59520028464825803  0.60191334506239069  0.60855837408148761  0.61517368324928523
  0.62178122250573853  0.62838538160313007  0.63502756397245697  0.64169434372125789
  0.64831777890303210  0.65489032019618665  0.66160218601205267  0.66820610247852530
  0.67467276109970375  0.68109337530229830  0.68764534838994107  0.69413673330268533
  0.70067818252840763  0.70710889859361381  0.71374286157387967  0.72042143740258135
  0.72713764786507717  0.73389805183210499  0.74072278599166996  0.74759840494870655
  0.75458838424744001  0.76153938537662313  0.76852662432233743  0.77570046066196996
  0.78299229308445240  0.79036175917185747  0.79773732861648194  0.80521564423285141
  0.81287825997320007  0.82048564450225725  0.82805086314933884  0.83577545099057393
  0.84364866173354047  0.85179384133005387  0.86056470531019869  0.86994306146372447
  0.88008594844200172  0.89092973772439976  0.90206020456709468  0.91368405132786978
  0.92650339351372724  0.94178698697323526  0.96319626953760751  1.00000000000000000
 -0.03377873834708620  0.17155915597498408  0.22471253712007308  0.25959473148227918
  0.28719172882439231  0.31051641765474192  0.33118350952784087  0.35000224352064097
  0.36693989206196675  0.38227528569284031  0.39633901547530392  0.40930574811757009
  0.42149787462816213  0.43306582903138063  0.44398280307417154  0.45419714451452792
  0.46387661382475925  0.47311086815647679  0.48218841536167539  0.49088846658960877
  0.49927927325513655  0.50725271109274972  0.51504389414426888  0.52275848735304320
  0.53039030195717340  0.53787268265638077  0.54487681591986914  0.55153607665608462
  0.55808141914096410  0.56448093483282935  0.57065687749826177  0.57671480777164963
  0.58266600513388378  0.58839730714920324  0.59402955340118180  0.59964828163697337
  0.60524981301708458  0.61080268841175744  0.61624715207273151  0.62159815024790965
  0.62681450623562396  0.63194095944468698  0.63699190980313569  0.64194996917752778
  0.64686518962954642  0.65176341973844731  0.65665860273821208  0.66157745494857090
  0.66655201592087110  0.67154593943403185  0.67645384905045536  0.68131205584218690
  0.68605781745212291  0.69079420071955477  0.69548498090943145  0.70017321927384812
  0.70483039794538194  0.70945625931663681  0.71406787647729753  0.71865991513951966
  0.72320583968387542  0.72765514789226493  0.73204368946174114  0.73646694918760502
  0.74093845156474769  0.74545935552022913  0.74996835014890040  0.75448776062545553
  0.75905742394027442  0.76364476952016147  0.76826308315280034  0.77289645008952323
  0.77750021366564404  0.78211326564505534  0.78677959191474667  0.79146636904909029
  0.79617080464029211  0.80092551675268153  0.80576819483073969  0.81069450898248163
  0.81572303986335537  0.82086862305784714  0.82612457186870236  0.83155477470622063
  0.83726325344252495  0.84323207573375525  0.84943550031718185  0.85613704588743045
  0.86351282238464622  0.87145612586539645  0.87999660668924284  0.88942928985097980
  0.90055617062448479  0.91528682950662577  0.93818058458166653  1.00000000000000000
   2.9717693370611603E-008  -1.0000000000000000     
 T T T T T T T T
  <DiscreteSampler_grid>
  grouped_processes
  1 # 1 for a reference and 2 for a running grid.
  10 # Attribute 'min_bin_probing_points' of the grid.
  1 # Attribute 'grid_mode' of the grid. 1=='default',2=='initialization'
  0.0000000000000000 # Attribute 'small_contrib_threshold' of the grid.
  0.5000000000000000 # Attribute 'damping_power' of the grid.
 # binID   n_entries weight   weight_sqr   abs_weight
    10   10   2.128025736050125E+004   1.572813363652171E+009   2.128025736050125E+004
    11   10   2.128025736050125E+004   1.572813363652171E+009   2.128025736050125E+004
  </DiscreteSampler_grid>
