 -0.00030595752769626  0.00681128346222242  0.01671299722577171  0.02745481142811997
  0.03860451591910681  0.04952002518660556  0.06024537007916997  0.07135340448058522
  0.08262512913871427  0.09343934409733712  0.10387132299350721  0.11399832014848460
  0.12388925244900724  0.13347851778675918  0.14292970436986188  0.15243529785422555
  0.16219872240193087  0.17156599128633243  0.18058384292607760  0.18938888343835644
  0.19809860604011353  0.20664630999731284  0.21494065989388372  0.22321353257062776
  0.23166142667217399  0.24003040022679661  0.24893259033330459  0.25794634346334994
  0.26727319775161662  0.27674971863422637  0.28617586029743419  0.29531995942227202
  0.30429114436576238  0.31316125064699585  0.32201845021898823  0.33084700261016398
  0.33964780827188779  0.34837150146730067  0.35685343948248283  0.36513255362251934
  0.37402474074847036  0.38306593839276576  0.39209753008605314  0.40125063375844389
  0.41044492004313626  0.41961370607987075  0.42870476666669971  0.43711766061529767
  0.44558209535852250  0.45405525175922257  0.46248155164009108  0.47073768387302101
  0.47863933486355714  0.48619356721765666  0.49381177960147910  0.50158029926122993
  0.50944825070821409  0.51734787047962039  0.52519473083324619  0.53315820841208450
  0.54130191603269329  0.54962391367716679  0.55812884564244247  0.56674807081959810
  0.57532449904730443  0.58407485840956941  0.59268396145733726  0.60112335799032213
  0.60989019938494293  0.61912501117816143  0.62842456819487524  0.63783338924426747
  0.64736580186299308  0.65741642655904609  0.66768572026280537  0.67804449206001871
  0.68847611617877313  0.69879055938659895  0.70917079120129489  0.71955137767855049
  0.73027183079989921  0.74111921159798488  0.75211178827612590  0.76323575386438769
  0.77470522749418624  0.78796257547010162  0.80186478315077103  0.81612641865117974
  0.83065151399432713  0.84603777715046691  0.86284390824984969  0.88113318540899077
  0.90096330029321170  0.92406643122621157  0.95990492965299468  1.00000000000000000
 -0.00259680634598290  0.01024440068870687  0.02148190253939711  0.03223898483475195
  0.04343948340444070  0.05416281838997860  0.06483427765214454  0.07534891078350847
  0.08609026229604941  0.09776118173145103  0.11056201032414556  0.12425595702912254
  0.13801589980719878  0.15099594370636193  0.16287839824782904  0.17390173537435263
  0.18556250406013033  0.19708768863708814  0.20911075913291813  0.21999506899846866
  0.23044981503395770  0.23948672451327704  0.24806707395096686  0.25696050684297644
  0.26602213676356995  0.27532022624955960  0.28446520362123551  0.29380861345141362
  0.30345200750886281  0.31342722111023363  0.32384878401159695  0.33433747089828175
  0.34456191132910774  0.35504791929179053  0.36643422389664232  0.37757844961660936
  0.38762450676876614  0.39750651699165107  0.40803076905601132  0.41857844061581573
  0.42854847885616704  0.43819710491354485  0.44776988704341758  0.45719530043455237
  0.46629680107350663  0.47550764571439291  0.48563902239612605  0.49524067011781792
  0.50456756420094107  0.51462528102641170  0.52482610971324017  0.53504336310010780
  0.54478841016296942  0.55440026938468168  0.56407578823233739  0.57360534605110569
  0.58308237820681452  0.59260684360646176  0.60198482809690845  0.61154005547123147
  0.62153666456575418  0.63225111535832113  0.64359857387163522  0.65443652658009277
  0.66494504205607763  0.67531364278739958  0.68584102753460230  0.69652688258726836
  0.70772165921878649  0.71903412810725598  0.73041384352553729  0.74237454498991029
  0.75371528940867016  0.76476948813855528  0.77584416931729827  0.78691064700980529
  0.79716443680625726  0.80615460588494303  0.81502633040305095  0.82385516292683625
  0.83281384155070493  0.84228989167713197  0.85222880783281285  0.86309127929561369
  0.87471638868175161  0.88689332128153320  0.89970392817590450  0.91339730844164924
  0.92531397403751503  0.93697833228433847  0.94789548728178719  0.95873707095643423
  0.96905089960008750  0.97937056904290754  0.98957581363929914  1.00000000000000000
 -0.00770805467953847  0.05647065386992975  0.09127005173783986  0.11730252844724415
  0.13852255673513073  0.15687119880396214  0.17331942835907202  0.18830848856683008
  0.20251255466140458  0.21646344794415517  0.22982941799742121  0.24246911867909682
  0.25480764879124773  0.26743785891906174  0.27939381115233736  0.29124875100345671
  0.30356223834551971  0.31531510220945824  0.32619593854260431  0.33675192982994023
  0.34718271307503862  0.35688257971648829  0.36574601150967595  0.37454189257576487
  0.38367676695951991  0.39270289539216652  0.40123096860470564  0.40929784193350927
  0.41732138405051999  0.42546161727571197  0.43353722206860845  0.44166526061604211
  0.44994066008613165  0.45824209758115464  0.46665854829444392  0.47502595418144866
  0.48311099128252399  0.49084047786786467  0.49881418306050690  0.50625458767009246
  0.51384073498796834  0.52123738187694746  0.52850119267018025  0.53571403138966700
  0.54320273222139603  0.55090882314144207  0.55850908664121646  0.56591793642103960
  0.57347566853910648  0.58139695338131336  0.58908065396023312  0.59640786389505884
  0.60366097658019879  0.61067635900602479  0.61769472016830185  0.62481152910742710
  0.63199340537367388  0.63948411599854971  0.64671061137725372  0.65375379337294115
  0.66059560663202321  0.66708598306326716  0.67335971467016453  0.67958079372278579
  0.68616057892435922  0.69282939774756291  0.69962698027986392  0.70622879767834645
  0.71351337520891722  0.72092100345652876  0.72845723320805700  0.73599096007419285
  0.74336519162548431  0.75069357812431681  0.75807337304282341  0.76554444496181973
  0.77314268388365992  0.78077597673917454  0.78840595119744239  0.79620537056614860
  0.80441864116918760  0.81296819125488873  0.82176781861071146  0.83034816177506510
  0.83924798137923007  0.84809365187946684  0.85779404292709671  0.86779662257390644
  0.87810561503655338  0.88838168007885865  0.89932146532876722  0.91171989330584391
  0.92569555417670579  0.94231160731437624  0.96497234573933044  1.00000000000000000
 -0.02237398537597077  0.14908695000602637  0.20426179228652072  0.23791535693782351
  0.26494857694159585  0.28714751157252705  0.30712685127094230  0.32638226600475978
  0.34480251125825784  0.36198024605976681  0.37696304844679251  0.39042430491142727
  0.40340347258344850  0.41576091161348083  0.42821278909086707  0.43975501960028501
  0.45047217026768460  0.46062378001638671  0.47073470016972430  0.48025644931306133
  0.48915154273134709  0.49764314830720935  0.50564124127202803  0.51314840938083561
  0.52045044407797447  0.52759858010588279  0.53457139029007572  0.54136562357754847
  0.54783362650062450  0.55419997178021774  0.56051402547085771  0.56652989611486948
  0.57244548776710202  0.57829593958404857  0.58398570562172691  0.58946479814003983
  0.59493440565007205  0.60033038685336471  0.60563442958395131  0.61086906515635719
  0.61617255161797813  0.62151781653172256  0.62660796576995770  0.63165986235526084
  0.63658760709962592  0.64154001006098338  0.64640158501482070  0.65111300383541892
  0.65573116216300220  0.66032399137654363  0.66493174755050732  0.66955104798754494
  0.67413082334232777  0.67860302369701320  0.68296406808155108  0.68740504363044708
  0.69235575012131989  0.69732211011901835  0.70216939197666439  0.70691208968496111
  0.71156561454817735  0.71632628757104611  0.72105952321616140  0.72566588210588423
  0.73018033216237899  0.73459106957571740  0.73910671538533246  0.74380313195028724
  0.74861916031654141  0.75323103686776693  0.75781861719921151  0.76243908804381955
  0.76712448234528219  0.77196791203301052  0.77689687702620391  0.78179133715592874
  0.78680585971155681  0.79179955483861120  0.79721674461877501  0.80270952628561199
  0.80825300416231594  0.81409232548967470  0.82032584545052156  0.82653365070409102
  0.83271427465856029  0.83921524064549546  0.84612215346694641  0.85362753614118436
  0.86198836606655715  0.87070517634266009  0.88012779142653874  0.89046758275400617
  0.90282761338405315  0.91919778256462270  0.94376043576121171  1.00000000000000000
   3.9370609864257753E-008  -1.0000000000000000     
 T T T T T T T T
  <DiscreteSampler_grid>
  grouped_processes
  1 # 1 for a reference and 2 for a running grid.
  10 # Attribute 'min_bin_probing_points' of the grid.
  1 # Attribute 'grid_mode' of the grid. 1=='default',2=='initialization'
  0.0000000000000000 # Attribute 'small_contrib_threshold' of the grid.
  0.5000000000000000 # Attribute 'damping_power' of the grid.
 # binID   n_entries weight   weight_sqr   abs_weight
    10   10   3.883778073542225E+003   6.264214684576789E+007   3.883778073542225E+003
    11   10   3.883778073542225E+003   6.264214684576789E+007   3.883778073542225E+003
  </DiscreteSampler_grid>
