 -0.00026734037577841  0.00655165046330773  0.01630023591212505  0.02723754612582246
  0.03837853263254452  0.04977356360557326  0.06127801135831407  0.07249161621416221
  0.08322965640254464  0.09325376388859521  0.10341581186389136  0.11391924895842895
  0.12438233817771766  0.13469024231939603  0.14456348160281890  0.15408193596715583
  0.16335221477955247  0.17237031606455400  0.18122335191169059  0.18982398377009110
  0.19837810949177651  0.20686813335887416  0.21536691286433535  0.22398026275790417
  0.23270150531198819  0.24142653121506369  0.24990566902129296  0.25835124838406270
  0.26682351782608549  0.27543612028034287  0.28405687947388741  0.29250047992398420
  0.30080014601246297  0.30925394900580200  0.31765480158891318  0.32621492454497697
  0.33483645339697649  0.34334639970405278  0.35179398678511004  0.36021189520229002
  0.36857034068171696  0.37687622339396853  0.38517497781518006  0.39346003316937933
  0.40182433243795435  0.41021157775490907  0.41867023562405209  0.42719938407674329
  0.43560117736641063  0.44380928029179989  0.45193642313719001  0.46014250489589925
  0.46845483765726537  0.47689568285884809  0.48535560508053127  0.49411269626515675
  0.50301153949846988  0.51210515485914843  0.52153282421075231  0.53090507649610741
  0.54034979332474709  0.54971995511797966  0.55895601735413136  0.56806901623699391
  0.57715287825594797  0.58633548072743535  0.59589602356616433  0.60553248936530757
  0.61510528012537780  0.62454301562675163  0.63383595819698979  0.64322576365857764
  0.65260158965721604  0.66214599589846190  0.67189775717838596  0.68175750922089595
  0.69158121241374315  0.70155420694022108  0.71161410389340218  0.72241822385091548
  0.73358137713210569  0.74483085787736991  0.75616755802178337  0.76788146007603419
  0.78029408278677925  0.79322834568001699  0.80645300954645849  0.81959912383221645
  0.83299753476373206  0.84749373244124426  0.86372812753845707  0.88130806009903684
  0.90071360617163476  0.92478347162456997  0.95944672717185653  1.00000000000000000
 -0.00294745663422746  0.01058401990049600  0.02143327418440675  0.03179496774863191
  0.04239288594898025  0.05306411564347036  0.06378223541441570  0.07412184186234734
  0.08467342750922396  0.09588676789867458  0.10744448751229736  0.11901203430831242
  0.13070859472878940  0.14245798637937346  0.15381695209191584  0.16443638302757427
  0.17437657655394567  0.18416363596549351  0.19402934975926955  0.20397632798396106
  0.21418852817459536  0.22395415071093522  0.23394142292956341  0.24437444041927561
  0.25477407484794662  0.26533527686631841  0.27554963912070018  0.28560409352383892
  0.29547840562597727  0.30511172677670390  0.31438505670642214  0.32368585515537984
  0.33325977179824201  0.34332432278387426  0.35326971462817175  0.36313866887793544
  0.37344748621092960  0.38463728802607311  0.39579463295592882  0.40637439027423106
  0.41701640880292740  0.42881535181971364  0.44080064110739930  0.45242962001304909
  0.46393454995073224  0.47629447996236535  0.48790068620695054  0.49950398505384780
  0.51152501698268016  0.52308689952673337  0.53326396602178516  0.54356131556024156
  0.55453839554288076  0.56591444058526741  0.57681121688169601  0.58762596256040744
  0.59840751829020833  0.60927258562654574  0.62002188807030567  0.63093353149387210
  0.64200151563504748  0.65304058151724886  0.66382932723969101  0.67417134715583893
  0.68442285791741031  0.69482982198786924  0.70521657239512614  0.71543908624234287
  0.72559523281999594  0.73588319086119547  0.74659486697704192  0.75702173642832682
  0.76721102828002141  0.77705873101938194  0.78653842432493171  0.79609399064526232
  0.80583054253654030  0.81562700406108857  0.82522783918852782  0.83488448739482091
  0.84542525475418873  0.85649799310439723  0.86661365556471581  0.87711002557968232
  0.88688465803671557  0.89645421551676130  0.90614253118978838  0.91587722115309944
  0.92623789807502332  0.93698680476152263  0.94789397533583042  0.95875909550634675
  0.96924245770917572  0.97962467836941858  0.98967954222421972  1.00000000000000000
 -0.00901864090812066  0.05862153235646390  0.09388809804825042  0.11849735303174881
  0.13726257458829741  0.15438090870628346  0.17046863438762819  0.18545032058252425
  0.19936441677295996  0.21230510444083006  0.22437863037197478  0.23636437137222405
  0.24839688383977870  0.26011539144032664  0.27100684342069170  0.28115617095136863
  0.29138476561981336  0.30120982704825744  0.31097630595155967  0.32018977028220086
  0.32918950581435474  0.33800490431693103  0.34667591064948550  0.35517066638921285
  0.36311170916955537  0.37092144356846851  0.37865925270279610  0.38642407200013940
  0.39420693313436633  0.40158206474703723  0.40881942594024206  0.41622542475830049
  0.42384052359562291  0.43138042024278639  0.43912398352695198  0.44730539720065726
  0.45566969749619451  0.46391144894141512  0.47215297977289528  0.48042933537412374
  0.48733494187779641  0.49441642802387803  0.50124438147432382  0.50803350175508699
  0.51482138607144801  0.52168355238491337  0.52843091661054331  0.53525815580463787
  0.54241722578917728  0.54977529953587112  0.55697438940016952  0.56393766454016137
  0.57085428477809030  0.57790436621080565  0.58516558788983453  0.59263803654490876
  0.60010523090178269  0.60755967264255739  0.61471547408837968  0.62188144675576451
  0.62892926420687623  0.63601948045122536  0.64274991461695086  0.64963480463687651
  0.65692513884673887  0.66431817178121411  0.67173528808478855  0.67924483289420068
  0.68670852803977389  0.69377004098793826  0.70063672518882969  0.70750792928979822
  0.71511775288760493  0.72260944611458178  0.73017535629757424  0.73746495427713510
  0.74466990357413976  0.75259935784884513  0.76161679280240646  0.77086758078216233
  0.78022247514437171  0.78994527655010338  0.80034395781649093  0.81072529001934646
  0.82033058174483098  0.82954113895299642  0.83919803223918410  0.84970491681353211
  0.86056697392593395  0.87166989097711856  0.88329079864089532  0.89606189289478133
  0.91177057187364696  0.92989859491860927  0.95438842438745863  1.00000000000000000
 -0.02019620420641156  0.11802153662466926  0.15269845094807133  0.17389745965071934
  0.19152934721824724  0.20634754926108040  0.21959193812614025  0.23109825475165374
  0.24091701001972751  0.25020886760773087  0.25902427921428595  0.26769688526547902
  0.27585407994570027  0.28398761618764667  0.29155019732531451  0.29983255907886441
  0.30769446127738409  0.31526321157744208  0.32237307890925126  0.32927394875256677
  0.33614491733970026  0.34312260819328583  0.35018311390980866  0.35711655318920571
  0.36387017675512406  0.37054123472046058  0.37691582324526041  0.38262983916634796
  0.38820370214349559  0.39387241098741371  0.39966113960774691  0.40559282847882677
  0.41129548185772552  0.41688761505269434  0.42236912356896766  0.42756359602839317
  0.43258950091393267  0.43757300202529587  0.44272416651590801  0.44801622624186110
  0.45343889608888305  0.45892211806056477  0.46429258235477894  0.46962119691600207
  0.47492585325554998  0.48010134316587694  0.48529481856005474  0.49059951677694474
  0.49585424114845689  0.50103259666650890  0.50607244548433383  0.51110506538833522
  0.51626607660141677  0.52172414112010612  0.52751415051196515  0.53297692936296537
  0.53816813407074715  0.54339276326428620  0.54872663946732869  0.55423099906828366
  0.55986557400360293  0.56565832689363627  0.57155012705488917  0.57730564124263328
  0.58301365524873106  0.58883217515866271  0.59488628142578082  0.60087935713312446
  0.60770073318166518  0.61474460077594106  0.62182329953908266  0.62881886110601637
  0.63573550865058637  0.64270216297848304  0.64965466852697418  0.65652171289347983
  0.66346413485984934  0.67065467440307980  0.67810700193270279  0.68601175175969076
  0.69455970268592171  0.70349071962331688  0.71245872421712153  0.72150388820362299
  0.73064936162993954  0.73957468453821440  0.74874012183787886  0.75849732448485474
  0.76921953363051876  0.78149030674005759  0.79490768855115335  0.80996402619350683
  0.82787318212263605  0.85038909578163657  0.88488418161052462  1.00000000000000000
   1.2803789735979843E-008  -1.0000000000000000     
 T T T T T T T T
  <DiscreteSampler_grid>
  grouped_processes
  1 # 1 for a reference and 2 for a running grid.
  10 # Attribute 'min_bin_probing_points' of the grid.
  1 # Attribute 'grid_mode' of the grid. 1=='default',2=='initialization'
  0.0000000000000000 # Attribute 'small_contrib_threshold' of the grid.
  0.5000000000000000 # Attribute 'damping_power' of the grid.
 # binID   n_entries weight   weight_sqr   abs_weight
    10   10   5.682328671831061E+003   8.508862645043324E+007   5.682328671831061E+003
    11   10   5.682328671831061E+003   8.508862645043324E+007   5.682328671831061E+003
  </DiscreteSampler_grid>
