 -0.00020373283647427  0.00636326982998411  0.01668145444538579  0.02802193720316199
  0.03943499528478819  0.05086272536318145  0.06157382496648250  0.07203604795133729
  0.08236986161357029  0.09257919510071269  0.10270648559835885  0.11288254086025218
  0.12309239952517888  0.13335931591196332  0.14363741923685663  0.15376902435046985
  0.16359308811317505  0.17335204625325740  0.18308232892165546  0.19295753720393646
  0.20251966821164558  0.21192976567221927  0.22111613852762377  0.23000916616607825
  0.23872442961654264  0.24735937823382864  0.25600423005345974  0.26433716474525637
  0.27264356154806552  0.28090880011156516  0.28905545851053632  0.29735898746664352
  0.30601592805739719  0.31470361835212246  0.32334873730954516  0.33174048023951574
  0.33998547304458049  0.34827169715273271  0.35651471530266360  0.36481743583136217
  0.37328792906407998  0.38158835016981535  0.38983990553150832  0.39808879663454061
  0.40625443030598102  0.41437642790412915  0.42254867747405511  0.43083413833014067
  0.43924642145922982  0.44792355906996573  0.45647067362228844  0.46480865728800658
  0.47330453367047792  0.48189394891218984  0.49052149003207607  0.49918934571028600
  0.50776784909765604  0.51633675509772270  0.52483587605451210  0.53331423705045522
  0.54166703989566944  0.54993074264080022  0.55826993565630578  0.56672354861148178
  0.57561960713025251  0.58472617357413592  0.59395268745273744  0.60308760275587037
  0.61207903134224806  0.62108052796042346  0.63011435726302001  0.63969885427075834
  0.64931767014379460  0.65896594568966571  0.66865731663964589  0.67845530584778146
  0.68846638887576117  0.69870833189713621  0.70943786284710653  0.72022866569909350
  0.73118191086925621  0.74229987445225576  0.75374524819701616  0.76599384415147553
  0.77854843137319119  0.79157482622018149  0.80465017778279357  0.81830098602342061
  0.83279485988146340  0.84854478062944094  0.86590410634211545  0.88409407874781565
  0.90437869814685989  0.92870976592819532  0.96070923811557662  1.00000000000000000
 -0.00259331950510093  0.00968294515253207  0.01978684658330695  0.03099115282435167
  0.04178102136451560  0.05347398365591730  0.06489660795247644  0.07632106743441580
  0.08707874210650078  0.09769016733471514  0.10809511838277992  0.11826778786154435
  0.12883608367034161  0.13984443173494340  0.15046107436097500  0.16073330966747212
  0.17112058740175087  0.18166917877515226  0.19207095331688340  0.20206408425340208
  0.21216785547574515  0.22259464661286402  0.23314280700015752  0.24361449615548347
  0.25428784387622960  0.26508284447368741  0.27568972352325799  0.28618162334636205
  0.29672287913818407  0.30735968432696703  0.31777042981941606  0.32795934318808034
  0.33817857023303938  0.34839234392009921  0.35866503223098006  0.36885276441580567
  0.37938719906471086  0.39014858650506834  0.40086289584109502  0.41158256950264344
  0.42227748869753373  0.43307968748392789  0.44394408564767629  0.45475044384182961
  0.46533574090957197  0.47582388777260787  0.48589689476515835  0.49559942482399238
  0.50533600425961145  0.51496375170447939  0.52478282036685331  0.53431748307917193
  0.54358838442692881  0.55276250575927388  0.56239675098578745  0.57203107151710353
  0.58145987980351554  0.59073448484754421  0.60014960711232024  0.61009294873045683
  0.62054939733337644  0.63165636414299386  0.64317010261169005  0.65450828706817388
  0.66552046129842690  0.67627056936723207  0.68672452196544986  0.69703395306923333
  0.70745954076180340  0.71806359988415969  0.72884717089195594  0.73940514789350809
  0.74958291591478676  0.75969472187365406  0.76955252937612129  0.77929474267195920
  0.78898741996520461  0.79904926554900568  0.80942384262322409  0.81992543622823244
  0.83066738984195976  0.84170885597390188  0.85286894102624955  0.86400153825348847
  0.87517791650774557  0.88626722274126779  0.89778097228147724  0.90994931457832773
  0.92155019615846567  0.93204715374106439  0.94281974299923588  0.95389304104473416
  0.96485010405414851  0.97562703225474345  0.98732829872353378  1.00000000000000000
 -0.01081532337718957  0.06712497285507629  0.10318509560282343  0.12940783223437510
  0.15201371078544876  0.17135259293651489  0.18872516685816562  0.20471350509287126
  0.22152259543253919  0.23776939602412300  0.25269302074110028  0.26610924492532601
  0.27866302667947229  0.29058500561073514  0.30247508138960855  0.31436347297937761
  0.32622966437538081  0.33749579795621654  0.34775272025331100  0.35813850130197589
  0.36785111611671384  0.37751376022781624  0.38678690224509377  0.39593359989050647
  0.40494734449949749  0.41381391935657197  0.42275645952856206  0.43177373197337643
  0.44049765371495253  0.44885056410644603  0.45712545069707472  0.46529032135067649
  0.47344653605211945  0.48171802345204928  0.49021929315757995  0.49867806017337662
  0.50660967882943464  0.51445895833321520  0.52209945797994994  0.52947504460246353
  0.53684734946777524  0.54410655390260299  0.55128934666997931  0.55847688117653516
  0.56570808944080997  0.57305204932092169  0.58040433624900156  0.58776349935425276
  0.59513384275468129  0.60240050694876457  0.60969530912784686  0.61688375644009963
  0.62421334840279985  0.63156468316277625  0.63903002053555902  0.64633881806834581
  0.65302339059097303  0.65967910080167236  0.66627927591274405  0.67266517294338302
  0.67909933705342063  0.68556313253833467  0.69210459690231174  0.69848877911650864
  0.70464425085985261  0.71103949466388805  0.71779319466259262  0.72468615347534826
  0.73172252558229145  0.73894093239436964  0.74620657612978503  0.75360434236978824
  0.76103427625872910  0.76840264390182844  0.77576631186448419  0.78336420421438335
  0.79124868859731412  0.79964894888996751  0.80794792498163615  0.81595432784725419
  0.82373337708711059  0.83154536634495047  0.83957523817398050  0.84783447817819635
  0.85639410217365863  0.86520739687356618  0.87425912066854372  0.88385084862295737
  0.89411301943482746  0.90489132437580966  0.91596090651232609  0.92720853527621072
  0.93952105148744014  0.95400643638796812  0.97290450825535779  1.00000000000000000
 -0.02222126131505207  0.14167876594628542  0.19278905902627774  0.22711284445092175
  0.25468017195203729  0.27861454316491419  0.30074946078163234  0.32041998950554462
  0.33787536824526415  0.35415235833449588  0.36875976572010744  0.38325236986340705
  0.39755829500223833  0.40968075547232552  0.42146480606095843  0.43264239531484933
  0.44361956046474565  0.45380347039065333  0.46328083066710124  0.47223444207873305
  0.48091865796409244  0.48943080676556083  0.49788340523969410  0.50613150798841244
  0.51418042962165755  0.52191870859510303  0.52921594496091118  0.53633165297013774
  0.54334439591951900  0.55027173875746616  0.55701722404187481  0.56368182754645935
  0.57012310083638895  0.57646435510567873  0.58262067669348039  0.58862340708844274
  0.59466196784022052  0.60075086670191435  0.60684424549246696  0.61290154207465941
  0.61882220410157118  0.62464647355033409  0.63035078321558935  0.63591276106105687
  0.64147669442147104  0.64695781501789484  0.65255059992014097  0.65806802096862205
  0.66347008227909443  0.66885770554574497  0.67426249584233700  0.67962290482271015
  0.68488956003152968  0.69012340346642387  0.69541373419062080  0.70067842441112171
  0.70596469227039982  0.71112571695087035  0.71625425703746870  0.72138178428214417
  0.72647725871016566  0.73146557059545902  0.73628284145813594  0.74096003409561995
  0.74565480608161516  0.75017727118376587  0.75461896509448856  0.75903843704180829
  0.76357128719371670  0.76813274658710595  0.77283789887957588  0.77755086056176348
  0.78218683530833277  0.78680070156599458  0.79147546449961093  0.79630006170726308
  0.80126340293399201  0.80623152780881724  0.81100952804023430  0.81630259915040781
  0.82168805029921410  0.82711395489530481  0.83261958155719784  0.83826050025093179
  0.84417078614602159  0.85041371902360297  0.85705004631238046  0.86417048745021952
  0.87160585973371085  0.87951399458722612  0.88818053190774249  0.89795319982240107
  0.90980155857323053  0.92440029129995949  0.94766976450156548  1.00000000000000000
   1.4945565141980868E-007  -1.0000000000000000     
 T T T T T T T T
  <DiscreteSampler_grid>
  grouped_processes
  1 # 1 for a reference and 2 for a running grid.
  10 # Attribute 'min_bin_probing_points' of the grid.
  1 # Attribute 'grid_mode' of the grid. 1=='default',2=='initialization'
  0.0000000000000000 # Attribute 'small_contrib_threshold' of the grid.
  0.5000000000000000 # Attribute 'damping_power' of the grid.
 # binID   n_entries weight   weight_sqr   abs_weight
    10   10   1.860775664997762E+004   1.348632258771657E+009   1.860775664997762E+004
    11   10   1.860775664997762E+004   1.348632258771657E+009   1.860775664997762E+004
  </DiscreteSampler_grid>
