 -0.00030332747001301  0.00680724001264200  0.01685794704327983  0.02783310666805427
  0.03903305136606289  0.05040486074095299  0.06172890778241791  0.07246087999516007
  0.08285774536405557  0.09339287749649944  0.10419914107615558  0.11424107152027942
  0.12428414517251689  0.13404836357785482  0.14363612223364003  0.15298682365457647
  0.16223753824542853  0.17139136637993133  0.18054902797545166  0.18971056903034059
  0.19879493597166939  0.20762642335064482  0.21615868063150506  0.22458119986930475
  0.23313573239444699  0.24164972744608135  0.25035005267654592  0.25902683521138414
  0.26805508570228620  0.27741080712038074  0.28645825047022511  0.29492378623924126
  0.30346233984657922  0.31199289687759468  0.32059220507954261  0.32910104461003681
  0.33764729929342174  0.34604408590738994  0.35433986057167677  0.36260172736265617
  0.37093553047021122  0.37939531226940859  0.38780991317437002  0.39617439644753044
  0.40469349257498238  0.41313025030450889  0.42151483801331346  0.42982871128895950
  0.43804204229917237  0.44616560060142108  0.45426547619448304  0.46239338695551607
  0.47052629219879899  0.47901594830199551  0.48747299200757910  0.49584165473764524
  0.50415911249786294  0.51251494896050231  0.52112285633829869  0.52993211467941859
  0.53864511223583456  0.54741318138484030  0.55620647607203400  0.56501996205955973
  0.57390889132971046  0.58264600420564372  0.59143575608058052  0.60023860488038983
  0.60922172859132484  0.61840145288313653  0.62773653607056612  0.63725976214396340
  0.64668072083431583  0.65631097599058252  0.66654043522770112  0.67697799971986383
  0.68733809317464156  0.69768285757978965  0.70795440362136530  0.71916985440620074
  0.73069113900988614  0.74232434771265876  0.75409328548966015  0.76614648474693348
  0.77872231127869262  0.79201061016707475  0.80595502372998584  0.82041748423412286
  0.83529185529888139  0.85098093469995595  0.86901745944306685  0.88773215274583761
  0.90802632861883170  0.93169808147892275  0.96264663554708985  1.00000000000000000
 -0.00231497909980119  0.00938719915442234  0.01910129619528479  0.02983553814057628
  0.04007205211726610  0.05184222621008803  0.06347848029804758  0.07500428858688474
  0.08620688621940766  0.09742849061993507  0.10880597782739790  0.12020298448504399
  0.13119473413466151  0.14198300577188697  0.15271972573963899  0.16374275612366768
  0.17477157931967091  0.18581024855927308  0.19628587666256669  0.20671117197493372
  0.21697555767249507  0.22680376325555793  0.23619415856356135  0.24527354262731080
  0.25531256405808794  0.26600904983515372  0.27707035553826587  0.28768803811984323
  0.29854151056611056  0.30972481583183964  0.32064939483380139  0.33152461716005072
  0.34198546436579713  0.35227643774296641  0.36282736332119198  0.37354318560015465
  0.38437110075803133  0.39511587585709340  0.40609642403157376  0.41679050911939514
  0.42711846165990369  0.43716466196103193  0.44738326606324463  0.45760715405180102
  0.46779537520241077  0.47795280787254618  0.48816319961288435  0.49817167317881861
  0.50780503916527475  0.51720281089073594  0.52687499170683316  0.53689061243176706
  0.54756050670346046  0.55855203164214151  0.56944103905442855  0.58027175629915995
  0.59097945642949112  0.60161281042753179  0.61191654435412624  0.62213989104786360
  0.63264594547012010  0.64305025245329339  0.65310806483507322  0.66300628583614241
  0.67326444783974226  0.68374331848615610  0.69394080675570480  0.70394653778372895
  0.71389602689567144  0.72411422405575954  0.73390973382266567  0.74361122076174246
  0.75375901992573124  0.76424279729345190  0.77441998321781946  0.78440831327216098
  0.79476913349484235  0.80584834709907160  0.81676271454935900  0.82756017660107140
  0.83897658482576043  0.85059879076920997  0.86200529071594745  0.87328824623490164
  0.88349101067198521  0.89376997204597930  0.90419632248914983  0.91512675132339982
  0.92559582288367015  0.93634986718702118  0.94716843967116549  0.95805306998014295
  0.96820407616271731  0.97844404648329930  0.98920466907902149  1.00000000000000000
 -0.00969771577221224  0.06199001800517751  0.09905941369425683  0.12631753763999404
  0.14811724797547868  0.16662257986081794  0.18374608895128536  0.20008721827110557
  0.21549719933157993  0.23008419275318789  0.24386532419670914  0.25782002132935861
  0.27137242374786386  0.28339455954556791  0.29499632837819001  0.30623189756357511
  0.31695218080918319  0.32706734496569961  0.33705502577300345  0.34694008464232140
  0.35648683664094588  0.36621290684219981  0.37570200615950672  0.38473757892155441
  0.39364989567629211  0.40235474178683117  0.41121735035178814  0.41990262763073766
  0.42824461140245423  0.43663810286931654  0.44485535642493829  0.45313858321806111
  0.46141185085843961  0.46955148555105103  0.47760919200257368  0.48584168280022250
  0.49416797998613743  0.50262171019559232  0.51113472464726273  0.51942747085335139
  0.52745914251660386  0.53539963003399094  0.54312439315619876  0.55081629780247043
  0.55868483370167032  0.56618542292986573  0.57346938374154854  0.58070782074843164
  0.58778326533436986  0.59465018593442576  0.60133650707426944  0.60780844536259226
  0.61421180122122809  0.62078284024519559  0.62761120010403249  0.63484174373335001
  0.64196690641940346  0.64900795170536230  0.65601100345050622  0.66282048786843462
  0.66984568659781973  0.67675412112694167  0.68351936145898218  0.69019942444595628
  0.69690269695182916  0.70379046984070903  0.71069631358356922  0.71752639555620501
  0.72447923801816649  0.73142075868296252  0.73846593082580569  0.74563720367621300
  0.75282283698010899  0.75990706518064044  0.76693627677552612  0.77420384101679485
  0.78176096251349103  0.78936048308271567  0.79696580950085605  0.80457893704017802
  0.81231031667245346  0.82016346153680875  0.82820593297041611  0.83654328130864364
  0.84516880818295737  0.85407056086797772  0.86328532059561947  0.87297309834042136
  0.88334820084179189  0.89461654816228020  0.90589112697571939  0.91757195521479062
  0.93058149558850967  0.94540581088252273  0.96553708957360973  1.00000000000000000
 -0.02230702109876686  0.14854504965219353  0.20035513193766707  0.23676241260567357
  0.26480413082704912  0.28841057337147891  0.30885487404694612  0.32694673746096631
  0.34330069158399246  0.35850356075098772  0.37253919066833469  0.38573161166090530
  0.39812752281473079  0.40994041223772415  0.42124927844470383  0.43212063380208360
  0.44248278406454700  0.45244220723570577  0.46201144936317595  0.47117787918193010
  0.48026186742174171  0.48943448795019157  0.49849503912323589  0.50723022604440537
  0.51557121804458816  0.52334358015500604  0.53049767391285951  0.53750367227729157
  0.54437681416377559  0.55103727589431106  0.55756660719572837  0.56396666058300549
  0.57025876612792958  0.57640654069978725  0.58251829480624007  0.58877463603728697
  0.59512154763967673  0.60140353490308440  0.60756868650218776  0.61308152877405386
  0.61878186370317212  0.62415586455858352  0.62965584747947967  0.63500632371492849
  0.64023096439376548  0.64531059836736715  0.65019600690793167  0.65497670562577326
  0.65984006914193927  0.66487873575116341  0.67007374884914161  0.67524325465688106
  0.68031308966651050  0.68531674422491051  0.69020565969505121  0.69498344591909622
  0.69972714241780520  0.70446731926506967  0.70916608641481171  0.71381293331547635
  0.71840248612451107  0.72291824299373197  0.72745940414668420  0.73204437212659901
  0.73663240742872016  0.74116354772459836  0.74570687547609993  0.75023982423628388
  0.75476762808821640  0.75931462824692264  0.76387977630882087  0.76850337022691095
  0.77323491328750782  0.77821393649691095  0.78317260664305655  0.78809822076254554
  0.79310068489115038  0.79826183414772134  0.80346812818871438  0.80874122331324405
  0.81419326546462301  0.81986406299319414  0.82571177535136042  0.83169301560247733
  0.83781827600533210  0.84437528910544146  0.85097404118952502  0.85810208441730063
  0.86550219742250678  0.87336876926842244  0.88277959028985376  0.89291793643476192
  0.90514164750932213  0.92037899249309940  0.94414376273511891  1.00000000000000000
   3.4403095583596867E-008  -1.0000000000000000     
 T T T T T T T T
  <DiscreteSampler_grid>
  grouped_processes
  1 # 1 for a reference and 2 for a running grid.
  10 # Attribute 'min_bin_probing_points' of the grid.
  1 # Attribute 'grid_mode' of the grid. 1=='default',2=='initialization'
  0.0000000000000000 # Attribute 'small_contrib_threshold' of the grid.
  0.5000000000000000 # Attribute 'damping_power' of the grid.
 # binID   n_entries weight   weight_sqr   abs_weight
    10   10   1.940049902834545E+004   1.242704651351514E+009   1.940049902834545E+004
    11   10   1.940049902834545E+004   1.242704651351514E+009   1.940049902834545E+004
  </DiscreteSampler_grid>
