  0.00792998869391988  0.01915749538549090  0.03399082392035541  0.04698234750760100
  0.05872846153976896  0.06919288071718223  0.07923622444946320  0.08903906632120336
  0.09898445649681935  0.10910441094870375  0.11921841645209799  0.12969664612898030
  0.14054799610679358  0.15159906715619920  0.16254812453231396  0.17318549796378871
  0.18385618449335647  0.19435440957395131  0.20448454374270619  0.21384551868264134
  0.22306441330932689  0.23264297156834046  0.24228064508207300  0.25150846425566131
  0.26071787662082990  0.26970532059132546  0.27860474763584669  0.28807420697265912
  0.29742769354752790  0.30756605078133992  0.31750155638373551  0.32668254245993100
  0.33612223340009401  0.34619075124369902  0.35679079187584584  0.36721572163719407
  0.37742667202805141  0.38759309995083413  0.39748723254842311  0.40713401689603496
  0.41702382100542956  0.42750481535093421  0.43832095216614841  0.44913964170767878
  0.46009168080531304  0.47111732195236611  0.48192717737095303  0.49250019065992229
  0.50359683447229042  0.51488594491670814  0.52578648008880258  0.53642608517746326
  0.54698781322883794  0.55757277000659877  0.56794162571112794  0.57807061393910852
  0.58833686475199987  0.59887355462016467  0.60941576040733825  0.62002640895397765
  0.63054432162917007  0.64105230111934253  0.65187963958191841  0.66235349944581823
  0.67238819296791141  0.68202113482812743  0.69189563079323912  0.70186658154354975
  0.71194834859080069  0.72216882922137271  0.73283817289623532  0.74393740225149407
  0.75520447226317067  0.76659082032066161  0.77727891465552523  0.78740591010306116
  0.79664500757968482  0.80568545146927428  0.81515607523845879  0.82493586326005686
  0.83541155889413898  0.84619883604380930  0.85717960818402339  0.86873949178207288
  0.88009728538804466  0.89135681737877848  0.90219995310731538  0.91237251937349462
  0.92247002787965926  0.93241318307750209  0.94227878921685204  0.95158763697627813
  0.96105672112590745  0.97083457430886977  0.98114069116127545  1.00000000000000000
 -0.00093278525426454  0.00464626276882235  0.00712937963377127  0.00970140671252583
  0.01259741953381999  0.01573675594071785  0.01932902374925082  0.02311450315704245
  0.02732657634858653  0.03191704875741420  0.03670725625848094  0.04176589293876297
  0.04714599442652667  0.05293246091630978  0.05886571705735203  0.06508244904691102
  0.07160093330416571  0.07862375931693028  0.08551298130655495  0.09242804815759353
  0.09963867367395678  0.10697765958778509  0.11439708930526495  0.12206091597054969
  0.12996492411417493  0.13809011686254896  0.14629993824875040  0.15493721762553134
  0.16354913573179614  0.17249751123431104  0.18167120842737342  0.19120133264417799
  0.20055158639627735  0.20970474364104794  0.21888620082465271  0.22825133852818616
  0.23772022690765698  0.24740563671315755  0.25720421689898704  0.26706475026943172
  0.27716428844972735  0.28743178486380577  0.29769873034834166  0.30803104349792004
  0.31855119460724912  0.32960866812594408  0.34082304187542928  0.35177813123269425
  0.36308192621429997  0.37475475349908177  0.38663373896376801  0.39867787544526179
  0.41155433741409314  0.42466414041637918  0.43735786351285161  0.44955215584350039
  0.46126836028371204  0.47243540985689897  0.48421920232132076  0.49640761564383734
  0.50886169656537261  0.52167504174223145  0.53519899066165577  0.54930418211344723
  0.56336702546540884  0.57745325233202149  0.59104283821480474  0.60470569274767250
  0.61845091790887208  0.63217005144123350  0.64580374022385345  0.65941692258048845
  0.67350939862333925  0.68745252445853833  0.70138276579067960  0.71540928851278551
  0.72967735341957063  0.74434441177897348  0.75858391868072028  0.77256821198621994
  0.78697634193061750  0.80103455446070582  0.81432909357679706  0.82745816662225979
  0.84069508863419651  0.85411997039393994  0.86770004833722969  0.88149328987401809
  0.89557207382817838  0.90998607667176079  0.92445173650387946  0.93886505155486266
  0.95380292854559234  0.96904463426272158  0.98441938776653137  1.00000000000000000
 -0.00224525741369972  0.00879659902489896  0.01775125904217289  0.02741970068744898
  0.03704672981133976  0.04744896019433410  0.05861145346793676  0.06923908232480003
  0.07950672011260917  0.08941969676246048  0.09911685466458318  0.10885900969569584
  0.11911909962383836  0.12943153453255157  0.14050459672865220  0.15157409033539912
  0.16342232406402341  0.17461828148069700  0.18578313382329090  0.19608130955138348
  0.20611891244935990  0.21605629762003994  0.22609135588691709  0.23627347587135827
  0.24676229661429397  0.25789769611992253  0.26946429191191129  0.28109113415051290
  0.29291337953869895  0.30500523268386631  0.31717464406693391  0.32903041180638654
  0.34049965650879582  0.35157311766051780  0.36252054250131416  0.37354478809893510
  0.38450154114607282  0.39566366070125386  0.40618942378636796  0.41733981364893091
  0.42831232750481635  0.43956507889458646  0.45038603375155134  0.46161939753648290
  0.47300988560797286  0.48429164266766955  0.49514918486144793  0.50582615189863689
  0.51633751715121301  0.52686153086337306  0.53724084737402678  0.54743549286355642
  0.55769566134718274  0.56773042426932663  0.57771346337973650  0.58768988619675977
  0.59856779570859253  0.60989782104664547  0.62097358100887168  0.63167481914435131
  0.64214322373802302  0.65234523775772058  0.66242809927136814  0.67250919075348148
  0.68267991394492389  0.69280253717629736  0.70288161040426445  0.71362919413232362
  0.72480862114667954  0.73587160202033874  0.74699286276113075  0.75771067166154371
  0.76804972046998288  0.77802879928098800  0.78812939200532162  0.79839183980954931
  0.80874709991761362  0.81940016475628097  0.83021101172897627  0.84083029127557762
  0.85146791556267853  0.86169607225029288  0.87169827412065393  0.88127144755126896
  0.89107212479223941  0.90077640222148214  0.91011515124461639  0.91948394735627093
  0.92914776891206874  0.93917865317341553  0.94902276302712174  0.95928806128441246
  0.96999515090445154  0.98076645576672883  0.99049611533670390  1.00000000000000000
 -0.00238086222827525  0.00867184650256626  0.01846702764146528  0.02821520855651168
  0.03801698226066893  0.04787644886293881  0.05818984634582606  0.06800763524770241
  0.07748892977794866  0.08640537731236170  0.09536886315191855  0.10476219780567630
  0.11448411009363101  0.12437214669992472  0.13449735793124479  0.14445585504394767
  0.15405603936326895  0.16344866039485303  0.17284877550723080  0.18249024746107548
  0.19222680645130080  0.20192402271924539  0.21155390367939747  0.22118997977470795
  0.23104095951592296  0.24102568449758069  0.25110646723007424  0.26227067537488818
  0.27380918668313575  0.28580187171755955  0.29709457804105038  0.30777900394887625
  0.31892615310016581  0.32981948817708712  0.34101650285290991  0.35314446834003566
  0.36601355443247313  0.37822275096478353  0.38928498849554088  0.40011489145739215
  0.41112648538158442  0.42237435556535191  0.43407695681908870  0.44658452041878738
  0.45954031479843582  0.47176569136780927  0.48280109634041968  0.49310763755801257
  0.50314301537503325  0.51295012145132213  0.52251877112751177  0.53228361649750311
  0.54265790172840389  0.55389300363659788  0.56569039834070789  0.57772368575083721
  0.58973822784011154  0.60149577678421462  0.61293115429186962  0.62417952095789708
  0.63543144541337981  0.64685085947901710  0.65839035859394601  0.66960126266160835
  0.68047350005026053  0.69115840745582746  0.70176178780660259  0.71238144798840886
  0.72306792239102258  0.73410205237675819  0.74554048939335404  0.75704345082654223
  0.76790334240968783  0.77812641814934558  0.78822155629625912  0.79920876783093486
  0.81040609272873865  0.82049111889569726  0.83014910460753732  0.84021804906762965
  0.85039624847415707  0.86022537615214489  0.87016134298204395  0.88095346612979808
  0.89214651166022108  0.90257536463891508  0.91252555714255135  0.92235884415128766
  0.93201346903586590  0.94134198358694554  0.95059152294129257  0.96034480435919922
  0.97011275244708239  0.98008430777891564  0.98978205538865072  1.00000000000000000
 -0.00162433038035201  0.00927575208045280  0.01897417217656809  0.02975240823622506
  0.04034532917885611  0.05109009993369645  0.06155091322454238  0.07203408115804522
  0.08252952745382693  0.09304974471574903  0.10375474717494607  0.11482135181478502
  0.12610393338369849  0.13772423558919578  0.14902742728427801  0.16059288765779964
  0.17240509310405949  0.18379663476573316  0.19470009061414079  0.20546992555702925
  0.21630250916264759  0.22708972170773137  0.23741151730352025  0.24759129466058633
  0.25850437612749566  0.26934055299917870  0.28002408288342739  0.29061477185080714
  0.30203986143755640  0.31348615243969907  0.32416218558306503  0.33445102970173435
  0.34469749710045383  0.35481314434226091  0.36486204539552891  0.37509368721322328
  0.38546872098735352  0.39582855434129921  0.40632301938954923  0.41742290612279032
  0.42835194424292639  0.43873559927205602  0.44875135057107995  0.45859799423503361
  0.46848650231277222  0.47838301991022492  0.48806694751082369  0.49781480467499084
  0.50782768431154124  0.51768708477699077  0.52732721177868302  0.53710315314723600
  0.54770538416533299  0.55822267868833064  0.56805676401228344  0.57769544544206186
  0.58742408237491861  0.59792230947593783  0.60841813793299160  0.61907856360372737
  0.62973951342824330  0.64020193323079699  0.65066472910287421  0.66139765463901967
  0.67219602537645595  0.68350349503093932  0.69356224013517476  0.70313995488002734
  0.71238122323983966  0.72170622618949820  0.73135285388926430  0.74090898457377374
  0.75036762257011946  0.76006831218664983  0.77003655279123218  0.78037879635120588
  0.79107644306874880  0.80184164480548237  0.81270965758113023  0.82386878490673143
  0.83509899486497841  0.84595015024700171  0.85648329916932830  0.86689544949695907
  0.87744648957889460  0.88805729170240966  0.89865472270268332  0.90955972344605140
  0.92057017147985198  0.93196301943132298  0.94311277732311838  0.95349553241914708
  0.96462283712758112  0.97613310126611630  0.98830139672659378  1.00000000000000000
  0.00329345623607551  0.03607782754172970  0.05102212424967328  0.06201778829157573
  0.07182976632895116  0.08115372328399813  0.09047835247550676  0.09965085056740254
  0.10839421018787426  0.11675120746068257  0.12469091183592504  0.13217851782472551
  0.13956505671090508  0.14691376858092101  0.15430200076747361  0.16166454983799913
  0.16903859621672304  0.17654240321288700  0.18414783790656541  0.19129211207904004
  0.19804856820282102  0.20467063700324375  0.21123401548887633  0.21793063217587111
  0.22480721000261222  0.23164642753426426  0.23839330426505215  0.24518408952752913
  0.25187283286996803  0.25847931129256052  0.26495929071617141  0.27149837979838426
  0.27844126043906708  0.28555271089450379  0.29234342783974510  0.29879807661339008
  0.30516830207596657  0.31155604790703567  0.31798460501491072  0.32445755594273945
  0.33080195098343457  0.33709723410020420  0.34350481562890545  0.35010105143998077
  0.35681919890232783  0.36350476944937471  0.37020417975366043  0.37707240689078825
  0.38405267334566023  0.39087339734085302  0.39770488842910545  0.40475082621428865
  0.41209311056034814  0.41991928963319131  0.42838770022156941  0.43707859136826654
  0.44534506527429413  0.45317591013106462  0.46101655697102151  0.46882707996402789
  0.47651793898704803  0.48395009969788089  0.49132167604416033  0.49877199842920028
  0.50664610737362203  0.51483224166879371  0.52291686583210328  0.53106609640081393
  0.53958019239390764  0.54845672456223193  0.55733419064582679  0.56619774536365952
  0.57524022866434232  0.58464896195685545  0.59442011477185375  0.60415322403425387
  0.61415078475984863  0.62449382377629759  0.63505727000583512  0.64583445585749033
  0.65700307074610431  0.66858862666953778  0.68049372399878405  0.69299627061797220
  0.70611942360848590  0.71964141546872518  0.73364568574854006  0.74756869169029228
  0.76096349584186662  0.77552866257358966  0.79349815611285501  0.81376739966523481
  0.83613532347349562  0.86327236986997835  0.90405726444009116  1.00000000000000000
 -0.01934550009838340  0.14429724543518310  0.19995728325368034  0.23188524840489932
  0.25462640733320174  0.27326794917978364  0.29003336082422576  0.30546637808018179
  0.31947734956764912  0.33217914047199820  0.34350846814580621  0.35396552145460697
  0.36364804272120771  0.37285001554741026  0.38157834298889998  0.39005529967405395
  0.39858262047099968  0.40679770439085966  0.41465710353000573  0.42220437626139351
  0.42979007237882005  0.43730470419795597  0.44442233053298968  0.45125425889188020
  0.45788956178792040  0.46419643693994406  0.46998073694636466  0.47591924844282718
  0.48196972710143560  0.48814271961273348  0.49424987760823147  0.50014845153784393
  0.50597483341327154  0.51182630054011080  0.51760595369753770  0.52320358976836390
  0.52872317265952329  0.53407517843796815  0.53917463671067500  0.54410364484913498
  0.54909185768867563  0.55404031513412000  0.55897654545939934  0.56392090687845997
  0.56866752997533709  0.57333163542437493  0.57835316006320381  0.58332041535379586
  0.58819644540491822  0.59300362871610557  0.59779134360586683  0.60258964612549049
  0.60731490296153479  0.61188712767009013  0.61636724759458683  0.62078183894172834
  0.62516009962503594  0.62948939745125221  0.63387046650040868  0.63822063487403091
  0.64270489785147089  0.64727224243607007  0.65188975308216246  0.65663153158668763
  0.66143269842456376  0.66643654334593494  0.67169143474471638  0.67699651557964691
  0.68230236625419238  0.68771773566869887  0.69319114387088177  0.69860364153967081
  0.70414751413810694  0.70971792942716827  0.71554509487007212  0.72147061927488332
  0.72744307767975891  0.73343041036182677  0.73939095609638150  0.74541446789802945
  0.75171816537837721  0.75858250348503398  0.76591530804126651  0.77350685731594160
  0.78145268350169417  0.78943334172399959  0.79782411938340991  0.80683897808211757
  0.81648504984951953  0.82669094887099093  0.83811212818161474  0.85132468617670598
  0.86711826208265497  0.88695724590122249  0.91964166650341816  1.00000000000000000
   4.0747198868486596E-034  -1.0000000000000000     
 T T T T F F F F F F F F T T T T T T T T F F F F F F F F T T T T
  <DiscreteSampler_grid>
  grouped_processes
  1 # 1 for a reference and 2 for a running grid.
  10 # Attribute 'min_bin_probing_points' of the grid.
  1 # Attribute 'grid_mode' of the grid. 1=='default',2=='initialization'
  0.0000000000000000 # Attribute 'small_contrib_threshold' of the grid.
  0.5000000000000000 # Attribute 'damping_power' of the grid.
 # binID   n_entries weight   weight_sqr   abs_weight
    10   10   1.193740267183394E-021   2.092988842519339E-042   1.193740267183394E-021
    11   10   1.193740267183394E-021   2.092988842519339E-042   1.193740267183394E-021
  </DiscreteSampler_grid>
