 -0.00046553764117122  0.00756724524560370  0.01718199845439943  0.02783678501255299
  0.03832498826428566  0.04956942232727283  0.06037781549004311  0.07117230091906641
  0.08146768956481730  0.09194951304642279  0.10268693706552318  0.11300627073772504
  0.12312730087217041  0.13321350443480287  0.14308099564923951  0.15280497219973080
  0.16222366295086452  0.17138471660212581  0.18020463243138723  0.18900826039678906
  0.19763833730014185  0.20602184145123420  0.21420515926496381  0.22242092214017400
  0.23100349464762385  0.23969138246529401  0.24826446301430594  0.25657223459634004
  0.26477114792870193  0.27285929062189057  0.28120744420577493  0.28984979033918523
  0.29822938966337176  0.30664607749924555  0.31481240143921407  0.32314125281407829
  0.33161003143188922  0.34019448936626406  0.34872912134055756  0.35706093400257499
  0.36520280758940032  0.37325498664969331  0.38128876862662364  0.38933164570969109
  0.39762574109774790  0.40574114501432135  0.41374477859606601  0.42155255452914969
  0.42922926566069308  0.43736709620763964  0.44604652990947458  0.45454788737758128
  0.46284823954276655  0.47095650824486995  0.47946848939743086  0.48795401351817846
  0.49639252704872150  0.50505493429309312  0.51421177995429579  0.52371382344708184
  0.53317509954672815  0.54282095969524213  0.55249167863267878  0.56211547947110463
  0.57174272636999257  0.58127586166519463  0.59092805362388590  0.60039488025931187
  0.60975221030115390  0.61909250099072888  0.62848037852292860  0.63806989585316864
  0.64767113489099726  0.65727400916001666  0.66696146800169676  0.67678165170016391
  0.68676432200712267  0.69690502108156505  0.70706081187975955  0.71743242483731906
  0.72802483320790845  0.73939191821639727  0.75161743973103823  0.76443898097848462
  0.77737871955292781  0.78998803362799741  0.80397194370680591  0.81856917211511593
  0.83386273548796208  0.84964579232307358  0.86653450560202860  0.88650713134849346
  0.90706586874524076  0.93006451720447247  0.96145116243467865  1.00000000000000000
 -0.00292464133720601  0.01198325415555423  0.02445309182569851  0.03663143631055779
  0.04802129387039589  0.05815918950731803  0.06795595767008880  0.07731305127163976
  0.08697656692981245  0.09677440188087821  0.10693346487582991  0.11729558230086068
  0.12712762538835723  0.13698485571776381  0.14694860459556680  0.15780203361038339
  0.16864967277800716  0.17961976977337735  0.19064633459862190  0.20161233408967932
  0.21261407846770880  0.22367771245379586  0.23498151692508182  0.24523238155811963
  0.25574093099001333  0.26667909304377274  0.27765042706173848  0.28824451195675116
  0.29862922266902125  0.30902161834226677  0.31903189643851959  0.32867176774285817
  0.33849085259332684  0.34804473724419099  0.35799391858403257  0.36829447086717926
  0.37877744522405482  0.38957146781522073  0.40073297581459483  0.41217907656921549
  0.42436432116791351  0.43638807449912770  0.44823745406843990  0.46004419735854185
  0.47187622127244927  0.48314335941216036  0.49364032394441532  0.50382742298168559
  0.51381730034330664  0.52362067494271025  0.53322740949063085  0.54309340684799701
  0.55314750663587586  0.56350022799187494  0.57439652673614583  0.58531839317499823
  0.59539926025868806  0.60522960525042513  0.61460764059938711  0.62437120607891916
  0.63368020901164257  0.64335022680353438  0.65371442498385268  0.66492910875216971
  0.67566934138861423  0.68596740262706524  0.69666395701224892  0.70751344709565522
  0.71806195640982784  0.72842290672880228  0.73826707461114993  0.74836909136980090
  0.75896732144440759  0.76893564556644634  0.77852182868826569  0.78780273423670577
  0.79808355359691396  0.80908814560268616  0.82005280359383070  0.83098632049729337
  0.84171497308405963  0.85239333048861732  0.86277441512466402  0.87301520302718794
  0.88351357585996571  0.89439536229671934  0.90598078111371783  0.91760702181070186
  0.92859056125940598  0.93974627595482918  0.94975676854453683  0.95946288954912562
  0.96908298225177225  0.97901067811125697  0.98941554803308307  1.00000000000000000
 -0.00772004525012498  0.05402493099631268  0.08497214599921081  0.10590434099372116
  0.12340523612414767  0.13933386165570907  0.15508604682859592  0.17057058207852399
  0.18531060603676203  0.19874800068997042  0.21070774906154086  0.22196935526497680
  0.23263442800985173  0.24247284809379355  0.25196877420734370  0.26146773800180634
  0.27076210931630501  0.27953323249929951  0.28792643142635932  0.29694197983321724
  0.30604045899051319  0.31443322958124953  0.32211072416694436  0.32969305251565584
  0.33727502763993816  0.34491533809288988  0.35272283832035511  0.36012651080221147
  0.36719349061786871  0.37452370712172073  0.38262622174503219  0.39094470754995053
  0.39870621671614104  0.40598114656871975  0.41314805244105496  0.42018152001665743
  0.42701274992197624  0.43384508553843942  0.44067753507409979  0.44755522402020465
  0.45424943673517393  0.46106422800637326  0.46782719606585182  0.47452852198923667
  0.48140059322311890  0.48872204329000224  0.49611657602881681  0.50337685655095210
  0.51060758134013873  0.51795011972894223  0.52523888993738932  0.53238603961958253
  0.53963666198014948  0.54652765870208198  0.55339949831527724  0.56020481357996743
  0.56681503696441948  0.57330674135290538  0.57970014415553128  0.58636941727848668
  0.59327801747266962  0.60014105457489497  0.60686271022043514  0.61343849774165182
  0.62000039417656871  0.62702061761195527  0.63424847777358806  0.64156102179209928
  0.64910050063669456  0.65691164733986740  0.66512821660707822  0.67370014269518363
  0.68274482669235526  0.69130182127050122  0.69961373185023024  0.70795921288614672
  0.71651685090066497  0.72510836990969596  0.73376318914136007  0.74244543227068027
  0.75141099090026187  0.76085989362998507  0.77029596336756390  0.77950404867517809
  0.78884118514110746  0.79878447899985372  0.80962316815447188  0.82092494236325364
  0.83273737078957977  0.84514474011788820  0.85891989796243817  0.87362171773207098
  0.89272100639810770  0.91470190847529864  0.94468150437503340  1.00000000000000000
 -0.02154775581491108  0.12357760885758395  0.15790313826324415  0.17991193805023972
  0.19742814388896227  0.21183566344340299  0.22426425459326882  0.23531879662210087
  0.24559257637867188  0.25508983904494054  0.26400924398822523  0.27256886011700027
  0.28071657938434841  0.28859621577961547  0.29616356992782200  0.30342802871988489
  0.31064875200018893  0.31766105432371483  0.32466559961037295  0.33156147018693588
  0.33817381238244426  0.34449687338521512  0.35076625153019958  0.35700389689196410
  0.36318989077078367  0.36917877182097703  0.37524314077900411  0.38177100553161830
  0.38822807978900170  0.39448174057774266  0.40083274082292120  0.40721641347356013
  0.41350342012897462  0.41960825040493305  0.42550011786373748  0.43124622006575947
  0.43705695486144414  0.44268809503329920  0.44826878981285301  0.45416180762484459
  0.45995377419298594  0.46541491392248419  0.47070286061581718  0.47588272982546753
  0.48091806132493853  0.48589876023919454  0.49097042233670862  0.49609916155593964
  0.50101204478304617  0.50559212886984739  0.51006043332107731  0.51466751013978396
  0.51948243068354927  0.52453951992645331  0.52959215326211517  0.53450811818788857
  0.53947770093338754  0.54470421101608990  0.55026375785610526  0.55595355230556232
  0.56163824160471276  0.56739987142254866  0.57321628961454019  0.57903707545595751
  0.58485421746902078  0.59048766954372944  0.59611686641766659  0.60188507168655725
  0.60788231481899269  0.61408838319837267  0.62035017764618061  0.62683277999474640
  0.63363582243105410  0.64043881679671122  0.64726020750769364  0.65427354760561296
  0.66149004654640386  0.66878897723199182  0.67609482326852921  0.68346021523958067
  0.69119280652022497  0.69964949323644365  0.70832808763199306  0.71722218112383662
  0.72608823516559962  0.73503925231875034  0.74426478104847671  0.75407200213361825
  0.76494514690683746  0.77672000037412492  0.78944240968163515  0.80354607062499561
  0.81968399875254661  0.84041544646441946  0.87856255678046768  1.00000000000000000
   4.6222758851680688E-010  -1.0000000000000000     
 T T T T T T T T
  <DiscreteSampler_grid>
  grouped_processes
  1 # 1 for a reference and 2 for a running grid.
  10 # Attribute 'min_bin_probing_points' of the grid.
  1 # Attribute 'grid_mode' of the grid. 1=='default',2=='initialization'
  0.0000000000000000 # Attribute 'small_contrib_threshold' of the grid.
  0.5000000000000000 # Attribute 'damping_power' of the grid.
 # binID   n_entries weight   weight_sqr   abs_weight
    10   10   1.051984486632908E+004   2.556313382222312E+008   1.051984486632908E+004
    11   10   1.051984486632908E+004   2.556313382222312E+008   1.051984486632908E+004
  </DiscreteSampler_grid>
