  0.01011180550253159  0.05040687301822083  0.07982959214056361  0.10251939854426130
  0.12449872220594854  0.14414620839804962  0.16183093832217244  0.17821213912574807
  0.19364707059900155  0.20851515458482897  0.22308607601756208  0.23783296567014170
  0.25276736938176764  0.26790234735817797  0.28263626308127510  0.29696863231877813
  0.31111643616248258  0.32388457262445747  0.33633384685895584  0.34875037282350946
  0.36137649697666102  0.37358952721947508  0.38530991486654792  0.39674962167500655
  0.40978518152547111  0.42264033019278713  0.43408343439616720  0.44527337940094436
  0.45666330116746068  0.46877446306059073  0.48096628242924444  0.49342005422393453
  0.50558846621869236  0.51738651507262723  0.52853655404226640  0.53964352690994666
  0.55108596553872535  0.56246014563841040  0.57362003367120951  0.58452857716083828
  0.59532392299664594  0.60621953856364119  0.61730383122212618  0.62784405553698852
  0.63788605667482412  0.64835388110161796  0.65937347155944326  0.67048908760317771
  0.68166407918130334  0.69211810009538588  0.70230656637306021  0.71254819460776864
  0.72262343350620784  0.73248740905287735  0.74252461780038770  0.75289711371307644
  0.76350406089504341  0.77348780717930354  0.78321353574226904  0.79310927376220086
  0.80274238153711297  0.81183031118880511  0.82063213274521873  0.82941668373382882
  0.83830973189997526  0.84737528354940728  0.85625273465544527  0.86481038070768679
  0.87316529797047282  0.88108160002683100  0.88877244774129593  0.89620228428816340
  0.90339088074690765  0.91018425017220950  0.91646784632060252  0.92249928289088767
  0.92846054096513131  0.93455073773381026  0.94051221945913455  0.94611162797795922
  0.95147662491174512  0.95675207574489374  0.96145119409759983  0.96584001056168944
  0.97002113919290422  0.97395966198487360  0.97770277422352858  0.98080089868452780
  0.98372891773509996  0.98637495082636573  0.98879363017440280  0.99105378374380348
  0.99311626017021093  0.99501581695199159  0.99667953308516177  1.00000000000000000
  0.00893957521886252  0.01669557973486672  0.02761015795494533  0.03977547350716208
  0.05178787290267744  0.06473892696598427  0.07769019173079687  0.08961048316590810
  0.10009102099496769  0.11090932161676857  0.12214462671469112  0.13354942614445850
  0.14513592949125836  0.15664615088467043  0.16742765680748886  0.17715309664027651
  0.18673954095410222  0.19625656573250344  0.20512191609623009  0.21390891356477923
  0.22290401989909636  0.23288500106881579  0.24417082540018398  0.25611765087363075
  0.26788395982021806  0.27924594223897803  0.29040617929230944  0.30161989565486813
  0.31305096412965910  0.32443999688846425  0.33564918635529356  0.34681414678423300
  0.35741806091473066  0.36712277129989973  0.37680755532196736  0.38633614324549137
  0.39595747820592975  0.40555330495277953  0.41535936266557433  0.42573344278358793
  0.43641792012359087  0.44668649508574787  0.45633775375047131  0.46538467257177180
  0.47452133007590347  0.48421814145483943  0.49363187259803221  0.50273158555825570
  0.51214337659204856  0.52240627804897632  0.53457973028888450  0.54652044296375935
  0.55817420659106320  0.56947643310318485  0.58009398567023440  0.58980587677510865
  0.59906076072819836  0.60885027624979826  0.61923178548150271  0.63020645735491398
  0.64170994636623768  0.65347214115694385  0.66526941574859544  0.67555995572410710
  0.68550445318731035  0.69567591529941819  0.70651667741875601  0.71782721187165932
  0.72857813179326170  0.73851554126764229  0.74837867066415531  0.75838492570851823
  0.76828892623494649  0.77810257276347761  0.78774217095388199  0.79805790518337272
  0.80838764951978304  0.81900818460854108  0.83011709391145350  0.84132511532040388
  0.85241084334732697  0.86306405518998686  0.87351415910251540  0.88370389855602172
  0.89452476720647189  0.90510821588383561  0.91560087379106370  0.92517298184501051
  0.93517249577375217  0.94524535321139347  0.95508833986367625  0.96461822551123222
  0.97392575524058345  0.98272258507763444  0.99129853811084767  1.00000000000000000
 -0.00074145909065196  0.00462530174678049  0.00724272643421938  0.00982035037170289
  0.01272015358687000  0.01613850947868726  0.01976952680231279  0.02379729518034318
  0.02803000054376391  0.03189087458309285  0.03659373754936251  0.04231528823066819
  0.04777612377397766  0.05308687443328039  0.05895043966388237  0.06518369826033089
  0.07183668093589829  0.07829607906416670  0.08477574317333479  0.09155578265309661
  0.09823424513303104  0.10487116365865690  0.11266227613167151  0.12029278194883564
  0.12812224388924209  0.13651297069013585  0.14612076628561144  0.15630648885337320
  0.16529402879314739  0.17343365808938055  0.18165368116231997  0.18994092508426427
  0.19850523613960497  0.20708390288595627  0.21581049154103965  0.22490711542529385
  0.23458110458854947  0.24471569396122950  0.25482056054121943  0.26498445174033203
  0.27570882493535631  0.28711955890896518  0.29832090710501125  0.30922858450051421
  0.32042812239389185  0.33128276226652298  0.34194728702156346  0.35260334414514072
  0.36357373412691457  0.37477449558641313  0.38554771150335831  0.39616772010942836
  0.40748320991107739  0.41925762627574104  0.43108537728901530  0.44296583874499657
  0.45438194232361756  0.46633968014348681  0.47811386728499311  0.48953803308362548
  0.50119201643258005  0.51294176959335880  0.52454002545354883  0.53663920239944563
  0.54958946984517998  0.56327137868053478  0.57778714647687524  0.59184755746383222
  0.60570667371728804  0.61928975230631089  0.63255398185372091  0.64538562851716119
  0.65724203513272506  0.66993269863836968  0.68319789496733663  0.69755832696686226
  0.71290687888306270  0.72863826587521008  0.74415839553732310  0.75963132462170280
  0.77502377649505472  0.79030560255418847  0.80537806503468823  0.81968368557658966
  0.83454215479386973  0.84939530916501482  0.86466230526023469  0.88009561271710979
  0.89524957051410081  0.91023745430998348  0.92442147310898559  0.93869562040682986
  0.95331570698632140  0.96843347088515386  0.98405818954124480  1.00000000000000000
 -0.00309004684931548  0.01132395258795775  0.02354751253516265  0.03477490985007062
  0.04555486519563843  0.05616780466219515  0.06763893229825026  0.07982017276299631
  0.09163826342083776  0.10266134030469963  0.11283423471268865  0.12275367915651073
  0.13250616539042750  0.14213437526127851  0.15177371704225731  0.16188139460917866
  0.17281660608879765  0.18388009587934748  0.19446586445945030  0.20486436865447874
  0.21575218686986189  0.22718893058507469  0.23912693848935959  0.25079318508249976
  0.26202188888426919  0.27247935799801637  0.28196328192599335  0.29138032804176389
  0.30079312870881070  0.31031426492153030  0.31977231345216944  0.32943949016285973
  0.34019438031523697  0.35161521411618818  0.36326513175097991  0.37462088853595210
  0.38505073729690747  0.39495140630225423  0.40467790280892291  0.41467791949680283
  0.42493566285413992  0.43497687292141696  0.44444863152538400  0.45429026775435194
  0.46434474034765483  0.47438791731343538  0.48381209435474881  0.49281372665470208
  0.50217492923992380  0.51186568289766599  0.52158671471806006  0.53142379886748714
  0.54057853860901861  0.55061481955107039  0.56110480874732771  0.57244254849440002
  0.58370795423468613  0.59464299109187468  0.60600397983555965  0.61728424437367957
  0.62851353766291718  0.63950517819313502  0.65097342707426475  0.66362103910851622
  0.67628695876266287  0.68847171605423430  0.69929113017275457  0.70966191219559283
  0.71977038920635450  0.73005787668915434  0.74047167095411714  0.75087976494886088
  0.76146890964576486  0.77223611230754807  0.78261737135291942  0.79284893830912129
  0.80215134756094109  0.81194550316969394  0.82189956677806997  0.83191225599225249
  0.84175525959889619  0.85138661384431746  0.86166443172867524  0.87236218149911771
  0.88275843958981537  0.89264013395759667  0.90280116903411523  0.91310525872512205
  0.92339036132122398  0.93313807915597025  0.94320466706062989  0.95372083178945855
  0.96457287377150192  0.97645456915953333  0.98805031008171718  1.00000000000000000
 -0.00305570797468454  0.01086577466898228  0.02263764143522823  0.03373471947687320
  0.04406940784555334  0.05407536849507184  0.06441097840281076  0.07491539991603254
  0.08529037164060121  0.09557235079093047  0.10540378466665437  0.11458544907712130
  0.12378109095851264  0.13270014578209163  0.14158020869648666  0.15069744526420095
  0.15947994321161260  0.16902748677184082  0.17828503913409244  0.18732823620254158
  0.19638576366095736  0.20599791447292443  0.21641509405620929  0.22705241573423118
  0.23730763083311188  0.24754770827727016  0.25837732848082279  0.26977765261638170
  0.28081727616016439  0.29124803002435379  0.30149065434771366  0.31189383494228190
  0.32270882490768565  0.33346175047973259  0.34392207508046324  0.35429207243835659
  0.36451431717302946  0.37562140390111542  0.38724526419431904  0.39886612658513265
  0.41007476845889496  0.42114488647808213  0.43221814750596538  0.44300503782870737
  0.45392457732075808  0.46581202876699029  0.47880214281542133  0.49113894813365178
  0.50227779943164175  0.51288123515007589  0.52315364243422180  0.53317144557949725
  0.54346121576034878  0.55530201752309072  0.56691557033295814  0.57731992516037356
  0.58746523873785073  0.59709637870732202  0.60661187823290097  0.61622120361158339
  0.62633983163244666  0.63752060728698134  0.64907903171732317  0.65999140510111087
  0.67028120085534193  0.68060836822247617  0.69151783523709964  0.70266060265862629
  0.71374995569885991  0.72473220543868455  0.73577983313538764  0.74681774529254674
  0.75776642599686905  0.76834996062438943  0.77886667279634869  0.78893124771926715
  0.79875686942037161  0.80884321849741636  0.81881596143475111  0.82892316305389846
  0.83883481482826505  0.84863369375634101  0.85836682404451203  0.86813777550148286
  0.87862244439285964  0.89030683371378350  0.90255581103620997  0.91419901252211289
  0.92521622893546640  0.93621025610366648  0.94810940879054251  0.96010769536664231
  0.97033260082197781  0.98066747936031795  0.99003384095809510  1.00000000000000000
 -0.00242437897643447  0.00892506821782742  0.01906429509453492  0.02939783303685275
  0.03981652495164927  0.04991096713575139  0.05985810213568159  0.07030118842607566
  0.08103041897417214  0.09186900256220476  0.10230424001325665  0.11236718277446983
  0.12241369119997239  0.13264205315648583  0.14326548494615016  0.15374181401992135
  0.16385861347138367  0.17380204015734288  0.18398717704524709  0.19466761424583268
  0.20497754063363505  0.21561032325625271  0.22646861595227086  0.23751990996518491
  0.24789016265416053  0.25752715190464470  0.26730460225902619  0.27657682943129436
  0.28636603205652544  0.29651578640156584  0.30745456980403835  0.31927219963221171
  0.33102038076708240  0.34267855257516722  0.35399209825537375  0.36545666310371333
  0.37680163839355119  0.38729679693985780  0.39771764350012750  0.40784696633786244
  0.41795115817890816  0.42779236948128452  0.43816249866582646  0.44920922962244869
  0.46098360235748492  0.47328600580927127  0.48575808543886340  0.49802990158511357
  0.50853958780737341  0.51805234044941861  0.52666062977570793  0.53496110625011695
  0.54332738728278340  0.55193182111611783  0.56056134557314241  0.57120380427721185
  0.58125538114721542  0.59151404094571802  0.60158586391045332  0.61301765847461032
  0.62398649513479298  0.63505455195902094  0.64615584717911057  0.65705752103899961
  0.66789264705996210  0.67877574592099577  0.68929405417077860  0.69946709655568085
  0.70928603457934458  0.72019573623753652  0.73132004297562836  0.74262281439103073
  0.75401091643978724  0.76503070847714005  0.77542225681219712  0.78561964470255108
  0.79663385911220053  0.80791324683305554  0.81856726412331227  0.82866092870986896
  0.83894680965126223  0.84937564494278972  0.85970048321309145  0.87026719837929389
  0.88095741576768960  0.89142646790129532  0.90265464993596123  0.91456891295569753
  0.92556764772079825  0.93591937807770864  0.94595616042500763  0.95593455872451349
  0.96652162281974119  0.97767265604653253  0.98864570721880995  1.00000000000000000
 -0.00085382787925720  0.00684729976345036  0.01429385406868497  0.02239996700291733
  0.03082267782866684  0.03925629952522337  0.04838856668554203  0.05844466059214863
  0.06864197306664110  0.07913224643266423  0.08929187648852793  0.10013254092197070
  0.11035662540964056  0.12023007779084137  0.13041612277235679  0.14042660794288350
  0.15034378113443897  0.15960514746490015  0.16900947208868505  0.17808165074752763
  0.18739132077738471  0.19629161334114839  0.20544965841251955  0.21527541359390048
  0.22602185877420364  0.23757871573614145  0.24960925229975392  0.26074144555733875
  0.27138905798758034  0.28184540385963258  0.29262999601599121  0.30379091865250568
  0.31449502601237800  0.32511096534925638  0.33569491053405209  0.34727593641734045
  0.35906280881787556  0.37116431078283374  0.38260821496316544  0.39458736648759130
  0.40636043461080845  0.41779613399260174  0.42757834028242619  0.43814294904581036
  0.44899719947124395  0.45939788924500374  0.46883510960658548  0.47851125255062377
  0.48927830559808000  0.50043837392521617  0.51119531068892754  0.52177933335201376
  0.53247542359500810  0.54332721819619245  0.55414025517926324  0.56505613116847597
  0.57622693105963207  0.58777453749046793  0.60072527745556448  0.61361295040704744
  0.62683227139175868  0.64032950626871321  0.65273020579982000  0.66465817180087094
  0.67635491828323113  0.68774579233752375  0.69825162647087535  0.70815264818993029
  0.71776710556776646  0.72759569606392316  0.73776303494243678  0.74835338259148898
  0.75947433972314637  0.77039065759517023  0.78278299656276884  0.79502906462554079
  0.80718617684794458  0.81927979594354627  0.83105888152820984  0.84282922321205289
  0.85375231003849172  0.86412693604345991  0.87453032227628436  0.88458077927099898
  0.89433497222573055  0.90283882183650521  0.91133843213220145  0.92035408305228283
  0.93032055414513393  0.94016198298660658  0.94983709657626358  0.95975918812405570
  0.96918746413840240  0.98001326143274969  0.99006010939719169  1.00000000000000000
 -0.00219657826275789  0.01117092889268661  0.02252413730594063  0.03454177995344780
  0.04631219902395075  0.05770023979947462  0.06875706030878787  0.08116629709376666
  0.09106340007670059  0.10165393863598900  0.11203678648814851  0.12261802056422907
  0.13265945496338266  0.14252400850542113  0.15284577123603513  0.16354845071217133
  0.17482260832860133  0.18624395088261209  0.19733893770206043  0.20850291004337324
  0.21986152015931609  0.23149945200854125  0.24276490551315633  0.25401718316947913
  0.26504733294442839  0.27600780303164474  0.28742457030533597  0.29942622294598659
  0.31144120193111657  0.32319315733545056  0.33445000408153136  0.34498397798052843
  0.35520111445732139  0.36538731333148439  0.37552181664215362  0.38555706410164958
  0.39540708158388688  0.40558833937126032  0.41608528090888947  0.42667695273657191
  0.43714980582132601  0.44745999555686022  0.45823279362592784  0.46937080533956654
  0.48097522241916002  0.49275225011964646  0.50456429720724927  0.51620133137165070
  0.52768442216941625  0.53759297951528540  0.54720230704545725  0.55693814520587026
  0.56739787528274976  0.57806110182886228  0.58793889078377937  0.59732967270545767
  0.60704958242745022  0.61736557854228258  0.62763375815957734  0.63781289091695037
  0.64748668111295626  0.65690386215514152  0.66627590818607507  0.67596973602367516
  0.68636714803866627  0.69755286487864454  0.70870464802384858  0.71899967719772795
  0.72853425845185205  0.73739276342197668  0.74614547231990602  0.75511398972120247
  0.76377515627095471  0.77215523185839974  0.78075312762734639  0.78929678833705730
  0.80010416991789535  0.81085379642913646  0.82091441245002139  0.83036984514760148
  0.84009223275235156  0.85054501969658824  0.86148708063598978  0.87313353743926048
  0.88548947046068893  0.89764140962158545  0.90804312460887204  0.91772109283862113
  0.92689082661247824  0.93655414081474675  0.94641684035315599  0.95627802072369317
  0.96704121735234949  0.97775866724242300  0.98912749532660016  1.00000000000000000
  0.00540303038719666  0.03436426903170174  0.05340457849046330  0.06639603318571433
  0.07672609021168462  0.08599882713175823  0.09465779730309316  0.10347392006193229
  0.11249314991292898  0.12134387181067328  0.13018403053233979  0.13930615747229139
  0.14792977561540824  0.15641246746635645  0.16467111372482307  0.17236816270317182
  0.17965209270082336  0.18656819945453865  0.19306256055419305  0.19948624006037030
  0.20600409190470945  0.21198744116792134  0.21750149735669982  0.22313352960316135
  0.22895881723698594  0.23520742543587828  0.24173310722220046  0.24830673213518367
  0.25506673842985778  0.26215806860788071  0.26888811358887288  0.27555571146720165
  0.28212946508895748  0.28874719495629875  0.29556362373729683  0.30225071796612291
  0.30905625785130630  0.31604803773962886  0.32315061195141603  0.33024084453299485
  0.33698507283314066  0.34333306021503829  0.34953963097569773  0.35543877053791678
  0.36139858807255526  0.36756735629199472  0.37408171923389000  0.38051533043371683
  0.38735362596122885  0.39397773602984326  0.40070210900652486  0.40732290011473316
  0.41397394765051720  0.42102785868624648  0.42779282497216908  0.43439742911470514
  0.44149601328067112  0.44935160410232761  0.45801155851070047  0.46676005079251870
  0.47556759024148232  0.48365313865798631  0.49135631991807960  0.49909769371220164
  0.50709701153531184  0.51556138243046623  0.52431049668038732  0.53276968941836333
  0.54115890546625112  0.54960557185325820  0.55794703193266748  0.56633749046283899
  0.57472304015685916  0.58347797102454657  0.59291576195650009  0.60249154114604320
  0.61278060374013876  0.62327140557232386  0.63395939359966758  0.64519422114917024
  0.65687593634589769  0.66840616699010014  0.67983292014386820  0.69151731133650696
  0.70283071440413469  0.71479182032372612  0.72800346181872566  0.74235362589811804
  0.75781642583588116  0.77500313860865422  0.79264830530847441  0.81124930517509164
  0.83133175608663690  0.85536102982422635  0.89583177449294937  1.00000000000000000
 -0.01950244749712982  0.14185120698330825  0.19413499043084842  0.22907583314866381
  0.25523442581683059  0.27473662817982047  0.29039548274911942  0.30447352480707546
  0.31763267708258530  0.33027280053204394  0.34214129716242075  0.35350821644773117
  0.36393800027435019  0.37410151256022656  0.38352339944885910  0.39269990172475133
  0.40134420478683891  0.40949658773793335  0.41746788166356991  0.42482226282092395
  0.43223823216111995  0.43977465588127429  0.44692739076754445  0.45346578104474150
  0.45980598433995135  0.46638060015512567  0.47301494653913601  0.47937316124117746
  0.48534046089611949  0.49108161350457430  0.49683850161443005  0.50256553839214413
  0.50840107491659592  0.51414370561942724  0.51988478405961047  0.52551004352980968
  0.53103861732558388  0.53644234674793423  0.54157486046494596  0.54639387061121902
  0.55108672496794808  0.55583039250368271  0.56074197771063206  0.56564244215027171
  0.57043636210846871  0.57529878661983425  0.58004627003760056  0.58466569963359527
  0.58903445703425361  0.59341336220395702  0.59810122833442514  0.60316631481620342
  0.60817691658175754  0.61287141094438025  0.61734389368300657  0.62163014721587251
  0.62596194323301690  0.63063245551578384  0.63516029493937343  0.63961533584090535
  0.64399955871918579  0.64828224727529149  0.65283348257371721  0.65765794613341211
  0.66242697214325541  0.66728652721490722  0.67215723587528542  0.67709030003286352
  0.68207192864298427  0.68713911794637583  0.69235562459053668  0.69768456663101397
  0.70302955400633671  0.70843194129185372  0.71415454021780855  0.71999651171548507
  0.72636652956559011  0.73262440357997749  0.73879643757802260  0.74504453055842268
  0.75167006884665766  0.75867936102486822  0.76587894732867456  0.77315961761482255
  0.78069097135953125  0.78870403252510690  0.79723691315485623  0.80612041601373885
  0.81532256561837957  0.82508977710978781  0.83651597066919914  0.84995593920145296
  0.86706843819002777  0.88855821762370280  0.92006327959469003  1.00000000000000000
   2.5926267007053421E-055  -1.0000000000000000     
 T T T T T T T T T T T T T T T T F F F F F F F F F F F F F F F F F F F F F F F F F F F F F F F F T T T T T T T T T T T T T T T T T T T T T T T T T T T T T T T T F F F F F F F F F F F F F F F F F F F F F F F F F F F F F F F F T T T T T T T T T T T T T T T T
  <DiscreteSampler_grid>
  grouped_processes
  1 # 1 for a reference and 2 for a running grid.
  10 # Attribute 'min_bin_probing_points' of the grid.
  1 # Attribute 'grid_mode' of the grid. 1=='default',2=='initialization'
  0.0000000000000000 # Attribute 'small_contrib_threshold' of the grid.
  0.5000000000000000 # Attribute 'damping_power' of the grid.
 # binID   n_entries weight   weight_sqr   abs_weight
    10   10   1.672924409283741E-044   6.420995912723020E-088   1.672924409283741E-044
    11   10   1.672924409283742E-044   6.420995912723030E-088   1.672924409283742E-044
  </DiscreteSampler_grid>
