  0.00872764533988759  0.01797172209424701  0.02977750289499231  0.04128414461591037
  0.05227087190362577  0.06266756351491021  0.07270771566768094  0.08243246971640963
  0.09258180537009189  0.10314321273533854  0.11421127427652830  0.12564002236519006
  0.13687261504133538  0.14792932203406650  0.15879357310236264  0.17002255952801165
  0.18134627995726976  0.19219679150800317  0.20276196808559002  0.21354043387724955
  0.22468407889672370  0.23557048812752213  0.24586652871015116  0.25639804034968799
  0.26691952098885796  0.27739624459133250  0.28759319846490256  0.29808030926077017
  0.30889832330544664  0.31993984421002908  0.33098440265921553  0.34233820775194190
  0.35389167186192427  0.36522187418313118  0.37613801205974995  0.38623134509370527
  0.39618186834898889  0.40629164836661591  0.41691345030254517  0.42770741234136633
  0.43866698946610361  0.44985608771855656  0.46123007114822268  0.47271521165312919
  0.48420594654205679  0.49545712820976517  0.50626949678830080  0.51667221894017734
  0.52663063340244165  0.53633897493619498  0.54617200763370644  0.55600636022601646
  0.56583262391443667  0.57523423375439664  0.58466612783770056  0.59416606171567676
  0.60378954951516028  0.61354268352933050  0.62355103464247974  0.63395318049998806
  0.64425726417017426  0.65417717254809571  0.66399854875272502  0.67381114964149280
  0.68354207620700125  0.69272927960563957  0.70157482551086747  0.71057618719810300
  0.72027963438559151  0.73093327861490631  0.74192669615583329  0.75273969601635893
  0.76322067541569505  0.77391504662245747  0.78521520727903960  0.79605920061574587
  0.80615998999956295  0.81611633698105679  0.82627459492266897  0.83655294365963406
  0.84689809160740204  0.85750049379708748  0.86913847715613202  0.88069296109323725
  0.89208402163810407  0.90338055857811039  0.91476992562077541  0.92607832742025109
  0.93711313550548325  0.94783140241132702  0.95791850186089478  0.96718233685073840
  0.97599398671735560  0.98428797832015746  0.99065262380539065  1.00000000000000000
 -0.00077507153052836  0.00453800058451299  0.00710578370251365  0.00956928501631098
  0.01242161025307552  0.01561733852068396  0.01925292988615687  0.02338402075446593
  0.02779821098196441  0.03223471507425520  0.03713955141985317  0.04226892291426625
  0.04741441398661978  0.05309224648006122  0.05928524208730440  0.06567092720805139
  0.07212895206544050  0.07869415455998544  0.08572245125612088  0.09247904252762269
  0.09968613456154148  0.10722963143824867  0.11457296504952122  0.12206158961210251
  0.13013100026660140  0.13828696627764425  0.14588066567633221  0.15377864097580457
  0.16195098215825915  0.17085872605532951  0.17994092979564352  0.18917131200545198
  0.19831205336199223  0.20729130898742998  0.21617313146411785  0.22535732708655576
  0.23488346141632244  0.24493324364173383  0.25539978176908656  0.26572829395747122
  0.27597496340974909  0.28653410319472677  0.29726501661591703  0.30815674093405082
  0.31898493896914221  0.32973299197183492  0.34088212131408435  0.35172742595932432
  0.36282210858933439  0.37422230278619079  0.38582379623940044  0.39772298871385553
  0.40997259724605478  0.42228926287456359  0.43447517700042976  0.44661184683892696
  0.45886903283420177  0.47165227403285181  0.48400541468790398  0.49675651648142205
  0.50917469533831061  0.52139572712530857  0.53358562764480133  0.54588094972935375
  0.55846119518549331  0.57153737491470524  0.58483144977094659  0.59861145101136326
  0.61320545716661179  0.62810677795192971  0.64279173768683040  0.65692806712657503
  0.67083107280728305  0.68444464697074203  0.69831799032523889  0.71224409124698496
  0.72625727393583861  0.74052825938089395  0.75491847178081251  0.76967694667714093
  0.78433622639748091  0.79909961828270670  0.81401086590907268  0.82891278706499227
  0.84371818244315522  0.85793774504835674  0.87193066419336540  0.88583896449186528
  0.89968877935254465  0.91339588024620655  0.92719349419490704  0.94182182860061459
  0.95652250961753582  0.97100690081943342  0.98545556308988291  1.00000000000000000
 -0.00225836923202889  0.00909828825643982  0.01958040374234216  0.02970988646798033
  0.03971416959571400  0.04960190345023415  0.05948668802034054  0.06979377647187733
  0.08027838350195414  0.09102149261935208  0.10168724859706924  0.11252485066956595
  0.12415980534922234  0.13563311874916284  0.14667837979070131  0.15746742469906894
  0.16880420378539107  0.18019994582046014  0.19172508707721631  0.20305090184220892
  0.21417498071843810  0.22515327228618032  0.23584116895233848  0.24681098900978740
  0.25782792627123313  0.26897899549907983  0.27967915615592259  0.29018596008532110
  0.30009940932178270  0.31007785997956688  0.32071980404344369  0.33228833646303058
  0.34293082360787686  0.35330333556587801  0.36359263342430881  0.37393054068301296
  0.38382086543144989  0.39454644028129099  0.40671360792512401  0.41834796986695472
  0.42900856946962918  0.43986208942518318  0.45113594265949769  0.46247060041980304
  0.47373052534207860  0.48499561636309246  0.49645970997282340  0.50757662930874214
  0.51871227199092940  0.52941135163645736  0.54016814643146782  0.55107043317092497
  0.56184287742013717  0.57246677308916416  0.58275077599571512  0.59248993623516588
  0.60191814341393290  0.61114942163959962  0.62055378507012415  0.63089218957026083
  0.64162831724065816  0.65201638574515930  0.66213171687968531  0.67281574594159099
  0.68415657423432663  0.69450522603868237  0.70438056616012601  0.71428253729718771
  0.72421580808664421  0.73422224952598247  0.74428161451031194  0.75511986236799100
  0.76677711654739200  0.77840991052141706  0.78974856170833818  0.80067159947182232
  0.81128666479752076  0.82166790622580410  0.83201334541255079  0.84251825607432507
  0.85286775341042087  0.86299611637651530  0.87308994869706391  0.88289519179790177
  0.89248567108053234  0.90158464670465710  0.91020295748134494  0.91889899855776624
  0.92808766336011972  0.93723488281375933  0.94816219622339326  0.95883805651417398
  0.96944586237723307  0.97990874426929619  0.98998162293973679  1.00000000000000000
 -0.00173771697401040  0.00800607711701443  0.01643445658576016  0.02507501598926857
  0.03377317600215991  0.04234189217457394  0.05175284920881401  0.06109179209797806
  0.07015958527807362  0.07928961472229201  0.08882194835449071  0.09832317641652377
  0.10772692789989909  0.11716225052451082  0.12694583815926255  0.13730657638964910
  0.14806259788237955  0.15915098770589281  0.17054393043853167  0.18125216439075542
  0.19225385017436072  0.20340753391031441  0.21471949517595754  0.22522446827217252
  0.23589967125108055  0.24658351862405414  0.25879368150125187  0.27085677964176341
  0.28376384302211050  0.29552375398791797  0.30702540953542884  0.31791692286325668
  0.32839909563797565  0.33856739414516174  0.34825289681988020  0.35813957762395610
  0.36824776571472589  0.37909831516726872  0.39086419906522502  0.40201921669171764
  0.41252388542477314  0.42279856026012946  0.43350773498704415  0.44424715732018777
  0.45568731294414616  0.46776246598013055  0.47958404996143728  0.49035276782439952
  0.50058043060035584  0.51067120560677548  0.52089955210219052  0.53143646514879450
  0.54244451189088738  0.55400502820948427  0.56561099255925495  0.57711253036876087
  0.58857846614725917  0.59945728720932123  0.61046386698399946  0.62089328402240174
  0.63081145467977640  0.64068858817046670  0.65139916807524145  0.66316844544297693
  0.67485729885921109  0.68565211465307507  0.69589818521321867  0.70649475325543420
  0.71755056842887976  0.72852188472714929  0.73960309763655441  0.75097009134417858
  0.76276533230304655  0.77387719390970822  0.78423480052755334  0.79428916509900671
  0.80407264092301123  0.81416903040711996  0.82476643177180786  0.83568526432946488
  0.84655042521230239  0.85685191589482224  0.86666463825054640  0.87636090877771933
  0.88604633034722768  0.89608673399636718  0.90663059458908257  0.91748031441690858
  0.92856396627031246  0.93949155029592235  0.94985341976708748  0.96001340550294667
  0.96996499446895701  0.97997750478302570  0.98992027687297346  1.00000000000000000
 -0.00214183781098554  0.00887373697260959  0.01812550255637075  0.02842885340856512
  0.03806063718294492  0.04800912028227731  0.05812220793017280  0.06832176383378950
  0.07850616147138252  0.08879620298991885  0.09939137792909268  0.11011998955269720
  0.12060206118486386  0.13073935004619960  0.14064223802063303  0.15042779058193159
  0.16033842430613887  0.17023837930937064  0.17998279624782906  0.18986358781489313
  0.20011377281674703  0.21066083958314907  0.22121434519418726  0.23136055130113622
  0.24130242973963323  0.25141641596798203  0.26130075490951737  0.27090221744152670
  0.28040372775707584  0.29022064175342804  0.30052280582994106  0.31161992514871850
  0.32296258832627633  0.33425527012515316  0.34491865339566385  0.35554408123621778
  0.36612202983419273  0.37639130576144714  0.38612841272845677  0.39581264754342732
  0.40585110478090441  0.41627333676633305  0.42730829766225326  0.43864155294527674
  0.44978380339131563  0.46076068500229478  0.47168890925470253  0.48267455966035783
  0.49325907790411883  0.50404405112053285  0.51502473906739044  0.52588188205601383
  0.53674808833927190  0.54767046640822681  0.55872809431560522  0.57012169206140562
  0.58170469513531176  0.59264541569218576  0.60333818809032169  0.61478644373988056
  0.62601668170704539  0.63598604744840681  0.64526510495864653  0.65477795880492362
  0.66441380119579907  0.67399216284778052  0.68390152676845806  0.69475167200903098
  0.70643182823879702  0.71800914448279762  0.72940556493429765  0.74052658585514053
  0.75134694939492330  0.76189968561355226  0.77235553012922686  0.78322659460697663
  0.79429173814738518  0.80570487842300698  0.81701806097192431  0.82793374839584777
  0.83892382487274875  0.84978945718781329  0.86068698343294425  0.87192079000729072
  0.88307309975712256  0.89405242605583923  0.90523977247997134  0.91688445012447883
  0.92769154047513847  0.93798282633960595  0.94816804468800897  0.95860112853375334
  0.96895464990460944  0.97890980331574240  0.98947027487126038  1.00000000000000000
  0.00562282287277331  0.03524701767714547  0.05118163934494637  0.06233629375718188
  0.07168810672608292  0.08017464900976724  0.08782868182713999  0.09492699300818686
  0.10197078209115272  0.10877008730104649  0.11563160505841097  0.12236525404144562
  0.12853987721506144  0.13438939223892821  0.14035517656582142  0.14638707324762257
  0.15237674088089032  0.15827463237409767  0.16420150092437458  0.17046296143654976
  0.17706323451015871  0.18338144834008829  0.18990517105884944  0.19662018979012336
  0.20328218456496461  0.20994358416288647  0.21660718201329285  0.22333281939010197
  0.23000866597370426  0.23650445993048980  0.24284107718318509  0.24912203889826695
  0.25534639097086154  0.26154329601376813  0.26774811791394987  0.27393380758331104
  0.28010016789860415  0.28623391555894440  0.29223655455287328  0.29817723884724739
  0.30389314335293838  0.30986841325139997  0.31599492373730331  0.32240158553947085
  0.32894787264622338  0.33558279888661013  0.34262682742400391  0.34976393192562760
  0.35668404921392421  0.36368515834152854  0.37068433265856937  0.37746991268849756
  0.38390100365024665  0.39050733738600762  0.39707111211836316  0.40382012417243285
  0.41079622578518665  0.41775479803195353  0.42476566308845304  0.43178472162455189
  0.43871207857216893  0.44563743527120792  0.45249216676336107  0.45936871294560150
  0.46640275956126165  0.47360655443938426  0.48115404528728500  0.48938646573279304
  0.49778092102492344  0.50625141074157420  0.51456063684671072  0.52339358318942031
  0.53270400527240458  0.54241415300206630  0.55263600063574270  0.56298859704466808
  0.57352524049262232  0.58429084391596398  0.59540463938818644  0.60616529091924498
  0.61621819142128575  0.62652550889305980  0.63787221331662125  0.65014320515782020
  0.66231236745760236  0.67596544501833100  0.69125574147296598  0.70700159300144083
  0.72353575722063901  0.74074912555703598  0.75922633699905806  0.78014729029628715
  0.80455632699567603  0.83439839343605493  0.87752532876913714  1.00000000000000000
 -0.02164641861854871  0.13393794593868047  0.17543675273134973  0.20169064081825946
  0.22065831824777427  0.23463732212363758  0.24591908670445950  0.25575051115226671
  0.26481052244215059  0.27331387918843364  0.28116998011282646  0.28863348635336966
  0.29582091378868414  0.30283596736816010  0.30968642503476024  0.31629362632734825
  0.32286372672805008  0.32941635467698499  0.33616460569871121  0.34308488144728955
  0.35001866087424593  0.35670710795406568  0.36316256911794909  0.36943799557014834
  0.37556227041232837  0.38159857957096344  0.38762932389651666  0.39366058863080400
  0.39950431688604066  0.40507259711281085  0.41059869743599553  0.41625241979255090
  0.42166967542711564  0.42707092185951012  0.43256040653512867  0.43806457183751080
  0.44358543852600968  0.44897712572949350  0.45420037379358474  0.45937821072845048
  0.46445806614063773  0.46946749118655801  0.47450050207801642  0.47935545962216769
  0.48406006276905506  0.48879310432879536  0.49370504314125391  0.49856645157572482
  0.50333131617241522  0.50816011119077098  0.51305502826470983  0.51820609240408777
  0.52345069900995189  0.52852681784361999  0.53341186116800710  0.53822585127752232
  0.54323221134026956  0.54838743062504547  0.55389807022014426  0.55927533220268555
  0.56443868378672479  0.56942001458616243  0.57443537489516461  0.57953185640911775
  0.58461093550692478  0.58979012209249027  0.59504743070690491  0.60045190166636842
  0.60597593599643429  0.61151304876359314  0.61713141502383639  0.62284115886253455
  0.62864129012972947  0.63450990787491257  0.64033401006487933  0.64589820936885700
  0.65265749488112501  0.65928115209391636  0.66605089028890385  0.67299066006280928
  0.68010418418316643  0.68764445339620883  0.69555457844677915  0.70379066471722229
  0.71223749520913116  0.72090581362980255  0.72998959505149907  0.74009986167797948
  0.75117413502598496  0.76274878864575058  0.77506282695271689  0.78885610208023826
  0.80563230279125608  0.82676040371147808  0.86550637324231727  1.00000000000000000
   1.8151706268856335E-035  -1.0000000000000000     
 T T T T T T T T T T T T T T T T T T T T T T T T T T T T T T T T
  <DiscreteSampler_grid>
  grouped_processes
  1 # 1 for a reference and 2 for a running grid.
  10 # Attribute 'min_bin_probing_points' of the grid.
  1 # Attribute 'grid_mode' of the grid. 1=='default',2=='initialization'
  0.0000000000000000 # Attribute 'small_contrib_threshold' of the grid.
  0.5000000000000000 # Attribute 'damping_power' of the grid.
 # binID   n_entries weight   weight_sqr   abs_weight
    10   10   1.485762432944608E-021   3.993638968045759E-042   1.485762432944608E-021
    11   10   1.485762432944568E-021   3.993638968045478E-042   1.485762432944568E-021
  </DiscreteSampler_grid>
