 -0.00014805099600470  0.00608834035201998  0.01648015257427451  0.02777203950566579
  0.03916686267989627  0.05046183493794794  0.06153088901417618  0.07245210826231968
  0.08300679177244200  0.09331400502339002  0.10367758414283321  0.11413899530368506
  0.12431283959176666  0.13428123584282875  0.14390344967029511  0.15323185852333118
  0.16235903565949258  0.17155487024930807  0.18102427453461317  0.19047830390143317
  0.20047884424725329  0.20996291533868944  0.21925715054356465  0.22840049773432813
  0.23764790978828651  0.24724513122782951  0.25687562537597863  0.26556556298934081
  0.27377350070482787  0.28186639376547673  0.28996298011290783  0.29810017417337237
  0.30618160074896084  0.31413427476191713  0.32204850866349422  0.33008532496475163
  0.33820142152441912  0.34621090227183421  0.35426648826833285  0.36250474692955437
  0.37087189096754009  0.37918066099168179  0.38729816475413720  0.39562687011400366
  0.40421848492879969  0.41280082232277154  0.42119327999801409  0.42936024641387349
  0.43741933822586676  0.44552539281470699  0.45357381229119104  0.46179024974381677
  0.47011406189326832  0.47827786442841830  0.48635716966961984  0.49441510072669342
  0.50246491071570820  0.51055139978815456  0.51879997746874440  0.52716153461529547
  0.53559608591382490  0.54444036581916944  0.55335835637084207  0.56218887650128457
  0.57093969699535285  0.57963324941939942  0.58838780245488653  0.59721218286406774
  0.60656243600755055  0.61609519004173041  0.62556252652082234  0.63496917517552620
  0.64425852905746750  0.65392563182212715  0.66371722598454874  0.67390850239332212
  0.68443538579397389  0.69505699172547597  0.70611925905688533  0.71725531026496359
  0.72875387007176906  0.74069974920851789  0.75293087728142460  0.76510644003371364
  0.77735471832867353  0.78980973609082006  0.80219197368824202  0.81600896344286811
  0.83146306633595157  0.84785628694065907  0.86469144007285326  0.88266551378544533
  0.90348030344803820  0.92842565006793965  0.96072065916869143  1.00000000000000000
 -0.00227518675209794  0.01001752571720583  0.01969391677860437  0.02933022809732542
  0.03903030084570272  0.04916826549506916  0.05950143596606883  0.07050571703930578
  0.08115994180562559  0.09244195232746591  0.10361573725918012  0.11601195992124383
  0.12784127111463264  0.13915621982380399  0.15056336065528073  0.16217031174909455
  0.17371001428510419  0.18463931202473377  0.19510852954200855  0.20566753895167661
  0.21534095161366201  0.22515736160516170  0.23498412612866573  0.24504589513386280
  0.25517333932555564  0.26533392906180964  0.27593680716636904  0.28710715466394110
  0.29822300955975578  0.30900242692367969  0.31958401066702469  0.33033587386110030
  0.34116431084030369  0.35186861172921352  0.36247417171949076  0.37311529332406435
  0.38358358860469277  0.39376679340250864  0.40386248980451245  0.41369002250429493
  0.42354872408202887  0.43346864424523135  0.44339688898514484  0.45330445923919249
  0.46302029275175899  0.47275272462058721  0.48261451654733467  0.49279970182620830
  0.50290521741859073  0.51303672190124727  0.52303009613962304  0.53320272569330995
  0.54298108584586569  0.55318672020221105  0.56338906277105016  0.57517322530636161
  0.58643176366790573  0.59839388823637052  0.60859521574492259  0.61830672284991373
  0.62816620084471320  0.63810863233196691  0.64790628537558048  0.65810221532425428
  0.66883362319707718  0.68066000912934777  0.69190778640156081  0.70193314112813798
  0.71171050354738641  0.72154269502569424  0.73112017165315268  0.74145329141363203
  0.75132269857505496  0.76275729134387138  0.77370801216782159  0.78533709502908888
  0.79661705491751567  0.80726724070493938  0.81800903442186279  0.82886400510848157
  0.83945815336139862  0.84975432435238896  0.86014144479535826  0.87089813933795679
  0.88176040728858041  0.89252652196194271  0.90292305842428955  0.91322249956955914
  0.92415405629512315  0.93570712092223185  0.94700109163800694  0.95755954615402517
  0.96860637698579410  0.97989104466141097  0.98998036406048506  1.00000000000000000
 -0.00941400153547031  0.06008598509085335  0.09621993750221287  0.12377844985887670
  0.14648978492638909  0.16673119373343778  0.18552128136677082  0.20347617174078059
  0.22127519625359235  0.23794756390269084  0.25332989954295626  0.26737739964202945
  0.28099834926208533  0.29399079527673355  0.30628612240971159  0.31840762936444966
  0.32959262181466709  0.34047410316825577  0.35072275251236495  0.36123112032051885
  0.37168147490579023  0.38219262143396054  0.39260789417620268  0.40271310961151568
  0.41245967494310831  0.42123787278035718  0.42928966126063922  0.43765791874605797
  0.44589973309662384  0.45425138019774697  0.46187940908286979  0.46955582942335855
  0.47682587125347353  0.48520570029278132  0.49373239802168578  0.50226103040908354
  0.51084882043554303  0.51933043760202635  0.52793821281008613  0.53653791158809028
  0.54534418729697220  0.55438269866038026  0.56303996612910623  0.57084258843191604
  0.57846232191677038  0.58623350078459147  0.59374777013027136  0.60103560568591530
  0.60797701031346263  0.61481253854816242  0.62164578342045218  0.62844507543894934
  0.63517557438280936  0.64190692040043784  0.64848695843138215  0.65494568921319241
  0.66123483352779522  0.66780406497426759  0.67481098968635955  0.68196104288222936
  0.68897901917325599  0.69575629893490043  0.70253131960679549  0.70945485839421585
  0.71663184782359168  0.72422576805406369  0.73176375044111674  0.73906295025293445
  0.74611349329169518  0.75321337375248043  0.76016437815809024  0.76720906785214615
  0.77446959540233040  0.78194278968436604  0.78978524905098113  0.79789430239477965
  0.80609357801487758  0.81413138521635686  0.82191158184968538  0.82985745746863149
  0.83755777500445305  0.84523210952336458  0.85305653356098743  0.86123737975417569
  0.86952367374952289  0.87780938074992199  0.88618406559566787  0.89471146664308132
  0.90415664726936484  0.91423154434262865  0.92481740367715570  0.93606080870944830
  0.94856915086211291  0.96226248059911512  0.97854664851633866  1.00000000000000000
 -0.01923489979883272  0.11997020134477833  0.16938725155184867  0.19688985232757122
  0.21869600512843548  0.23756412328434323  0.25513032030260147  0.27176700783915658
  0.28667267229978455  0.30074960028465497  0.31429993915392673  0.32595035316906878
  0.33720651444677724  0.34737929446575433  0.35737753958474466  0.36719351187921034
  0.37711689557729433  0.38777748706829634  0.39798498814141753  0.40833929916424788
  0.41843240927520969  0.42815938849528618  0.43768404075184170  0.44585370827498039
  0.45406191917849259  0.46199447770392649  0.47003203501181234  0.47795379194549859
  0.48559391305102095  0.49294140267047187  0.50036468664236378  0.50816029434094923
  0.51619691356960806  0.52414580285693790  0.53176255110132375  0.53903365008744308
  0.54638513267136690  0.55400065986871505  0.56150883832523502  0.56826560776204671
  0.57437382247588153  0.58048208025379133  0.58664913344754677  0.59304339952268259
  0.59929118495214773  0.60534861806945273  0.61088894435000685  0.61624275402792117
  0.62139389159643621  0.62678257705351503  0.63260426584333074  0.63843972168074425
  0.64409320305074869  0.64961984988812915  0.65511545000038096  0.66065251880384623
  0.66631566811672926  0.67210054687727649  0.67785723913053997  0.68377556635680647
  0.68934150620621826  0.69480386281516315  0.70020911477957715  0.70568364467128453
  0.71111874017998378  0.71655220333023584  0.72209280747585347  0.72765837355747565
  0.73304578522125929  0.73822906198179217  0.74323874517437449  0.74819325845592988
  0.75331352243814187  0.75846596379540598  0.76375499802578994  0.76902581931616298
  0.77415356542783964  0.77923685091241224  0.78446928582667630  0.78990607155193016
  0.79573875873405731  0.80187762130122509  0.80798278836467696  0.81436937890944927
  0.82105298307002739  0.82772564041045749  0.83469777603403061  0.84290088165806598
  0.85159855395538253  0.86098336152081589  0.87104278822943182  0.88203701225109565
  0.89423678272280949  0.90928289120048289  0.93492103325522458  1.00000000000000000
   3.0521219345887357E-007  -1.0000000000000000     
 T T T T T T T T
  <DiscreteSampler_grid>
  grouped_processes
  1 # 1 for a reference and 2 for a running grid.
  10 # Attribute 'min_bin_probing_points' of the grid.
  1 # Attribute 'grid_mode' of the grid. 1=='default',2=='initialization'
  0.0000000000000000 # Attribute 'small_contrib_threshold' of the grid.
  0.5000000000000000 # Attribute 'damping_power' of the grid.
 # binID   n_entries weight   weight_sqr   abs_weight
    10   10   4.654742813917798E+003   6.246764556184836E+007   4.654742813917798E+003
    11   10   4.654742813917798E+003   6.246764556184836E+007   4.654742813917798E+003
  </DiscreteSampler_grid>
