 -0.00080280731927991  0.00444050920019251  0.00680657484792749  0.00913808664909588
  0.01182354483601428  0.01486813345921705  0.01831783654205344  0.02193251663484966
  0.02575801568976131  0.02999595022484706  0.03479562605805804  0.03972072085128540
  0.04463433932516352  0.04997429394383719  0.05539776939430774  0.06104103719805973
  0.06706700465714902  0.07347545416145725  0.08014695645752246  0.08665663832742099
  0.09324895587851979  0.10031523677459174  0.10782506304015352  0.11549346977910457
  0.12324455553925001  0.13123836378930806  0.13942336065164174  0.14743467024833459
  0.15575700279610830  0.16454574452632237  0.17394181388845920  0.18352183969851313
  0.19333083653443484  0.20316283545700681  0.21316710822560161  0.22334245869631145
  0.23341382913978151  0.24396090431123862  0.25398890712573047  0.26424011275602910
  0.27461986128197108  0.28502285306392960  0.29547429734488656  0.30609220163922513
  0.31696680436314123  0.32785945454167525  0.33921182131776334  0.35106535213682288
  0.36316020374826324  0.37536962125889739  0.38782115527127670  0.40093303723156909
  0.41446975251567780  0.42796769993316652  0.44083455789579012  0.45390076417899089
  0.46717686586415863  0.48005921886228931  0.49219110074428712  0.50385922293118102
  0.51578055404720713  0.52845391255354668  0.54150737496974566  0.55476373999980322
  0.56821977437397575  0.58215429008495279  0.59619646607736276  0.61051278558821964
  0.62504257460196355  0.63951927494401017  0.65360175655429220  0.66717169391419362
  0.68146405106277153  0.69588133229762716  0.71015928247658644  0.72454528058357559
  0.73890842668000378  0.75313985173386433  0.76744753909331409  0.78188386554921041
  0.79544429792817084  0.80867428704353339  0.82177611800941119  0.83489792745838431
  0.84822819930264348  0.86205565151439667  0.87558061531979758  0.88903355556205421
  0.90294488885541402  0.91717234345768173  0.93109236415789376  0.94467282668798369
  0.95869889514028583  0.97255938834166700  0.98624269080004479  1.00000000000000000
 -0.00273785405706323  0.01012335610124961  0.02075890364588337  0.03163947539448651
  0.04241850616474538  0.05320311733484410  0.06475455548754669  0.07690494767436477
  0.08902405799059239  0.10069547127528924  0.11184115499763199  0.12244779007875342
  0.13240859832466301  0.14202504905400157  0.15168582923168336  0.16178628707182219
  0.17299851003279490  0.18467242900607000  0.19585515255923394  0.20664226193924706
  0.21763199539850595  0.22819555819433432  0.23857720477042699  0.24905785640642578
  0.25963228688323670  0.27047299488858428  0.28090038788017685  0.29126930491844610
  0.30116847233664362  0.31117960417843171  0.32112976919143127  0.33129659774807013
  0.34200261840607099  0.35315431335486103  0.36418174867645359  0.37454053859483261
  0.38462130115123477  0.39497179089092704  0.40574290717143507  0.41674524767941551
  0.42797407183790726  0.43977341633042782  0.45244514234164457  0.46445491082410473
  0.47526596669936466  0.48560409664484494  0.49555822879471084  0.50560203800062986
  0.51512083616662796  0.52463600187046344  0.53396756296253944  0.54358244115612997
  0.55358628590016401  0.56364354264711325  0.57405852725913586  0.58477915287853954
  0.59575329364365937  0.60681660125883463  0.61772830042131543  0.62841479172039161
  0.63888780098558007  0.64981677807573557  0.66141156973417969  0.67289007678712687
  0.68400825430213019  0.69465250498739461  0.70509531085995525  0.71545038283622120
  0.72552643090806479  0.73532604035143945  0.74524969733864310  0.75571638665145879
  0.76658900737502644  0.77697334055591671  0.78674603015427724  0.79673812887866258
  0.80717858016304611  0.81783701317900248  0.82846716365055073  0.83946026144551433
  0.85065655116755468  0.86157860527649077  0.87223730781144160  0.88274903086803924
  0.89314558059610238  0.90341553870338054  0.91366028236359975  0.92374378864569739
  0.93351695790059330  0.94286740513217981  0.95193523126807467  0.96110489874811356
  0.97054208694506061  0.98027360450191470  0.99020035486889124  1.00000000000000000
  0.00585909569225263  0.01813455813930707  0.02997526722971603  0.04020393063118044
  0.04970772613721178  0.05852653923394176  0.06713273938949324  0.07572674666221939
  0.08456727769804283  0.09326458727278739  0.10159239006465673  0.10967136156601211
  0.11754807133641794  0.12540166460123803  0.13330045729755993  0.14107925450933334
  0.14893342406803628  0.15612602039395260  0.16356000556250058  0.17071051374272381
  0.17777943795256287  0.18477505662738894  0.19156337307189872  0.19806668581053899
  0.20437043368393390  0.21073246324668732  0.21723207402211014  0.22378920691148754
  0.23038914847260553  0.23676985201074710  0.24318956388806828  0.24971916910206798
  0.25613928381362122  0.26273651333878056  0.26933550513935572  0.27589147818543092
  0.28246807582070566  0.28891701187931129  0.29532736619944555  0.30186830158489064
  0.30866373834780791  0.31575599029825002  0.32290105322880297  0.32996747303991925
  0.33693084723012995  0.34385239638644394  0.35082600899058602  0.35780958141168234
  0.36510112246586823  0.37239544465079227  0.37988508707343632  0.38755288760997025
  0.39527036485127293  0.40269031137456796  0.41001677543383624  0.41719351633346852
  0.42446052793165451  0.43193150529607516  0.43969712982274511  0.44764525626533613
  0.45560463906648513  0.46376759969662235  0.47192989862046913  0.48007060953925851
  0.48850349767034934  0.49709941337060548  0.50580398242375757  0.51456252411020409
  0.52346152594248252  0.53280142365771588  0.54246510980909390  0.55213374943049276
  0.56184820216922859  0.57093601206581623  0.58039183214022882  0.58978922037424975
  0.59944362319093258  0.60939033194871384  0.61961334918237099  0.62965656223852873
  0.64007807308867037  0.65084635439320371  0.66266258225331409  0.67490935985698719
  0.68805701023206112  0.70233828679896915  0.71745568806261883  0.73258100313844232
  0.74799136707215808  0.76486641509537201  0.78272356739686344  0.80285651715005979
  0.82799728560982577  0.85663337214820878  0.89760205530679826  1.00000000000000000
 -0.02023774964385713  0.14624209027434076  0.20037172981828805  0.23332946394797932
  0.25756171416322760  0.27665174046963187  0.29260843599641512  0.30731262468357057
  0.32056794122089999  0.33292288502710665  0.34453360114811166  0.35542559140519692
  0.36518136028559511  0.37441061470934717  0.38327031109747212  0.39186649826982894
  0.40002221991153147  0.40778951062097907  0.41534116976031932  0.42271021729106883
  0.42970339939469476  0.43668290501259216  0.44351982472723528  0.45037556341200846
  0.45679211997267777  0.46302285450085845  0.46913539174424129  0.47521638267471605
  0.48106564012149766  0.48688423379374485  0.49266008122386062  0.49857232444594857
  0.50465040709093212  0.51052999132206178  0.51612269563155944  0.52151137290558891
  0.52664045209724164  0.53173958573699065  0.53685798603695067  0.54200047511338090
  0.54708655747382529  0.55212649348252352  0.55717431823271479  0.56220559347978494
  0.56707845468898688  0.57172808297517230  0.57661697892321095  0.58158121499523940
  0.58685706090846557  0.59199540209962809  0.59691510181672602  0.60172628140192019
  0.60653891467324728  0.61140336471474432  0.61633469696831611  0.62130201608864444
  0.62620664633517009  0.63097192416514036  0.63576612623050410  0.64044355389017560
  0.64531182947480170  0.65017861774849917  0.65512353363116171  0.66004196048277086
  0.66490455569744844  0.66971907453774471  0.67451593973215729  0.67933171175865104
  0.68416405902046618  0.68907549610534180  0.69433884417740455  0.69972488983935810
  0.70522856864148842  0.71102464403201804  0.71697418951661951  0.72289803157456312
  0.72873524540981349  0.73448669622544505  0.74029243647581788  0.74622413074513716
  0.75251025674034921  0.75920539479553806  0.76598285764665031  0.77297986492434334
  0.78040961592922897  0.78815959079031939  0.79644770225602368  0.80540530171874536
  0.81493647260840252  0.82491534699696745  0.83575985166437938  0.84817918048758656
  0.86289657210980564  0.88165718549162253  0.91420701030878315  1.00000000000000000
   1.8799376693475106E-009  -1.0000000000000000     
 T T T T F F F F F F F F T T T T T T T T F F F F F F F F T T T T
  <DiscreteSampler_grid>
  grouped_processes
  1 # 1 for a reference and 2 for a running grid.
  10 # Attribute 'min_bin_probing_points' of the grid.
  1 # Attribute 'grid_mode' of the grid. 1=='default',2=='initialization'
  0.0000000000000000 # Attribute 'small_contrib_threshold' of the grid.
  0.5000000000000000 # Attribute 'damping_power' of the grid.
 # binID   n_entries weight   weight_sqr   abs_weight
    10   10   1.542572419638663E+005   2.432372206882671E+010   1.542572419638663E+005
    11   10   1.542572419638662E+005   2.432372206882671E+010   1.542572419638662E+005
  </DiscreteSampler_grid>
