 -0.00032326640141949  0.00698542919009884  0.01697987095620085  0.02778614637676041
  0.03869707175843668  0.04974312593001265  0.06045991658891896  0.07107680374005969
  0.08204465936484620  0.09263173459397679  0.10274089981085711  0.11256919981138218
  0.12216511038055823  0.13164044291491478  0.14116424002089409  0.15082046594289750
  0.16045352928339177  0.16998553714298384  0.17936904415251859  0.18847925008957972
  0.19739932025236465  0.20624481689912533  0.21514688546426636  0.22405485689479065
  0.23293452019893776  0.24181443438716479  0.25098322412857549  0.26010473472005391
  0.26901942762580278  0.27775683794528144  0.28626905697541277  0.29497343275111709
  0.30356916884719004  0.31196500673731986  0.32018740065467571  0.32826746822170333
  0.33630676686529815  0.34439194655942390  0.35253537134839302  0.36069405413871136
  0.36885492623354504  0.37709584705857080  0.38521316543922995  0.39333467755882201
  0.40145896141417525  0.41002630264164652  0.41855850313965215  0.42700226287238835
  0.43537716789640135  0.44370001758297356  0.45202883586328302  0.46030351687150883
  0.46851262583060921  0.47681394795706289  0.48526298849178073  0.49382238825201918
  0.50236449250446236  0.51080467244942773  0.51934388932506736  0.52788890577805170
  0.53642664592420897  0.54501387207971541  0.55363369729856637  0.56226689200183555
  0.57096486103068356  0.57982370068898847  0.58869421207736572  0.59755009956710603
  0.60648029158334560  0.61555299852283163  0.62482360619453170  0.63424681035313291
  0.64362451135762133  0.65314240643693655  0.66271529731643319  0.67289692212834762
  0.68328051322388550  0.69362270838027140  0.70403358510250735  0.71457479056341000
  0.72570764223560602  0.73719561094759023  0.74883019194201184  0.76061872519886531
  0.77268008497392793  0.78492147860243311  0.79930334161408922  0.81384313281807519
  0.82885704997967047  0.84495168478293337  0.86272735468181416  0.88237343083294151
  0.90378424001431001  0.92807635632185292  0.96061098706444858  1.00000000000000000
 -0.00312124642729812  0.01159682999970739  0.02362661319124310  0.03502360293541146
  0.04591092715318261  0.05656234444948620  0.06719930508053938  0.07717743292804084
  0.08716520501390891  0.09705941010201524  0.10728626685224406  0.11734674925349831
  0.12704085765510975  0.13656830283423474  0.14615032509732667  0.15616747629034761
  0.16604323975288321  0.17641672364610159  0.18695808476408299  0.19806929603338308
  0.20930963273380723  0.22019302421995399  0.23094238975828385  0.24129489029247383
  0.25171189943489464  0.26229289848223103  0.27307039910209829  0.28401635302865424
  0.29515890100770376  0.30655572410780346  0.31745806735940585  0.32783091605143527
  0.33758780952302764  0.34716090847487874  0.35690733885281922  0.36677004518623840
  0.37665185789990180  0.38700891701137879  0.39740455427738519  0.40825222024236729
  0.41893522300716984  0.42976265583620576  0.44030089704587766  0.45046417950791917
  0.46060275078992785  0.47098061536566488  0.48149047293325781  0.49183376793202971
  0.50210233766560253  0.51266922727578812  0.52323967530822990  0.53356035760347087
  0.54384775645461658  0.55401365737059249  0.56431226576140592  0.57476204679470166
  0.58543099502100837  0.59615638165596152  0.60694771125168223  0.61812560210761003
  0.62960473308148923  0.64136179755762213  0.65313540493528510  0.66477229576712116
  0.67614007154866873  0.68724106822283781  0.69773885477542441  0.70775765854044970
  0.71784449805027373  0.72796267024751971  0.73836343784838965  0.74892924786370640
  0.75954726499492842  0.76992886996215193  0.78019253175038672  0.79016663295164302
  0.80064479611597528  0.81119330326352246  0.82232940268993160  0.83359415077746546
  0.84437241858946821  0.85463764759068250  0.86516325693880680  0.87551618718490698
  0.88591099440201482  0.89616455940223338  0.90667941178758160  0.91697329718356690
  0.92710484527395287  0.93705101951388148  0.94771034863867720  0.95833942134731975
  0.96865760284637659  0.97904060409088078  0.98945408457309636  1.00000000000000000
 -0.00952408651082436  0.06202708334693958  0.09827155551853563  0.12368480874548551
  0.14520351511537608  0.16453904167988320  0.18187954096597866  0.19770984292063645
  0.21280160586866947  0.22729791107775402  0.24150927560493662  0.25507938491975635
  0.26837280319656598  0.28051996965426396  0.29234436924820467  0.30384232473917183
  0.31508704326153353  0.32588616353987965  0.33616867131203332  0.34615410246398948
  0.35591175269966546  0.36556393046907448  0.37512880167325718  0.38454817104653471
  0.39379291834482538  0.40233864452871981  0.41076036279034989  0.41898222832986476
  0.42742882790127879  0.43582304310123715  0.44384101408386684  0.45185908473144593
  0.45991851193018707  0.46814527758816915  0.47617216662216383  0.48395734769583215
  0.49169255081782060  0.49941897035667027  0.50701403416352420  0.51442591237485125
  0.52180525651065757  0.52928827532115585  0.53683530476413555  0.54441656085073409
  0.55191973313776865  0.55948599110278352  0.56670801175621988  0.57372224569513763
  0.58076208654517281  0.58761248537173416  0.59439444981701062  0.60112726774065228
  0.60815110096449698  0.61533353489305098  0.62274732353870821  0.63038515688286012
  0.63810039305378774  0.64562195304910519  0.65276405767222423  0.65966243869317576
  0.66652495727861294  0.67332599268377058  0.68001072170414223  0.68680976841030128
  0.69349753394980451  0.70040167222192884  0.70716695437754484  0.71428994606748597
  0.72136778667724377  0.72822646612243735  0.73500241469504946  0.74174872002881242
  0.74863027717085207  0.75570521073000207  0.76277865021761659  0.76978963128549949
  0.77704891476147853  0.78438788655518421  0.79188716375267232  0.79960979586934167
  0.80747921123042832  0.81546167067439079  0.82342062950288475  0.83164741543495080
  0.84018235292346433  0.84893607417555794  0.85801471723434042  0.86746970683413283
  0.87741333955477963  0.88802579922721525  0.89933229464549247  0.91151045158913824
  0.92522999777620851  0.94141694245027818  0.96398687026837504  1.00000000000000000
 -0.02214457276761349  0.14932547987034001  0.20021202905131349  0.23510104359960901
  0.26391907556899935  0.28832949002229735  0.30930954695024970  0.32748488192628789
  0.34368810879208084  0.35868358794952715  0.37266445044812296  0.38559342176911859
  0.39765726066930018  0.40938376776092145  0.42071932653180244  0.43170203162075022
  0.44231221844041635  0.45244139737987521  0.46190856017493398  0.47101967102952752
  0.48003072825930410  0.48883246619552029  0.49739002889728290  0.50556831506373479
  0.51336985359680198  0.52100185014835476  0.52843926287573362  0.53579168006565903
  0.54284637813390790  0.54953632287394827  0.55608956012166444  0.56261871890292814
  0.56904053732057813  0.57530081850867587  0.58145571344000724  0.58713612736028042
  0.59276587966327787  0.59831431194019336  0.60386794756593598  0.60939844411875377
  0.61489612246148873  0.62039099647130491  0.62569359075023945  0.63080629109191322
  0.63587384853856643  0.64090933748423562  0.64597017841395210  0.65098475365125730
  0.65594707897800786  0.66085261668233075  0.66560967513059965  0.67048006675423544
  0.67527452764702600  0.68011343156812032  0.68497276773715798  0.68980179889550108
  0.69459168751035871  0.69933825757516133  0.70402357020970519  0.70871482013688525
  0.71351673387233427  0.71843803589750888  0.72343738335734109  0.72838753287957103
  0.73322019604984834  0.73796250924148787  0.74264900132657008  0.74736460916348202
  0.75223179092817782  0.75721365889253844  0.76232831902845766  0.76744934386065689
  0.77250815579388654  0.77738137447111932  0.78225683926942113  0.78720713621564931
  0.79226040949054211  0.79739106865248577  0.80256370103946895  0.80773750952207068
  0.81291301517945502  0.81829116622129361  0.82381908082012134  0.82958208165578162
  0.83575092394461203  0.84226836480642753  0.84894401487030513  0.85600995655218182
  0.86409510378466259  0.87251474534491869  0.88171585909523820  0.89179555506869668
  0.90401066811398656  0.91962020477864526  0.94260769591884530  1.00000000000000000
   2.8117292456259445E-008  -1.0000000000000000     
 T T T T T T T T
  <DiscreteSampler_grid>
  grouped_processes
  1 # 1 for a reference and 2 for a running grid.
  10 # Attribute 'min_bin_probing_points' of the grid.
  1 # Attribute 'grid_mode' of the grid. 1=='default',2=='initialization'
  0.0000000000000000 # Attribute 'small_contrib_threshold' of the grid.
  0.5000000000000000 # Attribute 'damping_power' of the grid.
 # binID   n_entries weight   weight_sqr   abs_weight
    10   10   2.280258818343466E+004   1.782996264052201E+009   2.280258818343466E+004
    11   10   2.280258818343466E+004   1.782996264052201E+009   2.280258818343466E+004
  </DiscreteSampler_grid>
