  0.00832700579462289  0.01961699500311059  0.03208588193450009  0.04428535373663822
  0.05419499676078028  0.06484298768994791  0.07463544942604289  0.08428033969266854
  0.09419245050636535  0.10451391070024825  0.11554934116165191  0.12643841423080537
  0.13723451618217580  0.14793492497826369  0.15814971383786938  0.16796402218992790
  0.17761447175741621  0.18787298472205183  0.19870981437963095  0.20898830110925865
  0.21921858572664435  0.22920707034449692  0.24016036568026072  0.25085792492593306
  0.26191839573703318  0.27264825528608710  0.28256207939995082  0.29257136588513910
  0.30245671273374325  0.31250226864119923  0.32253960950265570  0.33236486305749868
  0.34257287575168249  0.35283382400188645  0.36383615861058483  0.37459645846364165
  0.38465475425286355  0.39530500216431530  0.40678697557567878  0.41805045459068635
  0.42866896101650048  0.43876089441938565  0.44845759756375164  0.45774645646020362
  0.46657875932715226  0.47569436129121234  0.48571882873041489  0.49628018769058269
  0.50698829209037521  0.51784913655046472  0.52920237050721675  0.54063917389630956
  0.55147567785590768  0.56195966878896175  0.57237107965268885  0.58258454991099939
  0.59264391681447037  0.60249874447519081  0.61245686203043093  0.62227833641456820
  0.63223378985440248  0.64259570798979249  0.65352023504395729  0.66444045984932842
  0.67432680221155850  0.68353305936048081  0.69256907597530581  0.70157643239078527
  0.71076226076798155  0.71986516811453971  0.72964793256224514  0.74014530701767156
  0.75083950536560884  0.76117342626251849  0.77147709533811148  0.78220479377421437
  0.79322541073266917  0.80439096364258278  0.81482061671246186  0.82490765381564957
  0.83477589784458883  0.84437183730692134  0.85407611909903303  0.86379732901952699
  0.87352182629171748  0.88319235998928403  0.89321657157586354  0.90436586472501002
  0.91625116585719879  0.92762275969712071  0.93801738615738162  0.94820085671458576
  0.95838447579889430  0.96881063354209063  0.97956684832847185  1.00000000000000000
 -0.00092804481336480  0.00450653312912112  0.00696112259466603  0.00956811074689319
  0.01256295167192999  0.01585576875289343  0.01953859261456356  0.02351696007394094
  0.02766427195317730  0.03228137548681839  0.03706570440100964  0.04212548733817326
  0.04748107352345446  0.05344298487241153  0.05926986011797025  0.06526217255675254
  0.07175064050694552  0.07866144472287671  0.08575237359467865  0.09315385724003312
  0.10060429349175506  0.10828737998038984  0.11626564962983493  0.12479755155971418
  0.13326962924340913  0.14157865883660528  0.15017583281092600  0.15881851813679307
  0.16752070876368577  0.17638333377624285  0.18568580234064513  0.19502601908968101
  0.20419967822025664  0.21347293333756015  0.22314340363658289  0.23343851898161325
  0.24395707838613667  0.25415658673139896  0.26466056013798156  0.27526499743121680
  0.28564924691758209  0.29609886575895467  0.30661159043876501  0.31712023158037789
  0.32796144131067145  0.33911095908822791  0.35007607802563528  0.36156133055063172
  0.37331410960230665  0.38494716697369258  0.39638409321598911  0.40779694004238298
  0.41933644609513210  0.43069066888086777  0.44176130567034849  0.45310946729779972
  0.46487380813383805  0.47700497515269102  0.48928716083166629  0.50170841557161860
  0.51453610326420840  0.52789735280765671  0.54125592018835778  0.55498931421651154
  0.56888834069439909  0.58204658242925911  0.59517962178610662  0.60849973712703376
  0.62189922008153764  0.63538833228295322  0.64903817433613797  0.66242422114475785
  0.67587129748285824  0.68961551083453698  0.70317500889191920  0.71737967032188987
  0.73226629129381238  0.74704946175344489  0.76134961915860877  0.77478200334062919
  0.78829225158991589  0.80204387903721708  0.81600560425374857  0.83006043454892930
  0.84460690988760700  0.85885649775665596  0.87303863711944507  0.88727754325557529
  0.90159821001476692  0.91592150216348700  0.93001892980480705  0.94374065947014407
  0.95757536635011697  0.97159505159330684  0.98571720270856011  1.00000000000000000
 -0.00311411421289765  0.01046296681564564  0.02232646200891845  0.03387047236981987
  0.04480658535812019  0.05509374534068533  0.06554297527170272  0.07612134225767889
  0.08674534177472257  0.09702530890775485  0.10743929898131235  0.11813300351012790
  0.12897650277665837  0.13978378991776513  0.15039873076896637  0.16102793375323149
  0.17186197999982283  0.18278575847481240  0.19352270862564053  0.20404495694719027
  0.21438854973086394  0.22474557048438640  0.23531892923335562  0.24605762470731585
  0.25671615833966638  0.26711669108712077  0.27742061444907384  0.28752224356373357
  0.29745201516201375  0.30711037641940975  0.31723820785747980  0.32763915400437588
  0.33914448599399655  0.35105856958365478  0.36313478740402128  0.37506830487925469
  0.38703458481316100  0.39852887084778593  0.40902079062840685  0.41932309332578671
  0.42964860903380570  0.44026786018993180  0.45116637804716064  0.46227283614886894
  0.47329786193984225  0.48379787964176885  0.49381485970156591  0.50380277557758779
  0.51402271830070201  0.52473405909936255  0.53589479661417661  0.54711498077747522
  0.55798762124155687  0.56863378769621120  0.57915038918377304  0.58962846918524359
  0.60020441726914431  0.61041359285007846  0.62062457881596900  0.63059958032123620
  0.64022009519877188  0.64955068949017436  0.65818827156098514  0.66667320199637792
  0.67593421250131713  0.68577396322550144  0.69583283385820360  0.70566302948371307
  0.71690878971158356  0.72827793830467880  0.73896160527054000  0.74931905904984397
  0.75917382588198423  0.76890367509561386  0.77880753338518238  0.78920392352003854
  0.79980350628527985  0.80935491184384256  0.81907693631889122  0.82954835835561602
  0.83998130647225044  0.84959379496608989  0.85896181874447131  0.86876562245053035
  0.87930836534096568  0.89032775962917432  0.90158162685566379  0.91295240966756597
  0.92450526656581433  0.93575434769791932  0.94658194010977414  0.95745574988907767
  0.96862173319277312  0.97968973169079876  0.99000424699250722  1.00000000000000000
 -0.00194837763188374  0.00760341851052686  0.01568635745092684  0.02430152409598366
  0.03293303382680017  0.04177398503993737  0.05102523815389778  0.06046885236867548
  0.06942571342792588  0.07771386836633590  0.08600166120119632  0.09482293765626366
  0.10384082153387948  0.11362141672149656  0.12379749485594967  0.13489736591675691
  0.14633377980814613  0.15777343983961045  0.16867586410594113  0.17904490118678948
  0.18942711985558830  0.20031094173297520  0.21088031509829430  0.22096298016584590
  0.23084931058221522  0.24086144968566295  0.25100958940817719  0.26169777583344678
  0.27279394874347279  0.28464537945346069  0.29621909460796253  0.30764088529734479
  0.31825508914821726  0.32863693516662834  0.33936303521181027  0.35077729260796547
  0.36213701894438216  0.37283439541077484  0.38387256091820054  0.39503160415810495
  0.40629367167151237  0.41711335897218871  0.42800517749630707  0.43909304957010126
  0.45093845296941332  0.46280265918864838  0.47457126904420205  0.48597021476578561
  0.49750636478807281  0.50876854371415670  0.51999397562915728  0.53145506662773923
  0.54318754579872752  0.55454908710683171  0.56615399792983923  0.57751328169148797
  0.58831811448056714  0.59876394613871875  0.60877567089327234  0.61871522870318196
  0.62833626171982682  0.63892574867193574  0.64970266075032346  0.66060720942872797
  0.67115665990717777  0.68136413392969630  0.69150354156253580  0.70187108866836290
  0.71273797143134821  0.72426716973907013  0.73579784219054967  0.74797021929796215
  0.75917255893116264  0.77031323268689866  0.78096408096288850  0.79198289387662335
  0.80333064940820231  0.81471259466592483  0.82626129104707924  0.83725239789897521
  0.84856962766271138  0.85934666598560772  0.87057809739208170  0.88167827243395080
  0.89243453787321314  0.90259117734268268  0.91315580910053584  0.92367720378489637
  0.93425392439634602  0.94423514419837062  0.95379907478391490  0.96332427078968452
  0.97223975857006018  0.98173790573707242  0.99097609604457548  1.00000000000000000
 -0.00217487693882230  0.00921491708642991  0.01858931366616420  0.02788890045974622
  0.03710948655818828  0.04620345190084626  0.05511426950044084  0.06434064457920508
  0.07323322329111359  0.08205453902862297  0.09136671684031888  0.10140547233181645
  0.11142910730887261  0.12094031054223715  0.13067067712969169  0.14092894774425282
  0.15110791152586459  0.16106510303350163  0.17154233635746588  0.18254943725928072
  0.19345352329999591  0.20421823955773324  0.21502428217832262  0.22576046901289054
  0.23638525504571833  0.24697945089256124  0.25738466674139276  0.26817720189437572
  0.27960945035573798  0.29165760748867198  0.30358018972555517  0.31530977150609379
  0.32735887747292186  0.33994552323769883  0.35267152310742150  0.36446019985989558
  0.37504916882816536  0.38565244446163277  0.39621362501857788  0.40595866526536861
  0.41607551317210767  0.42779935565745980  0.44015247567102667  0.45134415640761477
  0.46230329367740425  0.47416253346131837  0.48580120065179200  0.49719931814149865
  0.50900201222040542  0.52111647213528900  0.53256808738620032  0.54358079868923803
  0.55443257330231976  0.56571725135296647  0.57695913739212035  0.58799427428106965
  0.59764380191995992  0.60702107995933330  0.61631492256229747  0.62596636189072508
  0.63563544303233488  0.64575775502203470  0.65659396064800046  0.66758668631862395
  0.67808048650063824  0.68870120569617554  0.69954468112139578  0.70992397926569006
  0.71956388546482764  0.72934641072995809  0.73979132039357443  0.75064576748793310
  0.76131426176951400  0.77196523149045848  0.78322882747508127  0.79421387617884009
  0.80390515715352739  0.81365959759316986  0.82347743340390300  0.83316006833436163
  0.84288398412204979  0.85282423854643252  0.86325026442146369  0.87392736044104802
  0.88483401939288830  0.89587668299923306  0.90683475735896601  0.91729133253373407
  0.92820204346615443  0.93888962764726736  0.94924373789671390  0.95991391466296816
  0.97071983545835405  0.98108031027938858  0.99063667974997727  1.00000000000000000
  0.01146184178937779  0.03316019230882696  0.04757793330037813  0.05783633965754412
  0.06683528504967470  0.07534142209237822  0.08338271444644295  0.09069750419615009
  0.09764214039926704  0.10450396199214222  0.11148601704515541  0.11847755278720695
  0.12506150394327720  0.13115687431686296  0.13709123664784911  0.14315884276673219
  0.14960454950080876  0.15613755007079483  0.16229389705178304  0.16837431298088731
  0.17452820033261465  0.18065148636994902  0.18685508740521212  0.19335435378999152
  0.19999701024040589  0.20643828390837266  0.21270402515463274  0.21872140133059872
  0.22464172069158478  0.23053474263732956  0.23648676378841607  0.24256845648054196
  0.24868469719561825  0.25457471341244642  0.26036537224418738  0.26615125330226524
  0.27184996133300260  0.27748056670971660  0.28314232681281770  0.28900003098317956
  0.29502488205634597  0.30123451467601992  0.30740092060733376  0.31373151806432664
  0.32049622843959258  0.32729151455359523  0.33415419894784915  0.34126447080217726
  0.34835612355203677  0.35518695363330960  0.36170907790174317  0.36806295427916558
  0.37477279760587434  0.38179750944292667  0.38871403291868800  0.39585871197577904
  0.40322296962038379  0.41079945435756904  0.41842654787233685  0.42591309123967763
  0.43340370520611582  0.44077653567251668  0.44784185891587180  0.45532722989743385
  0.46292012210779748  0.47050979733882448  0.47800055033492328  0.48574295027984704
  0.49375060555209066  0.50226117259871506  0.51181357885041967  0.52128375550157513
  0.53081453212345531  0.54016106596730029  0.54965482192835913  0.55922646495412476
  0.56873747458643586  0.57852587220179441  0.58865193656884074  0.59937898518889876
  0.61059986990189219  0.62182845855662772  0.63323218441398021  0.64507685948873728
  0.65773194446931427  0.67078639850005906  0.68407038126998077  0.69842532397897306
  0.71415352929495823  0.73157321553029209  0.75207429379219415  0.77420535712129412
  0.80089835729607450  0.83271770627636754  0.87716489555868549  1.00000000000000000
 -0.02279565711546861  0.13340349637777257  0.17213326319007607  0.19480049170622687
  0.21289812049366483  0.22755405825292521  0.24074684400700341  0.25255447314451979
  0.26285289000026668  0.27248250007294583  0.28122589753369803  0.28968528610331179
  0.29746363839973794  0.30471587556323632  0.31188649381784550  0.31882910178982282
  0.32560948043729515  0.33208168814066680  0.33822670029079238  0.34439214081687519
  0.35060039939374710  0.35692486151436420  0.36323791535333610  0.36947840535402088
  0.37551421848775035  0.38128020161570425  0.38698545614736612  0.39240628426800339
  0.39790795237778614  0.40348773992835962  0.40908572635696111  0.41476332032620628
  0.42029551310595714  0.42545805573465967  0.43045025615897775  0.43540258706352541
  0.44050867636626218  0.44563509279773844  0.45087999714527960  0.45616859112664804
  0.46148206255543711  0.46694204445345883  0.47257060861357247  0.47825562337424676
  0.48384855046656289  0.48934042648113829  0.49471848544408870  0.50003336977384460
  0.50534455141165469  0.51058513103429348  0.51574954667968842  0.52083269948938860
  0.52587999677127828  0.53098290762886402  0.53605444077400799  0.54101714731765516
  0.54595745921067673  0.55118094782210658  0.55633221280420353  0.56159158456787883
  0.56675518276036996  0.57186390621294581  0.57708948488188017  0.58241393279328280
  0.58796258997500317  0.59383026118315396  0.59979034798934838  0.60581949801725266
  0.61139277223366606  0.61684774804833387  0.62225865911441680  0.62792075369652134
  0.63398179142183408  0.63998508629000328  0.64594229754275412  0.65187677762629181
  0.65784975640701404  0.66395224877518677  0.67018182739056475  0.67662330232080381
  0.68340294073282526  0.69074719492589698  0.69862993998874878  0.70670927895714564
  0.71524757331036393  0.72409697637112325  0.73322628460620287  0.74272401552987977
  0.75258574600233552  0.76299058443777934  0.77408732544865611  0.78751302032112880
  0.80436506364613369  0.82644740762734470  0.86419132826136491  1.00000000000000000
   6.7961061996348057E-035  -1.0000000000000000     
 T T T T T T T T T T T T T T T T T T T T T T T T T T T T T T T T
  <DiscreteSampler_grid>
  grouped_processes
  1 # 1 for a reference and 2 for a running grid.
  10 # Attribute 'min_bin_probing_points' of the grid.
  1 # Attribute 'grid_mode' of the grid. 1=='default',2=='initialization'
  0.0000000000000000 # Attribute 'small_contrib_threshold' of the grid.
  0.5000000000000000 # Attribute 'damping_power' of the grid.
 # binID   n_entries weight   weight_sqr   abs_weight
    10   10   4.763045932812117E-021   3.251379074430073E-041   4.763045932812117E-021
    11   10   4.763045932812122E-021   3.251379074430081E-041   4.763045932812122E-021
  </DiscreteSampler_grid>
