 -0.00029963009268898  0.00692810623295485  0.01745448358051820  0.02844445232372448
  0.03952588932140040  0.05088997307843983  0.06184639296212126  0.07224792948952709
  0.08242417469442265  0.09306465988807087  0.10393067046564856  0.11406069253175639
  0.12376075745989408  0.13305490110629650  0.14214939564956885  0.15140122521001567
  0.16090797600155146  0.17043197116277659  0.18003296875045041  0.18954507497346568
  0.19846064144955122  0.20727671818448229  0.21644634066540933  0.22537402263165174
  0.23439826809602676  0.24329132241293144  0.25199426480944459  0.26081429468220774
  0.26960653051172595  0.27833330798224654  0.28687467525083465  0.29508508863867927
  0.30301241626542597  0.31066512324418083  0.31854547901718722  0.32640419801605602
  0.33437049737120611  0.34252999758634828  0.35084248186706568  0.35918196331014579
  0.36747502244900609  0.37593740650212953  0.38453784256129353  0.39312118519232436
  0.40201886502957351  0.41096872051519756  0.41992761515632132  0.42874814670099237
  0.43737196493008351  0.44592573940480568  0.45441990882135580  0.46293239148397630
  0.47161065335247077  0.48039185844161097  0.48922277826638311  0.49804289503549665
  0.50676462942859823  0.51525782641035900  0.52331492862924489  0.53134685801326376
  0.53941332729145886  0.54746777735514607  0.55588519381243207  0.56480463120117064
  0.57395260388819980  0.58346667393930951  0.59271314900737893  0.60205003734943896
  0.61144346090072332  0.62086168990919099  0.63040092730352681  0.64012957024889661
  0.65014188278189511  0.66063351148257077  0.67156344376662669  0.68273487340326566
  0.69402220852415097  0.70527379042856109  0.71616756898222944  0.72682943110432530
  0.73754644046512230  0.74853645812201386  0.75968736494043543  0.77139811426919203
  0.78368016850897981  0.79678911155780274  0.81032149861160474  0.82416429038602823
  0.83843836726778254  0.85344652742649263  0.87044584427226157  0.88830383981832783
  0.90771326710712796  0.93072664736249888  0.96214552316788049  1.00000000000000000
 -0.00228639794401662  0.00910390611893534  0.01944125169928313  0.02980347525635563
  0.04040536853907260  0.05086124662916588  0.06144140905488586  0.07240901018537360
  0.08308467145614316  0.09335467145567564  0.10369197935537572  0.11451632849726273
  0.12544986893553209  0.13643771871608634  0.14758500109913666  0.15903178788560110
  0.16983315162174292  0.18033235254101584  0.19027176425940490  0.19974323734862282
  0.20945239235694124  0.21940358870633864  0.22937670548186373  0.23959841316245600
  0.25039976583679335  0.26153966439239135  0.27217974752525753  0.28239093846374064
  0.29271808913871084  0.30467288172198481  0.31614748515758256  0.32665548431820496
  0.33668291045799820  0.34566989140447091  0.35525646157608715  0.36461021839802965
  0.37438267507578421  0.38422633905069525  0.39464699053383290  0.40602340862512803
  0.41817575331155016  0.43020118587481682  0.44189516433752568  0.45317381988995920
  0.46372332192796151  0.47403663927017309  0.48374704913820127  0.49318936744578462
  0.50234366743202441  0.51213598632310364  0.52211887732540774  0.53507303643369719
  0.54766256000176472  0.56009061515741976  0.57272162080071098  0.58467501046029979
  0.59480056593508135  0.60469887836907232  0.61481022084511927  0.62513143351442413
  0.63500521017744949  0.64494155777040596  0.65480101695036741  0.66473433804872151
  0.67440217466876573  0.68383359000422173  0.69345447592277043  0.70278216699520291
  0.71413510231962574  0.72648282818655263  0.73680370271815832  0.74694375412237946
  0.75648828175462890  0.76529198037652080  0.77377835096879388  0.78213256986765167
  0.79065274934569563  0.79925269131129961  0.80789180679379091  0.81702768192286546
  0.82671838348290305  0.83662099548137181  0.84651880870182517  0.85723838465808833
  0.87041971726265654  0.88267525920172685  0.89427624514074600  0.90555486941268715
  0.91691828964377597  0.92897158658046264  0.94095485936820666  0.95248527561115348
  0.96414776912592404  0.97647042742413481  0.98811379771118046  1.00000000000000000
 -0.00804786321411896  0.05852909060940654  0.09595892672855746  0.12305190455018827
  0.14534973474425369  0.16492958917366313  0.18195901055312594  0.19795574896710594
  0.21303851851413658  0.22682486577831182  0.24060810806531996  0.25344799264388107
  0.26511842740958513  0.27697458852233159  0.28902663759862285  0.30051156336668150
  0.31125444558639259  0.32176133571768678  0.33215304310025134  0.34232699016646417
  0.35285739047508197  0.36342100037771385  0.37366865134393557  0.38261763839091550
  0.39099691238982853  0.39961954164368041  0.40812059502759412  0.41675168993852418
  0.42486724182852070  0.43310776138717605  0.44157173125838456  0.45004239883153641
  0.45817195520721804  0.46603466867048260  0.47397880851432916  0.48252825502511487
  0.49164195905664265  0.50028194235552303  0.50807536850658241  0.51539099738952687
  0.52264057251845730  0.52996648211850272  0.53733089561567449  0.54451867660143749
  0.55167634675970001  0.55863379443923467  0.56578551581372027  0.57304195300476912
  0.58039045482327423  0.58792777876246605  0.59520370062189598  0.60223574456310136
  0.61007199787992894  0.61831900186143218  0.62627912364903582  0.63402198546181099
  0.64153169974240021  0.64896745707840786  0.65628658113853200  0.66391896996632416
  0.67139384054884110  0.67850470005377583  0.68550469522677759  0.69246556151845129
  0.69970549971987550  0.70683081969092987  0.71402974225430560  0.72126311389730513
  0.72836529666273275  0.73540792352726903  0.74245054053855131  0.74961948497325337
  0.75700698554297741  0.76424974121507183  0.77158100871554303  0.77787821514631039
  0.78456847781254280  0.79142432904544890  0.79842826475659134  0.80550903685787500
  0.81272902766671606  0.82042520646231532  0.82812254219112158  0.83600529330039786
  0.84505658970004827  0.85415053001393437  0.86378185341525948  0.87371376932673450
  0.88381823989109509  0.89441724072418849  0.90558232808861583  0.91727744215757845
  0.93006123264641927  0.94469620435724089  0.96553166454174111  1.00000000000000000
 -0.02218886029391824  0.14902246433640845  0.20052865676998285  0.23544429856733379
  0.26327011178760140  0.28736121130759024  0.30906457393977205  0.32839490602750709
  0.34563782712421548  0.36112779454759186  0.37528006324454599  0.38853352662173335
  0.40107814428400895  0.41288320634722719  0.42375561132726702  0.43410415232650423
  0.44381536677177702  0.45308129191744367  0.46194798180340013  0.47055871125205412
  0.47898411447220196  0.48732130988608680  0.49547137493685350  0.50349486277204869
  0.51123605811114370  0.51859553995864116  0.52591202907913992  0.53332287761757036
  0.54073821324936133  0.54787288146836999  0.55464575619912249  0.56123240786725692
  0.56773722659099701  0.57426734479067565  0.58082027112436252  0.58718268865231538
  0.59349908361261727  0.59986173840861945  0.60594377452531056  0.61161615676776726
  0.61725435982055121  0.62296522030000534  0.62838119155597105  0.63344070701188260
  0.63836917201784804  0.64331014694488642  0.64825937475153583  0.65320270465816099
  0.65817501738880269  0.66314277864280957  0.66803319470875222  0.67308548753568731
  0.67812458111558005  0.68315533805676021  0.68802749625147008  0.69261549428487179
  0.69705311030300088  0.70147731608836050  0.70586537823534701  0.71021551824916085
  0.71448802139143730  0.71877106043919703  0.72319613980031661  0.72760155695051310
  0.73199640355336126  0.73646897300998926  0.74098146986572033  0.74556523443266054
  0.75014774849099297  0.75495306725353695  0.75980643173977713  0.76462347963571187
  0.76931420175402898  0.77407393646501610  0.77895217920633986  0.78389962640559685
  0.78890597951769592  0.79393922545421114  0.79929909394398513  0.80446027535095710
  0.80981841752039962  0.81548262363052293  0.82149624788911446  0.82772698941106815
  0.83416191075575630  0.84087920758258705  0.84784064797044645  0.85500322576579146
  0.86271958816980387  0.87073258641524687  0.88033026882770826  0.89123614869959178
  0.90379413532648856  0.91935371469762395  0.94341031607179948  1.00000000000000000
   1.3840457029506938E-007  -1.0000000000000000     
 T T T T T T T T
  <DiscreteSampler_grid>
  grouped_processes
  1 # 1 for a reference and 2 for a running grid.
  10 # Attribute 'min_bin_probing_points' of the grid.
  1 # Attribute 'grid_mode' of the grid. 1=='default',2=='initialization'
  0.0000000000000000 # Attribute 'small_contrib_threshold' of the grid.
  0.5000000000000000 # Attribute 'damping_power' of the grid.
 # binID   n_entries weight   weight_sqr   abs_weight
    10   10   1.901551521305898E+004   1.192716473183959E+009   1.901551521305898E+004
    11   10   1.901551521305898E+004   1.192716473183959E+009   1.901551521305898E+004
  </DiscreteSampler_grid>
