 -0.00122523807435327  0.01672944657517518  0.03503556838725019  0.05104489054057940
  0.06560700956382860  0.07926713343171231  0.09229644119324225  0.10466132030708535
  0.11630604319862201  0.12738151822464147  0.13814352729525711  0.14884448104956974
  0.15946075805416002  0.16974379799051192  0.17974261140796097  0.18937825252681748
  0.19885313200199464  0.20812377321171124  0.21725206124765770  0.22631263203094096
  0.23524387727479087  0.24412361969208865  0.25289527624005259  0.26158719219184451
  0.27017345612257215  0.27868672462857152  0.28714638732600350  0.29563284383677785
  0.30407561863604626  0.31245663307413069  0.32070829952462632  0.32897339859912494
  0.33717014078684654  0.34530368587726129  0.35337783542982953  0.36158397720434315
  0.36985592893616431  0.37806301224726924  0.38615521566231553  0.39414360516865365
  0.40185356034373199  0.40950144495462765  0.41714942659917686  0.42475456824081920
  0.43236876601965180  0.44005516367230896  0.44780180530375380  0.45556220855151841
  0.46329689046991662  0.47096584166806776  0.47855010607342652  0.48615797994719978
  0.49400410330028632  0.50185538405345309  0.50970687117795432  0.51757422115009344
  0.52553397445170613  0.53342499527352616  0.54133371061413427  0.54943301339691397
  0.55761210466418887  0.56573240248335577  0.57385572853421152  0.58208816834827792
  0.59043778562780080  0.59886150358586698  0.60743395080651164  0.61625757501707956
  0.62513107086140163  0.63400785681355054  0.64285568280641903  0.65162935702621538
  0.66044047351348478  0.66936816558626544  0.67841182062088556  0.68765238544587026
  0.69712658608249645  0.70681219177294485  0.71660156844150513  0.72705245318919232
  0.73776300820041496  0.74882388893776453  0.76026581007277760  0.77193291952148024
  0.78375123663803148  0.79567055859020608  0.80794193322625518  0.82125364322500882
  0.83529288441220773  0.85003140207473893  0.86583775447001521  0.88266900234543633
  0.90209231551635349  0.92583735846104320  0.95763472221387202  1.00000000000000000
 -0.00235299244796224  0.00919037947893103  0.01959505685149848  0.03069346106244650
  0.04174463482979823  0.05248028898986782  0.06310650239547910  0.07374276921083274
  0.08436865284118028  0.09507678300659836  0.10567641996404897  0.11611720942789165
  0.12669607950024958  0.13791098406661195  0.14911365861342160  0.16027807189838952
  0.17159035460052291  0.18280689590884680  0.19383502737594979  0.20488701791892333
  0.21625795512045026  0.22759748788891540  0.23859400235654998  0.24928840126351873
  0.25995148114371375  0.27073068520360766  0.28158692739950403  0.29236143998247660
  0.30304631638422930  0.31371912952510017  0.32458347453499720  0.33563756503132208
  0.34655097475578717  0.35723545711494842  0.36765565984316900  0.37806074925988692
  0.38863499371185867  0.39924506793693770  0.40973740632482558  0.42020860399483517
  0.43075303983479035  0.44131054010059173  0.45159291476819852  0.46180346270907524
  0.47233955947964634  0.48313356840309746  0.49407741853155263  0.50458952922979461
  0.51462299337662465  0.52465732905432638  0.53492700888042621  0.54530043856944110
  0.55546836767590602  0.56562091858451680  0.57616260831955846  0.58685932280513631
  0.59755222611346559  0.60833873788816484  0.61918983439552799  0.62993348290284312
  0.64051759341247616  0.65114100570416578  0.66188317801503116  0.67240693576474764
  0.68278645958137130  0.69329660563332351  0.70379161971059767  0.71407961807875286
  0.72421540725154609  0.73427975952603253  0.74425937011974963  0.75425483483629863
  0.76421655266530619  0.77412816420834540  0.78412934997786077  0.79417052668368460
  0.80434055747653732  0.81458941501852133  0.82508504427995188  0.83534707866634483
  0.84547471852920086  0.85571866854950762  0.86627721777210132  0.87654494818012640
  0.88653365096948478  0.89654673230335136  0.90665050830493754  0.91702004550243654
  0.92763542887659201  0.93791309210262330  0.94840316142161973  0.95884524558225082
  0.96914985628301153  0.97984215260693930  0.99000497792688846  1.00000000000000000
 -0.01543648590593972  0.07853162581243799  0.11994650383308444  0.14939671043704372
  0.17439185409463129  0.19639116500974216  0.21586004437928347  0.23372605095084767
  0.24951856289210325  0.26405428776666401  0.27750159198584479  0.29018578972666786
  0.30260094496766921  0.31511534664217844  0.32755548447980248  0.33965913900791916
  0.35121629990568537  0.36208935195098513  0.37261433121696347  0.38313385036319214
  0.39346336448448965  0.40326647553174472  0.41258826768944529  0.42163032947926998
  0.43059403408004349  0.43938148026734714  0.44792565662551870  0.45635132594402666
  0.46467857881003410  0.47294100618943119  0.48112664869386912  0.48920438558554258
  0.49716624951404870  0.50506622036554683  0.51290297687254915  0.52064583390050256
  0.52834355105657316  0.53607383987931190  0.54390779174733372  0.55186283990772378
  0.55985990384206485  0.56773304022553361  0.57521515338195184  0.58273812994320140
  0.59016278858356830  0.59749100168399127  0.60478234606624215  0.61209890982994297
  0.61934084948208223  0.62650129426904777  0.63361767684796078  0.64072486999703193
  0.64772784426893626  0.65444191030635235  0.66105854639354389  0.66752997443313244
  0.67391034030247354  0.68037898606583413  0.68690444139262163  0.69350742393093545
  0.70008313087393581  0.70656620800593073  0.71311898402102647  0.71981703237391470
  0.72659902199554549  0.73342604809134671  0.74024523504172202  0.74704157721012154
  0.75386069314097293  0.76071260897537807  0.76754475260649335  0.77446606595143341
  0.78151618092363484  0.78870016044408819  0.79595404211279963  0.80307393363735080
  0.81050556087294090  0.81744054808556743  0.82444150200003841  0.83148642024707464
  0.83847846603929932  0.84564386719519302  0.85292649157164124  0.86056351711167056
  0.86837472801032844  0.87638244818454503  0.88462644578692828  0.89300970161550675
  0.90170327864263011  0.91091182274097549  0.92090572188674480  0.93164841001775300
  0.94325005406988860  0.95629239328023152  0.97388885029743633  1.00000000000000000
 -0.03072131338466760  0.15590572313712345  0.20724990883292879  0.24118256201270280
  0.26865250459637458  0.29214573757224999  0.31265493083332396  0.33123058558285690
  0.34880592099987862  0.36503946436090356  0.38034659983829538  0.39480804822260207
  0.40806190809034965  0.42036169259291667  0.43200913363494342  0.44306582341194267
  0.45361172906780617  0.46367981895186011  0.47336811816207558  0.48296830250250761
  0.49248896718315094  0.50170495237918333  0.51073593405964490  0.51954744406684017
  0.52821393492566615  0.53675106170890241  0.54491010955394281  0.55263108704750652
  0.56029935397931863  0.56749823984862424  0.57438305555180702  0.58113397745331186
  0.58760321261189807  0.59379120568939858  0.59982020346530229  0.60584587054042260
  0.61193152350274072  0.61797594538576417  0.62392210700155881  0.62980855202313268
  0.63563622162031752  0.64135509697245130  0.64702607261322020  0.65270705291939413
  0.65835103993323463  0.66387644116271638  0.66935276098305874  0.67465680196655242
  0.67985611107603505  0.68498517376348689  0.69004485242490610  0.69507708719174255
  0.70009850895899495  0.70515311247280099  0.71015616048127683  0.71495756241099839
  0.71977696196516139  0.72451442945060762  0.72920432386244383  0.73381500557059975
  0.73843267376289734  0.74304849718327870  0.74766660293744802  0.75232846683784493
  0.75698117764699291  0.76156832562839383  0.76617556428748324  0.77073168883532239
  0.77521812270283874  0.77976029282725756  0.78435883590165745  0.78893924836816731
  0.79347864558148995  0.79798777955992717  0.80249097879064701  0.80720412577533984
  0.81187250332198002  0.81655644341761036  0.82124778750017535  0.82595213803699596
  0.83074961547123216  0.83566345796360142  0.84070514906791816  0.84586137381058901
  0.85113478490277017  0.85675033939540013  0.86288020742456539  0.86924449071561338
  0.87586646982189098  0.88295656567006287  0.89068527634742511  0.89970340996382092
  0.91063003150379318  0.92424579783680161  0.94560073909836206  1.00000000000000000
   3.4235234023058964E-007  -1.0000000000000000     
 T T T T T T T T
  <DiscreteSampler_grid>
  grouped_processes
  1 # 1 for a reference and 2 for a running grid.
  10 # Attribute 'min_bin_probing_points' of the grid.
  1 # Attribute 'grid_mode' of the grid. 1=='default',2=='initialization'
  0.0000000000000000 # Attribute 'small_contrib_threshold' of the grid.
  0.5000000000000000 # Attribute 'damping_power' of the grid.
 # binID   n_entries weight   weight_sqr   abs_weight
    10   10   1.626381596793198E+004   9.602517174873154E+008   1.626381596793198E+004
    11   10   1.626381596793198E+004   9.602517174873154E+008   1.626381596793198E+004
  </DiscreteSampler_grid>
