 -0.00238991956357913  0.00951199980854981  0.01967259501236323  0.03019289903238583
  0.04074487676362193  0.05128898415017531  0.06182895195140183  0.07236990862927804
  0.08291627202659718  0.09346736028322235  0.10401881275935455  0.11456445562421602
  0.12511050180965627  0.13564589756106679  0.14618523820655763  0.15671975903080290
  0.16725581669474757  0.17779290382659010  0.18833034195180517  0.19886942941571367
  0.20940424493870557  0.21994291006287908  0.23048848347031664  0.24103378052002922
  0.25157358631397309  0.26210381887099826  0.27263488957577137  0.28317102527620680
  0.29371053807355674  0.30425314402059161  0.31479682021467426  0.32533977561421484
  0.33588314283478959  0.34642109856676701  0.35696556164029936  0.36750994661729336
  0.37805962704918161  0.38860920136433824  0.39915052097482923  0.40969023283540662
  0.42022948874893878  0.43077316728409931  0.44131765622742142  0.45186351878124714
  0.46241358454017167  0.47296006696048154  0.48349148673897491  0.49400963623994898
  0.50452338190482149  0.51505128578903725  0.52559209164469400  0.53614140546072397
  0.54669085935574258  0.55723095751214202  0.56776543240352950  0.57830012124376962
  0.58884501568059111  0.59939536920930314  0.60993869979682747  0.62047783277553881
  0.63101675142778801  0.64155621398908536  0.65209900233190554  0.66264149779909753
  0.67319158061099593  0.68374252230832122  0.69429042557431009  0.70483778641367922
  0.71537944137610909  0.72591854989077398  0.73645694841056397  0.74700040542398838
  0.75754908588190129  0.76809852705991333  0.77864006908674377  0.78918207547180397
  0.79972324358871605  0.81027383942548292  0.82081184448326627  0.83135002816584391
  0.84188753594278298  0.85242984448970816  0.86296879626311807  0.87350267016085970
  0.88404412045526015  0.89458872637301712  0.90513786487433512  0.91568694475176782
  0.92623638653103957  0.93678540737504423  0.94733457653717035  0.95787228193732943
  0.96840145787463239  0.97892528949108548  0.98945963707108220  1.00000000000000000
 -0.00237617353389258  0.00981899011052905  0.02005332782611754  0.03056735636418577
  0.04109526618969037  0.05164531480364844  0.06219446575562158  0.07274434729961746
  0.08329576196790997  0.09383356974408746  0.10436819855384981  0.11488325540695882
  0.12541179212810308  0.13594290417692889  0.14648644302634084  0.15702985721981425
  0.16757349937209345  0.17811840105816976  0.18865927197569740  0.19919948204510948
  0.20974389743325270  0.22028755029298464  0.23083174886935162  0.24137667668966031
  0.25192734985863841  0.26247743878570168  0.27302715107989706  0.28357598156477903
  0.29412505221272611  0.30467383839747758  0.31522259509472955  0.32577107142891593
  0.33631344131154350  0.34685570213443306  0.35739807749862001  0.36795078077330290
  0.37847519349863062  0.38897740292419292  0.39947733643412037  0.41000545324534415
  0.42054897749934772  0.43109356891590173  0.44160700776495937  0.45212902700285656
  0.46264425995585423  0.47319024836108375  0.48373506355325152  0.49427467855584922
  0.50481410299962015  0.51535329467845536  0.52589756994919445  0.53644197247188585
  0.54698996111543208  0.55751895098757198  0.56805102258244133  0.57858028723632737
  0.58913331685295256  0.59968359940564064  0.61023322259909629  0.62078286728984633
  0.63133089422792910  0.64186481703447662  0.65239278156503466  0.66292405497972795
  0.67343980921867386  0.68396240247706908  0.69448325025768187  0.70503564603239366
  0.71556994843527655  0.72609364827924849  0.73661580745592115  0.74715443505898316
  0.75770409503403524  0.76825407779350641  0.77879593233450062  0.78933938633745571
  0.79986784711579872  0.81039295589992599  0.82091698352169629  0.83145633743079028
  0.84200740580014477  0.85255910177605487  0.86309224891721437  0.87362655013772761
  0.88415585389136775  0.89468510076527563  0.90521466776515436  0.91574785578961326
  0.92629851396418461  0.93684769349993990  0.94739599693464482  0.95795559649837225
  0.96846590545720124  0.97899206600517552  0.98949309851946088  1.00000000000000000
   5.4415361333466530E-030  -1.0000000000000000     
 T T T T F F F F
  <DiscreteSampler_grid>
  grouped_processes
  1 # 1 for a reference and 2 for a running grid.
  10 # Attribute 'min_bin_probing_points' of the grid.
  1 # Attribute 'grid_mode' of the grid. 1=='default',2=='initialization'
  0.0000000000000000 # Attribute 'small_contrib_threshold' of the grid.
  0.5000000000000000 # Attribute 'damping_power' of the grid.
 # binID   n_entries weight   weight_sqr   abs_weight
    10   10   2.731826909195913E-012   7.462878261806900E-024   2.731826909195913E-012
  </DiscreteSampler_grid>
