  0.01100341211818897  0.05050100670076445  0.07942761218875503  0.10203928668000491
  0.12224794475365475  0.14206421502210648  0.16084254908059678  0.17766930243352583
  0.19338650478930614  0.20800066791489183  0.22390245527616723  0.23980029953424997
  0.25613757564889572  0.27267730676080593  0.28837554995015097  0.30304213333237318
  0.31662553459650905  0.32948171394713732  0.34234146858395531  0.35497294122647405
  0.36722215066679209  0.37998238640933574  0.39388741158483342  0.40800982342946202
  0.42150032904995222  0.43430194988861576  0.44793543910175537  0.46162263349447202
  0.47556553188806122  0.48835092669348862  0.50101939404060269  0.51367292830604494
  0.52568943548601832  0.53702375175278805  0.54851102261185092  0.55976271211941209
  0.57042530950346260  0.58068744714966192  0.59158587011236374  0.60291127664771782
  0.61407871943175441  0.62500377480127645  0.63556057907320973  0.64608125474286127
  0.65661127757845972  0.66706609574623887  0.67742145057242520  0.68771422999777476
  0.69806541182153725  0.70848163264512209  0.71896184788708317  0.72928955252406269
  0.73918987920016077  0.74891465796475742  0.75891254830345356  0.76911859163644125
  0.77899585271832028  0.78852366633733351  0.79782037988037346  0.80672953786006329
  0.81529328620692854  0.82324999051380576  0.83104390858654198  0.83884260799600163
  0.84674910418083316  0.85455186745132083  0.86215882349912865  0.86962503353325427
  0.87699842474584000  0.88433918537554934  0.89144007918284940  0.89821034129164901
  0.90462885184577413  0.91090981069942145  0.91729216083871290  0.92356863795909783
  0.92968429279292475  0.93573530528352478  0.94153348246792223  0.94706082911476575
  0.95221681747303932  0.95700598940821369  0.96141641618338669  0.96582915419791493
  0.97010130026503327  0.97410512434062513  0.97783348973450657  0.98132377381697278
  0.98427066082422732  0.98698780319755408  0.98945459438347227  0.99160819976356918
  0.99366436327702057  0.99537728344566534  0.99668021367704562  1.00000000000000000
  0.00873275585000473  0.01745303664352419  0.02770988761443581  0.03806995334156914
  0.04777852629661745  0.05778278574785399  0.06818344290917669  0.07823653597793725
  0.08832876915231087  0.09892366774829690  0.10998442879250990  0.12090716511222879
  0.13086911197493287  0.14080389041701771  0.15081585909629039  0.16060092945001864
  0.17034191767946671  0.17989867551981767  0.18960948316408069  0.19930958997273837
  0.20961538176834027  0.21989863156629888  0.23023128806197204  0.24026860887275475
  0.24883208402180645  0.25849673070577339  0.26833894144912235  0.27857056910884914
  0.29105806725563360  0.30138819312415943  0.31170507756302135  0.32069527243064561
  0.32966644206749146  0.33874472717377341  0.34804406641087926  0.35776843655267898
  0.36780867247284282  0.37853123943893335  0.38994655297638359  0.40133001691287112
  0.41233841872186394  0.42299043936632275  0.43329322079492971  0.44327902003583625
  0.45334215714269488  0.46329963864034729  0.47286946904037347  0.48220016737503946
  0.49156175764739640  0.50081325527728737  0.51070570895407896  0.52076347293511971
  0.53173112996006378  0.54283463641480145  0.55431552457166666  0.56611610050705463
  0.57791524903273350  0.58980362204764569  0.60166689092915537  0.61340163344603960
  0.62464031430306721  0.63551498035653842  0.64623772091077414  0.65699065532597234
  0.66796092914053284  0.67909263387730978  0.69001443315824107  0.70032897068923827
  0.71078420652105845  0.72159445428694069  0.73201508330571907  0.74218167282692571
  0.75277632427864027  0.76491444087482652  0.77534065334441749  0.78524145458884642
  0.79554157348376497  0.80732859925157063  0.81958490157540576  0.83160760957390689
  0.84230489737255576  0.85326627963622637  0.86392149708776145  0.87460501290692572
  0.88429029077456045  0.89350893391068031  0.90253605925829206  0.91162400181533676
  0.92113153566512562  0.93097286857459116  0.94139336369014803  0.95247928576097862
  0.96376696259665340  0.97553640881045312  0.98757579081745406  1.00000000000000000
 -0.00084882785754073  0.00470944139621908  0.00726850062060599  0.00991447547512375
  0.01267756227142602  0.01600849593579931  0.01990451837379995  0.02411905957012270
  0.02844413117081354  0.03327654845308069  0.03809127235896854  0.04315791969780291
  0.04874292087729801  0.05484816332209331  0.06051765076814385  0.06646311916197874
  0.07318648973274114  0.08077296568470149  0.08803421332985457  0.09476841048116492
  0.10176054865760124  0.10957275688748840  0.11738689283644720  0.12504962027455563
  0.13244014626650680  0.14020167056404059  0.14828818537214589  0.15681645036847663
  0.16594421211746060  0.17532257455993677  0.18535943726192874  0.19505479138071274
  0.20439645726430017  0.21309230403633428  0.22189681642130477  0.23090086785808700
  0.23957852246061501  0.24834471900234126  0.25722978191790657  0.26654150098637491
  0.27615825504236163  0.28633126686066607  0.29725558075566227  0.30849944694493808
  0.31920551408240039  0.32983015607793853  0.34025403849549335  0.35094256523653189
  0.36179023077991618  0.37172007422794828  0.38213725356068551  0.39303705803266731
  0.40439748558140476  0.41630868797654819  0.42874475273170154  0.44130969861457714
  0.45386535611193807  0.46676931573943276  0.48025506863549455  0.49435160509803833
  0.50831067920004869  0.52157877753763504  0.53455882059916693  0.54761845249729879
  0.56100083683471569  0.57464263499497015  0.58814236623428862  0.60127829110021314
  0.61428816707847544  0.62704334292499797  0.63961968143194436  0.65226397149837778
  0.66507707537283389  0.67765846320341672  0.69040019313396195  0.70346068655447891
  0.71724201589988190  0.73200916430964125  0.74765821119226239  0.76360552633364009
  0.77868066993753904  0.79283371773049560  0.80712376287043186  0.82145486359773057
  0.83571217944448017  0.84995661830543301  0.86466507009197446  0.87931405675112895
  0.89397808503940279  0.90908509933796344  0.92475866812872765  0.94061505672245105
  0.95600153197034354  0.97097693524723516  0.98561332551366243  1.00000000000000000
 -0.00252806123162731  0.00946457504908840  0.01923409417684167  0.02881139554969646
  0.03832705122294861  0.04826125963759254  0.05823086395017702  0.06864834022458643
  0.07925504570512304  0.09079775648596411  0.10185412540626498  0.11315776202153770
  0.12471954273452780  0.13700548793664713  0.14903154095716845  0.16023605659388751
  0.17065855885431624  0.18063124981595585  0.19090802606754056  0.20162646458418262
  0.21294122254124848  0.22473695657864712  0.23526051408676238  0.24544096733224041
  0.25567947912390709  0.26587604226966305  0.27602222028980189  0.28542519495387025
  0.29544906253000131  0.30635623700312270  0.31699596789872514  0.32610047041756429
  0.33508120553764115  0.34454558539435604  0.35510132683636986  0.36699898241085205
  0.37777879523430369  0.38794553904254192  0.39787702216038273  0.40864949575788179
  0.41914017072853782  0.42956561002622196  0.44041813125115903  0.45100786210873411
  0.46055436858998938  0.46937132456933534  0.47861471126976024  0.48840427373488787
  0.49835402355471625  0.50940508264442974  0.52038458079185423  0.53073389932585135
  0.54062179259475118  0.55062977985573247  0.56100046068373166  0.57154501505816324
  0.58210951495153651  0.59283717581929651  0.60373027759307263  0.61421544049758792
  0.62459285777407769  0.63425971354821153  0.64397171731176650  0.65414646080339900
  0.66523736719092352  0.67652864462012130  0.68769698093973519  0.69966004061676867
  0.71098681831750921  0.72189054456142021  0.73231457374750364  0.74228696323469023
  0.75241772018600295  0.76266185148872234  0.77312605762029851  0.78412427657602279
  0.79579886607566774  0.80786655044114564  0.81911273602367485  0.82950695788027196
  0.84004138922681459  0.85070525492038396  0.86132249221311152  0.87182021672721299
  0.88258896145947074  0.89380408173086723  0.90487159044251830  0.91554685427581362
  0.92606083351659541  0.93658244575789362  0.94774803175118660  0.95910759310152338
  0.97020164563070432  0.98083485449296426  0.99057251736345475  1.00000000000000000
 -0.00277709227560136  0.01000340763531254  0.02140375692284174  0.03204193382079893
  0.04241585785249675  0.05232708942256104  0.06246750279259255  0.07265567795955384
  0.08317466954568044  0.09380759539454231  0.10473450876495230  0.11618187004464160
  0.12778414349208142  0.13947608638452383  0.15152217372146173  0.16367355615238777
  0.17498306253183779  0.18511384932088656  0.19510039280814945  0.20512262573951356
  0.21495885471136378  0.22491947835343201  0.23544540135814565  0.24661650966139523
  0.25746458172699965  0.26847709290615679  0.27985528577388979  0.29197425506315167
  0.30422885805773803  0.31547343848602460  0.32603238383303113  0.33671783339226635
  0.34820320906931507  0.35922251441176617  0.37013600822792619  0.38045251549295450
  0.39024813073328418  0.39945582725529988  0.40793116846009142  0.41659821656827523
  0.42629620973014198  0.43697421019960786  0.44697411014062832  0.45744358166002436
  0.46824063052939585  0.47863351439104806  0.48860335832886936  0.49894637698933036
  0.51069437587859123  0.52232492086456372  0.53320453256032174  0.54374533879705933
  0.55439469648483897  0.56478763567718704  0.57496529242644312  0.58558491767517451
  0.59693697902448450  0.60761519985954549  0.61683844656206221  0.62595574162756362
  0.63537928478959582  0.64549227913146323  0.65591676926092668  0.66691259059847530
  0.67813504672060410  0.68972384724933944  0.70156447941299460  0.71318522994939737
  0.72417598909647385  0.73448079208556460  0.74445029384556083  0.75452218373243629
  0.76516962352471307  0.77583593758222280  0.78608208485827746  0.79616081550056905
  0.80634958097087750  0.81662848276002420  0.82664565237018395  0.83642709770496149
  0.84650392939722263  0.85676725528713193  0.86740656527551074  0.87820671311938381
  0.88875572691936899  0.89916887566307702  0.90931793562420615  0.91977691508856185
  0.93027525451247939  0.94048945760068403  0.95010476855498116  0.95981115620130164
  0.96962407928343741  0.97981690635551222  0.98967049479296298  1.00000000000000000
 -0.00188528612362074  0.00682627750965638  0.01491721169993129  0.02384403657289189
  0.03370858859843062  0.04328630666387194  0.05254034252060263  0.06220141965201476
  0.07279064169895114  0.08305532614358720  0.09226285095066877  0.10164563749543028
  0.11196921101068430  0.12213887769431117  0.13221591577311104  0.14224087961749343
  0.15302728556363476  0.16517336208153868  0.17678479305550307  0.18851327945946328
  0.20029753696225683  0.21155908986918950  0.22189318586820478  0.23242237440706937
  0.24384974076903565  0.25608275886569021  0.26866373508358427  0.28124610804610034
  0.29289007190611904  0.30343869068831303  0.31366053020523982  0.32420384367660249
  0.33477360986631421  0.34490727695922185  0.35520706252473339  0.36557855782733273
  0.37592591999793418  0.38648974416123572  0.39706722367885433  0.40813545051679317
  0.41929943108505768  0.43009617250717397  0.44134343838132650  0.45237268445395917
  0.46290084063348463  0.47344999025073564  0.48443450764661378  0.49708516857823171
  0.50900193588629539  0.52101241342982219  0.53120392945921113  0.54169919261978428
  0.55212804136444915  0.56250346024226638  0.57311033246938958  0.58465103170383037
  0.59667016765604075  0.60789829345991164  0.61870038388787618  0.62944490275829623
  0.63979352820362334  0.65010848317117553  0.66071024685178836  0.67202058414031940
  0.68312006328379626  0.69370836649101753  0.70421744070955972  0.71491605782892964
  0.72507264699590279  0.73511467948576692  0.74504678496864651  0.75483320891117367
  0.76450904250837803  0.77382448344648902  0.78407790404625177  0.79392900833405433
  0.80374546590404761  0.81337825171906664  0.82334004658372661  0.83356720961437025
  0.84422407087723528  0.85428229499898800  0.86371230933342813  0.87320319091139487
  0.88273741937836603  0.89320003785127577  0.90374151737957853  0.91454066797205513
  0.92515791290899485  0.93498562456812417  0.94471546463365363  0.95393532985263962
  0.96378117181841072  0.97366672858584191  0.98563134707855871  1.00000000000000000
 -0.00237481216666840  0.00852259591978982  0.01834900637569208  0.02800803166316260
  0.03769940873389549  0.04718291938553432  0.05645842291930361  0.06573016797940288
  0.07527154687979022  0.08622271114298022  0.09729999140202729  0.10781732890761010
  0.11807080147005548  0.12835636500507691  0.13851727128367111  0.14842524541099647
  0.15839413353336748  0.16881343071814675  0.17941962787573582  0.18994526297126085
  0.20077547477638469  0.21177492391397715  0.22262891541054269  0.23310951060605350
  0.24286531373451656  0.25233829544582392  0.26164812037520624  0.27120088074069304
  0.28119437842376266  0.29177680152369828  0.30283482056452921  0.31391992919380823
  0.32484130426966296  0.33494286131858980  0.34454332295081253  0.35437071866463216
  0.36470021947520570  0.37478578638904086  0.38466446009775118  0.39435716542777599
  0.40585990654794368  0.41749516309810281  0.42903695901473604  0.44090939326477313
  0.45282911795542324  0.46477746812746185  0.47700559133755932  0.48957831225633530
  0.50217336777523425  0.51437005727268981  0.52620979131327994  0.53823553657814804
  0.55075527694687132  0.56361786878894227  0.57693430272256141  0.58974083318275294
  0.60138538997942770  0.61242764484967216  0.62273903009896237  0.63281789011481016
  0.64294571780059484  0.65315000691728620  0.66366181711527661  0.67378728761243045
  0.68360642784727743  0.69327955956325893  0.70310223711515352  0.71287313174435307
  0.72282508006963686  0.73286708132348899  0.74318680423017169  0.75344421782172422
  0.76359091094418530  0.77432149154437657  0.78625880761965439  0.79870037427532981
  0.81141933618580231  0.82342689920710388  0.83449744289155281  0.84495078411150792
  0.85503185022606853  0.86489673364997033  0.87470129510101324  0.88456104791688561
  0.89495306532490237  0.90569315549009721  0.91596767778477606  0.92564085696730625
  0.93504202143374393  0.94467254507349085  0.95464096507115448  0.96493459924851721
  0.97395892397586159  0.98263329968804247  0.99146739825580266  1.00000000000000000
 -0.00257666148264756  0.01039136016919157  0.02142300826926596  0.03256830177847560
  0.04361936462041754  0.05444189857124701  0.06588154949100870  0.07854331791620882
  0.09122956088987701  0.10412100556810110  0.11598972698951705  0.12737303062479957
  0.13774194592825661  0.14758616216205120  0.15712950583302121  0.16702628612976964
  0.17745355048608488  0.18824684109117162  0.19917786996144674  0.21074381938148684
  0.22243940243126897  0.23403748996210574  0.24532500570027799  0.25628847812453076
  0.26667281020843481  0.27656741190206396  0.28616510369042175  0.29625313787255902
  0.30641714265307163  0.31677783904008744  0.32745577604189186  0.33873246334645096
  0.35086582957278262  0.36328523180932148  0.37534591478503987  0.38632606220478621
  0.39699945219877725  0.40772175305771463  0.41789601171933288  0.42783134613995749
  0.43746049689512251  0.44733051877663538  0.45671298041739328  0.46585070900287484
  0.47538767642082835  0.48566136824783968  0.49685017753959221  0.50773974557227886
  0.51861675812531549  0.52922603992623996  0.53983708849668610  0.54990198592041195
  0.55936411367517946  0.56902103020360328  0.57929625151920583  0.59008254874372557
  0.60029591385661107  0.61037273354934640  0.62080825515559701  0.63141337995050262
  0.64154143664413188  0.65099048859938280  0.66031153817814525  0.66987289968351060
  0.67961693870158291  0.68925170767281041  0.69863639679373679  0.70776282475988306
  0.71686834723452342  0.72596038768359605  0.73594165218441732  0.74589525746214802
  0.75620101654453731  0.76677737498853438  0.77864648984740970  0.79101893552416558
  0.80196740510556119  0.81217830975909344  0.82243423601902610  0.83333491066809162
  0.84376976131015813  0.85453784589121684  0.86596386716307350  0.87737526964365631
  0.88844830557224830  0.89910655133806638  0.90887523509353108  0.91832010493143856
  0.92717698673814553  0.93643509062675390  0.94639945774181455  0.95672305123724999
  0.96659397713792172  0.97717627303906263  0.98789026221329479  1.00000000000000000
  0.00375353155334927  0.03647256620148397  0.05395917894167133  0.06589541235355156
  0.07516473417055761  0.08373558436932048  0.09188146305208050  0.09991358758967991
  0.10785149043421693  0.11558520655036301  0.12317723142767505  0.13128316701306328
  0.13985312060104618  0.14850340354409139  0.15733443023587154  0.16602312981553419
  0.17300674365265251  0.18005817576467162  0.18717314170795959  0.19397843055499811
  0.20066187863252133  0.20729345258989329  0.21367837632550485  0.21998373309228589
  0.22628261434351887  0.23245501009298375  0.23870475192010976  0.24492898719881021
  0.25148864551752681  0.25824978566237627  0.26474059222599666  0.27099671015364274
  0.27727245327229594  0.28378133397979305  0.29067205042659400  0.29780169659998867
  0.30484739804904487  0.31182886250683117  0.31892631231823149  0.32635261935516985
  0.33353490019670867  0.34057657568438882  0.34757300667765134  0.35449936884213173
  0.36141413927968469  0.36836259320605180  0.37527795682002563  0.38235517190655122
  0.38951579077473436  0.39711331080125195  0.40494409122162733  0.41262785606807600
  0.42042079507030727  0.42824459107325485  0.43602657137568479  0.44375163565392378
  0.45155155289837401  0.45924768839934849  0.46664041704133985  0.47387090996891862
  0.48101950875976657  0.48849350478562459  0.49602106323630207  0.50305948242016396
  0.50996108549394092  0.51685720160772086  0.52395185642007580  0.53161926533862691
  0.53964888050637339  0.54836270764957995  0.55753846155815601  0.56710188428402586
  0.57659969676074307  0.58645686150270526  0.59719458520603141  0.60811803964627709
  0.61947075928111972  0.63015023400826731  0.64071063688244956  0.65065581346903534
  0.66110477359848030  0.67151036077409687  0.68198525773367724  0.69303273104612029
  0.70452987089820718  0.71601089637196291  0.72848787898851974  0.74282315133982169
  0.75769769644666818  0.77411799391707292  0.79334204247786977  0.81451346282282244
  0.83873823714007112  0.86575494108755857  0.90568872915451581  1.00000000000000000
 -0.02095108178922202  0.15331681947808257  0.21288740100122239  0.24687628748834609
  0.27180941240165696  0.29330926892977049  0.31249377671456330  0.32921763482291327
  0.34415555046975677  0.35797866803215800  0.37045712049919222  0.38205949828182872
  0.39309813245330361  0.40389984314914712  0.41386063754164037  0.42294168006114058
  0.43153072994776015  0.44032695824099960  0.44935638642399489  0.45795123695478690
  0.46578648451176735  0.47304439483243643  0.48007448987128337  0.48703552664344274
  0.49395456902104434  0.50069883256621472  0.50711945253078949  0.51334265549459368
  0.51941798333758538  0.52548426657016767  0.53129274377332625  0.53721089450760284
  0.54321968170871937  0.54925321013800898  0.55510952483659826  0.56095371823683138
  0.56704714109299925  0.57339821156178594  0.57965501906663242  0.58558711226229532
  0.59122353339041722  0.59656184769872977  0.60171136448446549  0.60693532321862231
  0.61254043290498750  0.61807594752243633  0.62327308516338220  0.62811552673478366
  0.63270969636278807  0.63725588110890508  0.64189219343609449  0.64755814700052883
  0.65257290737669482  0.65756372168301980  0.66243839378162772  0.66733763813031888
  0.67226783908053234  0.67681181313342798  0.68107331915991620  0.68531472952715922
  0.68955132605365443  0.69390973954957846  0.69869158673560572  0.70347436366809968
  0.70845106223312493  0.71340814340200198  0.71836585476980341  0.72326076854860133
  0.72806473221901091  0.73275224163120056  0.73738228964377084  0.74209579481256782
  0.74689849265239450  0.75161536610222002  0.75635243352602344  0.76120107340773857
  0.76610436121753878  0.77094671178468532  0.77590240573251046  0.78101214625445925
  0.78625343657450897  0.79159538173639199  0.79770735181819274  0.80412576680799952
  0.81064241775483625  0.81774676733371832  0.82479579520712554  0.83215542866865355
  0.84048361072989120  0.85006677647628071  0.86096343061976632  0.87311271071775320
  0.88719943765319642  0.90483205747269757  0.93258694200460712  1.00000000000000000
   1.9629796430402033E-054  -1.0000000000000000     
 T T T T T T T T T T T T T T T T F F F F F F F F F F F F F F F F F F F F F F F F F F F F F F F F T T T T T T T T T T T T T T T T T T T T T T T T T T T T T T T T F F F F F F F F F F F F F F F F F F F F F F F F F F F F F F F F T T T T T T T T T T T T T T T T
  <DiscreteSampler_grid>
  grouped_processes
  1 # 1 for a reference and 2 for a running grid.
  10 # Attribute 'min_bin_probing_points' of the grid.
  1 # Attribute 'grid_mode' of the grid. 1=='default',2=='initialization'
  0.0000000000000000 # Attribute 'small_contrib_threshold' of the grid.
  0.5000000000000000 # Attribute 'damping_power' of the grid.
 # binID   n_entries weight   weight_sqr   abs_weight
    10   10   8.171539300451157E-044   1.360969380001060E-086   8.171539300451157E-044
    11   10   8.171539300451173E-044   1.360969380001063E-086   8.171539300451173E-044
  </DiscreteSampler_grid>
