  0.00963164853286689  0.05596631788979618  0.08761926872862701  0.11095748734145992
  0.13106470405114781  0.15032180823112865  0.16904157937786543  0.18645616856086797
  0.20244544936114001  0.21741827795264038  0.23233062825486955  0.24735408249898327
  0.26316055147723810  0.27869762488534811  0.29366808514948062  0.30772457159045052
  0.32036134758877471  0.33199228308853401  0.34339698191526219  0.35480537800055567
  0.36623230752475305  0.37764144471073496  0.38942886832443402  0.40136049180275152
  0.41415169406096852  0.42697491005121246  0.43951248140930571  0.45110327031553965
  0.46354845642610920  0.47646146730643496  0.48983682938846923  0.50301574019534478
  0.51549869913171897  0.52768855646622059  0.53996890363727557  0.55191448362063100
  0.56407772786133514  0.57614073156501022  0.58761860479412975  0.59890293705757647
  0.61063066001637223  0.62278253801302508  0.63444392255854842  0.64564615973518147
  0.65649815425080071  0.66710929187468182  0.67714064334835455  0.68648438963321345
  0.69591233820022724  0.70532130379348279  0.71447375782088440  0.72368112326179035
  0.73331626766858016  0.74332471273911216  0.75277500390983498  0.76199695028584158
  0.77080903019910652  0.78015185093365613  0.78926196514498426  0.79854097158016624
  0.80792629353001932  0.81687257142288228  0.82558413744805093  0.83427883589967844
  0.84297793960302314  0.85160317631204430  0.86008556075088938  0.86836960527917828
  0.87658465833651111  0.88478782603612260  0.89277882336705838  0.90046089286948117
  0.90773701198834522  0.91515459926558151  0.92162100507967593  0.92799007711308212
  0.93401618612448356  0.93968319202748429  0.94482540814150906  0.94980215222762299
  0.95460974732855841  0.95904485930409300  0.96320156971384863  0.96720414517775499
  0.97089969500142081  0.97428556125544852  0.97740241441044839  0.98011795000459800
  0.98281888894753555  0.98547218741069198  0.98803118074727370  0.99044365543083268
  0.99276401657591395  0.99491109146496304  0.99679608816897591  1.00000000000000000
  0.00878325839557733  0.01686728408183826  0.02775772224892838  0.03944296402728995
  0.05069047512620447  0.06212614390399249  0.07243783323197678  0.08285510649501361
  0.09384829800249996  0.10406291215644027  0.11355885887185857  0.12264541729873105
  0.13234212461476458  0.14172245629707453  0.15073364750960910  0.15964513997302993
  0.16921522908370426  0.17940865420462682  0.19019248238285183  0.20100805410842060
  0.21241807589827769  0.22414265719392115  0.23490885749275725  0.24483914069985716
  0.25424980631077848  0.26347734758007085  0.27294344480238691  0.28239033437037059
  0.29212110394007751  0.30256659045938417  0.31296231008138836  0.32379818036782604
  0.33440766600651628  0.34588946003376247  0.35701534748664349  0.36806967113550482
  0.37899544405147134  0.38970441391779909  0.40022220131393232  0.41094306107908862
  0.42275692747955440  0.43445461275492675  0.44517398307453376  0.45575491669090629
  0.46719864614548795  0.47961323142368806  0.49154951881011444  0.50259564969504245
  0.51385956133199429  0.52427790839772359  0.53464796061942321  0.54523218190217526
  0.55572386331977031  0.56593035272638859  0.57554809142276142  0.58585445103725131
  0.59610166944707910  0.60592410864812662  0.61534548173383274  0.62555352275038778
  0.63637253077342082  0.64672390939573821  0.65610752156320395  0.66527065017207387
  0.67504416620373675  0.68548124992910098  0.69627749915774140  0.70635442592944209
  0.71644423356609277  0.72678018196602923  0.73765051851025876  0.74866563114579621
  0.75914580242603391  0.76999235506673425  0.78132448062459581  0.79241564776082618
  0.80193091394118321  0.81156383741887550  0.82138965647421469  0.83156874092128874
  0.84155251415129950  0.85083273885309540  0.86066843493735479  0.87033845500141960
  0.88100670905563472  0.89236829847657828  0.90394096243330435  0.91514161220436385
  0.92538968813098832  0.93504436136619273  0.94456167125164958  0.95403858195599445
  0.96376851995190271  0.97389756633294222  0.98567473078379164  1.00000000000000000
 -0.00030623601754116  0.00466274207400841  0.00733085284465443  0.01003399194939931
  0.01327662015872635  0.01690542864550067  0.02070187398901648  0.02470330459996983
  0.02897558914769215  0.03401992086506312  0.03917906876889544  0.04453763113904054
  0.05071705050607505  0.05643013249847329  0.06219927173537061  0.06845659393678161
  0.07475921149216747  0.08072633616477391  0.08690966796687224  0.09357792318077580
  0.10081727949666053  0.10750706838735516  0.11380829658607040  0.12016480987551477
  0.12730423655328835  0.13523588496010314  0.14352019299087260  0.15235262422244625
  0.16138056384675514  0.17048354201835858  0.17969654272663849  0.18903315939297241
  0.19875187168160108  0.20865956481906825  0.21840014382265704  0.22812839831432025
  0.23797669620463549  0.24790832273886615  0.25828078220763251  0.26925217566697535
  0.28064726681526347  0.29240704016626617  0.30397315957638799  0.31548033977380574
  0.32654042980738945  0.33745767770265706  0.34823517835340068  0.35877973870969271
  0.36853073478651061  0.37821444401855125  0.38842591738967741  0.39894939041633842
  0.40961084569118472  0.42048288172659792  0.43244743905291161  0.44532609234642911
  0.45771852641125765  0.47005405196437494  0.48224704698780896  0.49396435627859514
  0.50619389248006674  0.51864755672434093  0.53187438864045211  0.54587170395088702
  0.56003793428237314  0.57399665823623924  0.58795999262859322  0.60135744520583634
  0.61492652920492530  0.62903644198695363  0.64396546760421769  0.65926707394849204
  0.67415982957955678  0.68890227649741620  0.70361833483215075  0.71864110977304541
  0.73396805149295752  0.74938001375849317  0.76435849333364159  0.77879201268487563
  0.79318396317022488  0.80727345405058037  0.82100025451752412  0.83469946467715805
  0.84829426239617245  0.86152369213629543  0.87477896617028694  0.88792411049018605
  0.90106584408160262  0.91450554930381200  0.92786592427919146  0.94124338118434181
  0.95528134742909110  0.96976340803087913  0.98458879645132047  1.00000000000000000
 -0.00199554167491016  0.00809689242982565  0.01713712120019101  0.02691879081776987
  0.03814791825543073  0.04890888066565210  0.05916252625836017  0.06947352481430101
  0.08028147561084480  0.09133169537703836  0.10281723976175824  0.11412701486920761
  0.12527698017560440  0.13462493040034607  0.14425774104416214  0.15408198830098002
  0.16451206681901340  0.17423953998995573  0.18420128402669797  0.19479692706861568
  0.20620955008356584  0.21677490141875499  0.22686296900506922  0.23786590655346762
  0.24948350150313633  0.26200929610160340  0.27396039453941951  0.28586582012734402
  0.29738409696943940  0.30917180897575369  0.32058973987404876  0.33175861673947749
  0.34166736407778847  0.35108572653744508  0.36067594890757781  0.37063486121327721
  0.38045514562683092  0.39017458625725393  0.40003530944304277  0.41008704294042730
  0.42018540793490111  0.43025979964948818  0.44008658776489901  0.44932512621080767
  0.45832644870388417  0.46760893220492727  0.47715260342368510  0.48703951965782916
  0.49769804383854022  0.50918132395361071  0.52060961716200804  0.53143044601796185
  0.54195630197140121  0.55225165596133829  0.56234990762431192  0.57245590349545961
  0.58270638745728265  0.59319625398365095  0.60383735708404951  0.61424370276606177
  0.62423375472739662  0.63403143452283017  0.64417457999058403  0.65490724716533599
  0.66652564932870362  0.67810123894446961  0.68954636668381575  0.70001427034508257
  0.71049649101495416  0.72111996572468007  0.73215264588206519  0.74307273162007714
  0.75421949290525370  0.76532559211590367  0.77607921649279943  0.78661473998746323
  0.79707217358484084  0.80832829554925945  0.81910930733370135  0.82998447671802322
  0.84079742659800560  0.85159799727610375  0.86178306561592544  0.87212461065882851
  0.88296032468960550  0.89395506659536961  0.90475674070530021  0.91520465559779163
  0.92511461328734734  0.93473556792643397  0.94472003262010962  0.95557999047859699
  0.96699069115310410  0.97811012224085514  0.98912539256344023  1.00000000000000000
 -0.00225157619544678  0.00892588952792809  0.01878914452963410  0.03015351448911441
  0.04136456549438627  0.05226539739480668  0.06267914870089880  0.07373109227833610
  0.08487245479373051  0.09593961541950874  0.10724850734289350  0.11854562463061065
  0.12983114590516381  0.14132548856734437  0.15253936723010139  0.16364855194685332
  0.17460228971156452  0.18510318124011008  0.19493360936610765  0.20432021058033004
  0.21396006264035325  0.22403345116097736  0.23442320612633638  0.24521005398793214
  0.25529905480321857  0.26511897926688516  0.27476059252535839  0.28487611705440707
  0.29518229506854321  0.30522563816874715  0.31554580646883723  0.32672501220956057
  0.33879075628189753  0.35087974899200103  0.36215435350479713  0.37300593175815638
  0.38414933538051699  0.39547924027223041  0.40663880021504972  0.41758147857232869
  0.42798946383090980  0.43800341396412146  0.44775270156958591  0.45738340226516833
  0.46727743903646024  0.47783352243065230  0.48949608079291179  0.50154683750335993
  0.51328665796412531  0.52447146303952763  0.53444117291391369  0.54462402130388876
  0.55465946940806810  0.56466981254787696  0.57424201675451170  0.58399014954964379
  0.59465711365242802  0.60602263597697781  0.61700916883500834  0.62768382469863571
  0.63840119309374777  0.64912668728265699  0.66016747464863568  0.67086584486571954
  0.68187736984437097  0.69289371486202811  0.70420624828229483  0.71498140552665401
  0.72541382747687988  0.73578728688056616  0.74614596732643712  0.75598351904651107
  0.76586846633575845  0.77668071738952160  0.78854935531962345  0.80043440596588444
  0.81219815178832799  0.82231669037690813  0.83252321435165122  0.84259119130730953
  0.85294065275351139  0.86305276502908290  0.87291057678643480  0.88280332119465532
  0.89307785778544246  0.90330400784497755  0.91286397766609129  0.92152015901536943
  0.92959428554582213  0.93787903410728157  0.94698611939326482  0.95645366794641262
  0.96654468861637188  0.97657442034112107  0.98802808279160592  1.00000000000000000
 -0.00273064639544506  0.00981413806250626  0.02156051088479164  0.03421726712933121
  0.04675773042263066  0.05866830972838544  0.07059251749267871  0.08203397075429551
  0.09305018817532841  0.10364185268676565  0.11338231150313105  0.12225418404524073
  0.13103925653626020  0.13979333046621284  0.15008812600284852  0.15970745802292899
  0.16931943994291068  0.17942799673068607  0.18957668578984899  0.19977523443612760
  0.20975513055495432  0.21876005243064781  0.22760001608929079  0.23638701866797759
  0.24552400262793622  0.25518950296242615  0.26518899939603480  0.27556881735414701
  0.28633820578786606  0.29717773116867241  0.30818426532955057  0.31952675659218349
  0.33082676753110624  0.34190715718869263  0.35263556169898114  0.36394692064009787
  0.37576049751329643  0.38763295867775260  0.39874536520716314  0.40967760176599488
  0.42066640228979868  0.43205005974821076  0.44349606155665056  0.45485133650026610
  0.46599195342002547  0.47701864706969593  0.48813337948209334  0.49944017331217538
  0.51067032691613867  0.52156541505877252  0.53148427111902441  0.54147275719014143
  0.55112620706734095  0.56029235675633371  0.56880876071195563  0.57718443409832332
  0.58669446054041685  0.59805673629175482  0.60913014336384530  0.61948608444273812
  0.62979134881061127  0.64020022754720118  0.65154033956288071  0.66343723844739910
  0.67558399670963765  0.68666638191387674  0.69697181625463722  0.70700263239968053
  0.71706052315848390  0.72704773337715600  0.73697675052812750  0.74721069370881543
  0.75754542195543584  0.76802920267909724  0.77846408512148635  0.78879266205915244
  0.79887204836079029  0.80903943939051925  0.81967127015789010  0.83138709061508831
  0.84298596690219285  0.85456574508660121  0.86557339900091845  0.87617949566124509
  0.88587060473224599  0.89529432336526371  0.90451816939242513  0.91411313810655725
  0.92431363014084456  0.93460897105799956  0.94537526232678615  0.95593729224767299
  0.96677626406790285  0.97718134562463643  0.98845002095103640  1.00000000000000000
 -0.00193126419889070  0.00734226043628770  0.01533562540296958  0.02395969866706132
  0.03250929883216030  0.04125600027763844  0.05097761983770441  0.06065330126050030
  0.06989835777641933  0.07892182449177919  0.08843823790658248  0.09852622115447353
  0.10858153815745125  0.11845808555254077  0.12753875181666166  0.13612288016416477
  0.14447919198488354  0.15300883935968254  0.16134662365208788  0.16991082363080709
  0.17837930955035536  0.18691640843852650  0.19713460001481156  0.20695053957365617
  0.21732724088207359  0.22808231680893523  0.23812713422530393  0.24837508215051840
  0.25980902262890260  0.27048266208966804  0.28127567989115865  0.29170318746235352
  0.30336573108117948  0.31519684754059518  0.32711383575639447  0.33843784268274890
  0.34949922669124361  0.36051113568005250  0.37188232165365054  0.38303774982478539
  0.39447109462869379  0.40600930440886085  0.41711712840356957  0.42825463722512674
  0.43940987259343872  0.45175703578067267  0.46347562713761531  0.47488015376965476
  0.48617941638569423  0.49774984348426010  0.50954099675431230  0.52176023380607961
  0.53348741834951330  0.54493765703439434  0.55646080863342540  0.56770505011072847
  0.57867806947194378  0.58960257727208332  0.60084068858204054  0.61209485946217368
  0.62328187969104609  0.63396863284072003  0.64443799201957608  0.65530937435233361
  0.66664836906353264  0.67709148066693137  0.68678175930580754  0.69638526643375787
  0.70645720382995913  0.71669958791761368  0.72670059649671714  0.73734772759307543
  0.74852772883167540  0.76059106277571853  0.77340955113242038  0.78605711768524322
  0.79837069339151590  0.80979052199001167  0.82074179650216195  0.83121820522202161
  0.84177094762058535  0.85274739100559971  0.86397131357282431  0.87444741246633018
  0.88507542260150351  0.89548044343703115  0.90819800130666517  0.92058994929214089
  0.93198555970974439  0.94225283305122987  0.95199824156070501  0.96163203556924015
  0.97111991268829823  0.98065270108451685  0.99027444503511419  1.00000000000000000
 -0.00265149657545338  0.01019596613162916  0.02146107554149015  0.03233757528648527
  0.04354842928843165  0.05551906784217332  0.06736372772099671  0.07879945751563674
  0.08986628456565271  0.10074627159144629  0.11176334033766555  0.12328923405244602
  0.13560517210561954  0.14815081643291395  0.15948331031070828  0.17046408998702933
  0.18178393652938307  0.19297644890646387  0.20381987548869490  0.21571995442717540
  0.22722576834524563  0.23795753086287513  0.24804930594922295  0.25941400014908339
  0.27079151997554257  0.28050564777891762  0.28964737084695524  0.30006384627902494
  0.31133734951703745  0.32265795654225832  0.33307175039056808  0.34376400685716663
  0.35379366527913314  0.36445761728874415  0.37457880996467868  0.38443315316870325
  0.39353070917671862  0.40328262893737871  0.41345730103960526  0.42415351740293461
  0.43406315421155317  0.44402357318718150  0.45388010202508622  0.46389622556908405
  0.47452672207420860  0.48574182985656783  0.49691361258243860  0.50763377171069446
  0.51857950189184454  0.52994489228846720  0.54150970331119852  0.55251955882223358
  0.56316802468024851  0.57397132425355935  0.58467361211706792  0.59564067495537809
  0.60712154584334010  0.61931958199158099  0.63142830652765625  0.64294022840827436
  0.65435878695531935  0.66549661147086181  0.67585079004339044  0.68628328166896535
  0.69731288779237077  0.70814589950169615  0.71821685810106028  0.72790100469073082
  0.73772688237372575  0.74763562022781893  0.75777336046776977  0.76818718805135244
  0.77830982217657030  0.78828228403985290  0.79840260837658239  0.80886860541434635
  0.81969924232424796  0.82996243237244982  0.84039192082396108  0.85068945554619146
  0.86080285649784249  0.87052427595988691  0.88015204777078704  0.88937458412785664
  0.89878348281779608  0.90820274000139911  0.91744690391628003  0.92681184578137099
  0.93605203392241487  0.94553839042291821  0.95501050635204365  0.96425356526972017
  0.97347707836873498  0.98247378059017876  0.99126325853575703  1.00000000000000000
  0.00544542395231577  0.03876937958308724  0.05519335357992730  0.06702576981482952
  0.07735016682111519  0.08670445986308707  0.09545054373819993  0.10399986373120178
  0.11262190818687576  0.12131524880344118  0.12930529511013039  0.13761227298774856
  0.14553753105526085  0.15307221681315997  0.16020221886504291  0.16702660291728083
  0.17368621825783045  0.18043308601221617  0.18737638102899160  0.19430682948197614
  0.20110477013413122  0.20782930858015716  0.21445526847530844  0.22112043112703844
  0.22756387858631366  0.23433567802083508  0.24121860733453476  0.24809484354935846
  0.25481057640048510  0.26186473600781773  0.26905010037034804  0.27649051799334684
  0.28399968285794697  0.29127295457925167  0.29833747173769176  0.30533961192837183
  0.31223465099673797  0.31916790017155816  0.32629274385844337  0.33370717113160780
  0.34099806371232383  0.34816342392158511  0.35531922831529367  0.36254485078396759
  0.36989466818297678  0.37754512092496989  0.38563871321119814  0.39356365461070741
  0.40143574462391690  0.40920086420019047  0.41715853418731103  0.42505543438637333
  0.43284494036559462  0.44029092874965509  0.44770055339541687  0.45493485922433574
  0.46178987526480886  0.46858541055362529  0.47564225406721711  0.48278930566420653
  0.48993701358202130  0.49704851177008985  0.50403590944705279  0.51096570793639595
  0.51790229657929632  0.52494752326257943  0.53216772929950618  0.53937815189439764
  0.54654886816314241  0.55415278145883162  0.56216309605885662  0.57116118040463060
  0.58046253309775175  0.59081194909666201  0.60147550238528347  0.61133077553970527
  0.62132326785097669  0.63124071327190878  0.64148299602155034  0.65206939368826589
  0.66331634205307433  0.67486148001985247  0.68647715102363993  0.69796863643533746
  0.70962364415240353  0.72262149922555985  0.73785491255172253  0.75464814504605404
  0.77108913799521350  0.78671697733121104  0.80242113399764592  0.81980710781204780
  0.84054757119581625  0.86866062314119985  0.90876605758650053  1.00000000000000000
 -0.02177668511387186  0.15597246013194649  0.21198060588949558  0.24669133784275216
  0.27287967188967699  0.29295652800982325  0.31074430742792791  0.32702651761068713
  0.34302507267389243  0.35752024406740873  0.36980929336018270  0.38127019352716002
  0.39252257508683874  0.40316144529626841  0.41296748229459729  0.42244187049488052
  0.43195702287453708  0.44083997067592207  0.44939162113920028  0.45741331705996519
  0.46511699428897613  0.47266658614677409  0.48021753419057461  0.48758632145264247
  0.49464014262942041  0.50161467500844592  0.50863060290041684  0.51546216910036391
  0.52184781999806729  0.52771199630444732  0.53327674670831426  0.53876627039876401
  0.54419670391453379  0.54963596862702468  0.55521961903761663  0.56077965763567217
  0.56607027637804042  0.57108914887772044  0.57612596012859785  0.58129659030321634
  0.58676155075511105  0.59212433545648080  0.59737234982371301  0.60254875191825386
  0.60763398384085943  0.61261632640482411  0.61748630480856770  0.62223730191294657
  0.62697844738309982  0.63172602766533548  0.63635643594610447  0.64081994173414181
  0.64500297124764494  0.64906303618495187  0.65295805739903301  0.65695774068460921
  0.66101446726902946  0.66536176603119535  0.66976029693925632  0.67414335922749313
  0.67854849997466649  0.68303076494246484  0.68766591130249577  0.69237135276952300
  0.69702261851934111  0.70166507683184787  0.70615315523118560  0.71097703942979784
  0.71584443868555625  0.72058542729831709  0.72528041841632196  0.73016124326694765
  0.73529737469874556  0.74059539175854838  0.74598683457621784  0.75148013480450582
  0.75746272536027603  0.76350689181782705  0.77004688493953843  0.77687513419222587
  0.78370853209824987  0.79056732567880861  0.79739718232570123  0.80419482367341477
  0.81134858122640119  0.81843950247666020  0.82570481570148380  0.83311741069575374
  0.84128475547681703  0.85016164756091051  0.86028638993306206  0.87179102107888817
  0.88576088723433166  0.90379528174654011  0.93127481773785326  1.00000000000000000
   5.6720664710110790E-055  -1.0000000000000000     
 T F T T F F F F T T T T T T T T F F F F F F F F F F F F F F F F F F F F F F F F F F F F F F F F F F F F F F F F T T T T T T T T F T T T F F F F T T T T T T T T F F F F F F F F F F F F F F F F F F F F F F F F F F F F F F F F F F F F F F F F T T T T T T T T
  <DiscreteSampler_grid>
  grouped_processes
  1 # 1 for a reference and 2 for a running grid.
  10 # Attribute 'min_bin_probing_points' of the grid.
  1 # Attribute 'grid_mode' of the grid. 1=='default',2=='initialization'
  0.0000000000000000 # Attribute 'small_contrib_threshold' of the grid.
  0.5000000000000000 # Attribute 'damping_power' of the grid.
 # binID   n_entries weight   weight_sqr   abs_weight
    10   10   1.936097988187886E-044   8.850531537979459E-088   1.936097988187886E-044
    11   10   1.936097988187888E-044   8.850531537979475E-088   1.936097988187888E-044
  </DiscreteSampler_grid>
