 -0.00046760075071048  0.00789216057342465  0.01810783136608049  0.02885235990824801
  0.03973120045161201  0.05043849921521024  0.06089269565347307  0.07137383616761078
  0.08216292741997148  0.09293579644973850  0.10349850678922427  0.11381520832324904
  0.12421004379426059  0.13446977975882993  0.14456205760920343  0.15457044128785266
  0.16436333526258154  0.17366517864535649  0.18279491731898462  0.19167169945299697
  0.20039962006998974  0.20940814359006665  0.21873872094275762  0.22774917985456311
  0.23644341070914332  0.24490916497948723  0.25347861129847676  0.26239875162625281
  0.27148421322786237  0.28047137213232060  0.28921908669936947  0.29778354072435376
  0.30623609341283736  0.31459528548077703  0.32283200000142126  0.33094890300226043
  0.33907138254373592  0.34738990473081149  0.35596383539474213  0.36477217502232995
  0.37354079135702839  0.38262179967725585  0.39162274333717595  0.40052137084096384
  0.40940075424524452  0.41826230295109551  0.42695886383136838  0.43530347577246037
  0.44350498799014310  0.45166710437854218  0.45981451259202744  0.46804831846208600
  0.47643674098290639  0.48488179245061325  0.49337918039322554  0.50201565132245518
  0.51052299048367455  0.51889019826019578  0.52712489224723491  0.53524091576010813
  0.54334363970512745  0.55164157383993306  0.56018526614018405  0.56882733090032311
  0.57750198572165179  0.58618723865064537  0.59530523377259681  0.60473604969938288
  0.61423163355128962  0.62377178810716638  0.63320840859194472  0.64285396136406170
  0.65241635946814303  0.66188383115491933  0.67117690639490457  0.68044405329412683
  0.69011922350091726  0.70016091439355355  0.71071256318496934  0.72126649095983830
  0.73174279996578540  0.74275879989045746  0.75444033411242617  0.76621527554650748
  0.77816662900527345  0.79062265301967161  0.80497782104452231  0.82018717372522620
  0.83552885791176845  0.85124029560216674  0.86833480650611428  0.88687808764422205
  0.90748327110830462  0.93069225485589246  0.96238526258306956  1.00000000000000000
 -0.00156279848718554  0.00980977512069356  0.01998301601557564  0.02987314786697163
  0.04007741567634061  0.05079666130747543  0.06272686005163448  0.07477463293215386
  0.08646312879620642  0.09777104088295363  0.10858313392284326  0.11948603028901143
  0.13047308802835691  0.14128789999739585  0.15163708151881797  0.16166774211800344
  0.17162708016351547  0.18145551989656319  0.19121756608524429  0.20104818911008970
  0.21069799159721297  0.22036812480386597  0.23030973743003455  0.24080656204653381
  0.25179315000001939  0.26296348593133939  0.27410082307992745  0.28551132043572619
  0.29641068580389263  0.30709279459180366  0.31739240548756786  0.32773912736304717
  0.33815688092847984  0.34822686267778741  0.35819777356485072  0.36839257498111472
  0.37833699786098440  0.38877676174643927  0.39970616205013310  0.41090168173126806
  0.42166590128600040  0.43201643397322531  0.44275478366572774  0.45387912591797142
  0.46480447627592819  0.47570699151246237  0.48697395624411738  0.49835607319397451
  0.50923138364094200  0.51980436222709814  0.53039588656153824  0.54069794158523354
  0.55083453197394527  0.56084856397423510  0.57085560602670005  0.58124892000634865
  0.59212952820238862  0.60312820123780275  0.61369468693830787  0.62389233637926433
  0.63368851305066021  0.64334237812968442  0.65287888546963257  0.66290166295495767
  0.67320724930520515  0.68360525314421816  0.69369219617694022  0.70406500868896227
  0.71420789357622916  0.72485618896094350  0.73573575601087426  0.74614236123858813
  0.75680358626563360  0.76752799052558973  0.77891652982502468  0.78969943325219538
  0.80011001669464543  0.81064789715675833  0.82156069159804213  0.83303915075672996
  0.84560574131290556  0.85791379672368906  0.86997572046626481  0.88076518767064427
  0.89086672790134647  0.90040921178713473  0.90982690948068945  0.91949370420837773
  0.92944288424442412  0.93922815452561748  0.94947371970508243  0.95915392332423732
  0.96889081547286671  0.97861875937438514  0.98917587193143874  1.00000000000000000
 -0.00865319827018100  0.06186433353182720  0.09671489899659226  0.12255722085814950
  0.14372776727933811  0.16288531243092783  0.18008457043954870  0.19505138969120997
  0.20784226308754486  0.22055112439625774  0.23271096136593805  0.24405329369524922
  0.25552273811985532  0.26734980672031766  0.27789909432233229  0.28750764043476668
  0.29708822369257865  0.30672442268775940  0.31621748465820310  0.32501015621036489
  0.33364235956239552  0.34263929617506783  0.35163523595009838  0.36071436684429192
  0.37002246183452475  0.37894961086745665  0.38731466775017159  0.39536644845334190
  0.40331518275163908  0.41129644132949744  0.41937971035863730  0.42661282473996986
  0.43390242024497444  0.44099385714490630  0.44801714835147566  0.45478728847399180
  0.46164484496526476  0.46839554053867871  0.47500648581993038  0.48154269272768513
  0.48808873477139614  0.49475751683416153  0.50165471453972266  0.50899986916019291
  0.51659310322524365  0.52400769890603371  0.53155798070640825  0.53920935930105585
  0.54656804379254786  0.55378092223623454  0.56098543385703192  0.56821526273562550
  0.57543517581678927  0.58271256630359125  0.59016872694309985  0.59765006731212977
  0.60488885047240459  0.61187237240994086  0.61859741022138537  0.62526806804978197
  0.63142680717937005  0.63773388002008713  0.64424135796382875  0.65111103356387745
  0.65810035350824936  0.66528001911069046  0.67281336818569137  0.68054081199707439
  0.68823110041818158  0.69594768029171261  0.70379541553974911  0.71173004372761561
  0.72009687868387573  0.72851640374729243  0.73649591044429086  0.74446083033544064
  0.75259332183302363  0.76069368988607855  0.76891112899884462  0.77714785357619787
  0.78543038602105164  0.79359263969075799  0.80236508249240923  0.81097007589932169
  0.82043960840125219  0.82977126596406103  0.83963518972480400  0.84997371590304893
  0.86065188894545663  0.87190821248529427  0.88427243775663866  0.89830253800532134
  0.91392201124134775  0.93164267690339775  0.95554996662321667  1.00000000000000000
 -0.01863019920584848  0.14204266302150059  0.19149673336784317  0.22428135646133329
  0.24803414025589471  0.26602271289705315  0.28277839204238503  0.29827927639321428
  0.31223617769563161  0.32514012709111362  0.33725761111258551  0.34874987519464473
  0.35992395425655782  0.37078139073502675  0.38060341979814577  0.39016325809648644
  0.39925545204980273  0.40793437216935119  0.41630923206939285  0.42422430509988018
  0.43199724717011417  0.43956836487152146  0.44679507833661286  0.45374285870642850
  0.46035960772285156  0.46707017914097360  0.47361064469880448  0.47988997037372899
  0.48601196942346386  0.49209900628310177  0.49825991594317987  0.50444249941447483
  0.51055961423776974  0.51655849508967489  0.52245130110480109  0.52846024513281320
  0.53440112557367758  0.54030594976328095  0.54598003095291214  0.55132513541679318
  0.55664588279522409  0.56201273761990345  0.56740911105671443  0.57287378817987655
  0.57822297512518528  0.58342642337729356  0.58854665151614105  0.59362337062407877
  0.59862752984839851  0.60364219791853069  0.60888526126027431  0.61422917660701593
  0.61956836305320762  0.62490994443391368  0.63019027985150367  0.63538280650444146
  0.64051061842764101  0.64563078831491794  0.65081035327395997  0.65607266935946384
  0.66133252709655677  0.66650990566431723  0.67131607482544009  0.67610279444047461
  0.68086898788146255  0.68565806201263635  0.69054892965541614  0.69561673841475102
  0.70077019596914836  0.70590089329884453  0.71106722351399365  0.71632697597905615
  0.72200534820695317  0.72781663790668671  0.73346553242757984  0.73871773784082251
  0.74378069693194127  0.74884624540035882  0.75401382503014192  0.75943627087788601
  0.76481415136694075  0.77057592059174673  0.77681488771611285  0.78331572748707701
  0.78991546358779963  0.79712436288869692  0.80518092884488746  0.81277226029382532
  0.82257143827962476  0.83242698156635986  0.84543480375983449  0.85982311822416335
  0.87617906600708317  0.89595138731193558  0.92686630901816824  1.00000000000000000
   4.3891555231358244E-009  -1.0000000000000000     
 T T T T T T T T
  <DiscreteSampler_grid>
  grouped_processes
  1 # 1 for a reference and 2 for a running grid.
  10 # Attribute 'min_bin_probing_points' of the grid.
  1 # Attribute 'grid_mode' of the grid. 1=='default',2=='initialization'
  0.0000000000000000 # Attribute 'small_contrib_threshold' of the grid.
  0.5000000000000000 # Attribute 'damping_power' of the grid.
 # binID   n_entries weight   weight_sqr   abs_weight
    10   10   5.013341784433883E+003   7.607708993780831E+007   5.013341784433883E+003
    11   10   5.013341784433883E+003   7.607708993780831E+007   5.013341784433883E+003
  </DiscreteSampler_grid>
