 -0.00121940609737797  0.01688225471696393  0.03504416215744637  0.05130337404140759
  0.06607936737090403  0.08011447395915600  0.09308041443639298  0.10528206510471906
  0.11719829332209906  0.12871555867453879  0.13971881893387236  0.15022968083960428
  0.16035816432527003  0.17038051403235177  0.18043869611375093  0.19038133827796530
  0.19997836429820737  0.20935540204448203  0.21858059998750901  0.22764155022425378
  0.23656436941499559  0.24540492293216268  0.25410728797600268  0.26287462814521123
  0.27155536087018617  0.28014108746366506  0.28861334373366154  0.29711997089083858
  0.30549085363468226  0.31384202748302470  0.32220195451684153  0.33046219731461024
  0.33858714040289617  0.34665564733070470  0.35476149889570369  0.36287366370916602
  0.37089543872607966  0.37885911911515058  0.38669992229973749  0.39465167391732880
  0.40267143304964625  0.41067670495033876  0.41864872818464416  0.42657509668090393
  0.43434546562963983  0.44190387639291734  0.44940307596898960  0.45685393015379488
  0.46431954600956915  0.47183221020104021  0.47940669871636982  0.48706907941330113
  0.49476855419866572  0.50244090321680535  0.51013483622444522  0.51781744810941177
  0.52557661550088441  0.53341436181751389  0.54135904514943789  0.54936929444531779
  0.55736741434182380  0.56535201872015606  0.57335812842641920  0.58141899934137831
  0.58956073355523952  0.59776303845025702  0.60622639874289297  0.61474321876148263
  0.62327098530465797  0.63193311682884856  0.64064715194476030  0.64966195541868044
  0.65890918468495663  0.66833646638536981  0.67795974370900558  0.68768540680466750
  0.69743495525996124  0.70734185526673377  0.71734316015678234  0.72773595448864592
  0.73862966642066885  0.74995006073018244  0.76141615863767664  0.77299069819844513
  0.78476447459105525  0.79681436458973420  0.80947931698108344  0.82284995178475873
  0.83701389519824743  0.85218531426562338  0.86824572105820907  0.88566285561330793
  0.90499482309558132  0.92828104710713422  0.95905506137717766  1.00000000000000000
 -0.00252193427475254  0.01002410778302767  0.01985195196035975  0.03087306356558165
  0.04167722986482119  0.05201916999583315  0.06241172021094971  0.07320827084841705
  0.08403018202340957  0.09472162776215495  0.10540536474978751  0.11613664503974741
  0.12670463545861782  0.13790629379729166  0.14875716605948786  0.15918616931982094
  0.16971647642059801  0.18091321067914565  0.19186890787270733  0.20258331177960864
  0.21315867429451688  0.22369583856615163  0.23407422902088443  0.24408364009013131
  0.25427072899744119  0.26443256569375212  0.27461945090147216  0.28506787769408665
  0.29554641377884167  0.30724196187686070  0.31767080346361248  0.32783375644171525
  0.33811992974047461  0.34833979159506107  0.35834684079455897  0.36825238104626434
  0.37862273126981577  0.38982389557170444  0.40112399699221168  0.41258612833150549
  0.42319122879052240  0.43356836349985112  0.44416086095410484  0.45448525685017471
  0.46458144598155959  0.47437089559240869  0.48453213003251250  0.49513058263089454
  0.50548113210508783  0.51583085945053164  0.52619267649835211  0.53671097098923071
  0.54721630134963561  0.55785427812129518  0.56844714904829508  0.57930712447433119
  0.59019672070968920  0.60126511999574705  0.61200775947291886  0.62258900646446946
  0.63287300722673145  0.64305167192045309  0.65299942507085851  0.66315321369083746
  0.67324910387244441  0.68365951077684339  0.69397482999047211  0.70470689499838279
  0.71535424570056871  0.72640255752166738  0.73733503464815842  0.74826221611012189
  0.75897881306379056  0.76980783768031580  0.78001876245142487  0.79044887435255529
  0.80057373025404965  0.81039583368562673  0.81992064644578189  0.82926833089088625
  0.83890255632562927  0.84870732090330725  0.85878208772133591  0.86916251175720549
  0.88003872757123869  0.89144319686426332  0.90258604927254982  0.91331080140263143
  0.92412632981336795  0.93496024758479845  0.94577306356798929  0.95643310830740380
  0.96718840842390186  0.97814868362357832  0.98892345618513577  1.00000000000000000
 -0.01561408765908412  0.07885258778158769  0.11955757751345000  0.15006817997061495
  0.17557881711344708  0.19684432411300087  0.21499512073191224  0.23157864577335660
  0.24759082592024417  0.26289343937224618  0.27735626645523453  0.29125392956577056
  0.30471855482364391  0.31764828801961087  0.32986509142875980  0.34147423734091670
  0.35255943475518065  0.36317411944872013  0.37357805096487090  0.38409333495491688
  0.39456766545575950  0.40466532216459444  0.41446300692284654  0.42425321356107787
  0.43398607312342663  0.44324878712631682  0.45204133742921837  0.46078533746770478
  0.46959476806797090  0.47826557838326855  0.48649843997207526  0.49433061184286992
  0.50214750203834080  0.51009828171053884  0.51817847209543821  0.52622171545382379
  0.53419279689090771  0.54205099798444933  0.54953224651329857  0.55679585391520348
  0.56390070183306140  0.57087833973284341  0.57777003704450747  0.58470712958194093
  0.59162561930111446  0.59853657978024510  0.60537498657436450  0.61231358102061706
  0.61925404316654753  0.62609303124762650  0.63329676450778616  0.64049126874415285
  0.64746413080177889  0.65431708776319997  0.66121402231806081  0.66819600817705604
  0.67526609805101201  0.68235354778531609  0.68935186614545907  0.69615738322264709
  0.70280532609992119  0.70948201417918588  0.71616690048333553  0.72277394589798083
  0.72936377433964050  0.73598331022670493  0.74265121708437465  0.74930750732725759
  0.75594468309984808  0.76264385182704364  0.76938930314629139  0.77637373663935993
  0.78337795119696407  0.79026520527555377  0.79710242966087619  0.80392085470474739
  0.81082695925547499  0.81794332903268374  0.82522802771931369  0.83259906421319430
  0.83979182550825571  0.84714099298065360  0.85466763762979803  0.86241364406280929
  0.87035748962733850  0.87835567318100871  0.88629699516410509  0.89452285219664640
  0.90312421352470562  0.91220305513327915  0.92182887015724979  0.93216118518147850
  0.94375556311075348  0.95718168739922049  0.97504743828330309  1.00000000000000000
 -0.03043995643542559  0.15339238329971988  0.20800717453743511  0.24327918098631657
  0.26958706406584754  0.29212666130804804  0.31220165940878192  0.33093518535418692
  0.34882183889135748  0.36516540916225987  0.37977364327947188  0.39357505512733582
  0.40669642181797461  0.41903994483785262  0.43057934538726711  0.44152728442921901
  0.45210896747331347  0.46257896125917042  0.47298140345329981  0.48311528364563588
  0.49300961938311727  0.50242275211500309  0.51136800656320247  0.52001499799635253
  0.52835828487971304  0.53646230295486363  0.54442473565805971  0.55221848319636102
  0.55981434409480679  0.56709657584538053  0.57411536045738454  0.58103878646722618
  0.58791344931510670  0.59467036250944860  0.60120416949523836  0.60754714972999557
  0.61374711615611477  0.61991249212542865  0.62593795725579848  0.63192447952211550
  0.63771470025190924  0.64354714894447329  0.64927367740102859  0.65495087409797392
  0.66054553063686583  0.66603379694125042  0.67139350818195886  0.67666493493345814
  0.68189785773772305  0.68708864408138470  0.69223826697664448  0.69733901241613516
  0.70238950380888610  0.70744260565060002  0.71249376412688359  0.71753115083162800
  0.72248739344173774  0.72731973687812401  0.73208390114691613  0.73685508976740710
  0.74160882973124453  0.74629698372009368  0.75090774333853860  0.75538771576661512
  0.75984088359491608  0.76434418219016809  0.76883608543144766  0.77326163905687650
  0.77763787965284425  0.78202081909428134  0.78646108184224983  0.79096550104905894
  0.79550955877657703  0.80005328190219049  0.80448047616762663  0.80892275273033354
  0.81343680260193907  0.81808515787582825  0.82285352577828774  0.82765497428508328
  0.83252935383016191  0.83750806892554552  0.84261014934886569  0.84782702067885241
  0.85322561643801731  0.85893732499232700  0.86490816663278069  0.87110047933902124
  0.87764488474566393  0.88467553157447898  0.89236065225563299  0.90100947900363326
  0.91110095118244017  0.92394158366218004  0.94590811552148724  1.00000000000000000
   3.7838861546004513E-007  -1.0000000000000000     
 T T T T T T T T
  <DiscreteSampler_grid>
  grouped_processes
  1 # 1 for a reference and 2 for a running grid.
  10 # Attribute 'min_bin_probing_points' of the grid.
  1 # Attribute 'grid_mode' of the grid. 1=='default',2=='initialization'
  0.0000000000000000 # Attribute 'small_contrib_threshold' of the grid.
  0.5000000000000000 # Attribute 'damping_power' of the grid.
 # binID   n_entries weight   weight_sqr   abs_weight
    10   10   3.746674969337962E+004   4.888104093361166E+009   3.746674969337962E+004
    11   10   3.746674969337962E+004   4.888104093361166E+009   3.746674969337962E+004
  </DiscreteSampler_grid>
