 -0.00013605695456596  0.00591676219666550  0.01608746028082501  0.02691956338089319
  0.03797603900091191  0.04873771162372319  0.05961330157821407  0.07054990792122115
  0.08137422094780319  0.09203680595538558  0.10242482748495421  0.11283138687517570
  0.12299493045426660  0.13282031746152559  0.14239820323372798  0.15179228258003111
  0.16105996120723659  0.17039305510055100  0.18007557091006582  0.18955304880953430
  0.19881930065373413  0.20793138694586863  0.21690226297837054  0.22580176105313404
  0.23451259924073906  0.24308695603824126  0.25159288891173126  0.26004456723472474
  0.26847141780161166  0.27688257787957993  0.28502785691679505  0.29309332864391779
  0.30098237041076747  0.30877466392736308  0.31675758452629554  0.32498354354011783
  0.33295562297761122  0.34086164026022187  0.34884041817643091  0.35687241339483428
  0.36499519479968734  0.37312062714899269  0.38127508465081028  0.38959789652213056
  0.39809328974677105  0.40651745632364850  0.41476274907046928  0.42287105925722218
  0.43093531135461105  0.43922499918126812  0.44760469013943222  0.45591966180384819
  0.46419101387890704  0.47241673889383518  0.48096490694728694  0.48966509651658080
  0.49838532566951749  0.50707594762263519  0.51565360590856746  0.52405345173213558
  0.53238396015977540  0.54152180412238748  0.55052729777515452  0.55949005674009189
  0.56841591501899047  0.57736064296282485  0.58642045225136508  0.59566190714981437
  0.60493611931647362  0.61426489731291045  0.62376701733827578  0.63345807135946741
  0.64322567713296386  0.65303585800705288  0.66362907192459075  0.67441345728096602
  0.68526293252364257  0.69615447246107398  0.70708062565476482  0.71818785902037940
  0.72964040692474486  0.74149717726243591  0.75373171337748113  0.76625973042070161
  0.77896868083190451  0.79193013294097125  0.80496222554739227  0.81976545100939169
  0.83561886743996527  0.85189365594582211  0.86875603126398060  0.88625025222722098
  0.90707062691016593  0.93180849120712894  0.96221152826117218  1.00000000000000000
 -0.00242948826776298  0.00900222538360710  0.01901448989727087  0.02946158028049763
  0.03997100915970118  0.05113415856124892  0.06214737041943800  0.07284019614624525
  0.08371323797539466  0.09508318840694392  0.10654271691573883  0.11763841078785692
  0.12837874278072969  0.13878482300298284  0.14894152672365826  0.15877365512675370
  0.16835778487678688  0.17767642811722970  0.18720014765470069  0.19716106240476972
  0.20714842484798343  0.21707088513031109  0.22705483621638900  0.23770500655937615
  0.24892400357276839  0.26055914534957880  0.27275585776978734  0.28498530960701074
  0.29695785673746977  0.30886892719009124  0.31999804114419433  0.33074563141687258
  0.34146099704320854  0.35260771963407012  0.36348883584202030  0.37473096531274158
  0.38604826413509885  0.39707877815644327  0.40747739200357591  0.41743854437391648
  0.42711699334735809  0.43663859377443154  0.44639933442999996  0.45631051725924276
  0.46670708218010326  0.47723670881047386  0.48849641712874281  0.50000122459299523
  0.51124930508441546  0.52198871215904075  0.53226947435261740  0.54222957578311914
  0.55256619918186634  0.56293260067596018  0.57320485053277836  0.58321330025322338
  0.59368817354929770  0.60448591916484473  0.61539977239543886  0.62601946105209816
  0.63628787761523420  0.64628209116404001  0.65583544967180973  0.66551093040741816
  0.67522115366157920  0.68484956659708640  0.69457636191327454  0.70446426913108551
  0.71451388412109096  0.72478948359425288  0.73469629124762004  0.74474497542879103
  0.75486322592988908  0.76511682411475979  0.77517718505341060  0.78545045284123483
  0.79559713212795147  0.80648175925004062  0.81740304920517126  0.82859535774975734
  0.83985747295636726  0.85090747008627388  0.86165123111802300  0.87235144926925157
  0.88303198990668785  0.89374064584966617  0.90392968660979534  0.91419020343232804
  0.92425974577578363  0.93399392722173602  0.94368542025409174  0.95354606245930751
  0.96357254308824969  0.97451416008686997  0.98630655021969782  1.00000000000000000
 -0.01080408173230519  0.06646941114256434  0.10555706573040415  0.13175326320460612
  0.15478360718729545  0.17470491686925652  0.19307843231030519  0.21043238616399082
  0.22645236893288251  0.24196855458939370  0.25666444215225226  0.26995780272572367
  0.28299495812632103  0.29518753740185921  0.30653555289045059  0.31752535241972890
  0.32836471082612445  0.33931326983092530  0.34975921757628720  0.36026066070098545
  0.37090815741700417  0.38142278886986214  0.39157688819404046  0.40152421974692520
  0.41111290880188101  0.42060311162132841  0.42971485118840236  0.43905561494030770
  0.44849801258324012  0.45807364115592197  0.46790444475038934  0.47758293382368283
  0.48637372875391166  0.49457474941685137  0.50282779176723902  0.51111037068126586
  0.51937010537270378  0.52745843626785816  0.53525265068751204  0.54341162381376840
  0.55222378351036061  0.56100075502016111  0.56928990027088533  0.57696052710137757
  0.58472820376059598  0.59259522928746811  0.60051462615180018  0.60843174704582892
  0.61627164661612754  0.62394600503191500  0.63143152621691589  0.63880804750908704
  0.64613689584626222  0.65334840175360143  0.66053715451224582  0.66767452745130307
  0.67426356364587847  0.68100984597218972  0.68789333550869314  0.69486331300943383
  0.70178655626603936  0.70868560594183017  0.71561768087184019  0.72257988035085208
  0.72954020224494875  0.73652862275448694  0.74362801016969238  0.75082057612773423
  0.75796025653184040  0.76487006043722561  0.77176792080725276  0.77882754737109461
  0.78621795321894794  0.79363530656623105  0.80086567711956935  0.80812443004878243
  0.81548934540278706  0.82310245774869695  0.83080765073851426  0.83853275778480685
  0.84639806055748024  0.85446444191508120  0.86280635056109356  0.87131739889044202
  0.87956967828372290  0.88742526031245839  0.89568057777746901  0.90417825251541772
  0.91306022813301246  0.92222750225490246  0.93155960579754549  0.94125098314518085
  0.95185030876532739  0.96407046275234742  0.97959103880961662  1.00000000000000000
 -0.02029959927575683  0.13135818391223131  0.18022851354473668  0.21442564331722319
  0.24188852151781776  0.26448655092411544  0.28502334022022741  0.30326919275071040
  0.32002765843481995  0.33593494410514613  0.35020435603880151  0.36414895313147760
  0.37726713421563118  0.38936001615336452  0.40081277418801647  0.41196457101597539
  0.42262587169427512  0.43297255997986278  0.44316656664359755  0.45333867827698576
  0.46288948003088914  0.47201387694236330  0.48096443144132217  0.49005985297049776
  0.49905888173194080  0.50789528992975330  0.51634835627360032  0.52494177873894776
  0.53388575960353724  0.54272784133882812  0.55083543485008923  0.55849775592096884
  0.56572720370142304  0.57253988066386419  0.57941589238692426  0.58607196127304928
  0.59236772244763580  0.59873181219033544  0.60510609779931013  0.61163869975578455
  0.61776768530606507  0.62376102259905020  0.62973247588243786  0.63567686564554737
  0.64158512337425055  0.64748646409147759  0.65333401959314041  0.65911440672284138
  0.66480739056890681  0.67041000031174947  0.67596764036618429  0.68149720023458638
  0.68701239932547609  0.69271914293816439  0.69828359028723397  0.70373378495419037
  0.70913834598402570  0.71457276855353558  0.72000131229276154  0.72537545906165268
  0.73081298105569736  0.73618274831709807  0.74152783153136537  0.74685393396113942
  0.75200929060188437  0.75702260913126940  0.76196113733069271  0.76686598506988135
  0.77173613658161488  0.77661080257493009  0.78144605619963148  0.78646146629176394
  0.79134275797283260  0.79609228835006940  0.80076592909708111  0.80544815565864514
  0.81030040081065557  0.81542573894392667  0.82068177450214930  0.82590799921484115
  0.83109091027938409  0.83643468854711267  0.84194798325414855  0.84753887269020867
  0.85326632908878830  0.85925306969569415  0.86556496097019819  0.87234354175007678
  0.87985565666662879  0.88807090715702508  0.89677196923767399  0.90620475528238853
  0.91718009504108244  0.93135446109670506  0.95247619353635993  1.00000000000000000
   7.4747693312327729E-007  -1.0000000000000000     
 T T T T T T T T
  <DiscreteSampler_grid>
  grouped_processes
  1 # 1 for a reference and 2 for a running grid.
  10 # Attribute 'min_bin_probing_points' of the grid.
  1 # Attribute 'grid_mode' of the grid. 1=='default',2=='initialization'
  0.0000000000000000 # Attribute 'small_contrib_threshold' of the grid.
  0.5000000000000000 # Attribute 'damping_power' of the grid.
 # binID   n_entries weight   weight_sqr   abs_weight
    10   10   4.522366165021692E+004   3.165248073634452E+009   4.522366165021692E+004
    11   10   4.522366165021692E+004   3.165248073634452E+009   4.522366165021692E+004
  </DiscreteSampler_grid>
