  0.00871569696234479  0.01723499750800283  0.02771239297383368  0.03830770728231633
  0.04909283482683036  0.06011973576597984  0.07024715475640779  0.07983686803873748
  0.08982842217104046  0.10041994267582997  0.11029128955580084  0.11959944924511555
  0.12923262323357343  0.13952614032025498  0.14987083739294968  0.16005721498242487
  0.17066276853176104  0.18139207119803993  0.19176690408851321  0.20215039560196904
  0.21258709618518451  0.22310079964033611  0.23321588152529449  0.24342603180507438
  0.25387783821518384  0.26511965685311545  0.27649270238011547  0.28716599391499420
  0.29715356943848781  0.30707100320493225  0.31738180812720218  0.32769064110460255
  0.33792115493413821  0.34796065203141407  0.35817396559199921  0.36846299367092517
  0.37898880025234100  0.38946597154186341  0.39999432437915172  0.41038091055542836
  0.42085544844943529  0.43155969544310563  0.44247699708988752  0.45351478091118719
  0.46432318846709386  0.47486605775357760  0.48495078943964015  0.49515649824454555
  0.50547416793323130  0.51564152223713600  0.52599012575013693  0.53601821673793615
  0.54595184366076133  0.55533149615124977  0.56504463366249369  0.57457482938787252
  0.58437018484801562  0.59406840373765113  0.60363021327136135  0.61278408851560373
  0.62183037481320613  0.63143992640875413  0.64155378509002192  0.65176794412468375
  0.66181144535760283  0.67194914908278336  0.68252825663912742  0.69348185922754058
  0.70479159717574147  0.71614198022384701  0.72685082365884579  0.73684159336912791
  0.74644412631025037  0.75612192307307347  0.76595955438592689  0.77604669913318891
  0.78671720351829455  0.79725131877648514  0.80739230896848513  0.81741723536295452
  0.82756676594149969  0.83765295776653093  0.84733181522789125  0.85737965868053589
  0.86822496268325722  0.87934457915953435  0.89053306102765273  0.90182772250333298
  0.91308895684213198  0.92425400481730935  0.93519802334787072  0.94622468142313987
  0.95727469655557296  0.96805578160792405  0.97860839050579207  1.00000000000000000
 -0.00084397916065281  0.00454333888957920  0.00711985684138119  0.00969557577957941
  0.01261201959909782  0.01608683078002004  0.01992911965751205  0.02384993908154823
  0.02821880846843411  0.03303697892856974  0.03796304293114190  0.04302728531247828
  0.04838726849383817  0.05413322046252254  0.06036566435768003  0.06693066767266889
  0.07375665366813665  0.08057859098673206  0.08804001372366339  0.09522641431324472
  0.10218411665444682  0.10946746003413634  0.11713365993018940  0.12493224551662307
  0.13312449955558422  0.14148129539479595  0.14995057466281772  0.15836915922297315
  0.16705403271009553  0.17601332955409471  0.18510082839338246  0.19441497336085056
  0.20374640143768594  0.21323758262573039  0.22300963960253004  0.23331027868607560
  0.24429089189510036  0.25471519323986791  0.26439713286366429  0.27374887594929725
  0.28328488938488572  0.29308313829828558  0.30329938114644756  0.31421032006824695
  0.32565079861362528  0.33741041657791171  0.34973552493318155  0.36196348234653652
  0.37420105714269009  0.38640294477205334  0.39844143446646185  0.41004397236298296
  0.42122564892800524  0.43277278070204667  0.44466153028977390  0.45663185443035537
  0.46876822795039719  0.48098925699994421  0.49341121597494081  0.50581007034229442
  0.51814222115745356  0.53074088758597526  0.54374580176999188  0.55750258592256852
  0.57104214838287992  0.58442805527732922  0.59771608862476011  0.61109878627190040
  0.62488757271549866  0.63885496217138282  0.65282156078815479  0.66671128312112349
  0.67988196867740902  0.69250309284345091  0.70514313822435326  0.71825929845226577
  0.73227405929068179  0.74661853513930931  0.76075989642894515  0.77452544664992706
  0.78796132034440913  0.80123013572594626  0.81455220834720155  0.82829393530830442
  0.84206170228086019  0.85575124269653213  0.86941720716170945  0.88301121331543475
  0.89664244527603243  0.91067255783521606  0.92506636415146848  0.93933682105086092
  0.95441019248529746  0.96975814445580166  0.98500072017742801  1.00000000000000000
 -0.00271139860998155  0.01096496973630859  0.02211648856393301  0.03251496133616635
  0.04289940413456691  0.05326571445035194  0.06373186318172008  0.07466819081453228
  0.08534738230259939  0.09680611960572767  0.10798184377267957  0.11944888363670582
  0.12983082561109266  0.13925832063946220  0.14868711826004297  0.15856341965933574
  0.16873579179201825  0.17870115739624939  0.18824079184764128  0.19817005903051158
  0.20802639004444684  0.21802634007227270  0.22790285134388433  0.23807203152881248
  0.24840303429872432  0.25855697040469017  0.26887465435021274  0.27905488054616479
  0.28905041206428556  0.29890059133774494  0.30873212271513378  0.31894660678969772
  0.32946017838128394  0.34009535279582459  0.35056818852714078  0.36074701433262069
  0.37020894462006038  0.37961698523759063  0.38903489776585098  0.39865234862517135
  0.40852118995634523  0.41874655092995144  0.42910200112809371  0.43938327831974272
  0.44994226803283960  0.46066822656466999  0.47101636326529334  0.48131770684400549
  0.49158891565960161  0.50225692017203472  0.51270349310267427  0.52318118695784588
  0.53350194061666134  0.54374046818625565  0.55383145606183359  0.56387542078743524
  0.57392023397442771  0.58396042849375907  0.59489049793345328  0.60651403702104834
  0.61863892830636247  0.63003106906748441  0.64067324405012194  0.65092196940722646
  0.66105689667557754  0.67119733713289476  0.68145943358518701  0.69180459225654922
  0.70240248414356909  0.71334285178820489  0.72431794227409763  0.73487538108219252
  0.74508973132964906  0.75560908099845780  0.76648961810314242  0.77760277618244855
  0.78877948740970605  0.79989654613224415  0.81059197676945338  0.82081931674463904
  0.83122074352125974  0.84156592126589058  0.85259866581582877  0.86382835477987385
  0.87449675451197328  0.88466588458662132  0.89514696580106135  0.90675485055345473
  0.91919915266751828  0.93126052295924566  0.94340977403666570  0.95632586798798225
  0.96762842092729329  0.97895925407890927  0.98950012827811185  1.00000000000000000
 -0.00214185373277201  0.00911234452778395  0.01862600747738927  0.02880253613065824
  0.03880442344456105  0.04910107737060231  0.05947581125872851  0.06979542215031442
  0.07970268569242485  0.08900605174853010  0.09793337951854061  0.10716189386504864
  0.11683081101192608  0.12660109135975298  0.13672232001454920  0.14710990581477815
  0.15821872973683676  0.16849997126677582  0.17843809068563504  0.18844120416962895
  0.19844318182442819  0.20825701000286284  0.21838526001874253  0.22866321928735792
  0.23965020458875286  0.25118129718579274  0.26204145693561726  0.27336857895724881
  0.28397097884431288  0.29472114062421162  0.30546876660790784  0.31635240176318946
  0.32723111792020049  0.33795421606161402  0.34862968602490613  0.35927531416253594
  0.36925859300828762  0.37909137815395844  0.38886078227567528  0.39919423267519433
  0.40965688310287263  0.42021960005416398  0.43113882914475982  0.44246876616310693
  0.45432246903257190  0.46583127026383248  0.47744983335320290  0.48912405718592195
  0.50095671138837949  0.51263670487909330  0.52357702798649230  0.53494303604178217
  0.54654796270191064  0.55849500996152712  0.56963649677462525  0.58005884831818877
  0.59053611944355355  0.60096480942009545  0.61133202150766586  0.62171729048168378
  0.63207819108763885  0.64198254664436183  0.65136574035918715  0.66068762804650372
  0.67086508059266692  0.68160858929452528  0.69242692520902493  0.70323292959305195
  0.71422525709195539  0.72540829903702486  0.73646418871932129  0.74712330340563060
  0.75795213486949220  0.76908218935991801  0.78063836579851809  0.79127285732826591
  0.80120575381892489  0.81104531729292850  0.82143158027052265  0.83208940118319308
  0.84274541226606836  0.85372934278499601  0.86511200421214507  0.87631163361268971
  0.88712502088457557  0.89800790442988287  0.90900509415477249  0.91975592688095376
  0.92989498151559558  0.94020110562561476  0.95024139308934752  0.96050619282869654
  0.97061172222881964  0.98060165501938823  0.99037064086101978  1.00000000000000000
 -0.00191617935719063  0.00885757265878902  0.01825355447249387  0.02905304930686109
  0.03940858628006318  0.05009689691403012  0.06079944304663526  0.07281395651254696
  0.08499964225707299  0.09658397126837720  0.10757215286286408  0.11829389257583643
  0.12929229077524634  0.14045061074603651  0.15146298590051130  0.16224144482666134
  0.17262293486204625  0.18273916669275400  0.19248817527814646  0.20244967029277502
  0.21264077053943495  0.22312435795822677  0.23332056174953986  0.24306147762187924
  0.25259432098845019  0.26241369460876657  0.27254695906095061  0.28276513015638233
  0.29311000321389680  0.30399891415168745  0.31486802933025815  0.32543724559447368
  0.33655325013195719  0.34877189165333622  0.36064474872662305  0.37127415835603733
  0.38183033957824863  0.39235774998851847  0.40210288665581434  0.41130422993456034
  0.42124866197758581  0.43201091232209005  0.44293927157602409  0.45365923791288110
  0.46378508363907334  0.47337916354832005  0.48287796718789544  0.49251040403377949
  0.50223087433656188  0.51162250182371172  0.52153839219143749  0.53197641972868825
  0.54264852599458069  0.55290985220580635  0.56322104560282449  0.57404188030076586
  0.58523828272886835  0.59772532185843252  0.60921113775759428  0.62010990317711501
  0.63064117621299343  0.64165187797614465  0.65243188678917907  0.66283875481696397
  0.67302772531280042  0.68277605903850913  0.69241192472496726  0.70206089477356992
  0.71280852034273889  0.72422103578192520  0.73442778416508814  0.74419939589005513
  0.75440730401950207  0.76524525599158943  0.77510031654801892  0.78467304400737170
  0.79447008303034494  0.80550013198183101  0.81627996353382581  0.82687047221004339
  0.83748392035417774  0.84837505954445414  0.85911015589203932  0.87021469291809705
  0.88114506264052217  0.89201645176371980  0.90290233432069378  0.91371126364220900
  0.92448368384645230  0.93546076457214444  0.94663289315860633  0.95824689291449650
  0.96866811825113153  0.97919849751486199  0.98954166190657245  1.00000000000000000
  0.00543319558701447  0.03855363946215518  0.05498857421925901  0.06663770046600151
  0.07671745230970822  0.08599930488110023  0.09456946233206870  0.10305933449005424
  0.11139091170381507  0.11976329734811231  0.12767126495979214  0.13521297801649962
  0.14256861251033648  0.14998300572401338  0.15753085129176572  0.16498037717574096
  0.17201235771565873  0.17860699614133316  0.18545774300548051  0.19201460632591436
  0.19857898315534983  0.20517272013119972  0.21174277376091133  0.21822901146385229
  0.22471232619518300  0.23130991843656470  0.23799822498975270  0.24472915721460534
  0.25134470059551389  0.25777260812472969  0.26414188740011135  0.27054184525974828
  0.27706487796918466  0.28354164876284982  0.28990527048339154  0.29599697422328586
  0.30208434278025376  0.30820283841274249  0.31446609865222036  0.32103624125226798
  0.32778594967117869  0.33461001944075530  0.34138580332140361  0.34814683774268151
  0.35472000279510130  0.36139008402786843  0.36822702788203610  0.37527452557751972
  0.38263334402306687  0.39005296160133468  0.39717858579250526  0.40386238435322902
  0.41033104073715471  0.41694211311595997  0.42380538081454111  0.43079373419050748
  0.43772049120376311  0.44459123142055046  0.45147107231450151  0.45842580029327262
  0.46566990820730614  0.47306019265625709  0.48054465658704215  0.48826943664937911
  0.49603842617760902  0.50411872808592018  0.51294559790039340  0.52163974532134139
  0.53121371667447270  0.54028050325199062  0.55048303657774411  0.56083049898345849
  0.57128714281076598  0.58200027744108873  0.59219294120244659  0.60225922665818743
  0.61206595857295076  0.62189860721619250  0.63229324465642489  0.64306565159034823
  0.65410849114100056  0.66529763448611434  0.67708678830850799  0.68950500344223764
  0.70245794466922928  0.71649550822501906  0.73113044163480412  0.74665571287994292
  0.76260326802933365  0.78078507200908176  0.80043337672618753  0.82146016293225921
  0.84401858744677571  0.86968505012556296  0.90744293270685417  1.00000000000000000
 -0.02035689037409996  0.15657981975984028  0.21191549511498267  0.24921028101706183
  0.27533143140462296  0.29626394566616110  0.31542750791474239  0.33268554785657717
  0.34814417599775105  0.36200511962030574  0.37482486927884978  0.38627269120418722
  0.39681617073356007  0.40637381086392393  0.41570489060040416  0.42457556102652755
  0.43287122131603656  0.44101792825682390  0.44911933835400841  0.45715870296018218
  0.46503016103365891  0.47264821341173757  0.48007196150926768  0.48730560330188749
  0.49434379112558086  0.50118197239167417  0.50788720744775351  0.51445985898174518
  0.52086857287401367  0.52704291090582045  0.53312741165011623  0.53920996979526725
  0.54513595139870208  0.55089402700786849  0.55670250309515390  0.56218548150092806
  0.56751971637416831  0.57277359926843907  0.57798079097269517  0.58309689933767606
  0.58798675917791743  0.59276340618945311  0.59770666438630193  0.60264666952575863
  0.60732119664994744  0.61189519963750638  0.61645772693060130  0.62101385928240238
  0.62564354287497081  0.63031129549829301  0.63496997658165655  0.63964829221246688
  0.64432963793036402  0.64904744146635074  0.65375182722502956  0.65823519648858675
  0.66264845248956183  0.66708071850338235  0.67162532362628147  0.67624870835195605
  0.68080475241324534  0.68531937152181244  0.68986746104923469  0.69452747168892148
  0.69933270178540174  0.70428189207221525  0.70934510605277934  0.71446661251894150
  0.71958463899853686  0.72467553426918729  0.72974133397412477  0.73492427490330126
  0.74016681793702133  0.74539157302365999  0.75065629213747043  0.75587734831227649
  0.76100126552423819  0.76609765456978263  0.77121543065764986  0.77686182587952446
  0.78281877182152726  0.78901430841491205  0.79554835444118199  0.80223052604523026
  0.80904455412116860  0.81612538967854997  0.82370319543896420  0.83142769332680766
  0.83990864585841485  0.84882075145332181  0.85914806874021576  0.87040721365779061
  0.88473432533103324  0.90357448538016782  0.93208603183272010  1.00000000000000000
   3.1786904759024550E-033  -1.0000000000000000     
 T T T T F F F F F F F F T T T T T T T T F F F F F F F F T T T T
  <DiscreteSampler_grid>
  grouped_processes
  1 # 1 for a reference and 2 for a running grid.
  10 # Attribute 'min_bin_probing_points' of the grid.
  1 # Attribute 'grid_mode' of the grid. 1=='default',2=='initialization'
  0.0000000000000000 # Attribute 'small_contrib_threshold' of the grid.
  0.5000000000000000 # Attribute 'damping_power' of the grid.
 # binID   n_entries weight   weight_sqr   abs_weight
    10   10   5.697472193157136E-021   4.832402249282115E-041   5.697472193157136E-021
    11   10   5.697472193157122E-021   4.832402249282083E-041   5.697472193157122E-021
  </DiscreteSampler_grid>
