 -0.00028596923373186  0.00661301491592934  0.01627085443330101  0.02719466451082989
  0.03824529971476163  0.04942432778920071  0.06080866753326717  0.07177437172235088
  0.08198213315717670  0.09225054754183222  0.10249013341899872  0.11308226882443255
  0.12389006509777022  0.13458889139744099  0.14456728956122039  0.15388780631818394
  0.16293869796382504  0.17156034933028980  0.18017965866684429  0.18877402060824611
  0.19754170487917538  0.20646397717084386  0.21561504931218173  0.22494578276044649
  0.23439664379848332  0.24333549942315785  0.25219621486266641  0.26092562527749646
  0.26945370688662962  0.27767373696747449  0.28583783441054061  0.29399664967605776
  0.30237682245951492  0.31089154947956432  0.31934827938900667  0.32761969564873711
  0.33579746945543099  0.34390164794622657  0.35197440157215704  0.35995841443196253
  0.36790801984803950  0.37589393264002058  0.38391122981252618  0.39202793049531709
  0.40027874303538852  0.40858280959182430  0.41675390396432083  0.42461129387198226
  0.43302322946752936  0.44138945456824330  0.44955530455029363  0.45766351305426178
  0.46591633975833174  0.47399087789590816  0.48229325557672664  0.49062863312253568
  0.49898642082354661  0.50737918851776176  0.51590535148464389  0.52466769241880351
  0.53325850551948251  0.54179992961000023  0.55029253713950887  0.55891160852008492
  0.56760543993572821  0.57623859394243637  0.58489355860273962  0.59343401430202702
  0.60284997191250367  0.61239254376155683  0.62191192098305337  0.63151409426509930
  0.64118037569617425  0.65117208493394774  0.66138513788710551  0.67187195806086364
  0.68257961679920187  0.69339241004589791  0.70424112966369601  0.71599128323026862
  0.72778058151788982  0.73967974184105134  0.75171432755552425  0.76394363305527646
  0.77650922960552970  0.78948734723124969  0.80282893540636024  0.81675892101984826
  0.83133999816285209  0.84772029341510924  0.86671324475524036  0.88601845595150996
  0.90703381915551951  0.93115383206556657  0.96235450331598982  1.00000000000000000
 -0.00234497998211738  0.01001802658849568  0.02003890373420675  0.03005120346496784
  0.04049668038979148  0.05084742526813212  0.06100844749896701  0.07059674828329932
  0.08060358150174031  0.09043962003451821  0.10019159012364276  0.11002460142230353
  0.11999200103938029  0.12981053369046303  0.13953712760600473  0.14982360488640825
  0.16042973327854765  0.17108515843082878  0.18167831936875017  0.19221915754710836
  0.20265845314557748  0.21317512800507887  0.22406594753376172  0.23521977901569838
  0.24618382307786396  0.25744919283157897  0.26869285121201431  0.27958815768027961
  0.29007239882710201  0.30086105963664594  0.31209168819903393  0.32491074684894156
  0.33671384812176708  0.34724060584150512  0.35711573973348643  0.36694782938401194
  0.37718605163508528  0.38748625861879421  0.39842366731048429  0.40959300487189237
  0.42091894119883816  0.43235028615504673  0.44376515677348477  0.45562247350398649
  0.46692794150609201  0.47847161202414729  0.48950725514559967  0.49984774660714842
  0.50972733338514609  0.51957017568104014  0.52948541754700262  0.53943356938730158
  0.54937558772621575  0.55901905605580737  0.56859418333152723  0.57793278941982962
  0.58760433578932258  0.59882420979305839  0.60988994787066875  0.62076663188417736
  0.63136360226084220  0.64198979075120666  0.65336060703579879  0.66511820914282205
  0.67645274442575909  0.68724446605574485  0.69773461828994054  0.70775284299692465
  0.71734859329645984  0.72657774019460086  0.73607932557331957  0.74645386476881714
  0.75794851708202637  0.76987782795478532  0.78119961560450468  0.79234413522131375
  0.80445849187358154  0.81727406495078914  0.82964454491720574  0.84080663017784940
  0.85120932692900253  0.86100634517195873  0.87078450221554249  0.88107469196264498
  0.89153266946254983  0.90156309823026504  0.91086999794473400  0.92004002983051991
  0.92913904398946912  0.93837106871878206  0.94759897777206781  0.95697694616166340
  0.96713019285164192  0.97794600568993850  0.98867743792844287  1.00000000000000000
 -0.00798731970302641  0.05899146491306503  0.09390897786557957  0.11980471169185339
  0.14125534803124101  0.15977482890505820  0.17650332113840630  0.19120221434606166
  0.20502781516851035  0.21778732111693017  0.23070307020414069  0.24431664186532573
  0.25754605587333945  0.27034863558885563  0.28314439483104720  0.29579687789518144
  0.30703938351902477  0.31800340657210718  0.32835700649208255  0.33800644499451687
  0.34689153568399728  0.35578387886795110  0.36400266233642270  0.37223413369591452
  0.38030293985063318  0.38834631154439958  0.39622003961987257  0.40418015944654478
  0.41217808996053029  0.42054127934016489  0.43031685338710030  0.44053982015862309
  0.45032594596583742  0.45953994594699304  0.46801626585471590  0.47648709069523698
  0.48507393330801840  0.49316112240400589  0.50083728535157557  0.50826154608077856
  0.51566031262626000  0.52315741748379829  0.53063788330285688  0.53815481231042239
  0.54567367157263924  0.55292773937780637  0.56007618669655923  0.56684214035914982
  0.57352294922487190  0.58050309964462232  0.58750671932706011  0.59460604582597365
  0.60158527226749847  0.60846916910848270  0.61538252765905166  0.62219725982630214
  0.62948259102208903  0.63719772829670906  0.64487254318194709  0.65209045675180966
  0.65893010996245371  0.66584870421847620  0.67284256999039593  0.67987763983545157
  0.68679335626731708  0.69353202163625938  0.70023516417688825  0.70729356264371490
  0.71462146189455755  0.72240847272250142  0.73014251815653008  0.73786518511418697
  0.74534224453053977  0.75271235499481548  0.76047480796888756  0.76828066694631247
  0.77653184497906436  0.78514727869167600  0.79388789300754325  0.80266064005684057
  0.81146607121642977  0.82042479607759633  0.82958134318882903  0.83858224537281756
  0.84682915701181438  0.85529533985017869  0.86420639537841326  0.87361325925544053
  0.88340102577790935  0.89346316107443102  0.90452621675280176  0.91662327645255115
  0.93018743092267731  0.94587137623644191  0.96729582044036577  1.00000000000000000
 -0.02146389918908470  0.14652807169917600  0.19734468689531931  0.23249558232362150
  0.25904062449798387  0.28165136822834397  0.30115759979006823  0.31891973215387048
  0.33610298331892208  0.35172663194209880  0.36667092652124472  0.38081857560262244
  0.39399704030315391  0.40657180902922929  0.41810259036078978  0.42824670860314989
  0.43809513772238817  0.44756873430797839  0.45690824421585474  0.46597341505274253
  0.47497973717741093  0.48389943710727312  0.49244712707400284  0.50080873786792557
  0.50895911921939707  0.51699322424320693  0.52434923959386337  0.53112029839898278
  0.53775397981080908  0.54433342789313499  0.55071522409941043  0.55687851133939426
  0.56302667066061329  0.56926764839326938  0.57557859124935418  0.58175426052626134
  0.58783166830647393  0.59387744713641877  0.59997280507277617  0.60623388237197073
  0.61265908853536000  0.61904623808454462  0.62496919237788462  0.63040382596226674
  0.63568269566245605  0.64105114731709123  0.64647499395578523  0.65184289700434905
  0.65711242541395176  0.66227203281445945  0.66721407611788708  0.67167230149122781
  0.67614768697528949  0.68064074515434270  0.68515052681442568  0.68978800226170878
  0.69463513293469425  0.69955493481302833  0.70453426891604087  0.70937308518815256
  0.71395584224981290  0.71834531466193630  0.72266467227908526  0.72700430588618836
  0.73140343122080553  0.73593979163714762  0.74055676141437699  0.74524724391970665
  0.74998075683929377  0.75466373644542106  0.75929815873449902  0.76393606077686105
  0.76864254736114612  0.77351382390316237  0.77851920507395478  0.78357871289804948
  0.78874071044829819  0.79407166904419091  0.79976093934139914  0.80546902249637675
  0.81132511829921938  0.81761771399350069  0.82431276349576454  0.83103207833415094
  0.83760019247331774  0.84422936027707007  0.85101213286655419  0.85822817223260817
  0.86596603853184073  0.87413366921921243  0.88294315731568818  0.89219619064280220
  0.90393574425328227  0.91906560566923412  0.94267308704878761  1.00000000000000000
   6.2200009380536706E-008  -1.0000000000000000     
 T T T T T T T T
  <DiscreteSampler_grid>
  grouped_processes
  1 # 1 for a reference and 2 for a running grid.
  10 # Attribute 'min_bin_probing_points' of the grid.
  1 # Attribute 'grid_mode' of the grid. 1=='default',2=='initialization'
  0.0000000000000000 # Attribute 'small_contrib_threshold' of the grid.
  0.5000000000000000 # Attribute 'damping_power' of the grid.
 # binID   n_entries weight   weight_sqr   abs_weight
    10   10   4.808307571168253E+003   7.540695367858359E+007   4.808307571168253E+003
    11   10   4.808307571168253E+003   7.540695367858359E+007   4.808307571168253E+003
  </DiscreteSampler_grid>
