 -0.00031164813485381  0.00686959936399325  0.01679905855971584  0.02753716195642873
  0.03854925683734425  0.04955663406321959  0.06051776648029675  0.07114927558443231
  0.08199606890541228  0.09259438579954163  0.10288730518751890  0.11301312948698020
  0.12324271388088903  0.13335305989850305  0.14333937781383901  0.15318638149490832
  0.16306883287419219  0.17272973123346302  0.18209055816200098  0.19128099002286994
  0.20028724753560639  0.20905950887422722  0.21762349415939145  0.22618778929916980
  0.23484704932046338  0.24338496800367582  0.25177364224208770  0.26007836488774655
  0.26870334363318954  0.27777826965577967  0.28674149876139021  0.29544796734681411
  0.30409964189219552  0.31270532551274927  0.32140823044541433  0.33023145952457944
  0.33882100973769480  0.34697109425363037  0.35490465053154668  0.36278503335864815
  0.37054694125169130  0.37828910137233718  0.38605790843175980  0.39391474359404072
  0.40182038503617568  0.40972752426103803  0.41764807889660699  0.42561159846190189
  0.43377108010255916  0.44218861757950728  0.45062448115137282  0.45894938048856587
  0.46697238117188444  0.47533678920733552  0.48366527947278160  0.49191459689619277
  0.50014994499661813  0.50851280528151166  0.51719433079162791  0.52600128023717607
  0.53490674131250426  0.54366896776374940  0.55249069674788254  0.56162693372911876
  0.57100717821354663  0.58026759256009219  0.58939548619575832  0.59837852161906613
  0.60758305838761173  0.61702826518709830  0.62669396160964430  0.63651299594387767
  0.64618470680536166  0.65591852915280979  0.66599410260721148  0.67628425002301484
  0.68665839934856276  0.69708812997980008  0.70773573245397436  0.71857830289258517
  0.72961537678654054  0.74087795756293906  0.75233049377329875  0.76403237073407282
  0.77628782418097297  0.78913313048385370  0.80283996834444038  0.81668758974992495
  0.83094837505839014  0.84597187514840444  0.86248517266545277  0.88148195577001509
  0.90169420675631951  0.92547172650035237  0.96099790982237276  1.00000000000000000
 -0.00236787147126804  0.00939543325460100  0.01866806965196180  0.02876013399861432
  0.03842496397884679  0.04907723178217939  0.06066965352619746  0.07102786877796688
  0.08195301889697569  0.09261028103559336  0.10339121585021917  0.11371565877767696
  0.12395562562635996  0.13384072606840713  0.14358948275235459  0.15364800120650024
  0.16409187969482317  0.17458593602297104  0.18551356777232589  0.19690839535309243
  0.20833573695553784  0.21838823331937435  0.22823000288272727  0.23844332138774940
  0.24870623470893127  0.25890621812214742  0.26936288831308414  0.28067015119787925
  0.29275093084026810  0.30551626881752225  0.31770689344008157  0.32968776049709642
  0.34133061651735763  0.35291974746286731  0.36395825912819629  0.37460855349805539
  0.38499007134465923  0.39537945680456171  0.40580145268643958  0.41589498020237559
  0.42580846041015269  0.43587154366176678  0.44675631803592131  0.45782364024916122
  0.46848287780976083  0.47875863906111932  0.48989690755917875  0.50103638407854645
  0.51146124671524928  0.52185032105512552  0.53215808989536351  0.54270069322374259
  0.55290858625837380  0.56341569670422176  0.57411800140245006  0.58491989511310816
  0.59584200862431425  0.60706862063564426  0.61860406638617449  0.62932206783713229
  0.63959667420587096  0.64972935578642599  0.65966230368257028  0.66972544499246101
  0.68009944329823258  0.69053814904090760  0.70083177679364694  0.71066184458679005
  0.72050848150110236  0.73075666305374898  0.74087675371172468  0.75077419932742351
  0.76057583899548586  0.77048186381580241  0.78123833301053447  0.79178046243476441
  0.80220648069624545  0.81233486948162903  0.82327780532751982  0.83414901036049083
  0.84526977946218473  0.85652489143090516  0.86800875766301511  0.87898946592418414
  0.88991053916765905  0.90036955660344142  0.91042303664190172  0.92051196570493077
  0.93103734685628803  0.94141225132458994  0.95149539252287685  0.96126972124193932
  0.97089634101714550  0.98067221290175466  0.99020632375072104  1.00000000000000000
 -0.00884751410952442  0.06059083892704520  0.09876223328129163  0.12575781209447046
  0.14619759743977584  0.16501849778715741  0.18239127555966636  0.19867795155287662
  0.21361934499450949  0.22771883247477379  0.24075712877456873  0.25323338473893159
  0.26472106478595320  0.27650298025819192  0.28825244170615721  0.29975248906189522
  0.31076685855191077  0.32174362599657425  0.33241483367385793  0.34224748062250121
  0.35156658466261198  0.36095135061337574  0.37047193318006982  0.37994040028376841
  0.38925332136121860  0.39852420673034811  0.40799355721794794  0.41753353982922459
  0.42683879813837650  0.43619485619786874  0.44501477966679176  0.45363193693950060
  0.46201611598353026  0.47019848928400704  0.47810914660626214  0.48557979839692028
  0.49276403670677676  0.49995669924027508  0.50717188881399788  0.51438378493710379
  0.52157768433513241  0.52878003864181389  0.53607352740748315  0.54336392403739464
  0.55071414293292309  0.55799003069179332  0.56490161855127741  0.57166262204797536
  0.57848997126321677  0.58537243296765973  0.59247893678423569  0.59953307951359258
  0.60664276035937470  0.61374867069601180  0.62077434576508372  0.62758810875742221
  0.63430755836631991  0.64103884286465340  0.64773711325742589  0.65438288280278678
  0.66099472192642428  0.66763255714635295  0.67437229222775730  0.68109222566657557
  0.68784472126797713  0.69491484623649324  0.70214814628442346  0.70942335636659859
  0.71684231308308510  0.72433080999570698  0.73175304157904686  0.73889425075936177
  0.74614525243717911  0.75334051311373662  0.76069422809226739  0.76807977626193469
  0.77571657316094222  0.78344866016846848  0.79131763083794271  0.79947945657727226
  0.80779570182737281  0.81646069384303344  0.82553278482340398  0.83480800421197932
  0.84363862434120884  0.85260486523888546  0.86159299571137404  0.87116103018251023
  0.88115486097261642  0.89148068930890578  0.90233356964232769  0.91452613332118160
  0.92815058970954090  0.94393528039074670  0.96530238689435788  1.00000000000000000
 -0.02196731125466001  0.14887321988091770  0.20318179475852913  0.23834872813496705
  0.26616481283041754  0.28883096289090043  0.30893828982345001  0.32676162952926208
  0.34274468130517216  0.35741312457652646  0.37097985279789902  0.38383892120231616
  0.39596594237226407  0.40765350217700974  0.41896906760941105  0.42982357542164118
  0.44027347497447827  0.45049196596994318  0.45997833565129470  0.46883557279090027
  0.47742604906120650  0.48599230126224785  0.49427468376557571  0.50203766464584532
  0.50945499058100019  0.51677584439678037  0.52433578632572686  0.53203833896449881
  0.53943061980341422  0.54648716422451116  0.55329903878017817  0.55998366722445136
  0.56642154177459292  0.57264447128023932  0.57881929437570456  0.58489299457423571
  0.59083923597598442  0.59673051692893664  0.60244003584266581  0.60791130763131618
  0.61326629622935491  0.61866536910102821  0.62413317992193618  0.62957004891778179
  0.63495133643102097  0.64034209399597330  0.64558840220158364  0.65056581820399972
  0.65540480919705746  0.66021949456993778  0.66501216215634840  0.66976265462733331
  0.67446737504192233  0.67906171470311405  0.68362013616484896  0.68820506306260287
  0.69274498975378429  0.69733469164571726  0.70198066312063712  0.70672176032610423
  0.71156454936609015  0.71645167051886671  0.72131679216794531  0.72617623555088950
  0.73104639062698018  0.73603366717066621  0.74097132018268896  0.74586931544174728
  0.75073841639431316  0.75561776855393237  0.76055246812420951  0.76554659014950044
  0.77056922181813603  0.77558028860646799  0.78057376897020614  0.78559473553339143
  0.79060144111028596  0.79578925032495551  0.80107494858583950  0.80645251006332130
  0.81195240956552406  0.81757343039184860  0.82322967958530846  0.82879664700742595
  0.83459973732422255  0.84115659579840052  0.84810197545745436  0.85562100429612009
  0.86380790604631874  0.87262425931431298  0.88204839283929626  0.89248884101467685
  0.90447899820766775  0.91972407714350146  0.94333642231573500  1.00000000000000000
   3.1624770023312788E-008  -1.0000000000000000     
 T T T T T T T T
  <DiscreteSampler_grid>
  grouped_processes
  1 # 1 for a reference and 2 for a running grid.
  10 # Attribute 'min_bin_probing_points' of the grid.
  1 # Attribute 'grid_mode' of the grid. 1=='default',2=='initialization'
  0.0000000000000000 # Attribute 'small_contrib_threshold' of the grid.
  0.5000000000000000 # Attribute 'damping_power' of the grid.
 # binID   n_entries weight   weight_sqr   abs_weight
    10   10   6.167074839937694E+004   5.787450377104630E+009   6.167074839937694E+004
    11   10   6.167074839937694E+004   5.787450377104630E+009   6.167074839937694E+004
  </DiscreteSampler_grid>
