 -0.00129244849393029  0.01695841236392814  0.03502450777685140  0.05089496894972247
  0.06562944683221798  0.07940904337644542  0.09234627200022746  0.10454622341870019
  0.11634876031025967  0.12773065757761887  0.13872573906737831  0.14959935844619887
  0.16024245517839220  0.17054033058719237  0.18081640225267792  0.19078844447137150
  0.20053319847398071  0.21014392539288307  0.21968190616436437  0.22888794169352886
  0.23786744851244956  0.24664446131189363  0.25525902542907980  0.26375095614807198
  0.27228703693749834  0.28077125401292885  0.28916481205996308  0.29741678109142161
  0.30553624995029932  0.31357830374514495  0.32159584893451598  0.32956183582121090
  0.33745969259073672  0.34526949847840727  0.35296907363809371  0.36066697453230889
  0.36843115811782201  0.37610388736813000  0.38368311223287965  0.39111908903076620
  0.39904047778279189  0.40685725556820118  0.41464571326219785  0.42239777490591290
  0.43025145019498756  0.43823238181278967  0.44625595606293034  0.45424144301759883
  0.46214847381947360  0.46999505389458679  0.47787485771940075  0.48585606879476340
  0.49379842616930375  0.50169264263104985  0.50956499888193429  0.51734534537069754
  0.52536998640763022  0.53348368008922753  0.54168527399036537  0.54995919239533020
  0.55830113683987370  0.56666754683119314  0.57501383928726024  0.58337350468954652
  0.59170578894253667  0.60011517088771049  0.60852691305775175  0.61702066625246088
  0.62566417884888059  0.63438510046398322  0.64309897098244950  0.65181952822233979
  0.66059411201112883  0.66941368167923454  0.67834224877364424  0.68759612094610922
  0.69720473525578153  0.70692174201212910  0.71675120828097405  0.72679180288796674
  0.73697291619045580  0.74724998436876744  0.75776885607265965  0.76915408697118837
  0.78106470345745127  0.79326412894925491  0.80575368475337417  0.81867908392554412
  0.83261944478132721  0.84799251280524257  0.86477154578513105  0.88227471297346161
  0.90241998804509860  0.92600041572200953  0.95814874584768783  1.00000000000000000
 -0.00234112129277620  0.00927069869959861  0.01920057035011641  0.02970057391158320
  0.04010904288977217  0.05102154762885390  0.06174765672419455  0.07215659337688922
  0.08247537456481675  0.09290880285259004  0.10354277578678855  0.11462708775763161
  0.12569599781729079  0.13640994097707984  0.14685232336991039  0.15780446175717505
  0.16864951426773533  0.17913998795207853  0.18939463048687216  0.19961807656751776
  0.20975515612610751  0.21981659332699333  0.23021318871064264  0.24098944106636150
  0.25157610332679947  0.26226643695937940  0.27303452939802125  0.28414490390687386
  0.29493305026609362  0.30519333656334452  0.31550657760427891  0.32600667545977952
  0.33646173746327734  0.34659883947477815  0.35715168169752481  0.36818295928785705
  0.37936728045705831  0.39005982073232803  0.40075729849649383  0.41139915900599122
  0.42192994597131839  0.43254872619968315  0.44291413407972779  0.45320131853141399
  0.46346381945057030  0.47388755197758126  0.48432544622791529  0.49497587023964612
  0.50546906391933943  0.51610364775851558  0.52662195380949983  0.53738555094273976
  0.54832245296751692  0.55948269488965274  0.57046867326246620  0.58125081211973051
  0.59218878098717520  0.60314268580051811  0.61376184465747796  0.62412986769980383
  0.63435179741425229  0.64457843340645615  0.65461290745332812  0.66464523056356761
  0.67455095747662430  0.68444643042879139  0.69447696875250542  0.70439855177748223
  0.71488917275375097  0.72511109516260086  0.73597814731667377  0.74688389367296593
  0.75771065551664396  0.76855495197128509  0.77965996795017445  0.79084450744880219
  0.80203011276081548  0.81336146148884170  0.82474283588571418  0.83596463342138139
  0.84681871304353040  0.85737021662358481  0.86794056072473458  0.87841906213279963
  0.88877500917041397  0.89894310386573006  0.90887289152825501  0.91880216516037616
  0.92889305916296749  0.93889580774295522  0.94877709050764658  0.95876075601551236
  0.96918563283463721  0.97958026583657198  0.98973499968921941  1.00000000000000000
 -0.01414158699022767  0.07589041512590441  0.11687693960415904  0.14562496397870800
  0.16952483613299701  0.18961050861541878  0.20785754718537236  0.22460168545954953
  0.24022939968671708  0.25497092668697036  0.26878347971877026  0.28180694062267858
  0.29428925677565726  0.30652124355567478  0.31863313101909196  0.33049703325935370
  0.34131681963351507  0.35154338368008042  0.36171627699490083  0.37188229283227847
  0.38130461323003739  0.39006110831134472  0.39895623437624839  0.40778744577900683
  0.41651270584311012  0.42486761643378601  0.43288370720451241  0.44084762611383993
  0.44898443284935385  0.45722538378989819  0.46551428100916054  0.47372961852648715
  0.48171208387747999  0.48961951587234959  0.49743051593503090  0.50538552213136734
  0.51343574969233008  0.52131010213170204  0.52897177996882050  0.53640895359762830
  0.54397245659923432  0.55151243132167049  0.55903568020233219  0.56641529740438812
  0.57363688547856906  0.58071833964836062  0.58780651722201149  0.59495164686207547
  0.60201702296181048  0.60908282232657984  0.61611121711027150  0.62317845237470570
  0.63032000062835725  0.63746833158952476  0.64456691837292801  0.65149982607670875
  0.65824970675266881  0.66498737431709620  0.67149498060490331  0.67795258925487401
  0.68441413751525193  0.69080364764293256  0.69713414964673781  0.70345890606251826
  0.70978712931520438  0.71608170395091353  0.72248891285855443  0.72905771940595421
  0.73573611179816789  0.74236218757069905  0.74897029742923771  0.75576058596162021
  0.76294391135521877  0.77011876852210015  0.77748737226575482  0.78469846474481442
  0.79221786262969984  0.79992762124044303  0.80778771755262169  0.81557157374318590
  0.82329841283108596  0.83110116535119793  0.83914750978497099  0.84731225730744641
  0.85555717901880735  0.86393419636575608  0.87248953794959427  0.88158383965010212
  0.89113218439032993  0.90104778086477344  0.91147346829415332  0.92272057646449734
  0.93526152730919065  0.94958351858132950  0.96927527794851609  1.00000000000000000
 -0.03312309356021158  0.16727389267276283  0.22137807603236376  0.25714397258289001
  0.28395168164558315  0.30678157270790540  0.32706205355534490  0.34464932518038688
  0.36035486296959307  0.37507458333713672  0.38918387852173991  0.40253722026276784
  0.41518155382935235  0.42709387581858244  0.43837983219680821  0.44893914174234573
  0.45902144643771159  0.46872637603310335  0.47815768804634129  0.48741038485239579
  0.49636804113858596  0.50493883281636676  0.51309892550608860  0.52104517400298234
  0.52879280143018392  0.53632111209352951  0.54358425494150076  0.55064756834066442
  0.55760422678596644  0.56449528109329961  0.57119206945299927  0.57772620850588097
  0.58417216065600364  0.59053820787400191  0.59688488629994729  0.60318886573684072
  0.60906636501556566  0.61482187833076651  0.62049286575683182  0.62605300052914958
  0.63141572081076447  0.63660450986734030  0.64170236074406006  0.64671948135529023
  0.65160786556262074  0.65637001631904590  0.66104123770299217  0.66573702316926597
  0.67048198328670006  0.67521569629056288  0.67989124294201830  0.68454385894668179
  0.68924438271942801  0.69402645008473396  0.69882182919190416  0.70352306050403612
  0.70819343751490904  0.71290924661533162  0.71762528915095825  0.72232129395098443
  0.72695021652308955  0.73154663390961849  0.73619718419043068  0.74088060533221345
  0.74567473665719164  0.75035627551580308  0.75489253984055915  0.75940026003161065
  0.76388110267908316  0.76834240169370138  0.77274645371109929  0.77713137483070371
  0.78156081222984730  0.78604794366770481  0.79063239730612334  0.79530789846767003
  0.80004628692417246  0.80488412345670712  0.80982591978275331  0.81494870256525798
  0.82035466380395572  0.82592384477622482  0.83155233502142800  0.83722339079168973
  0.84295426674284712  0.84878967671594074  0.85490609876385293  0.86144765501374898
  0.86839927093311198  0.87593798067802142  0.88436554481312546  0.89386833477089978
  0.90491704656498106  0.91893589443930890  0.94126376464324957  1.00000000000000000
   7.5890108178124459E-008  -1.0000000000000000     
 T T T T T T T T
  <DiscreteSampler_grid>
  grouped_processes
  1 # 1 for a reference and 2 for a running grid.
  10 # Attribute 'min_bin_probing_points' of the grid.
  1 # Attribute 'grid_mode' of the grid. 1=='default',2=='initialization'
  0.0000000000000000 # Attribute 'small_contrib_threshold' of the grid.
  0.5000000000000000 # Attribute 'damping_power' of the grid.
 # binID   n_entries weight   weight_sqr   abs_weight
    10   10   5.396161714569932E+004   4.463220953538301E+009   5.396161714569932E+004
    11   10   5.396161714569932E+004   4.463220953538301E+009   5.396161714569932E+004
  </DiscreteSampler_grid>
