  0.00291876260094951  0.01430166313160212  0.02705281422579769  0.03912614106382425
  0.05074914728713626  0.06213188787919395  0.07356339512706693  0.08494125009565885
  0.09623882760956699  0.10717523841235239  0.11791385796256321  0.12878921826260090
  0.13988563432709047  0.15100288687991617  0.16182498640658935  0.17247819503467365
  0.18310493038461384  0.19387697910644588  0.20483930270208470  0.21583686619235143
  0.22685679580997833  0.23779008451197983  0.24859392437320219  0.25916540771433355
  0.26940158283583177  0.27967888956487780  0.28988807242096010  0.30022087519972290
  0.31068171910096176  0.32128055736920080  0.33187705261839406  0.34233350887991604
  0.35291291166412797  0.36360461865331484  0.37424687198484546  0.38465883927278183
  0.39495198965846068  0.40525051784165517  0.41568989966333009  0.42627705015044826
  0.43710242722412285  0.44794959846802868  0.45868618364451891  0.46930115993183436
  0.47980984473891758  0.49043150370717425  0.50117222336706491  0.51198564253407386
  0.52247006181354372  0.53259436479816435  0.54261392756637628  0.55271789434628604
  0.56299620013859619  0.57346538940312319  0.58413999975602848  0.59471061322408714
  0.60499700817575641  0.61493557026452905  0.62471809667590628  0.63451776607960209
  0.64440303504795293  0.65438701307305580  0.66446713988152806  0.67471566509297221
  0.68525311075846274  0.69588667634578960  0.70641467829029958  0.71673807855640415
  0.72700598010747597  0.73732026175918652  0.74774206564503987  0.75825405055623774
  0.76862251219002331  0.77893215594347298  0.78916861704135066  0.79945516701598907
  0.80966775791047485  0.82000192110207304  0.83056365892195483  0.84131318357775664
  0.85219416296136963  0.86308354140393184  0.87376785501842202  0.88410303451245464
  0.89417661217503464  0.90419280758044951  0.91421362850951748  0.92414545480221522
  0.93392133812617051  0.94365855741484994  0.95333500584470021  0.96304087272733097
  0.97258260852638390  0.98171401380161094  0.99097581069898999  1.00000000000000000
  0.00000235949903111  0.00000256263283199  0.00000276063768521  0.00000295383422218
  0.00000314638293671  0.00000334456765942  0.00000355362918692  0.00000378144715151
  0.00000403082471935  0.00000429556075646  0.00000458508325215  0.00000489113949853
  0.00000521249551973  0.00000555935818370  0.00000592515410346  0.00000633929257838
  0.00000676334362895  0.00000722355137473  0.00000769300640907  0.00000819797363675
  0.00000872982302270  0.00000930299356898  0.00000993300870770  0.00001058814701786
  0.00001129373880959  0.00001203669265010  0.00001283694785223  0.00001367872404358
  0.00001455449110590  0.00001549918599465  0.00001648300992602  0.00001753280742013
  0.00001863550124308  0.00001978383540333  0.00002105925596104  0.00002235040451727
  0.00002380290901228  0.00002528429106905  0.00002688660456320  0.00002857786049805
  0.00003034896779636  0.00003225205600235  0.00003426058719756  0.00003645462779330
  0.00003877695664852  0.00004122961507035  0.00004384613429487  0.00004659912920625
  0.00004954046543092  0.00005267944081543  0.00005595181796493  0.00005945500090057
  0.00006314592163801  0.00006704646384170  0.00007127755991356  0.00007555069685389
  0.00008040242662816  0.00008558255218980  0.00009151205040594  0.00009793534959661
  0.00010479461017734  0.00011211793237548  0.00011983970432928  0.00012850427191266
  0.00013721784064800  0.00014729208392897  0.00015777621998591  0.00016955129575455
  0.00018242955306541  0.00019649376770659  0.00021170521568940  0.00022784104968828
  0.00024542654320947  0.00026546722942191  0.00028819916574527  0.00031396786464539
  0.00034311491244068  0.00037725058209285  0.00041797216393469  0.00046324913958637
  0.00051526637290509  0.00057558542597533  0.00064052001869444  0.00070981471456409
  0.00079096568555241  0.00089485776547579  0.00101884532821266  0.00116459435656981
  0.00134420589510787  0.00159114693235277  0.00195172717118532  0.00249733547596367
  0.00317258379771493  0.00415130539959900  0.22495074859874428  1.00000000000000000
 -0.00156740368143167  0.00475722995469038  0.01090694217205962  0.01704715736418967
  0.02351009008544005  0.03025394807478250  0.03713311845057800  0.04399514600110817
  0.05077046556557546  0.05747350395937879  0.06416860681156482  0.07104645413454695
  0.07799975833187917  0.08503488057611588  0.09211823442774296  0.09927087255315019
  0.10634827056417517  0.11361336701599321  0.12102182628462406  0.12872835794833129
  0.13654335370042053  0.14434584569117639  0.15216174169430779  0.16000497745966982
  0.16797165372041481  0.17603902415874589  0.18412161606277197  0.19220114789687975
  0.20028784985279094  0.20850243321154191  0.21672302439373134  0.22494245504595931
  0.23323923800813023  0.24166167584001344  0.25029823070010010  0.25912940414504976
  0.26805482864835262  0.27715086908843306  0.28643118246252075  0.29577910925358247
  0.30530665800203804  0.31501475847750843  0.32505271211809417  0.33506594804877476
  0.34505846147685232  0.35508848330651960  0.36530047400127930  0.37568772068161915
  0.38612788117320357  0.39667733545913997  0.40733263857537955  0.41816055787129530
  0.42916196074845947  0.44031263263496484  0.45162700421315749  0.46319521085619197
  0.47482941505756260  0.48652564287819622  0.49838705442993408  0.51051328471607638
  0.52294004338787603  0.53511738522773622  0.54764596084062145  0.56025432355548621
  0.57274856937871299  0.58526204415511718  0.59811855064225494  0.61126880668992267
  0.62449539480758143  0.63788027985125606  0.65142282828386711  0.66500080855211063
  0.67866160028875377  0.69241894875094545  0.70648077410416388  0.72117316951134391
  0.73616583094636945  0.75019281152616246  0.76435803682142134  0.77820489338664822
  0.79196981620922258  0.80594477019404631  0.81981823547830368  0.83321704616107406
  0.84625243405150252  0.85998563302237285  0.87468927911522409  0.88964064473773441
  0.90404541268805572  0.91785660810807634  0.93062516220640645  0.94304062036013159
  0.95551480819567325  0.96882862822960869  0.98375671939247145  1.00000000000000000
 -0.00242934116019315  0.00917753930167803  0.01886251419921766  0.02900270103234417
  0.03920607484291415  0.04980455334969647  0.06041830162300100  0.07095812135532362
  0.08181106565458995  0.09235413887938521  0.10313104003406440  0.11332747719514272
  0.12358898150206561  0.13370746168495901  0.14432006804425457  0.15514952154184269
  0.16618729303582966  0.17678139958174929  0.18737438323110217  0.19805144934599628
  0.20898683915607386  0.21996607530166395  0.23079067736980810  0.24147524782031432
  0.25219055075471586  0.26309951080852650  0.27399495322424239  0.28492012877761674
  0.29556133001265233  0.30626351429839649  0.31684527268200280  0.32753237869382390
  0.33785097539168824  0.34814362973487334  0.35855978853667236  0.36919083402481800
  0.37962470022373473  0.39013783501077270  0.40075395152387155  0.41112208427547897
  0.42124165719025708  0.43136829442151819  0.44177454634714697  0.45234330547034585
  0.46271153314177565  0.47306976852634020  0.48349049373740155  0.49398800691083966
  0.50454762925488983  0.51519120332290802  0.52596179936830134  0.53658556927543999
  0.54703341729219301  0.55726132903036851  0.56759975738599888  0.57791194925301426
  0.58827956820867022  0.59864614756269252  0.60908531721133385  0.61980917355280785
  0.63064691409542240  0.64175119234196243  0.65276001726179145  0.66360235393017741
  0.67391151751987233  0.68425731046800464  0.69457821877731141  0.70495667948946272
  0.71527680500266810  0.72549082140114352  0.73565271958299683  0.74582875471406773
  0.75635581134114838  0.76712094739926351  0.77809387952058207  0.78898302004388510
  0.79971383297904353  0.81014271055327236  0.82067599233179811  0.83125309685398885
  0.84172193854769684  0.85203707452668220  0.86233000243031466  0.87255274536919303
  0.88280916634432727  0.89322254737568230  0.90401275510626566  0.91475685296528941
  0.92548054826004300  0.93637690291408127  0.94751770242660582  0.95857276173937200
  0.96918471666911277  0.97958702121646657  0.98973849212951515  1.00000000000000000
 -0.00251158929959834  0.00999529415996525  0.02057567985436629  0.03104362283802609
  0.04144973234965935  0.05164798972269816  0.06222083653410977  0.07285305996958082
  0.08350948638912659  0.09382661317665020  0.10417563880083595  0.11462542437225196
  0.12498278753234120  0.13521837549530599  0.14529076646149428  0.15606030621550765
  0.16710166406950411  0.17820022569285060  0.18885124760833405  0.19960753244684110
  0.21038619414229975  0.22127138820812015  0.23222994888603787  0.24343741685386883
  0.25468904222647654  0.26563188463347620  0.27628928800630498  0.28677469173845344
  0.29720426452475296  0.30770109651770594  0.31837742046549539  0.32927459135032644
  0.34017034203111896  0.35108504025101317  0.36189536277166146  0.37265918266819642
  0.38331155952888607  0.39397361349062948  0.40452522229945681  0.41506747720225556
  0.42564972289402153  0.43647957516435498  0.44702919386714812  0.45735471783054382
  0.46747541077627219  0.47755747568660417  0.48781710985028670  0.49822942009128685
  0.50876752814898063  0.51924850155734448  0.52946152595770468  0.53933723746568374
  0.54914603685045182  0.55914714573836144  0.56947035725964146  0.57992800980429338
  0.59034502035281722  0.60070510250036213  0.61096265076509471  0.62138590354476553
  0.63194964513877072  0.64274509383918899  0.65349115490462473  0.66401921642641881
  0.67441494647736155  0.68504416756693121  0.69603651446130943  0.70720480624120297
  0.71813222390304887  0.72873880538131641  0.73920987512087621  0.74957314355639837
  0.75994683851268963  0.77026610007063689  0.78075474383909427  0.79153283743631797
  0.80231761865994766  0.81290469810547061  0.82334832733433061  0.83389069664038085
  0.84429356489135299  0.85456710285501003  0.86456730940393434  0.87457300648566183
  0.88460899402616722  0.89448427901222982  0.90465709099698222  0.91504272503237927
  0.92576367449658015  0.93630339296532838  0.94663398911027463  0.95712060849911851
  0.96789767115152192  0.97885412289976792  0.98947453490738324  1.00000000000000000
  0.15431542670925760  0.20680213628576238  0.24726269775380272  0.26513367584129965
  0.29048691715870373  0.34219601607431088  0.37573945465899883  0.39891169148805594
  0.41382303313863872  0.42571898945624370  0.43479646409190709  0.44193769152177692
  0.44881182857131369  0.45552215354687609  0.46162750428687593  0.46729002363424771
  0.47318907035011637  0.47960974739057527  0.48523287743618287  0.49021953121168216
  0.49519178702909128  0.50033819262665480  0.50628260120690949  0.51200562309586717
  0.51800792636475934  0.52401602836600247  0.53057323573319681  0.53680804427608797
  0.54283709308581296  0.54856942183235036  0.55411718204063221  0.55961605399997438
  0.56510307134479854  0.57076124112011462  0.57644882979700607  0.58213460516439453
  0.58776590801791984  0.59339182211228336  0.59905699054025197  0.60486255759488528
  0.61074316185083999  0.61659385440625847  0.62238692596580603  0.62824527552975695
  0.63417623110374755  0.64014055871135500  0.64606763078608220  0.65200873787963409
  0.65799481600807952  0.66405606944667750  0.67023518873332266  0.67651132569835937
  0.68276637918623106  0.68890695071163277  0.69492385512151122  0.70087030037579789
  0.70686216857469375  0.71289557365037903  0.71904805893256440  0.72522927631607781
  0.73150340838699468  0.73784767401694684  0.74415920580601069  0.75049163139934005
  0.75689083471727758  0.76333601931339989  0.76977495530327356  0.77627652746208287
  0.78275573795674913  0.78916703116774845  0.79550355621083280  0.80179867485068057
  0.80817012568516688  0.81460249721417821  0.82111499035340962  0.82769557055250775
  0.83436956128670536  0.84108885556388724  0.84781850245682000  0.85461965040688914
  0.86162748581179671  0.86880793397315625  0.87606267878830801  0.88345043504979248
  0.89080821952505740  0.89818223043381529  0.90574774289226156  0.91356445886856552
  0.92172694164184832  0.93014031560614530  0.93889598264108998  0.94819289998317913
  0.95820998230858956  0.96936962544125227  0.98294366019467472  1.00000000000000000
 -0.00835907244685183  0.04491468698147980  0.06517548347146514  0.07854543781388189
  0.08924887008750054  0.09865922804447090  0.10717455301800413  0.11508418523086006
  0.12264000523625067  0.12971597592131107  0.13642211447097041  0.14288352203447582
  0.14909907717151505  0.15511522168933947  0.16102485214750301  0.16685781144077419
  0.17259345855954503  0.17823543920148696  0.18376250500584615  0.18918005564439178
  0.19456015760654966  0.19996613876256342  0.20542356539731232  0.21088519974593173
  0.21629262417438963  0.22168511979560715  0.22717634989315735  0.23278721637642513
  0.23843489813540589  0.24401658093697925  0.24956644188564647  0.25497663000863535
  0.26046583563578668  0.26596437878891194  0.27150978797018410  0.27713700236555699
  0.28282532281464762  0.28857634020113193  0.29434726663841337  0.30008932162401020
  0.30584155155374310  0.31165926409891814  0.31751518151188551  0.32346665922208895
  0.32946918549895032  0.33563043161508010  0.34193595440686342  0.34817934822142654
  0.35442223128228822  0.36083472752955015  0.36745240159576592  0.37421586084842862
  0.38103736544917932  0.38786772474078535  0.39475418032182580  0.40168272213176015
  0.40878479347871277  0.41595391639820273  0.42335322725516822  0.43093290775839865
  0.43858945733222088  0.44623357289767523  0.45388725190345269  0.46166969698435073
  0.46974563074391951  0.47777022675121494  0.48592314987506730  0.49396235223491669
  0.50228633041500426  0.51091523678818695  0.51971928261511346  0.52854183850621261
  0.53738475540702979  0.54663631758637021  0.55615368921456909  0.56585739256135181
  0.57595998475188914  0.58653774911255163  0.59736188379853949  0.60812709808573062
  0.61907894822281417  0.63046774928168636  0.64222753435829560  0.65436490398599434
  0.66687494261505087  0.68011639424539860  0.69444541212598010  0.70993932613022570
  0.72641185629931293  0.74384186253503048  0.76338549763345886  0.78570680881481481
  0.81102582698480696  0.84045001360136529  0.88372250388864049  1.00000000000000000
   8.0771061365937508E-003  -1.0000000000000000     
 F F F F F F F F T F F F F F F F F F F F F F F F T F F F F F F F F F F F F F F F T F F F F F F F F F F F F F F F T F F F F F F F
  <DiscreteSampler_grid>
  grouped_processes
  1 # 1 for a reference and 2 for a running grid.
  10 # Attribute 'min_bin_probing_points' of the grid.
  1 # Attribute 'grid_mode' of the grid. 1=='default',2=='initialization'
  0.0000000000000000 # Attribute 'small_contrib_threshold' of the grid.
  0.5000000000000000 # Attribute 'damping_power' of the grid.
 # binID   n_entries weight   weight_sqr   abs_weight
    13   10   3.127512895510000E+006   6.774528072457865E+013   3.127512895510000E+006
    14   10   3.127512895509996E+006   6.774528072457848E+013   3.127512895509996E+006
    16   10   1.501586472657205E+006   7.909613385506153E+012   1.501586472657205E+006
    17   10   1.501586472657206E+006   7.909613385506166E+012   1.501586472657206E+006
  </DiscreteSampler_grid>
