  0.00009865266734719  0.00172367521380533  0.00268458854369308  0.00353758392617791
  0.00427385618394481  0.00492499053176130  0.00553204106570295  0.00609376759021644
  0.00664668732524153  0.00719892576042889  0.00772279532219642  0.00821096158830591
  0.00867106723492957  0.00910869898040696  0.00953976429274718  0.00997582096731044
  0.01041361770507808  0.01084046795729380  0.01126574338623279  0.01169695933619307
  0.01213071135035716  0.01256212610056394  0.01297487747787123  0.01339292648112110
  0.01380788064643081  0.01424225984766952  0.01467662221236390  0.01511010889680541
  0.01553791770986592  0.01596551979726067  0.01639413323248486  0.01681149000751777
  0.01722837705833198  0.01764857635591244  0.01808124856103255  0.01851215246238783
  0.01893323846670149  0.01935542018572866  0.01977876283370140  0.02019120798483473
  0.02060411118393482  0.02102234191400705  0.02144082250719411  0.02187652067170462
  0.02231307374732064  0.02275357741681292  0.02318060499514332  0.02359396635681923
  0.02400988619177530  0.02444479275459832  0.02490562823544278  0.02535438009604005
  0.02581991924954358  0.02629745582039009  0.02679387766366933  0.02730686154757742
  0.02778937040825450  0.02826586862140022  0.02873682911475120  0.02920138007376174
  0.02965169848550035  0.03010145656563392  0.03056148264898957  0.03103597658634972
  0.03153008141391345  0.03202973196979519  0.03253431719855700  0.03304316383157148
  0.03356070129033036  0.03409019748035409  0.03464053734301990  0.03519841346977368
  0.03574506921703085  0.03627677720253272  0.03680072623288659  0.03732160301914585
  0.03784376326553314  0.03839550268942946  0.03900133224443460  0.03962611313028296
  0.04027177156921210  0.04091099391164335  0.04155475089684751  0.04230742615281086
  0.04311839562853190  0.04395385769456409  0.04485348819371850  0.04586019702185374
  0.04710729992752706  0.04903401752618935  0.05213269174823350  0.05586908152903229
  0.06019788702011478  0.06583794204780127  0.07357735162936285  1.00000000000000000
  0.00766945130888295  0.02065766020576698  0.03555463244574792  0.04714574558130647
  0.05831008494898019  0.06944958717514735  0.08012883974437993  0.09037631311745253
  0.10042918996217405  0.11095784819778452  0.12167640909451365  0.13189512774173207
  0.14156666932665196  0.15071615035910726  0.15992227444041043  0.16950982890732116
  0.17957823886647950  0.18810234886162649  0.19740201780152392  0.20697988461004627
  0.21773314981242073  0.22907915837911672  0.23914464675587871  0.24846035715249762
  0.25782774624714111  0.26728806553053780  0.27678505907289214  0.28568945369616844
  0.29478894789345972  0.30405905932284821  0.31327038080482517  0.32262661835831780
  0.33222338163517628  0.34207691981494431  0.35158330802177473  0.36100266770126171
  0.37044291875900665  0.38015425055763541  0.38964854208318433  0.39925428241079475
  0.40887676098700276  0.41840269827873622  0.42814523043459340  0.43805787916581146
  0.44857944209723494  0.45978612223263216  0.47115395960369993  0.48327526200149046
  0.49481377270124993  0.50738516957875635  0.51990442809359383  0.53101805925718837
  0.54102031783081106  0.55017661523982508  0.55922376248886208  0.56845275196237499
  0.57864558988752446  0.58972332886060674  0.60037591116604916  0.61035897980691067
  0.61984751328249854  0.62986040890692985  0.63984084537405805  0.65131839825522908
  0.66410751522345524  0.67565238801847327  0.68617420380961369  0.69668103974413753
  0.70759845861414539  0.71698074433321057  0.72692067910041447  0.73727586196120898
  0.74732750832293726  0.75668777775728935  0.76590537745118581  0.77597657987185042
  0.78660315549143855  0.79687066528497119  0.80686244727523504  0.81688093547235840
  0.82721746020601516  0.83779267040311012  0.84821690172382880  0.85783392212594112
  0.86667938300316649  0.87556277420211526  0.88481774312689443  0.89401315853105678
  0.90305756073074117  0.91241644734825189  0.92255172599433299  0.93331111235438413
  0.94469157341685717  0.95822240228746403  0.97609188500841337  1.00000000000000000
 -0.00117345771266296  0.00556128349127249  0.00817348889712933  0.01107841551009443
  0.01415044806598745  0.01757654029501743  0.02152433482295958  0.02610949989473633
  0.03091272065246886  0.03600626535165274  0.04147457000641695  0.04733756433941662
  0.05326304069626605  0.05882774820415798  0.06473481664978038  0.07055420364348203
  0.07695798175275249  0.08347686283167369  0.08985156365746995  0.09697762239855839
  0.10499749059187231  0.11283995471714213  0.12033889869504844  0.12832018616256391
  0.13664334712769605  0.14538473721855724  0.15442880705150944  0.16349004790468266
  0.17225675254277445  0.18111408956902908  0.19024528661637144  0.19896456438851878
  0.20783743430756341  0.21673672005784464  0.22631596180398580  0.23695911332878955
  0.24727851814780080  0.25763189209846959  0.26790111597919336  0.27852196782254957
  0.28964181694302749  0.30119149289566061  0.31207490285097200  0.32205313086244763
  0.33175859680958314  0.34143604005459882  0.35181408654404500  0.36342420842339440
  0.37577758921193632  0.38752743247243188  0.39816404216977846  0.40844688584787442
  0.41894664022425643  0.42977425006570130  0.44060125472690209  0.45094691450322888
  0.46088721668768406  0.47109954448746394  0.48174867322815323  0.49288707838051737
  0.50377870331004504  0.51420951123137981  0.52482121508049162  0.53646966931832929
  0.54800942680291931  0.56085710219122020  0.57422924462850256  0.58764249512606470
  0.60082289381432541  0.61362569028764324  0.62618557422603072  0.63920942119564206
  0.65233316184620227  0.66539743764753700  0.67865203069051838  0.69313082654915603
  0.70914139810593224  0.72358666111541525  0.73739200148395356  0.75088519372249640
  0.76384760657158823  0.77619622927958609  0.78888158511019746  0.80146690912583773
  0.81397235333353279  0.82700053153064934  0.84121318110050203  0.85638416624682101
  0.87157531787527320  0.88594072748808750  0.90401231748431332  0.92285334748644277
  0.94206260365379346  0.96140154194977601  0.98071368404615600  1.00000000000000000
 -0.00158478483389956  0.00778091942086991  0.01673500749942255  0.02606758000397998
  0.03552597287600508  0.04526449578867740  0.05535060481982283  0.06540532499781872
  0.07520190048536206  0.08575204996000330  0.09740602938095355  0.11036045015074387
  0.12379291644713195  0.13568294371855510  0.14669720633060232  0.15828484741705623
  0.16867047784041478  0.17747878943416823  0.18618410507182551  0.19506390164258666
  0.20392681443694477  0.21282448854848346  0.22175168784042515  0.23236386727299346
  0.24547596227117138  0.25913379135696962  0.27177152403443544  0.28305704910929236
  0.29348856815940177  0.30345120319977892  0.31322118212912764  0.32292586928225342
  0.33236408624384417  0.34200619925123282  0.35215379648478917  0.36284318811142274
  0.37399346138333456  0.38461229658828644  0.39458332681210495  0.40412065444160883
  0.41337364872392202  0.42279301388730023  0.43238974716431627  0.44223912773953489
  0.45264204114446482  0.46339529710204164  0.47451017770676396  0.48620831781497142
  0.49770130107484445  0.51039856280571871  0.52258839889221731  0.53346777950253510
  0.54472341952051995  0.55643045119878898  0.56667062501027288  0.57670501549633579
  0.58619322048325295  0.59785114444785192  0.60788252579691737  0.61782727553054229
  0.62763607027953694  0.63799206782988549  0.64800852668704645  0.65805940572276012
  0.66770985383171022  0.67831988396084641  0.68917897429088082  0.69968216202990929
  0.71109683552539482  0.72248354986268126  0.73613792718264837  0.75025172770513726
  0.76451527050742540  0.77733229178173591  0.78876093077279441  0.79932910616251529
  0.80943774129257418  0.81940697437558352  0.82928940021280306  0.83901770495411121
  0.84887798960122118  0.85913942421152867  0.86918907753495867  0.87965385774879135
  0.89019342184997607  0.90057185545353968  0.91019711581784035  0.92012846343476129
  0.93068252929618378  0.94121110458258717  0.95184616366766295  0.96239173312589432
  0.97230521625330080  0.98161151315748862  0.99049982704363404  1.00000000000000000
 -0.00242990534180202  0.01044910299633357  0.01998181055494263  0.02998316884729478
  0.03983619263376328  0.04912461822709036  0.05809866452952499  0.06749474966638339
  0.07692497767823592  0.08598558156918713  0.09514995931457716  0.10429249285232796
  0.11452722006468466  0.12432681204326480  0.13413707887345136  0.14454959182893681
  0.15630241416179891  0.16832079574928493  0.17984710974855966  0.19141703533058202
  0.20280432533045134  0.21337201523453361  0.22360596502880792  0.23406198753310373
  0.24501078299626455  0.25568851004892201  0.26629755362214702  0.27690083459246839
  0.28730418383273054  0.29776720622697767  0.30862150227969809  0.31916867459684234
  0.32993870561660171  0.34059337578033799  0.35149210359826050  0.36265354194249072
  0.37386814993688683  0.38707064446252487  0.40083344605647220  0.41246578844068515
  0.42276094693023430  0.43263329839902681  0.44296647176472947  0.45307373460658523
  0.46283542694436330  0.47221898636014265  0.48183900448939337  0.49167819268694046
  0.50176340762661664  0.51241642672981647  0.52366615818729489  0.53505406649023324
  0.54677885633928658  0.55871388323166193  0.57024591430413774  0.58153290485755649
  0.59371171960721025  0.60616500798289163  0.61633171947458465  0.62664078878050156
  0.63653418998298339  0.64636087485203708  0.65517288290991638  0.66378360327647479
  0.67376091558024642  0.68494940868933563  0.69664219736154032  0.70799226551730932
  0.71996759095250629  0.73217839882998925  0.74354679256675138  0.75382935258808736
  0.76355491611885551  0.77325729936942766  0.78326222517482202  0.79397166970283306
  0.80506960388131232  0.81626931489677090  0.82694098044967101  0.83784454326001068
  0.84842878966915736  0.85789623282464633  0.86720612877690306  0.87666425503430034
  0.88708587561907581  0.89760741990306669  0.90794289833087627  0.91802709417633521
  0.92755052525860304  0.93671931321852064  0.94665493108160437  0.95657892758188079
  0.96683730729885664  0.97687189371612582  0.98809365979625130  1.00000000000000000
 -0.00241849765754256  0.00913223232109367  0.01952607069324050  0.03001800587812858
  0.03945548573055324  0.04867481898199154  0.05761767622579458  0.06672947833114033
  0.07599744490161088  0.08580034475427424  0.09634174299629475  0.10703773624819275
  0.11701054550725708  0.12667032080310872  0.13691206698875702  0.14720712880977946
  0.15722372633590559  0.16687012912724042  0.17744112503100787  0.18871282674365569
  0.20030011903842446  0.21260841039546585  0.22510966744244534  0.23755944271740184
  0.24886774959997443  0.26007170362547521  0.27151405539328888  0.28383285812330727
  0.29609126810516301  0.30782788277989481  0.31939943296877316  0.33017672648320345
  0.34222575405903116  0.35378229049597987  0.36401314966579501  0.37394476067589733
  0.38483377892830239  0.39621083648843719  0.40675758236180182  0.41719127470840639
  0.42805086103562695  0.43875943253802502  0.44937437433422839  0.45994103833547562
  0.47153132854858421  0.48294925223068941  0.49376133802292688  0.50450071243846950
  0.51478789362311461  0.52506457096149950  0.53516829750490846  0.54527831415557060
  0.55566370757879791  0.56657497329196205  0.57797332696324222  0.58899065486042490
  0.59971642255603652  0.61043811547961069  0.62143811771689694  0.63230601595578029
  0.64299954824732208  0.65439393204844865  0.66624361181277725  0.67802034972448166
  0.68946581963255771  0.70053182804017977  0.71114703678053803  0.72132082428049216
  0.73218440535215723  0.74455928665617033  0.75672339638577812  0.76806609842120543
  0.77825320666629572  0.78820079234587415  0.79716239395788147  0.80591351538798783
  0.81466366875932306  0.82320806262872681  0.83185858579724359  0.84079951293921940
  0.85011509445339850  0.85975753587086745  0.86930984868092154  0.87914092254621179
  0.88924816638398796  0.89866363884343148  0.90737549440063625  0.91653259373450935
  0.92689954621443349  0.93697656537072860  0.94631262906346536  0.95540393744818097
  0.96521621243011391  0.97636470429059197  0.98797378945563075  1.00000000000000000
 -0.00288029459392394  0.01041599096287835  0.02173750998442882  0.03174272058185237
  0.04163374899977215  0.05044452770644289  0.05872033838547522  0.06669585916731269
  0.07472390720289260  0.08338295570694509  0.09276478652132075  0.10332623799773652
  0.11506130238649397  0.12683634593611778  0.13830207649363310  0.14919339609819046
  0.16003672845287750  0.17049777917115561  0.18101798410334091  0.19222452569531090
  0.20359098300761377  0.21385785168867147  0.22345143974189957  0.23343299535639411
  0.24436910483784077  0.25474332011499962  0.26391639947229711  0.27346748401476856
  0.28376893969687222  0.29453317398058626  0.30490209061408086  0.31579319220484969
  0.32761802589350897  0.33996310089201143  0.35233993665275043  0.36436258277756201
  0.37609589168715696  0.38763983612733988  0.39843869996160952  0.40804476913789456
  0.41722090541571083  0.42669338924976874  0.43677427579743006  0.44768766967918749
  0.45919649200031587  0.47131548451900190  0.48313249155808147  0.49352961317558958
  0.50371449224758225  0.51390193352618319  0.52477761578474758  0.53575944542285592
  0.54631746202132914  0.55648469718390969  0.56686764323533489  0.57804064949769030
  0.58983883894017641  0.60205642321410580  0.61434669089728877  0.62701086569878339
  0.63747101473086576  0.64870347805342676  0.65911482357371709  0.67004420219783178
  0.68073681540205944  0.69112756407475717  0.70187249187477030  0.71409573790770098
  0.72763495792078225  0.74155764573906791  0.75336018375810776  0.76296074772907585
  0.77286816528119673  0.78290693073957418  0.79304978269345583  0.80291119257349663
  0.81299462462348271  0.82299365818184056  0.83306877942981361  0.84267621541201509
  0.85212772715797036  0.86163478493258594  0.87136762093692310  0.88114050216725959
  0.89052429061534844  0.89955523121790915  0.90853754986404445  0.91793683955219751
  0.92810444817969784  0.93824506960482679  0.94942600452141124  0.96023911584589827
  0.97023406492586051  0.98089403497510652  0.99053732808389505  1.00000000000000000
 -0.00125767766683333  0.00829797103185002  0.01658157144212605  0.02538324452219407
  0.03399762254799180  0.04252846408899313  0.05149655726201056  0.06028216647075358
  0.06898988008005133  0.07824132344435548  0.08848258587393491  0.09979047001378076
  0.11100369642502801  0.12263960852335638  0.13436952744470426  0.14645187142122859
  0.15772109050903985  0.16887799102836554  0.17975356817620738  0.19091911320258817
  0.20222621205987337  0.21364251786125113  0.22508720165362162  0.23571491701619210
  0.24621473668910132  0.25736170893311389  0.26882305163707393  0.27944512662743853
  0.28924377502317361  0.29868533050990387  0.30866603110146401  0.31872481315217949
  0.32825805771118161  0.33776107738605576  0.34726866509380439  0.35676363913951037
  0.36717289948956544  0.37875432018306349  0.39248761184750791  0.40529280714150578
  0.41705901551625690  0.42855605904676736  0.43985948436437161  0.45086884466896099
  0.46182563264912335  0.47305362250850252  0.48358740675360629  0.49349009128840138
  0.50355893449241274  0.51408253465453535  0.52423172490220860  0.53284568302465396
  0.54129935108502147  0.54970189364565369  0.55840447795658765  0.56728149363153701
  0.57606999780223267  0.58529759391057590  0.59548617428805084  0.60593603882830260
  0.61616781588415037  0.62658966205737809  0.63768427181345932  0.64895273229656514
  0.66011748595508057  0.67225966363224687  0.68447947239030227  0.69587806081693504
  0.70671891031575340  0.71772087496264159  0.72868591229538171  0.73891646218004781
  0.74915765763028641  0.75991181829264265  0.77128793894620673  0.78304852807006098
  0.79460978638062651  0.80632559063656328  0.81830994097711240  0.83069298524681268
  0.84307809088646291  0.85437303308554036  0.86562321455870239  0.87724600132186148
  0.88887470905690769  0.90064808199841551  0.91313488471900262  0.92340467484208610
  0.93384107182791176  0.94397593046725869  0.95438279206916588  0.96398325226960868
  0.97305267241910065  0.98211636143789693  0.99104676181230877  1.00000000000000000
  0.00596649989814956  0.03287679753535450  0.05325200657559722  0.06613871512565485
  0.07747730297182588  0.08614583524530856  0.09324760858094409  0.10001694555153455
  0.10662362972639042  0.11292484511405240  0.11924962957204069  0.12546289898230659
  0.13143590442716041  0.13751263704091127  0.14384123858454709  0.15040436457564627
  0.15726815176866635  0.16398079866099446  0.16979927928223451  0.17532897266688688
  0.18089309431646339  0.18675282181898206  0.19257184574447339  0.19824555178449532
  0.20408062727615917  0.20995203473479343  0.21575597163188762  0.22133618835302352
  0.22671545925198164  0.23194995628557566  0.23714671996138767  0.24245915915666372
  0.24793898006477533  0.25263217725171455  0.25689479531932463  0.26102671349742373
  0.26528766933880615  0.26977881481460769  0.27473362504470394  0.28016137109272365
  0.28572105343537291  0.29108036959945172  0.29666568204336380  0.30242682881006200
  0.30817199969655124  0.31393799552186874  0.32056908947442320  0.32732486406669692
  0.33408068452997280  0.34077955878889138  0.34705891195867400  0.35368564411650177
  0.36071901369666648  0.36804034649261264  0.37564085292251170  0.38346079729948340
  0.39131761420169264  0.39902779821993678  0.40654425220026941  0.41474426838742712
  0.42267328811942573  0.43030378509360029  0.43779450744997489  0.44510713507126820
  0.45262063727989960  0.46020688720844682  0.46794908796752382  0.47557303454754446
  0.48311187252460680  0.49072432726076137  0.49856068477336413  0.50646443572206923
  0.51441094559954947  0.52251888019669768  0.53055227238474800  0.53861523114392340
  0.54718056152243677  0.55614355688469719  0.56581989702142443  0.57653861303099418
  0.58789696149980175  0.59973846890814342  0.61329407864793883  0.62814355468016869
  0.64338098983920111  0.65819385775680317  0.67314011383079320  0.68858696490651494
  0.70464597079792102  0.72302847386264313  0.74336145081792349  0.76393653654596294
  0.78867348529599424  0.82107274493255467  0.86678795267469322  1.00000000000000000
 -0.02382039858051425  0.13238307126196058  0.17595864655819085  0.20109074876059002
  0.22026364905048271  0.23552803388815341  0.24799959765553364  0.25856453389060974
  0.26801447474791534  0.27677536759238019  0.28543699058325722  0.29407423640811570
  0.30158521256058196  0.30811120719178531  0.31487522905737569  0.32170559563169937
  0.32885578533860810  0.33573773112556948  0.34215208387651347  0.34819870187155322
  0.35436214240246128  0.36049299324845890  0.36657673925506229  0.37225401071262998
  0.37766721226646588  0.38278073038953947  0.38802839065886552  0.39333385648615632
  0.39923102216091078  0.40568965038263993  0.41218188046449872  0.41840230145234286
  0.42415971522497042  0.42955776751386054  0.43487742629695808  0.44004487685648969
  0.44531846304893274  0.45026762567123890  0.45495004108555320  0.45955844304238286
  0.46420123216586540  0.46891532311227530  0.47376411916021099  0.47854853670221631
  0.48315648809802358  0.48771705626411493  0.49238651250851312  0.49713469220759254
  0.50231969768615015  0.50790706485772097  0.51316158842256865  0.51827244387079574
  0.52302409866435751  0.52768402428700800  0.53233171841864269  0.53695974745970865
  0.54181810021029120  0.54692618439339546  0.55208014380976156  0.55721336196934401
  0.56244127769157004  0.56761910773568947  0.57295956960008620  0.57834895424268817
  0.58375798327138795  0.58847441089299868  0.59355388294120470  0.59855412449875967
  0.60361935197710159  0.60877579683790772  0.61410569966942952  0.61946893049507112
  0.62502176561904121  0.63081539290264599  0.63678210736239105  0.64289024386824656
  0.64939996539199307  0.65664634225900775  0.66368992102391133  0.67091913061774511
  0.67810235475719016  0.68561839539940717  0.69255847862769748  0.69955173732717724
  0.70656736780459095  0.71387561822529833  0.72161145012442329  0.73016197045343401
  0.73988727800963716  0.75061265951663414  0.76290085239484473  0.77652767626370012
  0.79377247397028505  0.81851586452208369  0.86095574558858412  1.00000000000000000
   1.4226715005503492E-014  -1.0000000000000000     
 F F T T F F F F T T T T T T T T F F F F F F F F T T T T T T T T F F F F F F F F T T T T T T T T F F F F F F F F T T T T T T T T F F T T F F F F T T T T T T T T F F F F F F F F T T T T T T T T F F F F F F F F T T T T T T T T F F F F F F F F T T T T T T T T
  <DiscreteSampler_grid>
  grouped_processes
  1 # 1 for a reference and 2 for a running grid.
  10 # Attribute 'min_bin_probing_points' of the grid.
  1 # Attribute 'grid_mode' of the grid. 1=='default',2=='initialization'
  0.0000000000000000 # Attribute 'small_contrib_threshold' of the grid.
  0.5000000000000000 # Attribute 'damping_power' of the grid.
 # binID   n_entries weight   weight_sqr   abs_weight
    10   10   5.497657305053791E-002   8.657675331624672E-003   5.497657305053791E-002
    11   10   5.497657305053590E-002   8.657675331623718E-003   5.497657305053590E-002
  </DiscreteSampler_grid>
