  0.00850540034717214  0.01891298881885826  0.03114321726996605  0.04321778141823288
  0.05446567018254928  0.06547632670453327  0.07594670272857861  0.08613159600064477
  0.09606470550164395  0.10591829403910992  0.11542894645577836  0.12502259955846196
  0.13516452308209762  0.14623678609229629  0.15740788664974506  0.16863235025249237
  0.17994482150404592  0.19124982547560923  0.20223047295393501  0.21251860962414973
  0.22249793089282893  0.23258979780501754  0.24256575906146488  0.25242910793085593
  0.26185966789525461  0.27213421645226965  0.28269537205104139  0.29346711622694660
  0.30346931550957984  0.31309355769857472  0.32327731353188000  0.33431500715902457
  0.34494137038185690  0.35577983179196232  0.36592531809798728  0.37626936938938055
  0.38629608625421391  0.39650158942409619  0.40691535083412167  0.41766254263705499
  0.42802376888754479  0.43849290905214566  0.44849811206869394  0.45887853264046030
  0.46967378547819943  0.48029842894887409  0.49180831124473412  0.50279779871309516
  0.51454157595383221  0.52589440101409524  0.53810031840330819  0.54975233651799482
  0.56105413197397946  0.57162895102868705  0.58217301062945559  0.59223664287970079
  0.60214137723039907  0.61145916296452052  0.62088765896737408  0.63073374650635272
  0.64024282552039435  0.64965860646235596  0.65952563469276193  0.66979512668253460
  0.68009730680668201  0.69061332093262184  0.70121199630487474  0.71162892315164672
  0.72145525365748531  0.73133162235854154  0.74140712190191094  0.75128773876176314
  0.76043255632414708  0.76978366793053410  0.77960966238141716  0.78975661658773855
  0.80032399929930365  0.81096252062507412  0.82164195112639904  0.83254781666446542
  0.84363040229215391  0.85501899166500994  0.86538610910878833  0.87630795462787647
  0.88679719054458050  0.89686425158813554  0.90661253725567248  0.91654626195674516
  0.92691582596601751  0.93688649994120821  0.94653816165994231  0.95636902018615333
  0.96661336759895100  0.97757509922312524  0.98870811687768356  1.00000000000000000
 -0.00098742930262205  0.00479282957008038  0.00726949011137240  0.00980875092387763
  0.01295353577160343  0.01620619001571871  0.01974970495718323  0.02373233695129065
  0.02796685988358553  0.03240163695776650  0.03765284785445767  0.04331779210702143
  0.04884358077225946  0.05469835746731059  0.06090126112881651  0.06734763367841549
  0.07391354322075058  0.08039019527202866  0.08704590216693914  0.09430682488718431
  0.10182279590226394  0.10928726006170623  0.11685518538805195  0.12480703923857142
  0.13301257412476000  0.14125717079669478  0.14956453693597216  0.15806994474280275
  0.16685464540369213  0.17546030755931319  0.18368003541224565  0.19193989602722913
  0.20018296162052471  0.20903890324952928  0.21839568041940760  0.22772509266425639
  0.23717687090698800  0.24666327928155729  0.25653619240447578  0.26677825376562531
  0.27708333146203501  0.28724252405561823  0.29767839221401571  0.30809857204112490
  0.31867617176386465  0.32929575077750506  0.34032534530032121  0.35243314179038537
  0.36478207345794139  0.37721375444005018  0.39032344172108935  0.40351717471350729
  0.41635694975970133  0.42890119579628921  0.44156223073082079  0.45423618425423345
  0.46644191213822123  0.47869815773500529  0.49098050271702293  0.50332066139946263
  0.51556391192724205  0.52818391765990691  0.54189209000664884  0.55648869404588497
  0.57159849474368096  0.58697878413975535  0.60150671333613104  0.61533298330952646
  0.62900836749722011  0.64267263291027033  0.65589029668099208  0.66870307173105137
  0.68123223142590417  0.69344494981047522  0.70561219030879740  0.71825909533581089
  0.73176246751589435  0.74564839832584950  0.75923739457048289  0.77266422282475944
  0.78590416349379433  0.79910919086684951  0.81255745857515427  0.82647464725049546
  0.84010491097975615  0.85355117498974753  0.86700046842640677  0.88027983348651251
  0.89374800588157755  0.90797385516066231  0.92216498466705621  0.93629676001920070
  0.95142118130966946  0.96737558272348523  0.98367955341232960  1.00000000000000000
 -0.00257376148074702  0.00979044017966698  0.02000521092691808  0.03005437946185433
  0.04010103248355350  0.05060042115595878  0.06105077336064067  0.07219550519554450
  0.08306597385325838  0.09471141863372229  0.10595086157670323  0.11676317127455353
  0.12740617544154267  0.13797394727047305  0.14875460068076263  0.15926915230603148
  0.16965600559677918  0.18031060714500122  0.19107870714659941  0.20176785032444433
  0.21251151997030984  0.22318184934512028  0.23385557442839386  0.24422732229277730
  0.25490789322521268  0.26556083380305440  0.27579168173182750  0.28542229384334139
  0.29521948564241596  0.30520994406701696  0.31556031064013162  0.32623596364345192
  0.33732063622326941  0.34866066140196483  0.35994970213625277  0.37073911472642540
  0.38115458496549010  0.39125038380820187  0.40122108785976368  0.41141792217181572
  0.42195762220556199  0.43288918700306689  0.44381629140588552  0.45450739075745644
  0.46458675467669808  0.47425083156776410  0.48366718918484347  0.49271898922441881
  0.50181610014272626  0.51099880465457204  0.52069123272579398  0.53083374364681379
  0.54082440112238095  0.55056747473423151  0.56047376697815965  0.57069552533747259
  0.58146329604184488  0.59233076295444653  0.60290246544379156  0.61337949243708456
  0.62412911808755545  0.63497792230573213  0.64571229274670439  0.65581690702883555
  0.66541918394860700  0.67502591468263873  0.68460405431443661  0.69486238846459980
  0.70511223589993255  0.71538251853104906  0.72583434869771313  0.73620533019872947
  0.74682654268972459  0.75739036012740280  0.76807567071399352  0.77883310545680506
  0.78959985603452232  0.80066853248658487  0.81182719180169305  0.82288755658008228
  0.83391932382530165  0.84523754265241202  0.85655476452796653  0.86730049530078035
  0.87783166112792543  0.88868812022043031  0.89969172950285492  0.91069894233279591
  0.92167003774087963  0.93259637754918800  0.94410289936442271  0.95539041824577897
  0.96663586341055907  0.97741998465492874  0.98869649180789621  1.00000000000000000
 -0.00238349731416932  0.00951625668726819  0.01972661811156852  0.03041107995760263
  0.04086626975435660  0.05107694984061210  0.06149908189746101  0.07151885387538413
  0.08176483930584180  0.09142482631931073  0.10134059931423475  0.11167254097744013
  0.12197190291824138  0.13289180191208580  0.14391957351087889  0.15477884656838087
  0.16556929150524666  0.17623361866276793  0.18681581877429790  0.19708538724485875
  0.20718002927413670  0.21767189352914523  0.22820709294755157  0.23861065466516884
  0.24893157330048490  0.25952578789891162  0.27065362677776345  0.28208435437957274
  0.29383776969471476  0.30586764430291918  0.31772804146390210  0.32943678745555449
  0.34048307573307790  0.35137180898550374  0.36221360202421810  0.37248256447611627
  0.38236648869300643  0.39227773067281813  0.40296280362159353  0.41389027872019168
  0.42522475466746662  0.43672249366808574  0.44818533268412136  0.45915115939253226
  0.46981788847068789  0.48072548704006746  0.49264273245972839  0.50484284152957648
  0.51617724013774158  0.52720045796012316  0.53750883824184725  0.54713253906902781
  0.55633486384206099  0.56635851280324256  0.57735354212871914  0.58820443693935676
  0.59910749454624757  0.61017079660237439  0.62134866073004991  0.63244642912146598
  0.64381809824725211  0.65520483353606263  0.66575863971978255  0.67627168586900599
  0.68652973303760489  0.69636903184841503  0.70597848971448485  0.71615783507672615
  0.72691112160095417  0.73806588936855178  0.74868168486612341  0.76003483308853947
  0.77074999702151559  0.78216141393938232  0.79307540445682512  0.80327235220287996
  0.81346446133835193  0.82274792812309971  0.83172159660322109  0.84051537863684933
  0.84914426345724170  0.85829174993437540  0.86863844906727306  0.87877799119195310
  0.88940570381273265  0.89971338548329771  0.91047491984775164  0.92080709056446941
  0.93133080080254871  0.94078888388690540  0.94976806289596205  0.95837477540802474
  0.96802801926814797  0.97808816347772753  0.98909887460540535  1.00000000000000000
 -0.00251040119977799  0.00960520161511340  0.02042036113173226  0.03121800636910707
  0.04217971144669778  0.05321692162645681  0.06390390859932416  0.07427643263327267
  0.08513264991163341  0.09623302084524198  0.10684999958744078  0.11606465752457203
  0.12500102510348571  0.13465111434753788  0.14484285772710503  0.15606225580092231
  0.16771782722575820  0.17959978048759029  0.19085696878754360  0.20141137856606164
  0.21155318708863116  0.22159138709903820  0.23214552073507241  0.24355151074355536
  0.25525416157072672  0.26704996269377601  0.27825113682175773  0.28919410754910163
  0.29962881372809580  0.30958596847381736  0.31954932624429194  0.32964371182347102
  0.33972584043115589  0.34981023639412268  0.35982626313317184  0.36964875651633811
  0.37900875357123465  0.38786717309379254  0.39654197305522471  0.40522354432545832
  0.41405942244238531  0.42320843933630986  0.43270377454693160  0.44239678124637344
  0.45258014026029958  0.46329219127957971  0.47387892037110768  0.48410343453289478
  0.49415199266337506  0.50452834981700001  0.51480114356481088  0.52506122911731679
  0.53537967540574183  0.54644069696222630  0.55821662627011148  0.56981781725709990
  0.58111380304391425  0.59219988543482438  0.60342307776841986  0.61500600068335731
  0.62708769282604815  0.63911163400792526  0.65083966988287401  0.66165954974351715
  0.67225522805925275  0.68299963326300794  0.69410694996983990  0.70579587067431770
  0.71732088080945156  0.72905386317875975  0.74141024066603844  0.75334035040557701
  0.76479847544492874  0.77551797972748993  0.78570967404221270  0.79592847530138366
  0.80620198914979790  0.81627839092184173  0.82615561441153895  0.83576715510263422
  0.84562915404867778  0.85553463297577448  0.86526408116115883  0.87469113873710658
  0.88477620986677119  0.89525764961632015  0.90613579230218444  0.91611162314542260
  0.92592240338343434  0.93556300853704688  0.94617332136405985  0.95699613395873695
  0.96762086695933613  0.97804752065884881  0.98889174669343394  1.00000000000000000
  0.00509363776118373  0.03696031871345794  0.05368686750623359  0.06497405400406293
  0.07428120075195142  0.08309633975607995  0.09154846222044208  0.09969068429460673
  0.10763191139219747  0.11540929417085091  0.12294537838879577  0.13019504637243728
  0.13735264423108470  0.14465721759564679  0.15212695412260738  0.15959028319480079
  0.16679093380859036  0.17378350268356474  0.18053896033076139  0.18735649188215209
  0.19439702362891481  0.20155960495063008  0.20864839773791383  0.21537861139392867
  0.22202976721804693  0.22883025571425991  0.23568399069503690  0.24257918075243506
  0.24930366109408952  0.25581358231386675  0.26219061775818608  0.26850096867729151
  0.27477825299103614  0.28136241968764741  0.28807283094312691  0.29475849113858738
  0.30107208096515725  0.30746367164285554  0.31396264383978761  0.32067567588053225
  0.32724889826436143  0.33359906304077963  0.33969947176606347  0.34568390539609561
  0.35180044309777336  0.35837474675417785  0.36533741396693381  0.37237848949136843
  0.37934129152303853  0.38616383484742373  0.39296412063316122  0.40005006599478460
  0.40740297531271569  0.41470833878377578  0.42197073553395203  0.42916076806557046
  0.43662837781065655  0.44369408594717835  0.45098511875425518  0.45832256164881829
  0.46581678619131967  0.47350739450070328  0.48128741467651892  0.48904709988841194
  0.49684976918496548  0.50545611795204948  0.51500286639521009  0.52453053214679024
  0.53392415438063356  0.54310533887127366  0.55226670680404766  0.56135521145283929
  0.57009116998475218  0.57893886111005088  0.58808351470852660  0.59753919934309907
  0.60695395102112870  0.61579089803531983  0.62480560428170961  0.63449787346553288
  0.64508990900139473  0.65606693290786777  0.66744604475126168  0.67974308139477246
  0.69300756488235782  0.70700806505604641  0.72166520919246491  0.73697451470130237
  0.75298992134163290  0.76986971282802652  0.78724002245547731  0.80795211011584911
  0.83109405818828597  0.85794354088770819  0.89948786807475145  1.00000000000000000
 -0.02028369115468746  0.14900628348966111  0.20306632064748784  0.23458003665814767
  0.25796312704285035  0.27800758626385941  0.29516604353095138  0.31044734420151282
  0.32389731451560455  0.33563169762129358  0.34602725825716735  0.35581933973773144
  0.36536755740962618  0.37436229666891535  0.38295016609184329  0.39135101912271836
  0.39971811111195871  0.40789967015960821  0.41554663520802593  0.42263684333131696
  0.42960687471282100  0.43661150316886277  0.44336735576071640  0.44970717151270995
  0.45590503292402151  0.46213102832907915  0.46831907686009228  0.47456965296059711
  0.48048901563755309  0.48621559449403096  0.49174264905988796  0.49731928302893941
  0.50309838032038701  0.50893703697276926  0.51470932387820689  0.52033674685547471
  0.52576953091414891  0.53103053626366936  0.53633893331550531  0.54151810276258827
  0.54661117430551220  0.55158742233492930  0.55646848312946406  0.56126308239633882
  0.56601352895433610  0.57085137496775562  0.57583921780152791  0.58086275356317996
  0.58574825951933918  0.59044455060806700  0.59504998293161504  0.59958696576624937
  0.60423225748898557  0.60888736111234620  0.61356250864449935  0.61834543885512105
  0.62313377231065237  0.62777129044144286  0.63226015785160239  0.63664887834369022
  0.64103789359761587  0.64558335346749374  0.65014506981569709  0.65498727494134645
  0.65975833067290079  0.66456737326659765  0.66951572376373292  0.67458158439603166
  0.67964293454470726  0.68465197431132852  0.68972505081660440  0.69492684070731481
  0.70020794972126643  0.70560906866560336  0.71122500478907935  0.71718791678540905
  0.72331656896965157  0.72946149099765101  0.73588349344173487  0.74229949825874175
  0.74873473668547585  0.75542927345809652  0.76247371464842728  0.76983366722943580
  0.77763865430942303  0.78586354255675961  0.79421009805373610  0.80300066986589758
  0.81235470386434072  0.82297591402500891  0.83473274874257197  0.84828212302655059
  0.86438322532814005  0.88443465527427945  0.91778704323039284  1.00000000000000000
   2.8688840634111130E-034  -1.0000000000000000     
 T T T T F F F F F F F F T T T T T T T T F F F F F F F F T T T T
  <DiscreteSampler_grid>
  grouped_processes
  1 # 1 for a reference and 2 for a running grid.
  10 # Attribute 'min_bin_probing_points' of the grid.
  1 # Attribute 'grid_mode' of the grid. 1=='default',2=='initialization'
  0.0000000000000000 # Attribute 'small_contrib_threshold' of the grid.
  0.5000000000000000 # Attribute 'damping_power' of the grid.
 # binID   n_entries weight   weight_sqr   abs_weight
    10   10   1.242558429301482E-021   1.994291610783165E-042   1.242558429301482E-021
    11   10   1.242558429301481E-021   1.994291610783164E-042   1.242558429301481E-021
  </DiscreteSampler_grid>
