 -0.00029906667324223  0.00677452625935971  0.01668721835372428  0.02741842725661513
  0.03861215895308227  0.04948959562525089  0.06027335633671212  0.07135351629286668
  0.08263377958726995  0.09337229192488336  0.10382160281844659  0.11394829823696054
  0.12385440701451930  0.13345976551128386  0.14297052591423198  0.15251664472643883
  0.16228284184359454  0.17162307788534073  0.18060274747368044  0.18940986489760261
  0.19821240303128235  0.20682785613400162  0.21511514925389935  0.22344025060728284
  0.23195486096528187  0.24033780673454616  0.24936573809936313  0.25826008494810959
  0.26765680264529745  0.27724022648457358  0.28663023634267576  0.29576340840828047
  0.30468937338642993  0.31351070479236937  0.32233335758490278  0.33118094730947545
  0.34000472168483725  0.34870965933978715  0.35721247181393329  0.36559648631664643
  0.37447322556084622  0.38347725480665396  0.39251758893142552  0.40166612570176663
  0.41085047367692029  0.42001217381495892  0.42911961532946247  0.43744381238891172
  0.44579723061677740  0.45428261232722666  0.46267409783565089  0.47084295032506518
  0.47868822699542291  0.48624763791567183  0.49385464868334339  0.50160992563218587
  0.50945213398872724  0.51733797692245120  0.52517673320445435  0.53313129868330622
  0.54126065869783591  0.54957483461647072  0.55809440577989367  0.56673625823989326
  0.57528894805464215  0.58402078389915091  0.59262411008072424  0.60110901479100842
  0.60990158194815847  0.61910701743040741  0.62839095816238533  0.63778691496293882
  0.64728812722850693  0.65738331480506629  0.66768225520641911  0.67803124394139724
  0.68843808125916561  0.69873345156091193  0.70912430860074738  0.71951339153559901
  0.73021764076006268  0.74104948147318972  0.75202758444238693  0.76313465851384499
  0.77462456489615161  0.78797589215277763  0.80187393259887219  0.81610501147684456
  0.83059767070609525  0.84598964138834487  0.86282698130712554  0.88110082720803562
  0.90093066379309328  0.92409392560724457  0.95990367319285919  1.00000000000000000
 -0.00259223174333762  0.01022369283327948  0.02145112359424210  0.03220183213379330
  0.04339648327820349  0.05411145009531382  0.06477561712707228  0.07529181996102424
  0.08602689060290582  0.09768936719470499  0.11048294746622306  0.12418635691155229
  0.13796344144424347  0.15096398627999755  0.16287850934644330  0.17389628723651351
  0.18554100999402387  0.19705511123962738  0.20905043005619478  0.21993033896069411
  0.23038603653021422  0.23942802118197365  0.24800792020068002  0.25690221011629660
  0.26596547620332645  0.27527201344663393  0.28442667329553245  0.29377311597020900
  0.30341310205928201  0.31338129948355825  0.32379523380405356  0.33427847209553280
  0.34450285880669762  0.35498900131149896  0.36638380605376497  0.37753983106052885
  0.38759144831778669  0.39747408653416882  0.40799635566273640  0.41854332244374853
  0.42851268767148265  0.43816112325934525  0.44773443550828945  0.45715751491663753
  0.46626222613679852  0.47546606272927333  0.48558782495609437  0.49519181651539812
  0.50450960698897229  0.51456514354910743  0.52475471135969098  0.53496444443069857
  0.54470140285962931  0.55430765002322147  0.56397785006658108  0.57350366545159814
  0.58297056450040519  0.59249047613888395  0.60186798514446782  0.61142057021489360
  0.62141432574948341  0.63212729543751633  0.64347238596707923  0.65430902324992901
  0.66480609016627867  0.67516357393891480  0.68567825846557762  0.69635972807012947
  0.70754236637268075  0.71885491451652483  0.73024913621953913  0.74218914913915957
  0.75355206379391415  0.76462162455695437  0.77570544161360910  0.78676128676678991
  0.79702532705115969  0.80601901956346989  0.81488997487536674  0.82371840220805315
  0.83268317004288017  0.84215776299726230  0.85208650176782319  0.86293603337458880
  0.87456694217006758  0.88674085839982042  0.89957626936304302  0.91325131386007830
  0.92520241050033769  0.93688006211677599  0.94780319475015040  0.95866137454891576
  0.96899042260516888  0.97932725517150232  0.98954919478899039  1.00000000000000000
 -0.00770836661066536  0.05652196805024030  0.09137078469676557  0.11743620506424790
  0.13867709214670615  0.15704449756131639  0.17349322424836541  0.18850752859520328
  0.20274261688457126  0.21672120516676416  0.23010609469662538  0.24275887350207945
  0.25511927848237032  0.26775957629530006  0.27971009051219231  0.29162120500703720
  0.30398367514476332  0.31573536648279105  0.32663692157869767  0.33723733525818705
  0.34769047218195998  0.35736950278414775  0.36621726207741512  0.37503738709872714
  0.38419210839004930  0.39320925895334502  0.40171471067937237  0.40978701399389689
  0.41784240068330647  0.42601391846788172  0.43411550171846203  0.44227724621871872
  0.45057804082088571  0.45891185929948841  0.46737556568133637  0.47575589033835258
  0.48378912109657335  0.49154575464962275  0.49950234068676069  0.50693689260710051
  0.51453196172238158  0.52194652778219186  0.52922321008808459  0.53643612466764767
  0.54397260375352197  0.55172081416422236  0.55933036798505509  0.56674885449913481
  0.57432901253253832  0.58224595754640551  0.58987407505285760  0.59719520914066881
  0.60445275389871000  0.61146629147447806  0.61849336314217407  0.62562488337571187
  0.63281298507765193  0.64032452864407985  0.64752707643635976  0.65455256826691366
  0.66137451222474630  0.66782668926162925  0.67407901531678516  0.68031116292649296
  0.68689278450428326  0.69355953886155963  0.70035006588554150  0.70697515650264797
  0.71433485748590242  0.72174388438140735  0.72928027166038301  0.73681633979568650
  0.74418384723271358  0.75153207738261285  0.75893394666921177  0.76639837303018632
  0.77397432811509415  0.78159146137768865  0.78922429716244369  0.79703402611873142
  0.80523666790880355  0.81378003176588976  0.82255356231097410  0.83113447729336309
  0.84001303122235316  0.84885415773982509  0.85856654397328303  0.86854571015509008
  0.87880843164782019  0.88904000774660219  0.89997039959587954  0.91235056211598042
  0.92628288258346925  0.94283350521983555  0.96534107113275736  1.00000000000000000
 -0.02235399493224610  0.14871616443373165  0.20388476228924546  0.23754350310987651
  0.26457242772823736  0.28678836585923817  0.30678037142844994  0.32605767449844542
  0.34451811823195572  0.36173910867161385  0.37676504152140888  0.39024674699338474
  0.40325792015772766  0.41565008810612875  0.42814707227557491  0.43973774971479401
  0.45048894470994783  0.46067168855504498  0.47081223878013168  0.48035419738696272
  0.48926542059115574  0.49777214371776657  0.50578553671813298  0.51331483264513267
  0.52063751927006507  0.52780326078435080  0.53478960459949954  0.54159144493859945
  0.54805791346763277  0.55443451173347702  0.56075618868628851  0.56677322096215832
  0.57269789802024096  0.57856203104301862  0.58425922713564160  0.58974827894377468
  0.59523295308205226  0.60064220705997362  0.60595369209340344  0.61119545751560578
  0.61650632950736217  0.62185632195920848  0.62695719182290321  0.63201528217839664
  0.63694900699940793  0.64190979744813337  0.64677138093364994  0.65148660390340085
  0.65611237623739282  0.66071215123435156  0.66532865559355203  0.66995700088018972
  0.67453863422124849  0.67900949895819185  0.68337747615139277  0.68783307707588293
  0.69279908231792264  0.69776222428975354  0.70260319403890714  0.70734394065469830
  0.71200153137406286  0.71677101354853467  0.72150181565147842  0.72610455879869951
  0.73060672634363399  0.73501674222169389  0.73954564988762883  0.74424339555888097
  0.74906173752965821  0.75366456869684062  0.75824994140336865  0.76286666266443759
  0.76755462584609280  0.77240295675569015  0.77732304782011286  0.78221392985361382
  0.78721935324603443  0.79223416276356773  0.79766240556830903  0.80314589082543475
  0.80869159076759467  0.81454693829526759  0.82077493291154635  0.82696176767249074
  0.83313778138678252  0.83963429556680125  0.84653331911797469  0.85404728198144964
  0.86239892254294448  0.87109870685230262  0.88051209954032139  0.89083136116730843
  0.90318044657068086  0.91948945672717297  0.94399952491153316  1.00000000000000000
   4.2589639456501585E-008  -1.0000000000000000     
 T T T T T T T T
  <DiscreteSampler_grid>
  grouped_processes
  1 # 1 for a reference and 2 for a running grid.
  10 # Attribute 'min_bin_probing_points' of the grid.
  1 # Attribute 'grid_mode' of the grid. 1=='default',2=='initialization'
  0.0000000000000000 # Attribute 'small_contrib_threshold' of the grid.
  0.5000000000000000 # Attribute 'damping_power' of the grid.
 # binID   n_entries weight   weight_sqr   abs_weight
    10   10   3.847133818195693E+003   6.155514475751583E+007   3.847133818195693E+003
    11   10   3.847133818195693E+003   6.155514475751583E+007   3.847133818195693E+003
  </DiscreteSampler_grid>
