 -0.00029730902213103  0.00678098229158154  0.01694121203044827  0.02788940515364581
  0.03904341782344691  0.05027270037247086  0.06111710051612092  0.07177452828840775
  0.08232376215321222  0.09293366337977309  0.10335130999418868  0.11347856326539114
  0.12373198185456151  0.13369133802660313  0.14321563480999286  0.15243708276912393
  0.16147727325928998  0.17042582528116579  0.17948147991322674  0.18849998346866906
  0.19755963828264264  0.20640413141280439  0.21522062708640508  0.22396607140457164
  0.23281864762264659  0.24169950399007284  0.25060411277378297  0.25958977449144899
  0.26847117367047840  0.27770452417036318  0.28632118892054176  0.29475544453872388
  0.30307118165096991  0.31127949657236670  0.31944692930451862  0.32762999049476854
  0.33587394019197625  0.34422246239577020  0.35266112288991758  0.36107655798279226
  0.36939416188821150  0.37782373295589611  0.38592213940525028  0.39399818596584091
  0.40209703663591601  0.41018900865730368  0.41834508264771708  0.42658491471095838
  0.43480998826004158  0.44288677997306658  0.45077750004173922  0.45846657783521783
  0.46627466302650433  0.47445283033051588  0.48291010624808089  0.49131218670041388
  0.49951407900687450  0.50770082903593239  0.51610247049760927  0.52440232029588296
  0.53279337092800083  0.54103031007059987  0.54958112470730081  0.55849357809115596
  0.56794461531847928  0.57807857983541011  0.58803953895833661  0.59789910203889485
  0.60779958396630840  0.61772098048408819  0.62764828450598653  0.63757948647415474
  0.64742279692360805  0.65734056154049236  0.66732236616265250  0.67748870558786956
  0.68789722187441016  0.69833654296490677  0.70874226431998044  0.71968712139850755
  0.73086758303246335  0.74223022408139039  0.75373853575904348  0.76539235547495987
  0.77752200210069766  0.79012821046225057  0.80377867802073910  0.81792985778015659
  0.83263726578991215  0.84857402466942700  0.86660785509179539  0.88620828746624314
  0.90765460083224414  0.93198700437950377  0.96336284356986757  1.00000000000000000
 -0.00193913448664839  0.00931773656326382  0.01941293812669145  0.03007214597983326
  0.04077414776207153  0.05176971332782319  0.06263212091075850  0.07463231999782666
  0.08642177749929743  0.09816686677293129  0.10924263519110164  0.12000959844296577
  0.13077946145293154  0.14136451501784927  0.15198822605070425  0.16263371955526884
  0.17456035752050228  0.18693019203592587  0.19860459221496768  0.20967134115293512
  0.22007752169239767  0.22993141344553919  0.23932150186246004  0.24891051543841378
  0.25944002550759671  0.27008775966090259  0.28054876411534729  0.29079930084461886
  0.30110519621848258  0.31171218267977446  0.32273066171722525  0.33384975745838319
  0.34499842865068453  0.35569794411332001  0.36623885613591878  0.37657620212629739
  0.38699216015247967  0.39753539452865744  0.40835899577119633  0.41917512800768680
  0.43025100279360512  0.44170052937286675  0.45346119093316406  0.46522311139738265
  0.47666776644536779  0.48773759416202789  0.49836962035656945  0.50864780440522983
  0.51856110885545370  0.52826823916189247  0.53798754666211146  0.54769518405237350
  0.55745299691033978  0.56749416644105000  0.57788011484066737  0.58854145866626062
  0.59940221948945738  0.60983744714030108  0.61993766965490682  0.62985630783945068
  0.63939172603681571  0.64875495756553103  0.65809036387234976  0.66769949877644985
  0.67839450133998991  0.68908296817978509  0.69994023305890563  0.71062516838048784
  0.72073106163105649  0.73083161592896995  0.74076243652174989  0.75074521470619704
  0.76053996343033570  0.77046861666661548  0.78100090110866627  0.79195582063117709
  0.80320337804118236  0.81421483385744542  0.82475651724704990  0.83519477741834913
  0.84524475325104864  0.85566205408891760  0.86612959041157922  0.87654925689697749
  0.88742588362837105  0.89850447102638575  0.90973592884703713  0.92069641907680055
  0.93095650337530123  0.94091403089026526  0.95015765146165121  0.95952828259300937
  0.96947346172491933  0.97993579950918064  0.99025022402422336  1.00000000000000000
 -0.00899107286345609  0.05807897570659785  0.09331603424729876  0.11814617637862859
  0.13823428273972910  0.15683736599269191  0.17453884705259123  0.19098549380886837
  0.20644735933262673  0.22099340789007468  0.23502193298288232  0.24853365037352682
  0.26086696068176940  0.27254490435829709  0.28407856707420226  0.29511241043590486
  0.30593662437542979  0.31628219809625074  0.32656103673756587  0.33616607378901853
  0.34525746359354753  0.35413877548312023  0.36297008901984712  0.37190887571152459
  0.38023318198230416  0.38826059426527959  0.39636562945825027  0.40447126561203911
  0.41248159957845920  0.42006746436440057  0.42708410942274960  0.43383892409588742
  0.44092966093471081  0.44841670175040171  0.45574123680282008  0.46320165215468173
  0.47069308005107119  0.47863586877863668  0.48717603458684905  0.49565678244035505
  0.50332195490247422  0.51044540509858571  0.51760653465452411  0.52481937099827458
  0.53205001838737742  0.53932147172042089  0.54643928676634224  0.55333015427214172
  0.56011276111432018  0.56681303669013172  0.57350057313695768  0.58019822651143116
  0.58697335296462705  0.59383607527723747  0.60074592460661558  0.60762498561446565
  0.61492284937324493  0.62205385564651261  0.62925615133380930  0.63631719183157276
  0.64351482472755506  0.65064188066097972  0.65777016683348832  0.66468138822427425
  0.67141692648830065  0.67815051607877475  0.68505113483572477  0.69216827661547320
  0.69942786544982971  0.70679402608473674  0.71439690764426689  0.72218022548119754
  0.72981898849537308  0.73793439840841268  0.74619751695806613  0.75535431380089779
  0.76462432035643590  0.77377138896100972  0.78290019436602021  0.79202086997323673
  0.80113226997760334  0.81033552405534770  0.81967981505521781  0.82900378044171696
  0.83838437708317270  0.84764013656621562  0.85692020610739728  0.86641271745424775
  0.87646870857335990  0.88734414748636170  0.89916334489212479  0.91175581109699355
  0.92582116801572967  0.94222197362239646  0.96443854789168126  1.00000000000000000
 -0.02105419013234414  0.13671734726670529  0.18409702479275752  0.21329273608855870
  0.23723839151689416  0.25787021324560699  0.27568313057805283  0.29109091489595845
  0.30525046220489399  0.31805109233978190  0.32988496599847172  0.34107175393203198
  0.35158702195031999  0.36157511048029078  0.37135713297618855  0.38105604696889384
  0.39045652742229919  0.39930287337622589  0.40756449855275267  0.41573397124078848
  0.42391153180940533  0.43185513804953107  0.43957481193156805  0.44637149982315266
  0.45349811826466779  0.46054803463772925  0.46784540739440911  0.47482152184473969
  0.48184604141039011  0.48865896624148913  0.49533805746997972  0.50210709771300455
  0.50876739685670758  0.51523302758323664  0.52165452472401419  0.52812647503268062
  0.53462416935518453  0.54098148788477152  0.54709702317537590  0.55324832046406403
  0.55940317701309572  0.56543687492551753  0.57161339680380541  0.57763570940888076
  0.58348207779571848  0.58910290970262136  0.59463265406084476  0.60016619305425323
  0.60569061908496502  0.61120305114993190  0.61668211243761883  0.62200501127260965
  0.62731642627621831  0.63271209531105721  0.63809529557952294  0.64368605487007624
  0.64901281562234769  0.65421951431325387  0.65945038782523979  0.66468860676707264
  0.66983030566120438  0.67484245799216691  0.67979176689489051  0.68473942700416712
  0.68959182790691087  0.69455120476467547  0.69961915356089088  0.70453657662165470
  0.70942638445965334  0.71434385346156770  0.71937018508773365  0.72450651853465609
  0.72992003428940788  0.73565958198305592  0.74150216343006026  0.74728719315651171
  0.75319397754590911  0.75921549001237598  0.76547654842532231  0.77171103038090605
  0.77799050361164990  0.78414951889974127  0.79037823456975675  0.79690934703420035
  0.80366108221242694  0.81056720592257192  0.81800031639341975  0.82577306041657961
  0.83434558169392503  0.84430474610351836  0.85546005733785990  0.86769149335212625
  0.88192330576886035  0.90028057052489074  0.92922153390305928  1.00000000000000000
   8.6930981555128721E-009  -1.0000000000000000     
 T T T T T T T T
  <DiscreteSampler_grid>
  grouped_processes
  1 # 1 for a reference and 2 for a running grid.
  10 # Attribute 'min_bin_probing_points' of the grid.
  1 # Attribute 'grid_mode' of the grid. 1=='default',2=='initialization'
  0.0000000000000000 # Attribute 'small_contrib_threshold' of the grid.
  0.5000000000000000 # Attribute 'damping_power' of the grid.
 # binID   n_entries weight   weight_sqr   abs_weight
    10   10   4.337500197937208E+003   3.273558292887351E+007   4.337500197937208E+003
    11   10   4.337500197937208E+003   3.273558292887351E+007   4.337500197937208E+003
  </DiscreteSampler_grid>
