 -0.00129687896232799  0.01674680082162726  0.03480982508043283  0.05086187069762071
  0.06580716111486964  0.07979589016713204  0.09287476160911136  0.10549985690588362
  0.11739644353185942  0.12868716012361278  0.13962730793666145  0.15020784934872133
  0.16039362969392792  0.17030708866595320  0.18016560956842184  0.18975400704703047
  0.19916743142945734  0.20833659770243995  0.21758257576955983  0.22661345351851570
  0.23558832264496574  0.24441944192993656  0.25312605973272195  0.26177366765254800
  0.27039164932109105  0.27891958569481362  0.28730719637319019  0.29558786878592286
  0.30376588295758622  0.31206384576460539  0.32025148578547602  0.32847253432869622
  0.33666765978633378  0.34482059707256590  0.35289345856677551  0.36095493559462705
  0.36899794289165855  0.37700200145494467  0.38482805494531530  0.39266607630383638
  0.40055008280140436  0.40853229533765345  0.41645403767326522  0.42430483113720141
  0.43215662340807354  0.44003015983865262  0.44789560809400175  0.45575429074460033
  0.46364670727479784  0.47154200162929266  0.47931525422996696  0.48700754812267194
  0.49466146661470461  0.50234560226675617  0.51001793639308846  0.51783570624682929
  0.52565921546451999  0.53356217844703024  0.54143140391177635  0.54927298665099689
  0.55714076887520714  0.56508937840566620  0.57320528521809122  0.58144607034543438
  0.58960659717590769  0.59773740337603876  0.60584244689921041  0.61396697911489961
  0.62221731054000262  0.63075507366089101  0.64002320768425658  0.64924937084233980
  0.65838708742682361  0.66749388252409980  0.67664470734773940  0.68606943722950753
  0.69591205260335398  0.70586228825424002  0.71631731564978540  0.72694653708666113
  0.73774529515102594  0.74882676668904369  0.76037027656629486  0.77226661342108882
  0.78437635860162358  0.79672316099729990  0.80937326753240468  0.82255221926877331
  0.83661814567395643  0.85164099738680765  0.86817099972091760  0.88575335129046207
  0.90516408773471313  0.92821507057643415  0.95898136046919435  1.00000000000000000
 -0.00238830499858170  0.00938773059618048  0.01910169023875497  0.03030180349459663
  0.04124596282953201  0.05136545969556743  0.06160698498556746  0.07228400036390868
  0.08298570206155445  0.09367754256417679  0.10433529174354650  0.11490617470858130
  0.12513884500591912  0.13621827816553375  0.14706453968596539  0.15764121326429689
  0.16835072470073736  0.17969817950509742  0.19072522513518708  0.20165174497310948
  0.21227529345940760  0.22278313560485710  0.23310833145072210  0.24319713418397279
  0.25317849671182913  0.26306473922687079  0.27309822515027954  0.28367203248670975
  0.29451408702238763  0.30581862669510179  0.31654088674977210  0.32670624195610004
  0.33686993982569874  0.34691556260655648  0.35696368127671418  0.36706956394444257
  0.37736711200317136  0.38805965708662044  0.39902119199359021  0.41043650961821171
  0.42126752369880910  0.43162934375618128  0.44213094750094900  0.45222329561416674
  0.46206251783313285  0.47149709939409623  0.48148984341877554  0.49242827101744557
  0.50331602402775899  0.51404877411176886  0.52425065146500360  0.53459642171858701
  0.54508519278116496  0.55594699883475140  0.56661879489618039  0.57727402606229239
  0.58769158090440499  0.59893730722412275  0.60966668654367162  0.62058784062783801
  0.63064727620592753  0.64089832227493237  0.65081026289628152  0.66086774359561107
  0.67099520894136766  0.68153120614558915  0.69190899752655988  0.70279746032684187
  0.71358994367525508  0.72479561889338295  0.73548366368397811  0.74660140213748638
  0.75781160265040393  0.76939804466926598  0.77980324644998378  0.79007805896916938
  0.80005589202997573  0.81008159387666179  0.81945851469643394  0.82879317397311414
  0.83843594637729324  0.84846228257175516  0.85843616791891209  0.86874719362237895
  0.87940055732623168  0.89052608005789402  0.90121955144227628  0.91147507850152254
  0.92195471821930375  0.93277345218238017  0.94365202542736837  0.95453494222033464
  0.96517358657939556  0.97633644094966632  0.98773188017736924  1.00000000000000000
 -0.01476450997455864  0.07665870661143948  0.11656264328926433  0.14582658715616739
  0.16988627476145915  0.18987336774845984  0.20722389293224913  0.22310638047974199
  0.23825216631341284  0.25265457180565609  0.26649774747045485  0.27959117663278799
  0.29214236277374178  0.30412757301898130  0.31567409403067176  0.32686646099029626
  0.33775235506880946  0.34823413420738730  0.35827060451988557  0.36794814865738845
  0.37756694165036969  0.38719859883504659  0.39662590145440163  0.40575119465646903
  0.41489772651234985  0.42435643002652729  0.43378626915928276  0.44267968417396597
  0.45117309798116528  0.45969689747769482  0.46814258148443161  0.47629302126544210
  0.48400064037871637  0.49145396361994342  0.49889817130385583  0.50652029286014300
  0.51425116926194225  0.52175923891280362  0.52903922960437155  0.53612601254876102
  0.54335188159259362  0.55034500837077116  0.55741887332326800  0.56436060711381941
  0.57122840275531539  0.57795534931919512  0.58479712965839403  0.59164597259398521
  0.59840974149151915  0.60508285687512020  0.61171813154119792  0.61829714857919760
  0.62499955338527202  0.63185673199009096  0.63899537132022310  0.64621193101937935
  0.65342739769448155  0.66055742095721459  0.66767900881843734  0.67474713490717231
  0.68164839926479492  0.68842388783119179  0.69514997545772672  0.70186723783078253
  0.70862402360623666  0.71536340749325933  0.72202395067713832  0.72871107322776318
  0.73543318399848467  0.74223655579884806  0.74906984292342904  0.75586401298838513
  0.76254855037042568  0.76945043406094915  0.77648378741411761  0.78372915595080572
  0.79095812847785230  0.79836913614748772  0.80555298444222623  0.81286508386310607
  0.82045986854692554  0.82828372771100278  0.83624126134401700  0.84423427928899730
  0.85239237915698929  0.86082754862572630  0.86957920488774643  0.87856227456619873
  0.88768827396978700  0.89730382120339502  0.90774895417570689  0.91917628950181030
  0.93178453937484795  0.94678206008395849  0.96760923971956592  1.00000000000000000
 -0.03191734766865389  0.16580001206283421  0.22052523704853796  0.25547373149692409
  0.28170720903794844  0.30445564154892685  0.32474396497910241  0.34366203315985394
  0.36114619682670257  0.37708247836471137  0.39144881206517101  0.40464120748303228
  0.41678021542855281  0.42809168458881347  0.43879733099523172  0.44921174950091625
  0.45938131133939458  0.46940616903254406  0.47918235572943468  0.48866312046167221
  0.49774900384162640  0.50627493855090189  0.51444660624623451  0.52239099925330068
  0.53002050877350237  0.53742851664609792  0.54467969290376006  0.55183343201620572
  0.55894733106181504  0.56583409182914535  0.57249263227815872  0.57896022205361253
  0.58525731882143672  0.59144040145027366  0.59757912380110978  0.60368544329170581
  0.60973824774450425  0.61559404942256402  0.62132185854698330  0.62693255827468375
  0.63245157362860760  0.63788482524342804  0.64328456736644268  0.64854021679464091
  0.65365258856505182  0.65869621511181986  0.66373989587171700  0.66878469153149112
  0.67381775111245656  0.67882220686803740  0.68373609107072297  0.68850948960121849
  0.69319337114234059  0.69785282479137711  0.70247994634352684  0.70707199220382488
  0.71164515481236368  0.71621709541052225  0.72076599645275741  0.72527460588382531
  0.72978732474187924  0.73427195953540259  0.73867888411153648  0.74304764195591833
  0.74740398182049061  0.75176392812198201  0.75615189200717070  0.76057088703023146
  0.76501314762001316  0.76946069689436081  0.77392857629473888  0.77843591331105277
  0.78296088383876827  0.78747634688863155  0.79198413501351472  0.79663420705410104
  0.80133994602829572  0.80611312438390648  0.81096623353691932  0.81599379332564226
  0.82119235302227200  0.82649266076812622  0.83183701346369820  0.83733046379663090
  0.84296400340528232  0.84877766010222144  0.85494326186638692  0.86155895059952348
  0.86856185003979769  0.87603750486689225  0.88433123324052842  0.89356859765807639
  0.90422284392381058  0.91772400314210822  0.94046796450650660  1.00000000000000000
   7.6059303154290116E-008  -1.0000000000000000     
 T T T T T T T T
  <DiscreteSampler_grid>
  grouped_processes
  1 # 1 for a reference and 2 for a running grid.
  10 # Attribute 'min_bin_probing_points' of the grid.
  1 # Attribute 'grid_mode' of the grid. 1=='default',2=='initialization'
  0.0000000000000000 # Attribute 'small_contrib_threshold' of the grid.
  0.5000000000000000 # Attribute 'damping_power' of the grid.
 # binID   n_entries weight   weight_sqr   abs_weight
    10   10   4.022868142307160E+004   5.091774135144865E+009   4.022868142307160E+004
    11   10   4.022868142307160E+004   5.091774135144865E+009   4.022868142307160E+004
  </DiscreteSampler_grid>
