 -0.00020738176030531  0.00621038691449565  0.01614760104320103  0.02722848941981287
  0.03865885559667978  0.05025856176672140  0.06148058457527219  0.07233603710060803
  0.08304715671057025  0.09346927990990032  0.10344647623590472  0.11303529740860675
  0.12239848466075784  0.13168780744104031  0.14091053203875031  0.15029966298232356
  0.15964394735407103  0.16885834072589134  0.17767793087477940  0.18616014619441679
  0.19468992342648647  0.20328458174111633  0.21193935254891161  0.22056745833837918
  0.22927338101556557  0.23806327881480274  0.24674663987722009  0.25543879661817864
  0.26405621584745903  0.27276986988333957  0.28164036494024014  0.29039587435493491
  0.29911486294846218  0.30800257945802451  0.31688500296840000  0.32574180050720836
  0.33449034707079051  0.34305484846422113  0.35155577866391197  0.36005294683668221
  0.36851594776891278  0.37692408840040403  0.38522557605252750  0.39346051915143815
  0.40194683320932167  0.41072421293686945  0.41931214568517350  0.42809459885777035
  0.43695073210014268  0.44590832592618757  0.45497418507383991  0.46400347207409831
  0.47294393228324072  0.48143241369559242  0.48993841477429706  0.49851817725091524
  0.50711303076310132  0.51570745500257931  0.52442195815207038  0.53321812960324289
  0.54192921560407714  0.55052539047674998  0.55902597860549696  0.56745129739555478
  0.57583615367938568  0.58427620469627306  0.59281160419791268  0.60152031460677158
  0.61024217240740419  0.61904970555527161  0.62810419947175511  0.63754004844595347
  0.64736600962115209  0.65726593269966949  0.66706284722029485  0.67693404793593281
  0.68694847728267783  0.69714559254253716  0.70752313550540269  0.71801318726576557
  0.72860266193733392  0.73930062897856841  0.75043185152799663  0.76222798994137919
  0.77474823538783955  0.78787592210683033  0.80126866651192230  0.81484499261167243
  0.82910271360520493  0.84564179896413227  0.86408245273580797  0.88321424669083093
  0.90419835237568347  0.92879501862363312  0.96128742565347680  1.00000000000000000
 -0.00246123789889668  0.00985208041479958  0.01987731571963431  0.02975398196531260
  0.03987070941092759  0.05022261676054221  0.06069885442036950  0.07125040672396510
  0.08176222373948699  0.09263677248972163  0.10368109353088618  0.11407727388925616
  0.12455838776427670  0.13523138262404952  0.14591193605261751  0.15636442929104849
  0.16687217012283451  0.17824317028971964  0.18993464807706750  0.20129876105332895
  0.21227867672914977  0.22270028902303776  0.23295722236724525  0.24331865246429554
  0.25363567966666767  0.26378138030188969  0.27381500246247731  0.28494488869299445
  0.29572944714391253  0.30644509809713072  0.31735411602919883  0.32885170688077769
  0.33940118043864670  0.34942573963391521  0.35932641856984099  0.36945978483550457
  0.37940407892835648  0.38907418968995755  0.39888608164953110  0.40872493910879337
  0.41872418362343417  0.42884234561917423  0.43919497488468751  0.44996917666821612
  0.46093982633951402  0.47195639164616410  0.48253272971103461  0.49298835486240100
  0.50342365375224729  0.51392190731655929  0.52452964620113751  0.53594666515329836
  0.54708148749309560  0.55816588321495353  0.56933433266190681  0.58046643383709262
  0.59023235947187191  0.59979972405684667  0.60948432249630391  0.61942449379986575
  0.62954380297227619  0.63994749008523610  0.65064950685723522  0.66189692420797852
  0.67254264023113397  0.68276299305112242  0.69309404416224418  0.70322322377659074
  0.71371058681279398  0.72416972080490172  0.73486365941168508  0.74630977450837088
  0.75726111410964481  0.76780306825387901  0.77805197121015357  0.78827627233893949
  0.79821875045065538  0.80802154967696926  0.81832912309046957  0.82883503121913882
  0.83886101890296283  0.84865418825654937  0.85858834963558139  0.86848501519610177
  0.87853815069052343  0.88889754308971980  0.89924830446765291  0.90954789488141263
  0.92051702002756608  0.93218630939370539  0.94355679836787265  0.95413029652160275
  0.96524098567850181  0.97710874775793710  0.98868321651984004  1.00000000000000000
 -0.00991638635119276  0.06193293349671791  0.09890634656955460  0.12448524184301338
  0.14547320357022120  0.16421361496337331  0.18159847877625071  0.19779669075347583
  0.21323623028441538  0.22819231764349149  0.24249370524988290  0.25591053307447065
  0.26854032971427144  0.28017792474139475  0.29150433607892340  0.30263077213568645
  0.31321191738885590  0.32340136592075580  0.33327561476083328  0.34381723597303726
  0.35395964683948605  0.36290927957100783  0.37186680609292083  0.38091295314600504
  0.39011594557586926  0.39934208895717077  0.40825166492510723  0.41695912265086693
  0.42554856203687519  0.43401479134475457  0.44220700958086140  0.45012527825387250
  0.45845749860837998  0.46610569658517692  0.47370558885338321  0.48118730029193429
  0.48891646190671373  0.49705918032823981  0.50510728561139195  0.51285237269369743
  0.52045306160637272  0.52808329304163526  0.53574322783190165  0.54325234674122180
  0.55061575178156308  0.55810079380189548  0.56588620274531631  0.57383029729887336
  0.58173709745370117  0.58971136526845258  0.59778036783023025  0.60592492290185840
  0.61346015541960164  0.62102798132826798  0.62853727779373914  0.63597153919705263
  0.64329643300796846  0.65038152824259765  0.65728292436381508  0.66441564570942779
  0.67189086919209906  0.67904233659387847  0.68606940066709610  0.69313622592769064
  0.70033499823969447  0.70775125507107917  0.71530207021055492  0.72293286833994330
  0.73058679911149260  0.73839718416331568  0.74606123118604484  0.75358015618156204
  0.76096179025025579  0.76833690361145468  0.77575804880803090  0.78316979257100572
  0.79068864517291992  0.79834290949210029  0.80600398032789877  0.81353127648607226
  0.82097938552145289  0.82840843414160137  0.83604233963268304  0.84409926571686378
  0.85250788635491048  0.86136744227797701  0.87059603124939455  0.88030288202747187
  0.89069436352244213  0.90133189498043864  0.91238619370606200  0.92444094570055590
  0.93753659408760892  0.95201110049418203  0.97159653398924362  1.00000000000000000
 -0.02085297389544096  0.13928836148825330  0.18868198374460907  0.22296940902097862
  0.24985422813623681  0.27285950734579201  0.29395049323478717  0.31337566152604307
  0.33187328636481322  0.34899830451586294  0.36425715708060924  0.37799816261830060
  0.39085631754983746  0.40302235486605864  0.41472047609008844  0.42598203995808870
  0.43680980346823839  0.44742288112711492  0.45777412128884998  0.46681991669790901
  0.47569239171837219  0.48431268438619968  0.49305185457659167  0.50144075103256947
  0.50986675959713579  0.51789399919472401  0.52671934254546482  0.53562594456308188
  0.54410617564568253  0.55234771246509540  0.56020131466309009  0.56749737171243819
  0.57439385205286142  0.58109889289749006  0.58747058406616481  0.59354720249652382
  0.59958771615276696  0.60567596754240416  0.61179130373594759  0.61784690851023316
  0.62384072761488485  0.62987221904454982  0.63604857378359714  0.64213558972704299
  0.64793438410004545  0.65362067034750904  0.65925903297684352  0.66485346650532029
  0.67030638778015939  0.67551092113983713  0.68089669620028137  0.68602354279179489
  0.69079525321752000  0.69540854854223055  0.70000668587237691  0.70475021676646366
  0.70940877146841053  0.71390981249022623  0.71837948531387119  0.72280991297102481
  0.72718749451785414  0.73156858395606306  0.73604800196244402  0.74050864677647799
  0.74509992952318138  0.74973609004737818  0.75436214192914119  0.75900180602310408
  0.76363691912250198  0.76824730350760018  0.77301877768567318  0.77807559556485895
  0.78301642582676245  0.78785727651221427  0.79270524978936407  0.79760958518636749
  0.80249815066308938  0.80745392153872231  0.81248811949167266  0.81763848627363700
  0.82299411268203826  0.82859148616742451  0.83434498890752018  0.84015933771053519
  0.84613298936743930  0.85213357881526219  0.85846632853718863  0.86519095531296253
  0.87217886971905656  0.88006197029848898  0.88867565877755783  0.89832967670116848
  0.91002320955106331  0.92494091440865867  0.94704138835801788  1.00000000000000000
   5.2821840913307727E-008  -1.0000000000000000     
 T T T T T T T T
  <DiscreteSampler_grid>
  grouped_processes
  1 # 1 for a reference and 2 for a running grid.
  10 # Attribute 'min_bin_probing_points' of the grid.
  1 # Attribute 'grid_mode' of the grid. 1=='default',2=='initialization'
  0.0000000000000000 # Attribute 'small_contrib_threshold' of the grid.
  0.5000000000000000 # Attribute 'damping_power' of the grid.
 # binID   n_entries weight   weight_sqr   abs_weight
    10   10   8.934730544861894E+003   1.709347495822700E+008   8.934730544861894E+003
    11   10   8.934730544861894E+003   1.709347495822700E+008   8.934730544861894E+003
  </DiscreteSampler_grid>
