 -0.00014000727821816  0.00613339851376026  0.01655552904343230  0.02775551438479252
  0.03876502644995135  0.04951189871460209  0.06028179343033407  0.07122232191025014
  0.08192147706752818  0.09199583365843107  0.10188213394541155  0.11185735668032450
  0.12177030322396382  0.13158887528409707  0.14121443667048675  0.15026915845674430
  0.15921617015381986  0.16824480861535643  0.17708936807480485  0.18597164809705502
  0.19498902591041714  0.20427088627902928  0.21361221890896845  0.22315390087659900
  0.23272897214153399  0.24196880212537977  0.25085450710145019  0.25963843018240601
  0.26846059592065769  0.27722866918045641  0.28590982514726798  0.29460763813811464
  0.30323863648070892  0.31182098270885328  0.32029773042503640  0.32883661833108130
  0.33727241325748669  0.34567603901904176  0.35388651372206908  0.36186749141455010
  0.36965424950721332  0.37733056947589960  0.38500202419041135  0.39272902302284540
  0.40069783409812898  0.40887096334554529  0.41707144725610157  0.42521971589855734
  0.43340284871822365  0.44167488529842569  0.44999074118728111  0.45832933667802422
  0.46673289311013288  0.47497616615739535  0.48320389474722314  0.49176782994394092
  0.50043346625514706  0.50902512950987611  0.51745022907207994  0.52568644412245269
  0.53378049292786023  0.54197241972993437  0.55057643461628269  0.55940694155356629
  0.56835267527023425  0.57736771396448561  0.58634095825187948  0.59506576052032267
  0.60399957966872742  0.61321585138290435  0.62243680335876606  0.63169104033846057
  0.64091592902107897  0.65005020720731244  0.65922098344903135  0.66941302291461646
  0.68018049271254644  0.69093376854475441  0.70164569408705679  0.71234124878969185
  0.72294584753431823  0.73401315083213137  0.74602760596480955  0.75895233892731495
  0.77202455957046046  0.78507456134178144  0.79857831984371286  0.81241665011445641
  0.82868736337876081  0.84575605990552305  0.86359507973981153  0.88272948580102595
  0.90408782287453027  0.92987175701781177  0.96215658234055612  1.00000000000000000
 -0.00206243851780591  0.00925774779816283  0.01856984008431996  0.02886326180198150
  0.03941817221453031  0.05020273138812348  0.06087850284435009  0.07235880447878726
  0.08358983329717082  0.09395237884450418  0.10391263444503680  0.11400670757206068
  0.12411838006861682  0.13401327235293450  0.14374236819785402  0.15385616858976964
  0.16454716517102466  0.17546835869765906  0.18656831155073486  0.19797198000505831
  0.20904376359460541  0.22055917001002895  0.23161991005791921  0.24284669952701793
  0.25321301939023444  0.26322508248763499  0.27340152327439438  0.28307548196138260
  0.29295705380584014  0.30295369832316094  0.31374039904103868  0.32479281685756345
  0.33573045026385789  0.34602480771615568  0.35558686106613291  0.36359249997132170
  0.37199280955041947  0.38073537231169474  0.38968786378414255  0.39854565777824602
  0.40728140574091160  0.41668776181541400  0.42836636291172109  0.44115722033139981
  0.45355756391387175  0.46559664501472325  0.47760903114952225  0.49007680073706628
  0.50259855380893659  0.51284759677367775  0.52296022404198961  0.53300959984631635
  0.54331783245853948  0.55320124520540537  0.56344132280410208  0.57384588825488736
  0.58425047515549688  0.59446558443920705  0.60501390116816944  0.61625918772184585
  0.62891807623321416  0.64180714549087925  0.65356591133669117  0.66481388991133961
  0.67641577291951582  0.68794997799024693  0.69841696059352720  0.70820507694572854
  0.71795094374448787  0.72766137707270084  0.73736711559283952  0.74682925669473066
  0.75637695653915560  0.76579602150897685  0.77604100088748906  0.78670200024828218
  0.79749362017411662  0.80833499912015405  0.81963017476148070  0.83073068911364956
  0.84083920715125959  0.85058357994805234  0.86086540368124587  0.87172924730300483
  0.88295495221389353  0.89441815535906966  0.90617071918427461  0.91781867274582762
  0.92879128370007680  0.93983732773830486  0.95046143222162338  0.96079197610389433
  0.97048733277714028  0.98024510187200842  0.99004370958564436  1.00000000000000000
 -0.01020629035735779  0.06134428662109905  0.09590657851798169  0.12132610464423292
  0.14301314579792102  0.16290525834925657  0.18033009048818524  0.19637252078645256
  0.21237435685272435  0.22746648670115582  0.24114170274648167  0.25346015280254636
  0.26458001628048139  0.27516836828199065  0.28568160196670672  0.29614670427642398
  0.30605311701357207  0.31588829670465041  0.32555019190760776  0.33540050869012206
  0.34506085127575647  0.35576285734527668  0.36718238257103569  0.37804812212554878
  0.38763668849986033  0.39631919596156362  0.40474330844533846  0.41299323666236537
  0.42100001203261739  0.42841295518297146  0.43560843617019918  0.44307736414800530
  0.45109987587695688  0.45887836485016809  0.46721054206634793  0.47511992829920402
  0.48320379516480616  0.49166382417162674  0.49991235676939666  0.50754248840026905
  0.51496978124281445  0.52255303995015712  0.53032899986849058  0.53812387763820546
  0.54533841151738549  0.55188268345927083  0.55824784998991761  0.56457571190991740
  0.57112107008901181  0.57757512347797690  0.58404087086044831  0.59064356851097422
  0.59721743965520158  0.60384065307966184  0.61101633328121996  0.61853037054732740
  0.62584125377494249  0.63320445408317072  0.64052112025082963  0.64788218769373129
  0.65527397171991675  0.66262617575027316  0.66995557053981669  0.67719352869549176
  0.68429308163867641  0.69147257368599957  0.69880318069737857  0.70632801776552712
  0.71356806214717639  0.72073918932528502  0.72833733955816959  0.73631059304432034
  0.74468283508688293  0.75280945328686544  0.76078615319313669  0.76892827601961289
  0.77717297516432260  0.78563258639836209  0.79405565794006927  0.80249857120670542
  0.81128764589419933  0.82005332134714504  0.82860311469566428  0.83710866850833499
  0.84561623826642596  0.85449368827539973  0.86374069478540638  0.87341924849800068
  0.88347298847597799  0.89413502786833499  0.90555713087579215  0.91763092544289748
  0.93039831061510680  0.94484122068830534  0.96497943359269678  1.00000000000000000
 -0.01440224161991189  0.08892130849113737  0.12427843094680684  0.14713108934463384
  0.16633808392712474  0.18227377380564694  0.19638428782188666  0.20930839505852863
  0.22031448033708759  0.23114177749213022  0.24196608049022789  0.25249440528241079
  0.26178534585633284  0.27096283093006174  0.28020619448169271  0.28929341483167659
  0.29777598615914602  0.30579911588069897  0.31422937998733685  0.32257308397650664
  0.33087644987514470  0.33883422700897720  0.34625670141266146  0.35390629122380995
  0.36100338165180801  0.36814381695838222  0.37505834363309332  0.38181179130650167
  0.38842405777411004  0.39483799423385185  0.40099396496931738  0.40691768590938493
  0.41293916882514681  0.41898510041367004  0.42518205621217703  0.43125054669708635
  0.43719496771297572  0.44294020437088322  0.44850211153245584  0.45407568535433351
  0.45996031904417789  0.46619039318396965  0.47249316041162454  0.47863724810969882
  0.48460692294030006  0.49028877105875229  0.49626376461484628  0.50170854704144152
  0.50699398262142747  0.51240250833767020  0.51793315068164558  0.52350947252770497
  0.52899256084241797  0.53423795986485356  0.53935474975598274  0.54441472427052218
  0.54969196144817833  0.55499681615664653  0.56030431975649642  0.56599377771424586
  0.57211282213267900  0.57849975950954990  0.58509017971591382  0.59142456579654235
  0.59744775582618870  0.60324976406440389  0.60896623183995913  0.61484118686988098
  0.62101026525354874  0.62741380558323212  0.63386085163627559  0.64041407292999708
  0.64722954290135770  0.65445486050313206  0.66188344284311351  0.66932343431321739
  0.67705723363898807  0.68472958007753004  0.69274498060694756  0.70093755423053183
  0.70983908349982083  0.71943717031073240  0.72921358384019042  0.73845039847898697
  0.74784439025826999  0.75789972714134890  0.76859222596770338  0.77919246296246403
  0.79022683245586345  0.80308101562431200  0.81712643060827050  0.83325431749174061
  0.85301022730748965  0.87713849461506932  0.91458485669940859  1.00000000000000000
   5.1433936045055094E-008  -1.0000000000000000     
 T T T T T T T T
  <DiscreteSampler_grid>
  grouped_processes
  1 # 1 for a reference and 2 for a running grid.
  10 # Attribute 'min_bin_probing_points' of the grid.
  1 # Attribute 'grid_mode' of the grid. 1=='default',2=='initialization'
  0.0000000000000000 # Attribute 'small_contrib_threshold' of the grid.
  0.5000000000000000 # Attribute 'damping_power' of the grid.
 # binID   n_entries weight   weight_sqr   abs_weight
    10   10   5.118181047142641E+003   9.569630352990305E+007   5.118181047142641E+003
    11   10   5.118181047142641E+003   9.569630352990305E+007   5.118181047142641E+003
  </DiscreteSampler_grid>
