 -0.00029241827664941  0.00689392872239115  0.01742761407244884  0.02838555982551098
  0.03944820174385082  0.05083263596541791  0.06174734082525946  0.07212292238961715
  0.08231580376363865  0.09300131522353819  0.10379553824542120  0.11385788797396765
  0.12354375055523908  0.13283636503593213  0.14196075431364466  0.15126192507476671
  0.16077980033331674  0.17032331305085979  0.17996602502971923  0.18940856780671145
  0.19831366577011939  0.20720077537977291  0.21634406727314198  0.22529606697226637
  0.23431939164682292  0.24320363331299252  0.25188129552289829  0.26068854418945314
  0.26947118729843239  0.27819355553856168  0.28666695024284022  0.29483275348000632
  0.30274388355343451  0.31043817675081364  0.31832569566195729  0.32616130930512044
  0.33416971445283322  0.34237452243895178  0.35067148979657614  0.35896640385353495
  0.36727127066009413  0.37577300992153084  0.38438192646191327  0.39295263594275653
  0.40200157687935606  0.41106333915904814  0.42008421359111014  0.42889049147944180
  0.43745547373235277  0.44600314086117615  0.45455438351007477  0.46309718116367027
  0.47181523415455029  0.48062731098746603  0.48945601930903609  0.49824805146028822
  0.50692944790500916  0.51536429640797243  0.52338289932385640  0.53140780642806196
  0.53946182258055275  0.54750017191829581  0.55598448802702005  0.56502282639173185
  0.57419775350318936  0.58367045787502769  0.59289596839168346  0.60223906620944712
  0.61165199841615581  0.62108001551799419  0.63059693346084467  0.64029874588941194
  0.65031095210415757  0.66087129244890686  0.67187743835322056  0.68302094731827279
  0.69427944448695778  0.70553201717445035  0.71637954474974419  0.72696654116974124
  0.73763429147597803  0.74862202506915065  0.75974576700355689  0.77146153863571632
  0.78380250147645059  0.79690587135059932  0.81041004898585989  0.82423333855209313
  0.83851236051851330  0.85355331881977525  0.87053332792445492  0.88835291867641619
  0.90775391109148573  0.93080985031520780  0.96217569807295766  1.00000000000000000
 -0.00228759455750967  0.00911207739546294  0.01945457927735597  0.02981554459117189
  0.04041063435945540  0.05087201418351306  0.06145909097151532  0.07243110633822808
  0.08311712338063251  0.09340039486056621  0.10375522319213322  0.11457984925142603
  0.12552107311903415  0.13651213745380072  0.14765233278058909  0.15909223273956280
  0.16989957170407574  0.18038808877140713  0.19033219449103694  0.19979998375103133
  0.20951809059858806  0.21948306558446712  0.22945895450038076  0.23968287749105224
  0.25047731418102098  0.26164614749032106  0.27229817345747653  0.28250468157955516
  0.29282964409673545  0.30481273292562200  0.31628578620794401  0.32680667945187775
  0.33682703324392432  0.34581083803272056  0.35540178877300738  0.36474800138189356
  0.37451997442656521  0.38436234112846751  0.39479992962476657  0.40617797107071624
  0.41832228360254320  0.43034245042116964  0.44200611776614840  0.45329243259308222
  0.46379420844074992  0.47411781403331937  0.48382754931626748  0.49326990157737266
  0.50242249607895817  0.51222165478625736  0.52218878558634563  0.53517736140324135
  0.54776758406890680  0.56020715543227417  0.57286489044430511  0.58479548015867910
  0.59490978002452188  0.60479771616749634  0.61489384090997501  0.62520093810480903
  0.63506464193258416  0.64499029206066538  0.65484066807156915  0.66476561496496323
  0.67442913479151256  0.68386652227755296  0.69349401981260750  0.70282704715515409
  0.71419522871146757  0.72655093665460502  0.73686699604393735  0.74700323358114151
  0.75653782955807514  0.76533797180740049  0.77382068944463145  0.78217458341752522
  0.79070013720033350  0.79930105215256808  0.80794128664586695  0.81708041396394115
  0.82676643751712031  0.83665947953628150  0.84654639407040688  0.85727353017584706
  0.87046004833120116  0.88270751440706008  0.89429770376784834  0.90557083493087398
  0.91693404090502162  0.92898491936981187  0.94097418845475167  0.95251592563036613
  0.96417896928625590  0.97649445565427784  0.98812164928940704  1.00000000000000000
 -0.00806249639614673  0.05864751395350201  0.09614490994033645  0.12330397339829703
  0.14567426691210211  0.16529611301980809  0.18234944259133390  0.19839349585105137
  0.21348225358012116  0.22729618037076790  0.24112191795909449  0.25396913967047513
  0.26567378284406451  0.27758078879797088  0.28963957407124713  0.30110180898532674
  0.31187543564200559  0.32241065596519958  0.33281587965664716  0.34301707845838020
  0.35359216811854260  0.36422250591315386  0.37444227630175619  0.38334425525939519
  0.39176859153587590  0.40041997671008794  0.40894560836705912  0.41759379816074788
  0.42568476195147775  0.43394427651938938  0.44249783357446004  0.45098799794063482
  0.45910617857222491  0.46696156647553166  0.47496157172388337  0.48361742784036099
  0.49275457108663662  0.50131736600705235  0.50908204455618733  0.51640816144783319
  0.52366729625863295  0.53100973588842648  0.53838306846110373  0.54552346021968912
  0.55266370387266850  0.55962513013288340  0.56680221760389116  0.57405172709319618
  0.58141794134697133  0.58896369451895159  0.59622611783027923  0.60335662626032494
  0.61125922430064539  0.61947384517207715  0.62741120258537120  0.63515269591057977
  0.64263282192821547  0.65002681237705595  0.65736641666581064  0.66500214095756882
  0.67243957358134154  0.67954224457176537  0.68654747324207033  0.69351272018979515
  0.70075768033500740  0.70791556757621488  0.71514573441950757  0.72237064552308272
  0.72946021968455765  0.73649047484809194  0.74352616262869042  0.75069311881543921
  0.75805596851644630  0.76529779440482193  0.77253860949695874  0.77880734297768039
  0.78549522670487182  0.79234023623057781  0.79932535218555900  0.80638409702500569
  0.81361574742002851  0.82131201083953387  0.82898230788808636  0.83695407912303099
  0.84601217459984079  0.85506890896650800  0.86468693534866370  0.87455754439071254
  0.88461583249883113  0.89518344531648530  0.90629999639835457  0.91797042396447304
  0.93067798386163525  0.94524106510871053  0.96592790866764267  1.00000000000000000
 -0.02215952542703016  0.14868674092969278  0.20013527040494999  0.23503943510509573
  0.26286613073455750  0.28698722355001816  0.30871833258261222  0.32809363041377798
  0.34536568992111177  0.36088336308481395  0.37505721852819768  0.38832992594824511
  0.40090084912495755  0.41273060523637251  0.42363580806268336  0.43400773152941552
  0.44374358165354227  0.45302939353783939  0.46191684621602053  0.47054880963386292
  0.47899530163821297  0.48735582015542189  0.49552431415524206  0.50356800031209437
  0.51132869792752278  0.51870797706615002  0.52605167964264909  0.53348963564008389
  0.54092799567480654  0.54807861289023685  0.55486873527437841  0.56147038011270622
  0.56798942000788133  0.57453861696642206  0.58110595982203916  0.58749207365558198
  0.59383595681593249  0.60021976403910715  0.60630886798255357  0.61198529340014218
  0.61763729420245173  0.62335564501300356  0.62877234108385693  0.63383482599008223
  0.63876740535379672  0.64371037979600088  0.64865621801761542  0.65359856470998934
  0.65857736278743473  0.66355156149230099  0.66845325153182733  0.67351856953896938
  0.67856764134129832  0.68360227421052111  0.68846290419016576  0.69304557818437196
  0.69749180927422516  0.70192047355306120  0.70630962347803816  0.71065449497564759
  0.71492583348831573  0.71922140725168660  0.72364817839220397  0.72805262804381610
  0.73244900149572123  0.73692001275783681  0.74143323300995856  0.74601139852286869
  0.75060442013483175  0.75542189533863957  0.76027222755728141  0.76507605132244705
  0.76977521661510340  0.77454538621731717  0.77941894386423893  0.78436022938128525
  0.78936549290965263  0.79441408790549906  0.79976252139858861  0.80491261803735648
  0.81027703413047680  0.81594703375626210  0.82195255197095862  0.82817104517865958
  0.83459739349119322  0.84130383020283772  0.84825224787352793  0.85541051219337949
  0.86310663268243915  0.87109529848604828  0.88070509951979437  0.89158331169806748
  0.90411899743778779  0.91963208350809433  0.94362336434694005  1.00000000000000000
   1.4942134340396290E-007  -1.0000000000000000     
 T T T T T T T T
  <DiscreteSampler_grid>
  grouped_processes
  1 # 1 for a reference and 2 for a running grid.
  10 # Attribute 'min_bin_probing_points' of the grid.
  1 # Attribute 'grid_mode' of the grid. 1=='default',2=='initialization'
  0.0000000000000000 # Attribute 'small_contrib_threshold' of the grid.
  0.5000000000000000 # Attribute 'damping_power' of the grid.
 # binID   n_entries weight   weight_sqr   abs_weight
    10   10   1.880843473586977E+004   1.171781376320789E+009   1.880843473586977E+004
    11   10   1.880843473586977E+004   1.171781376320789E+009   1.880843473586977E+004
  </DiscreteSampler_grid>
