  0.01007424467806391  0.05073555689302164  0.08441533645813665  0.10844346969150634
  0.12822381364345409  0.14612308020598666  0.16366577598130039  0.18241092305915724
  0.19895148945970959  0.21428830937136695  0.22970612022438788  0.24460626401804994
  0.25865523805616181  0.27246910756096232  0.28658024605298510  0.30013526305789395
  0.31327670352307607  0.32652237674022949  0.34062784700826976  0.35526083136168052
  0.36948314720755676  0.38371487754393308  0.39746810825588735  0.41029686004879501
  0.42209231618383475  0.43366269558939402  0.44556517120913192  0.45816409546662590
  0.47122700619420865  0.48448156094757844  0.49768883773423811  0.51047484474394511
  0.52286310099231215  0.53535653231205049  0.54699519826148435  0.55865066602119973
  0.57052762256381295  0.58257490281835400  0.59383929857692619  0.60408214667934679
  0.61507123831652388  0.62582795934569069  0.63671202539752614  0.64769138089776002
  0.65917234266128599  0.66981044730254058  0.67963411954870412  0.68957144492468603
  0.69999310871072118  0.71059902252159812  0.72090902457749761  0.73143766095524088
  0.74235993521040355  0.75327933374729195  0.76241511419431496  0.77137844914690590
  0.77976951290382879  0.78845638396083795  0.79690943969956674  0.80506765636701505
  0.81314856006404568  0.82155603759021645  0.82981672571960241  0.83793815607067335
  0.84665853752800746  0.85531491455728703  0.86472950862413001  0.87385112961476563
  0.88208858955216474  0.88971332360088384  0.89710802856980532  0.90404689037349539
  0.91068572319754071  0.91700718955291061  0.92287245406700269  0.92853480595377869
  0.93422642696177371  0.94005599086210401  0.94596264039887634  0.95167972154932567
  0.95702741277056735  0.96102398440485948  0.96462062978851171  0.96824313776487003
  0.97183309887287062  0.97525885080948238  0.97842774550298495  0.98120845162961468
  0.98367054585460578  0.98604131069057055  0.98833476156828259  0.99046815975042823
  0.99265163143162549  0.99479029089237547  0.99671678564195565  1.00000000000000000
  0.00859245955010245  0.01768659148414294  0.02902597969272221  0.04065358604752819
  0.05291629990320985  0.06390611828758802  0.07257185616972903  0.08098332080320259
  0.08931798218261784  0.09726876737791958  0.10528762935198173  0.11361616324481176
  0.12171858175122835  0.13092381660072938  0.14213276515233192  0.15458172026364678
  0.16769941493667176  0.17993790709237736  0.19146441671603898  0.20237365585252109
  0.21313705378811812  0.22376711827988871  0.23417025505373940  0.24442342506339215
  0.25405938125319044  0.26348605587542445  0.27302390136880933  0.28283168794863794
  0.29255475967286365  0.30350698665902964  0.31318440766727301  0.32435694839974066
  0.33529445493496363  0.34642198319570361  0.35674855734467426  0.36632180384895485
  0.37557209875003134  0.38494291059428182  0.39443998758902049  0.40392331671225978
  0.41383370958142973  0.42374857667016802  0.43366976027171206  0.44310198143581775
  0.45264905919371412  0.46291969332614324  0.47379954455383505  0.48423027070387825
  0.49377948319942966  0.50343403249886431  0.51378445957723340  0.52490221669568027
  0.53601379274713801  0.54752402705310155  0.55942273039783996  0.57095027043296376
  0.58179060154062512  0.59179109085893922  0.60103579131081386  0.61040893390697271
  0.62003360171047084  0.63003274583867208  0.64090770140961817  0.65195729867916374
  0.66323728691371697  0.67446446402813887  0.68525406312651138  0.69572302907037098
  0.70622102595828395  0.71646158843582031  0.72717934453380650  0.73813274243955074
  0.74891996119538018  0.75934062687510584  0.76998659122546453  0.78173177528209303
  0.79369168261934331  0.80511189224235369  0.81599636606424597  0.82635175930350369
  0.83689853907285905  0.84777388803319187  0.85869931473188355  0.86959875702998235
  0.88009695476948957  0.89014797678666890  0.90031849020470578  0.91050735289385132
  0.92037785118719317  0.93050580238690261  0.94066954182684326  0.95075973965110616
  0.96032358309848831  0.97068298757865079  0.98071598594338760  1.00000000000000000
 -0.00086093400654379  0.00444982369794775  0.00690224704522668  0.00940192894829452
  0.01232129194920857  0.01546330473528062  0.01892668194091600  0.02272982616864850
  0.02655276511823634  0.03112977296862678  0.03633510569511129  0.04146648724919790
  0.04671876492069477  0.05216499958388825  0.05832253619367448  0.06500940065199667
  0.07160192170763212  0.07783343085611816  0.08389148589972557  0.09042674315302895
  0.09764486875843417  0.10573374059989850  0.11409185514440573  0.12185096196837837
  0.12923747427299073  0.13729059498201454  0.14636232112977884  0.15549365472845819
  0.16444889119698236  0.17333297799520683  0.18226372415891542  0.19128203490866885
  0.20078665356754560  0.21089702208426092  0.22133671167751079  0.23196413490908080
  0.24244475442723529  0.25313500620430596  0.26408285345956301  0.27521058148055694
  0.28634075872702142  0.29762675137643657  0.30885938268763385  0.31994082939937379
  0.33099321002463450  0.34183369503099459  0.35251233054118636  0.36294937782847692
  0.37323490460993985  0.38378669758662992  0.39443418132815544  0.40574576976275861
  0.41709680197825849  0.42948726827166406  0.44200681694066313  0.45443320405340271
  0.46681343979237749  0.47926345064058090  0.49177260693525388  0.50417580161445941
  0.51638672539656438  0.52834515055096898  0.53989354685928781  0.55236555686798694
  0.56521471144251068  0.57837099564330152  0.59176271112997847  0.60552421796054112
  0.61982933381250971  0.63382068255403679  0.64726090149397852  0.66029857716126683
  0.67296168800389178  0.68550912704555911  0.69821233247343351  0.71134265525959128
  0.72498752426427093  0.73887280012912815  0.75245704633145316  0.76580828838973292
  0.77952322997223555  0.79433464400176401  0.81065188452595038  0.82869133265678585
  0.84378261488561690  0.85813997388022922  0.87194244157970568  0.88571090716086998
  0.90023708916581813  0.91499888325070255  0.92979907094182135  0.94417560164425396
  0.95821237397673031  0.97200947062916143  0.98577267832236870  1.00000000000000000
 -0.00179890832590825  0.00872352160163524  0.01725939736349920  0.02608195653343199
  0.03521568090373947  0.04451342183363038  0.05408265462861740  0.06388153965020821
  0.07437712932209188  0.08465688513318159  0.09431994466451826  0.10373854728464121
  0.11322734494724776  0.12306266879602837  0.13344696409180154  0.14352449114854784
  0.15324152863306911  0.16331453483045399  0.17438514870069310  0.18629847628199653
  0.19778872627199345  0.20892177692330480  0.21958543081480111  0.23002359211850121
  0.24033276043357449  0.25111275647993991  0.26246349236089089  0.27430550680975874
  0.28625713184240409  0.29771862633409335  0.30877101560154291  0.31979348926568257
  0.33061631369863376  0.34074147218505690  0.35052390673228201  0.36082902863254612
  0.37111181011506045  0.38110764125303015  0.39080666472732833  0.40032877463096705
  0.40993312739850352  0.41979935717774203  0.42972362087352484  0.43948076422433219
  0.44929810905138562  0.45923717923208968  0.46881497700344599  0.47781063622960035
  0.48684474715043957  0.49590804180517817  0.50531091462255007  0.51482813057301935
  0.52569404625900862  0.53803229158814203  0.55136507820860414  0.56344873236244442
  0.57368278094567315  0.58335441978381197  0.59392230599850304  0.60497257624150735
  0.61559341415719770  0.62633584456581026  0.63754247929984964  0.64938992834758213
  0.66106770943607385  0.67214617258210752  0.68302396766985185  0.69410505199038686
  0.70541047581889127  0.71637479134284754  0.72689262361104434  0.73761680456320666
  0.74826849825903630  0.75827046310396873  0.76800176879516846  0.77754843162741494
  0.78757258592113066  0.79845911188722762  0.81037748015314448  0.82250377696004584
  0.83438232633892651  0.84599804776424026  0.85710372085423259  0.86768883810281061
  0.87812279637116342  0.88867680052774289  0.89891421204829491  0.90898953227998547
  0.91926355889968603  0.93016390306213359  0.94177059482614123  0.95342878188822366
  0.96498364283642124  0.97600764350004465  0.98789462572935993  1.00000000000000000
 -0.00158272445241545  0.00780222131137114  0.01709415580445317  0.02758672988776553
  0.03938879118046082  0.05084460658448244  0.06190764146010302  0.07277845719135648
  0.08364159445804319  0.09416672440317651  0.10524459155140346  0.11718887809719619
  0.12917120407333377  0.14099617253930199  0.15295131650288837  0.16511326387963340
  0.17684270563684837  0.18838324917237051  0.20004054958038348  0.21139948227896802
  0.22245386631032715  0.23298370422004894  0.24330064005125299  0.25376167869573785
  0.26447441603781002  0.27540757370235630  0.28618691126789830  0.29656655654510145
  0.30604651538396632  0.31493741560158844  0.32382607986834727  0.33337732223449368
  0.34339803900308857  0.35350217986288285  0.36443170322188956  0.37585058843509694
  0.38706773397955968  0.39796744019027386  0.40859529747986023  0.41984147175158554
  0.43154319465448943  0.44272206995239805  0.45363528895462790  0.46520062369836512
  0.47755541159735743  0.49013090991796471  0.50193418124663880  0.51255466507534364
  0.52275194178308970  0.53271933471741706  0.54304242869559294  0.55344087944673337
  0.56413624967343678  0.57569773674505142  0.58680382239395212  0.59686910749932509
  0.60683850409916973  0.61722852222152946  0.62727417717787348  0.63729216361263008
  0.64709961648952086  0.65781198254484174  0.66816016203124928  0.67808310645222003
  0.68772286668797411  0.69796512995883886  0.70814103386869132  0.71700450983117525
  0.72529208580384064  0.73379036243572970  0.74232871528468836  0.75057122383481989
  0.75840795101027147  0.76623007527360687  0.77572711435310115  0.78731174467210918
  0.79853920152953717  0.81013446700580838  0.82173199622098747  0.83309362505975737
  0.84391577695430398  0.85482502274132699  0.86683164052317097  0.87803740924922857
  0.88964448673760388  0.90022062451000495  0.90986562517905978  0.91918750662365101
  0.92847791489534237  0.93860461749972202  0.94783322071800358  0.95724009351432071
  0.96774542450774281  0.97863091064682806  0.98919312977431673  1.00000000000000000
 -0.00274491456921496  0.01049507700255602  0.02189784911194137  0.03200924510177618
  0.04237454737078745  0.05263281471079691  0.06265193493717335  0.07308687069387905
  0.08357428038417163  0.09481193274705985  0.10580817655546686  0.11673929021533176
  0.12716872434188875  0.13735822676274423  0.14815265693695584  0.15898385748152710
  0.16961464879703339  0.17963968755812207  0.18952123903940754  0.19916316889855273
  0.21005119743090872  0.22101189389739131  0.23224559512446616  0.24239075261732990
  0.25238036991673068  0.26347996417340980  0.27503888642127466  0.28695894107252906
  0.29890449012849513  0.31025477915255495  0.32069790846783885  0.33100972780657523
  0.34186388006637403  0.35274225482985744  0.36348915033252222  0.37435899516155108
  0.38492427835398707  0.39596579987549424  0.40685349022297557  0.41780342155644457
  0.42832008527444332  0.43921154851482685  0.45067784773815489  0.46155137111480793
  0.47153160325701965  0.48150805046982009  0.49200903618308561  0.50250081768260457
  0.51260700144907390  0.52219810147057732  0.53213946727321337  0.54252803183790932
  0.55415820320473064  0.56544905359241648  0.57568135590327607  0.58571857450885567
  0.59566502124711707  0.60571861276315786  0.61568610658943357  0.62573467207937794
  0.63682164571970845  0.64884281772542274  0.66092346423336434  0.67220643273174341
  0.68252377155120070  0.69242415375200150  0.70232753647432600  0.71249469319484238
  0.72299025176632703  0.73347048360428568  0.74381697799037039  0.75374007961484446
  0.76341143167612935  0.77291952089633131  0.78230836642360335  0.79190355678536939
  0.80160029080478767  0.81068633157659398  0.82074018449389941  0.83109322182722756
  0.84078910020726549  0.85047858219763328  0.86051702849289702  0.87154093513600095
  0.88118127628540976  0.89067878192146388  0.90057683569609970  0.91062627420661513
  0.92018468852585245  0.92936820918904306  0.93931225811060082  0.95159806126979563
  0.96409196826005461  0.97566609951208172  0.98786670052499170  1.00000000000000000
 -0.00231466939215938  0.00942286170158226  0.01958341928136959  0.02894539143459060
  0.03823472596282762  0.04754075674082870  0.05685904107366749  0.06617145019884406
  0.07510177528025690  0.08374297593892474  0.09383675692214495  0.10436642143152915
  0.11511496192670678  0.12595276990044363  0.13795268217895371  0.14983382954968000
  0.16197905919314445  0.17346498419492073  0.18539649319662976  0.19750626852821551
  0.20919565578728408  0.22026975784735731  0.23132261665831741  0.24276354528152327
  0.25413429432552176  0.26509937395269995  0.27565042238984760  0.28593476905054460
  0.29641544733713965  0.30737078302530707  0.31887252350468037  0.33037455584781755
  0.34139198672089799  0.35203041493830595  0.36231288760477481  0.37239486452782355
  0.38215650707857152  0.39185687864319230  0.40185057737161978  0.41182858940939221
  0.42207042877537471  0.43265107902473826  0.44410778149906427  0.45607410315236890
  0.46820616745780386  0.48035364529102298  0.49250853094153252  0.50460944490696924
  0.51648942372488627  0.52800667102385468  0.53942124598802599  0.55092418305330859
  0.56223528796299260  0.57321776918781131  0.58436575766453713  0.59614518235286207
  0.60835095553139895  0.62089408747924901  0.63230165289415352  0.64318821818988814
  0.65420718455360216  0.66544724409327261  0.67654208534575844  0.68761364075120168
  0.69998012797311093  0.71234373698811315  0.72408202125782384  0.73518373942158355
  0.74586661070328819  0.75644669236402517  0.76721507591574367  0.77860068943778193
  0.78989038661140509  0.80026981762718963  0.80997801036451977  0.81966839084600551
  0.82947824927945635  0.83913761129852105  0.84849956127818438  0.85809267993244986
  0.86811681391031215  0.87748811125720949  0.88579587508069546  0.89388334470286712
  0.90221601874972956  0.91117504415594353  0.91990821211055918  0.92860782949858844
  0.93710226341205871  0.94619889296648474  0.95567661431343087  0.96455433681473912
  0.97336669184914526  0.98205233300450689  0.99080851044240559  1.00000000000000000
 -0.00314523083181247  0.01109606238516337  0.02130978865021875  0.02992007775396382
  0.03851652652384823  0.04727512949336817  0.05620503260923967  0.06512711315324357
  0.07346168592794693  0.08173115674208892  0.09155591590622696  0.10256628849058180
  0.11341315459876547  0.12418881732649442  0.13517154740715021  0.14642090438286640
  0.15784843578929131  0.16910869706956161  0.18016617386928288  0.19096096976417165
  0.20169696885580884  0.21272330062967035  0.22400691104225351  0.23536445654925969
  0.24633449546617564  0.25756354262729253  0.26888448960501193  0.27940224759862242
  0.28968183127381941  0.29985654698014608  0.31027972682996063  0.32002491147761170
  0.32955042632338755  0.33918896690696115  0.34934518938973225  0.35996051518623157
  0.37085803021577729  0.38195096629575825  0.39343782572066655  0.40406849452293109
  0.41449120087616959  0.42547288340119299  0.43691989848384594  0.44861163361938561
  0.46000954183208209  0.47001977905315701  0.47954458020996255  0.48879946109199685
  0.49853683970290930  0.50853590634702295  0.51880961410729731  0.52957938794029047
  0.54097181942900097  0.55275207705491469  0.56454197808119055  0.57604509632743561
  0.58786076240078067  0.59973424484386106  0.61214187057457925  0.62366135433528824
  0.63474567473294541  0.64537381868987775  0.65606187504982838  0.66748968093855154
  0.67881972170084881  0.68994987352003534  0.70055032083389290  0.71156668087684438
  0.72309556182704648  0.73370191305175225  0.74398142616184804  0.75388486257891762
  0.76395211091804571  0.77388145244915141  0.78404704039353612  0.79408497365233177
  0.80382363134673174  0.81362510451612657  0.82323132674828170  0.83446328046513751
  0.84492433175538328  0.85477305362150391  0.86481905665529346  0.87549154346318514
  0.88692791899660717  0.89798344219352744  0.90846069578649991  0.91845224061298603
  0.92796765996140551  0.93758945025898155  0.94732452201124484  0.95793042157069852
  0.96823261088937718  0.97893372313990112  0.98927314661186505  1.00000000000000000
  0.00478006396005453  0.03458900885403687  0.04895206206658297  0.05902232899700581
  0.06807945828964374  0.07662567642383596  0.08468486051374643  0.09242583665414038
  0.10008808446659610  0.10763342688516590  0.11513084270041517  0.12253450275031733
  0.12968740658187652  0.13666514908256638  0.14352800224498755  0.14973689301804727
  0.15586091723648601  0.16200295590577690  0.16802839862139662  0.17398982545274960
  0.17987195001266509  0.18588605231025201  0.19162210599169563  0.19731749936177534
  0.20305553585514927  0.20870821379009974  0.21435685068629309  0.21984669113471367
  0.22529910302243808  0.23100705579964345  0.23694955434398574  0.24303626731844818
  0.24929680955591660  0.25572711873617338  0.26235139400636787  0.26902254075738696
  0.27568881154465535  0.28237466860591220  0.28907953873493453  0.29543851349371653
  0.30205165586727184  0.30874725567585798  0.31564926887188594  0.32257292668241788
  0.32931468878033160  0.33626747745529229  0.34362572695580634  0.35109164224649364
  0.35795119886884735  0.36391367995928714  0.37012997670172826  0.37631941810380898
  0.38242205979258875  0.38867777214773802  0.39489563411860440  0.40102282882778040
  0.40712437292153958  0.41272038084638563  0.41908486388436672  0.42612581773395075
  0.43342829158421492  0.44081291021626867  0.44856301509108670  0.45628509037372345
  0.46399581003785656  0.47160135701772987  0.47941310880324128  0.48736921239564518
  0.49523031005231438  0.50311577984044942  0.51102895467950926  0.51921699816919864
  0.52795902523544469  0.53738676234220395  0.54699030258249814  0.55615435813065062
  0.56557480586612252  0.57611690468964505  0.58770227416541299  0.59954839587125242
  0.61135144644560446  0.62308463824032490  0.63492604820960497  0.64663385284689068
  0.65938264331297680  0.67311792675289495  0.68896960431645415  0.70551571509626054
  0.72424739454607723  0.74373995610397170  0.76386699871649055  0.78517120128921325
  0.81034562312449610  0.84425105997322691  0.88903437713728639  1.00000000000000000
 -0.01603076806425026  0.10354958518911060  0.13999642167768631  0.16520060426899708
  0.18615588973812261  0.20417144523295933  0.21914588697051052  0.23186714004951184
  0.24243203400550428  0.25259634943087700  0.26166853314469185  0.27044214578178788
  0.27895964502584070  0.28708345042047823  0.29505230374644620  0.30273276770421625
  0.31033832606311157  0.31780727440076734  0.32548331340458497  0.33286264798984877
  0.34057276814969384  0.34865285724095768  0.35605169532484693  0.36297890481448836
  0.36945825465268728  0.37573606871726739  0.38207891196585420  0.38853465430543987
  0.39482428644342282  0.40101149991924800  0.40722812557595223  0.41325823250829125
  0.41914638441072172  0.42498118882502117  0.43069190530497797  0.43628672761588949
  0.44178949616261892  0.44727592018995938  0.45298351568903389  0.45888470734334702
  0.46465730211499712  0.47023819637778730  0.47567441155513501  0.48116195245254617
  0.48683083839965391  0.49235335732210744  0.49781927301126982  0.50338912795768886
  0.50920460632022846  0.51514902316095057  0.52115028906230176  0.52732989112821671
  0.53348051235240956  0.53941641173966537  0.54488352727615452  0.54950664422319273
  0.55443187775922853  0.55930473025496985  0.56409311317033384  0.56877311523687646
  0.57355253485932833  0.57810806874165122  0.58258886556524325  0.58705370470820228
  0.59169463874805228  0.59626069058686604  0.60070788159878452  0.60513959783914473
  0.61061510469514402  0.61607149103311243  0.62148994726389273  0.62771158058912269
  0.63434603503648113  0.64108495155297374  0.64818069945146739  0.65576922871560928
  0.66349192372127186  0.67092057976126429  0.67819463749217845  0.68589403459544995
  0.69359278388261247  0.70129788478991983  0.70930987417806357  0.71797491133863489
  0.72733434764721172  0.73750194302812344  0.74813033393265627  0.75945972538547779
  0.77148513504220262  0.78483905541776389  0.79985802418407359  0.81737841531368871
  0.83857946059840616  0.86567351288990468  0.90484919693577148  1.00000000000000000
   1.0717259212495133E-056  -1.0000000000000000     
 T T F F T T T T T T F F T T T T F F F F T T F T F F F F T T T F F F F F T T F F F F F F T T F F T T F F T T T T F F F F T T T T T F F F T T T T T T F F T T T T F F F F T T F T F F F F T T T F F F F F F T F T F F F F T F T F T T F F T T T T F F F F T T T T
  <DiscreteSampler_grid>
  grouped_processes
  1 # 1 for a reference and 2 for a running grid.
  10 # Attribute 'min_bin_probing_points' of the grid.
  1 # Attribute 'grid_mode' of the grid. 1=='default',2=='initialization'
  0.0000000000000000 # Attribute 'small_contrib_threshold' of the grid.
  0.5000000000000000 # Attribute 'damping_power' of the grid.
 # binID   n_entries weight   weight_sqr   abs_weight
    10   10   1.143701544289616E-044   1.868217471595298E-088   1.143701544289616E-044
    11   10   1.143701544289613E-044   1.868217471595286E-088   1.143701544289613E-044
  </DiscreteSampler_grid>
