 -0.00045389178609225  0.00755533808839653  0.01747958969897328  0.02845920812359554
  0.03959434659019827  0.05075199803203925  0.06143092001437643  0.07170551260508658
  0.08251765274787820  0.09288170790496138  0.10302336112765259  0.11320490359256642
  0.12337353071836417  0.13347000063803000  0.14320386909356317  0.15261960004619982
  0.16197949650824808  0.17141460395316443  0.18060634173122611  0.18955785902208083
  0.19836495945457955  0.20739355210756258  0.21641560178175240  0.22543186537580137
  0.23444864475309321  0.24322809328597220  0.25158305755473570  0.25977960058827904
  0.26760664499582454  0.27536805402099246  0.28371357103864142  0.29201231493751506
  0.30047856668199907  0.30937420191271908  0.31803409581345193  0.32700424681176643
  0.33573701455216898  0.34446109120969309  0.35336607145190990  0.36252583984169884
  0.37160317014710059  0.38013614581901101  0.38833539959521490  0.39646998807869765
  0.40457940709647938  0.41273167741618472  0.42090415699684169  0.42908622244694716
  0.43736755508796010  0.44574344778596448  0.45416981554883168  0.46260956063294356
  0.47069166769064852  0.47901788510921739  0.48718387482802916  0.49534186710607669
  0.50386276590906331  0.51266476237366665  0.52143308838546465  0.53014543399125780
  0.53888452972834666  0.54735563094971829  0.55555456652607327  0.56382684104361969
  0.57225635128736330  0.58060937412355906  0.58884541187782058  0.59807349363089468
  0.60723720835623174  0.61639908971110002  0.62563032072374647  0.63491068022843467
  0.64426218219842957  0.65385625993928032  0.66378013801910507  0.67378789267609984
  0.68387686496686773  0.69429518998452211  0.70510782450301490  0.71584541469083929
  0.72666633883861764  0.73757891254676222  0.74908212566701482  0.76085417551211532
  0.77260034796574495  0.78455275232527844  0.79682257471996909  0.81091281840908025
  0.82553914006508222  0.84041461158988573  0.85700747896593255  0.87582420569766961
  0.89710598182804568  0.92237256079507568  0.95676617117141072  1.00000000000000000
 -0.00161428997008678  0.00959979885129168  0.01948355637971934  0.02933606510205574
  0.03908479240605176  0.04855260774818473  0.05848407275235960  0.06865794429995077
  0.07901401187969051  0.08914598608701163  0.09948408886161325  0.10947814778719783
  0.11902181465596237  0.12914638697145217  0.14007998723865944  0.15065573037403868
  0.16072025564871814  0.17133423310897702  0.18275804260761974  0.19382164395430254
  0.20437092427599343  0.21541830761370223  0.22668239629522788  0.23744649968957451
  0.24842457357847580  0.25875465467390257  0.26867210608669995  0.27788801410564090
  0.28713123597229839  0.29658549946755408  0.30630594975005410  0.31612711221360412
  0.32586243081005800  0.33537212448502429  0.34488476040824567  0.35464914418929955
  0.36445897309804443  0.37410717887197131  0.38357087125863787  0.39332302304232830
  0.40389433699842903  0.41483585215748880  0.42585094183443256  0.43687474235447049
  0.44859105202879729  0.46072512718494718  0.47294674773478435  0.48459660151899919
  0.49553295408716796  0.50600470940014763  0.51617423849807853  0.52653373839948847
  0.53718086521203912  0.54735996138348464  0.55711784794705077  0.56727908788667114
  0.57831883298274289  0.58949204738085792  0.60091806113703850  0.61302408450761026
  0.62568365962767025  0.63851840339682331  0.65049817645024421  0.66228101587817112
  0.67299717392916436  0.68294126909563135  0.69279167145904297  0.70255775126081810
  0.71288950520120054  0.72402534212555536  0.73445855635242629  0.74463320605893224
  0.75435686995442697  0.76414077472495623  0.77411967849894370  0.78386817191738745
  0.79356418364599524  0.80354052921535901  0.81400337356343078  0.82541847040227723
  0.83680678777270856  0.84809741021664131  0.85976632750998017  0.87151497825773705
  0.88204380135777638  0.89146985301647841  0.90127804901560626  0.91141027606804359
  0.92169005911111168  0.93250902484554143  0.94424789365245798  0.95673346003499260
  0.96820406558833216  0.97904472072103732  0.98925297169143200  1.00000000000000000
 -0.00806861845489862  0.05401291594848039  0.08394661610389616  0.10697753690506041
  0.12680886849487627  0.14483045568374764  0.16022442683627872  0.17406884260097216
  0.18678770882869997  0.19897400629931916  0.21052662227327643  0.22161586022735799
  0.23277211627157623  0.24417834379025632  0.25527936388427774  0.26546683121371245
  0.27526410505371707  0.28475309012774225  0.29380746028663363  0.30184761297238871
  0.30999063929301046  0.31807847899017277  0.32624822263201270  0.33425347922005899
  0.34189563760808317  0.34953865998653433  0.35765888526921730  0.36589750976132118
  0.37385351728187660  0.38133544340589409  0.38877425874955718  0.39631601040601300
  0.40319049343849178  0.41005260677640382  0.41691250694735460  0.42390049197186758
  0.43090254970975617  0.43767921369872126  0.44426039528250838  0.45086675832330825
  0.45761285670379476  0.46477205572929475  0.47207612294876555  0.47913495884163465
  0.48571795220621877  0.49190641072472741  0.49820094229933898  0.50498951129820546
  0.51211084381195837  0.51897865642328633  0.52551275724842128  0.53183231446364476
  0.53839120265978824  0.54510503290305035  0.55214946119788955  0.55902146374800932
  0.56583263262390893  0.57280685955663690  0.57994264017802821  0.58718253668132925
  0.59439739428511562  0.60159527526024226  0.60879592730960119  0.61598666916162359
  0.62307846540464407  0.62997546642823232  0.63697535531263605  0.64401040859113678
  0.65211524713215807  0.66075725947668273  0.66888867108941408  0.67614744451952913
  0.68350931473942522  0.69127952899397316  0.69943921551943278  0.70798820961792708
  0.71674288050457224  0.72545467360900895  0.73437200989397666  0.74353807149098050
  0.75275509380838601  0.76120157466431060  0.77028549569289129  0.77952881566843601
  0.78890487624119821  0.79880878125415600  0.80893108038899808  0.81962569872625402
  0.83058577441357218  0.84275720613085203  0.85691162273642252  0.87345003475575311
  0.89331644220156514  0.91464402964928881  0.94300517224290403  1.00000000000000000
 -0.02122999682906999  0.12286767409858323  0.15672215296446401  0.18032741614333922
  0.20021998681028280  0.21573035299729507  0.22831997544611557  0.24005174450078595
  0.25140423405442175  0.26149076576115721  0.27127868429286150  0.27966069705663665
  0.28802712650441575  0.29561204386191076  0.30260708994409652  0.30957522152747169
  0.31624399442176493  0.32287363129877544  0.32939429367362849  0.33588301528257325
  0.34256724390664528  0.34922682182568660  0.35584829480925489  0.36226301639164027
  0.36854316850666224  0.37465947130419680  0.38078625133703203  0.38693784520172536
  0.39319802619776950  0.39942116697787083  0.40548436530723608  0.41140957527673455
  0.41718457127287112  0.42282300204888856  0.42852525587977336  0.43412408507496930
  0.43976643255891384  0.44566212384025550  0.45156705521850099  0.45754100230563088
  0.46346461967677821  0.46930851068281532  0.47511482429673374  0.48074016660373387
  0.48599700910990146  0.49141199531936924  0.49681593938415242  0.50202904184907360
  0.50693096455757047  0.51182008021622227  0.51681869141041237  0.52188258025864498
  0.52679730666557001  0.53164953107868440  0.53661177696075302  0.54183403068920766
  0.54732971837767885  0.55284106488360230  0.55822717746015482  0.56378456991719617
  0.56964483850157233  0.57561416554915246  0.58142494640353071  0.58690358980875645
  0.59237069339606085  0.59800461458787191  0.60369236757505818  0.60929066058383097
  0.61481728858267726  0.62037681932766986  0.62606396895645056  0.63201315427607141
  0.63808755863982558  0.64426408105663591  0.65067128527080043  0.65718997301914883
  0.66380416864895486  0.67073328481198036  0.67806639580824779  0.68560729998130099
  0.69347553238392012  0.70132800962275899  0.70917170133066199  0.71691772980706647
  0.72538207688832712  0.73430773319906373  0.74349835438921819  0.75322494861925571
  0.76325504907518693  0.77421294547283126  0.78649632242756318  0.80047190565769133
  0.81756724597817121  0.83930682360816966  0.87644376315555517  1.00000000000000000
   4.6978060858746930E-010  -1.0000000000000000     
 T T T T T T T T
  <DiscreteSampler_grid>
  grouped_processes
  1 # 1 for a reference and 2 for a running grid.
  10 # Attribute 'min_bin_probing_points' of the grid.
  1 # Attribute 'grid_mode' of the grid. 1=='default',2=='initialization'
  0.0000000000000000 # Attribute 'small_contrib_threshold' of the grid.
  0.5000000000000000 # Attribute 'damping_power' of the grid.
 # binID   n_entries weight   weight_sqr   abs_weight
    10   10   3.449800268004185E+003   1.782651080815255E+007   3.449800268004185E+003
    11   10   3.449800268004185E+003   1.782651080815255E+007   3.449800268004185E+003
  </DiscreteSampler_grid>
