  0.00011477868019670  0.00144910309369846  0.00248353852252673  0.00333272869956519
  0.00405726998350781  0.00470812977506776  0.00529872108782635  0.00584941217019355
  0.00637705354531948  0.00688184439735624  0.00739288835442994  0.00791202668498889
  0.00842968178423076  0.00893864201637488  0.00943191679895678  0.00989910170813834
  0.01036179807746787  0.01080716869206661  0.01123753592990509  0.01166825263958495
  0.01209106320556956  0.01251895164183072  0.01295218907598050  0.01339578207427272
  0.01384892595552936  0.01430281003791366  0.01475948722326402  0.01522136402357087
  0.01568424661008525  0.01613970109360158  0.01657521513645292  0.01700147322527612
  0.01742434395097857  0.01784335027053977  0.01826208428956415  0.01868926370675389
  0.01910198372773888  0.01949610935661550  0.01987885968777536  0.02026299736720584
  0.02066433301053325  0.02108959157339843  0.02154182057377715  0.02199730040788361
  0.02243178395651227  0.02285933434278692  0.02328174738011854  0.02370766086846356
  0.02412765291867797  0.02454997788705057  0.02497673600817632  0.02541772583755151
  0.02587567889466337  0.02633018967132688  0.02678723761698324  0.02724231356226490
  0.02771584550357486  0.02819023475244722  0.02866385810403832  0.02914723397443712
  0.02963499379408854  0.03015797340089127  0.03069729735015715  0.03124403585077647
  0.03178590163004396  0.03231277518189711  0.03282286333928796  0.03332231757875592
  0.03380945379357089  0.03429889567998443  0.03479106425735248  0.03529006947368174
  0.03580206497432041  0.03632860444563944  0.03686373518685717  0.03739729050812663
  0.03792375823529249  0.03845077356666225  0.03899367791038524  0.03956141101596859
  0.04015659465180903  0.04078526655845595  0.04142829861838135  0.04221931613407350
  0.04308011378022987  0.04397001861995238  0.04491697879497595  0.04599860315599185
  0.04738598280469616  0.04942612163607980  0.05226098150192310  0.05595826886074753
  0.06022238137178744  0.06595635221111855  0.07236671100183510  1.00000000000000000
  0.00850876543869079  0.01945313158716628  0.03226450790464894  0.04395636487244464
  0.05457699208692388  0.06523035430517823  0.07566474128868923  0.08593574797574711
  0.09580666300496903  0.10572660890335715  0.11524406057274103  0.12488364420720287
  0.13447569283082605  0.14468861333450217  0.15547692361383891  0.16631404357910132
  0.17611652053442611  0.18614330288286074  0.19636102520364968  0.20673634051173945
  0.21608835356040959  0.22510809657153774  0.23519001162625869  0.24549802570929094
  0.25595046698837326  0.26591716812767319  0.27570147219846769  0.28507209051619009
  0.29415057842070819  0.30322767045982540  0.31243504029284480  0.32160170898408746
  0.33072970310982119  0.34001520034145777  0.34920870716790459  0.35839298084706328
  0.36770141892730906  0.37702378838725109  0.38623963852326421  0.39569129596091102
  0.40588768918736345  0.41701744817809044  0.42807885935345275  0.43869898886299191
  0.44904464335398581  0.45941171831559996  0.47023669993705408  0.48165790806023295
  0.49382736422278523  0.50519863527712583  0.51612130591725758  0.52688773661808030
  0.53711672373891295  0.54697441515805312  0.55677715297613894  0.56687115448147518
  0.57747234650801171  0.58872528337158525  0.60021022555412940  0.61169596319945274
  0.62335389549595743  0.63510973336806098  0.64676523459327795  0.65833786382088710
  0.66912426412739090  0.67772758638589159  0.68740740984488058  0.69679567159741029
  0.70667526356117472  0.71617776533947441  0.72551408829165398  0.73491738023219122
  0.74526000491282574  0.75482408075655039  0.76412637229490588  0.77373619867034782
  0.78272760018615972  0.79102045082647798  0.79940832157091446  0.80864176424871759
  0.81923687025208447  0.83010528484185553  0.84084291847463066  0.85190135009819234
  0.86332536683926486  0.87483014997735364  0.88572065334969574  0.89576282415515818
  0.90522679008716289  0.91494281024709012  0.92540526940395484  0.93594868203183923
  0.94667256117559950  0.95935041844142377  0.97772814731092950  1.00000000000000000
 -0.00117777072659846  0.00614996120307940  0.00894881457218716  0.01167300014782435
  0.01461039024135545  0.01770474203962569  0.02117506498493063  0.02515251769120897
  0.03010385736866705  0.03509004238758941  0.03952963196158892  0.04432179186817203
  0.04925778496784555  0.05435573106262493  0.06038820670677445  0.06713056851340231
  0.07388951527068335  0.08006678960647348  0.08631492352376935  0.09361404057789618
  0.10151428247888017  0.10910524455209972  0.11633482186205969  0.12405890388090815
  0.13223771973201554  0.14078169684488534  0.14928762587502101  0.15786132330285779
  0.16603015354718692  0.17406452027033203  0.18241420117883386  0.19136154047063081
  0.20077869044254135  0.21087968007773766  0.22120863288508955  0.23125845959457814
  0.24147303098846856  0.25148252458635545  0.26143234788887809  0.27155153705930546
  0.28162501299586817  0.29147842133555557  0.30217504251885674  0.31308129595008144
  0.32367765886162747  0.33410239281606774  0.34445838882486762  0.35482190251042289
  0.36502261812868148  0.37518295531581364  0.38555085885349322  0.39645942123433253
  0.40815117868158918  0.42025076607709122  0.43270484855083363  0.44559521395536705
  0.46090616963940167  0.47606709370816830  0.49051105250571586  0.50438453494258217
  0.51826244418584599  0.53312770453139102  0.54699447360630615  0.56047031620708654
  0.57329084446396872  0.58622390996776852  0.60009103384995743  0.61379559507390502
  0.62653207570261182  0.63868801310178791  0.65075709914996449  0.66282488868375244
  0.67493584512008586  0.68752510313475090  0.70050539663516342  0.71336198143704577
  0.72724320501058104  0.74169379439516825  0.75636653494680961  0.77356736291723072
  0.79263872986989692  0.81046564008509492  0.82710216638897394  0.84256539627021887
  0.85717711764958726  0.87092501855323723  0.88404940403712218  0.89740940188612106
  0.91044602525168972  0.92323396411512904  0.93631520090243125  0.94950811138373303
  0.96249201643714766  0.97514288292000950  0.98765326889741611  1.00000000000000000
 -0.00158782285226532  0.00769413325090068  0.01624263207518270  0.02530033661158938
  0.03424034609244182  0.04374938155394175  0.05514604594540932  0.06696480871346323
  0.07879868638779054  0.09144482129660711  0.10474758181842656  0.11649254613149819
  0.12726141459955048  0.13858480187088396  0.14965362993567674  0.16063642280655574
  0.17165466312811448  0.18230905911219453  0.19320151757611040  0.20396688331063681
  0.21485245127713354  0.22590917395327359  0.23680540952233292  0.24757341476257805
  0.25803682313925785  0.26807583509251032  0.27857882216932128  0.28950364571403103
  0.30151793006065114  0.31377971250332337  0.32563797631117120  0.33701804791836781
  0.34770639994126651  0.35795947742306300  0.36756482489233550  0.37658961030246701
  0.38480932026138798  0.39319023881963494  0.40127364236324903  0.40921722966149504
  0.41716155866935445  0.42561646434940836  0.43412437568467682  0.44294852550661651
  0.45206176729055086  0.46074822812254118  0.46982350378915411  0.47911530592792589
  0.48889977943164853  0.49919425039650955  0.50968065739834623  0.52089976629208168
  0.53294915592767589  0.54566052933650921  0.55877211593147691  0.57170923523651285
  0.58470320382014418  0.59700339386241197  0.60871363345106766  0.62008156546834203
  0.63196336470267378  0.64413376919312404  0.65543082523913332  0.66610949358277793
  0.67588432116850472  0.68596490964488677  0.69551248246571606  0.70539757267921654
  0.71452270064670476  0.72266275961713300  0.73051709471392590  0.73888183241731886
  0.74776021210736099  0.75713852317226249  0.76652686279865001  0.77704964900888984
  0.78917234685378435  0.80206496623516177  0.81508355566746804  0.82615099912507894
  0.83692347504747688  0.84680678358457839  0.85641547806946572  0.86627806623809389
  0.87624673660497043  0.88645811743413971  0.89725636187849633  0.90939885708343693
  0.92150439066674017  0.93360580122576031  0.94528383638190494  0.95634555150241551
  0.96725394773211915  0.97828580529252496  0.98899943509753285  1.00000000000000000
 -0.00122206760690650  0.01077188072325066  0.02144814650390518  0.03176126482625143
  0.04183192376212399  0.05206794590801013  0.06285307406892507  0.07396766439775793
  0.08530775442824794  0.09703273961560312  0.10947294851658934  0.12238164972207513
  0.13598530100363163  0.14824964450692474  0.15995808266792799  0.16989129485343182
  0.17857724665429950  0.18715281551176519  0.19555987759544224  0.20487786331576757
  0.21488443096815865  0.22423480334289075  0.23340358196146255  0.24297778816570270
  0.25271935776602367  0.26356072294885391  0.27501890380334804  0.28660173542747969
  0.29849571506818179  0.30945389167353993  0.31928261336084018  0.32879623989015355
  0.33925027810490999  0.34908884297587944  0.35891891987073066  0.36859603126441842
  0.37923422852961464  0.39131171353809713  0.40193249491204308  0.41137279163293933
  0.42037047871345623  0.42900858427165089  0.43826069739972950  0.44753891505819987
  0.45695195011692974  0.46672998376574198  0.47685355310186511  0.48698253033286848
  0.49661689903144846  0.50566328378536962  0.51468365087138279  0.52414029197126621
  0.53556977301379249  0.54734053756371392  0.55954424201559905  0.57150375645075246
  0.58341187743589562  0.59469167722942684  0.60546748433340203  0.61514087857059563
  0.62439594735338921  0.63334804911596754  0.64209280238691013  0.65118504709915659
  0.66020451538928182  0.66917491436819965  0.67870831885577076  0.68893753010656633
  0.69989480977690810  0.71113641524626547  0.72242020742156909  0.73457946827057552
  0.74785858585145548  0.76089280429320283  0.77371272479041031  0.78636799984740957
  0.79808283126695923  0.81002748131135238  0.82053204659745760  0.83063635322934137
  0.84077296308413796  0.85144025187423178  0.86253122000558402  0.87302104214481757
  0.88375710966415177  0.89458683586255172  0.90501738247911911  0.91524002887151579
  0.92556909856244463  0.93642058462800659  0.94694372079188105  0.95751074728644758
  0.96842490965288341  0.97946289251338392  0.98971582476061515  1.00000000000000000
 -0.00220059444243581  0.00984428465403838  0.01926661941904554  0.02922211476712909
  0.04044762429744857  0.05149767692753571  0.06237976721607964  0.07237955120812652
  0.08200352829740468  0.09079637544559485  0.09966221133897538  0.10901630492493208
  0.12055070047738442  0.13194343628707092  0.14318662139846147  0.15448805063686641
  0.16590782861990774  0.17559309745806975  0.18607139818151505  0.19662595460403984
  0.20674987632844569  0.21691710976815815  0.22680244394858640  0.23663649619541324
  0.24615545665154748  0.25560283224391106  0.26500634669744394  0.27457407569883946
  0.28418902207544300  0.29435788114026284  0.30590423578931564  0.31733988417388681
  0.32830075871620445  0.33965310334614179  0.35137194351964829  0.36261228438466309
  0.37372256027450523  0.38565031927993548  0.39797260933863138  0.41011334140929245
  0.42141864466232137  0.43202982711999111  0.44275687282787618  0.45336424231115247
  0.46334796139218376  0.47283825644109445  0.48265930423606207  0.49298302576197400
  0.50314835849838957  0.51304721998048419  0.52343399389793444  0.53437853050405004
  0.54506485588126774  0.55479088417265277  0.56403930775533062  0.57302362806412444
  0.58192775828487675  0.59105395982696229  0.60036185013892962  0.60995061094525227
  0.61952281337904924  0.62905415796346453  0.63864082210454143  0.64843052247746769
  0.65924617482405412  0.67134327216160317  0.68371613377840335  0.69520760226938716
  0.70563956066920586  0.71574643998856535  0.72601835189354569  0.73737584446715843
  0.74959840995947047  0.76091452348780952  0.77184019747624366  0.78222838052124644
  0.79264506853778705  0.80224099385048286  0.81199587877604584  0.82269580833324785
  0.83332051705260790  0.84391683222821212  0.85447822223565761  0.86626955697070840
  0.87761074142599582  0.88880376698644870  0.89975294796009408  0.91048082090019533
  0.92191484305462845  0.93362133556113314  0.94572041232956194  0.95754675418161483
  0.96932942169087477  0.98032970580827650  0.99053088735974104  1.00000000000000000
 -0.00255353221585296  0.00939342011050119  0.01918000515318050  0.02836832760056946
  0.03755891928379543  0.04702422762137748  0.05649139160647602  0.06556961741060713
  0.07430310979518051  0.08324057860312806  0.09264377876660215  0.10316004755472706
  0.11361435232768743  0.12414728385658577  0.13528579187935602  0.14636157759175605
  0.15764868233423485  0.16848359925714138  0.17855048425842526  0.18851431344040720
  0.19825716403980054  0.20775111169306465  0.21731165011364098  0.22706203801879629
  0.23768044295923077  0.24881803919394130  0.25992887487678540  0.27142569617833456
  0.28220801553639463  0.29237325463093544  0.30328362175435059  0.31465207113808025
  0.32593201723936671  0.33737138476128486  0.34926404709531556  0.35993264808664094
  0.36978211660216254  0.37980400658420954  0.38953326555687351  0.39926548414500113
  0.40866717046293122  0.41895689133159975  0.43129782802181454  0.44418353154958951
  0.45630625388733059  0.46719817904763106  0.47776298526663236  0.48792750988967637
  0.49767193830635476  0.50782882738868673  0.51840902932070598  0.52930480839686622
  0.54023427671570912  0.55148293775261692  0.56307532610162803  0.57473845393011502
  0.58628194362435360  0.59729562200076791  0.60843833098164068  0.61977129253796692
  0.63124681677338679  0.64254058433022376  0.65413792488924394  0.66640270343210761
  0.67873391342715361  0.69137978759019403  0.70131808028502762  0.71244396354540052
  0.72313433339075872  0.73371444441529876  0.74382833234240342  0.75577466563893481
  0.76954220898556935  0.78174633522044312  0.79269825451804643  0.80266683489306723
  0.81250294273867762  0.82233389003540958  0.83249847603946281  0.84332284956900838
  0.85326436828435137  0.86334774919656498  0.87308084964347077  0.88355536025217152
  0.89440454466990083  0.90553426006505477  0.91663708059329085  0.92573005713457346
  0.93500466928436121  0.94427770134186495  0.95362558178355084  0.96245095527858515
  0.97114908282113077  0.98029659885982223  0.98981879067420431  1.00000000000000000
 -0.00246855614710806  0.01012913163467557  0.02195934778554985  0.03338974192833692
  0.04434897120626619  0.05486787367946719  0.06547403819243383  0.07690026526701900
  0.08829124147033714  0.09958406752780619  0.11131767334839963  0.12294927232166433
  0.13470412811415511  0.14617434972917001  0.15739552947766394  0.16876452414923698
  0.18045738195986194  0.19222154885501977  0.20371075397162930  0.21498383474218644
  0.22607724309381633  0.23693073099783113  0.24737517254238642  0.25777541880626842
  0.26812092832734752  0.27897086203812249  0.29026337406067293  0.30198907456916785
  0.31361574005847159  0.32463279747933482  0.33586585682783088  0.34718533913523048
  0.35845069214634179  0.36955340464470571  0.38118016337049854  0.39309260929058920
  0.40389201532902819  0.41393549086746967  0.42381140886624979  0.43406127586146309
  0.44498335777491077  0.45592267771694772  0.46639015476854173  0.47653926830870635
  0.48732134559532458  0.49859575272609763  0.50979839337455812  0.52044444605100981
  0.53014255858835480  0.53932174413774758  0.54870915603352244  0.55838763845076889
  0.56766586080694803  0.57606517490811937  0.58391158896678141  0.59185991270240534
  0.60047670546563736  0.60962677396367115  0.61829696883272844  0.62764342705642873
  0.63752014213037644  0.64727791241210564  0.65813627503406558  0.66948634616696590
  0.68115111751419632  0.69286352773830384  0.70402686285231353  0.71490183935825224
  0.72514536851248934  0.73547534719358765  0.74539907988321552  0.75625324131441418
  0.76746769806206472  0.77770601847549525  0.78749806659613097  0.79709156588274521
  0.80668375930645697  0.81831608224291974  0.82986522418764852  0.84138616452338366
  0.85293889974392734  0.86410522919269805  0.87500181451565506  0.88521089206799652
  0.89553579098874914  0.90500987795861376  0.91522460451345800  0.92424732034224422
  0.93347491561172546  0.94334851697040956  0.95292484987929571  0.96217044103478111
  0.97135039195720740  0.98075611280694275  0.99026993808410124  1.00000000000000000
  0.00494342251340006  0.03415408346566366  0.05500378001214613  0.06863242717733707
  0.08023735662384954  0.08983148799766189  0.09915964623645108  0.10750942379251549
  0.11480383231034388  0.12188532905016143  0.12876687178481377  0.13541496526208288
  0.14198246992026478  0.14857616442964350  0.15506054096286423  0.16143671624689182
  0.16828918877054644  0.17651503232899315  0.18468506806794774  0.19213350748615551
  0.19882572893929693  0.20545129500246595  0.21240768321481876  0.21953040461108822
  0.22666486440358516  0.23367776814663010  0.23976747869646023  0.24632123974614439
  0.25254274107139457  0.25818767179543733  0.26390050470937765  0.26956587792309700
  0.27485725456538357  0.28030534725269718  0.28582233329657730  0.29162176060551842
  0.29773030410943269  0.30399282740682654  0.31034716982046279  0.31662575541082555
  0.32266726741078361  0.32843529291787582  0.33426709825758477  0.34073438610542006
  0.34764328821520574  0.35490366899433473  0.36232223335359259  0.37000752454714325
  0.37773599494025772  0.38578838720616337  0.39392584796681951  0.40165608896665755
  0.40898866959384755  0.41636231967713605  0.42420261887250327  0.43252983484755952
  0.44132641862851552  0.44997414185982670  0.45905781198591750  0.46835950361121387
  0.47732702992147430  0.48559524285782968  0.49344155435788750  0.50156184850029184
  0.51032333846242306  0.51919263535749027  0.52773590744280907  0.53621243090133408
  0.54461854596785675  0.55269115537733760  0.56046549085145536  0.56792497281883170
  0.57530211999968972  0.58289648541062411  0.59118708467823788  0.60010935819175515
  0.60997423553477048  0.62049669449050515  0.63128959882590685  0.64253544150615005
  0.65246221634803181  0.66235624172504504  0.67263787658543961  0.68350510416020072
  0.69484792932671735  0.70670605006414422  0.71972362118650002  0.73328995858370660
  0.74701837985498554  0.76280085784672047  0.78130845739180110  0.80249249039839410
  0.82748271570540910  0.85652313385893553  0.89858954808368063  1.00000000000000000
 -0.02148432566458269  0.15480603898180620  0.21294392548541799  0.24818775661232523
  0.27489223376725880  0.29860028025535307  0.31835601293064869  0.33450926724767532
  0.34734403122265256  0.35860942458391265  0.36931956846920772  0.38039766196439795
  0.39084944064971000  0.40024347972123037  0.40900654965409661  0.41769399147716385
  0.42681363459026167  0.43612210337978063  0.44499305191315014  0.45332333809129655
  0.46137071125611279  0.46918812809800448  0.47675821858557266  0.48396625383526504
  0.49099189858412362  0.49820396363641883  0.50539443434733478  0.51194538090176744
  0.51824778853456388  0.52446306882501326  0.53063084830898877  0.53674865629234481
  0.54262236820516974  0.54821746850238129  0.55365458892469532  0.55905885363085628
  0.56432467971004729  0.56923083834191601  0.57419967910186365  0.57910213795305832
  0.58382367400261515  0.58847267571948425  0.59323510611692343  0.59786790949196789
  0.60277282379751207  0.60754492686078077  0.61231110292538238  0.61699530135265701
  0.62160967711440751  0.62632547361101198  0.63115005536318747  0.63600717663023287
  0.64061392591999855  0.64514888458660746  0.64979434388230550  0.65440931412301884
  0.65923833837942725  0.66408106102955722  0.66883289834866744  0.67359924880515820
  0.67846080480742421  0.68335574122192499  0.68818181198928530  0.69306366268312780
  0.69773991780875089  0.70227786355706767  0.70671521593447229  0.71112863748268484
  0.71557520711675249  0.72004198276872489  0.72463483620537561  0.72954355131231630
  0.73472905410941458  0.73991239039632950  0.74528360188653087  0.75055300657628332
  0.75616798870725521  0.76202502376342107  0.76808355920098392  0.77449406148922417
  0.78110709463912897  0.78785931621940630  0.79464700165899915  0.80169652926657275
  0.80899829919855837  0.81676683460320298  0.82493416053982371  0.83336912497464233
  0.84209064553880808  0.85156220161142648  0.86200031693720414  0.87308348462922214
  0.88571449136705482  0.90213416987130979  0.92864556027133172  1.00000000000000000
   2.7169679594824881E-030  -1.0000000000000000     
 T T T T T T T T T T T T T T T T F F F F F F F F F F F F F F F F F F F F F F F F F F F F F F F F T T T T T T T T T T T T T T T T T T T T T T T T T T T T T T T T F F F F F F F F F F F F F F F F F F F F F F F F F F F F F F F F T T T T T T T T T T T T T T T T
  <DiscreteSampler_grid>
  grouped_processes
  1 # 1 for a reference and 2 for a running grid.
  10 # Attribute 'min_bin_probing_points' of the grid.
  1 # Attribute 'grid_mode' of the grid. 1=='default',2=='initialization'
  0.0000000000000000 # Attribute 'small_contrib_threshold' of the grid.
  0.5000000000000000 # Attribute 'damping_power' of the grid.
 # binID   n_entries weight   weight_sqr   abs_weight
    10   10   2.307130343551789E-019   1.433567091997708E-037   2.307130343551789E-019
    11   10   2.307130343551788E-019   1.433567091997706E-037   2.307130343551788E-019
  </DiscreteSampler_grid>
