  0.01039541794456696  0.05381652594790130  0.08379189838412363  0.10586442393160474
  0.12492407203496436  0.14247248066772003  0.15940827299988569  0.17603362042695728
  0.19217368940067026  0.20867239515528166  0.22508611947192830  0.24055197749710511
  0.25500161516271280  0.26912478255555455  0.28349678393153482  0.29800649558287329
  0.31225860308327008  0.32596917381747875  0.33970094570531528  0.35326116252767714
  0.36585076983170189  0.37843077216378818  0.39179299405639750  0.40532003642201220
  0.41814426817741451  0.43073580961508501  0.44351427041209857  0.45563580659528174
  0.46705154209273353  0.47871710168255827  0.49051786550563098  0.50188865877809752
  0.51292290096697823  0.52390667758870779  0.53509585951020577  0.54689597644211907
  0.55899801437262464  0.57090870671785998  0.58249903752897736  0.59392816488346800
  0.60527755351550516  0.61586776583183378  0.62572706440574200  0.63532200830298480
  0.64525812439044672  0.65532874456893364  0.66546876361220164  0.67612581887312539
  0.68716896605587496  0.69804633759146117  0.70877483746405678  0.71973260570714082
  0.73077868102169008  0.74170743374882464  0.75240491943479004  0.76249403004287386
  0.77299784242900038  0.78344371684149083  0.79353753983209629  0.80291297075298473
  0.81176481867444972  0.82036628643073184  0.82897094537283034  0.83732065734863470
  0.84516755354999695  0.85275432476002577  0.86014871810633997  0.86781365121763787
  0.87597840033247942  0.88450229977078965  0.89279112585205911  0.90041507862967107
  0.90762591850818408  0.91441009341139534  0.92096980755867797  0.92747505343153525
  0.93391698200159612  0.93970281679633094  0.94497138322186758  0.94980369820705535
  0.95486204589141321  0.95933133348316246  0.96351131575918914  0.96751512729015521
  0.97107777682207486  0.97444795370449788  0.97761937942581045  0.98065005746036349
  0.98346542895856992  0.98604472640973806  0.98841776053978014  0.99064508139853213
  0.99258853995781271  0.99467130283094085  0.99675073305791295  1.00000000000000000
  0.00822723294089945  0.01917895687404526  0.03110793796365588  0.04241300948530730
  0.05241871046395492  0.06286151949909632  0.07255572573634912  0.08253983251003461
  0.09241475049234969  0.10251686456547254  0.11229546571633986  0.12144811639971025
  0.13061235708743907  0.13986259075538018  0.15052239477616355  0.16176759497097404
  0.17294409040718292  0.18365615591044912  0.19444206409633377  0.20545078941076872
  0.21637605103106208  0.22720513299542228  0.23787064700546265  0.24818845130611250
  0.25744591230982883  0.26583779071633623  0.27438748190200363  0.28314435794231002
  0.29289879297298071  0.30302593113476461  0.31307567535993447  0.32350215547276562
  0.33412769095455525  0.34453865381072019  0.35482537265635106  0.36519931504286612
  0.37494970786114562  0.38486030922764497  0.39463316933492470  0.40484516383534791
  0.41606297210451365  0.42778730024001510  0.43897464024471167  0.44987919192385373
  0.46068848093399106  0.47140231923262477  0.48243299311903859  0.49367791000775324
  0.50585473882586618  0.51715461200583313  0.52767949564959793  0.53819452753855956
  0.54913987711234291  0.56080337402705105  0.57161636636005309  0.58155097775675191
  0.59102214350692095  0.60039307286705146  0.60951552628167305  0.61843150637220745
  0.62739975699548300  0.63650022041811372  0.64609889100029094  0.65608598590933309
  0.66657167512526772  0.67728847839575412  0.68743392428880301  0.69811348799672246
  0.70940900788326178  0.72217729108480666  0.73373350551881533  0.74455241331662891
  0.75463814641876925  0.76436647193267826  0.77461021489836068  0.78515475327119177
  0.79560907634561484  0.80580350069989248  0.81566871236227978  0.82524485022575778
  0.83483491730614001  0.84476935113043672  0.85503317876852269  0.86557329241654934
  0.87615026003358265  0.88641149397311458  0.89639843064254154  0.90649843949136377
  0.91701119145105092  0.92766903214813434  0.93807244732881112  0.94852377649055841
  0.95937962315167069  0.97036044998187454  0.98109182315023946  1.00000000000000000
 -0.00074128423370487  0.00441718846912524  0.00687345048719932  0.00971541400221354
  0.01263257483800170  0.01589465338874321  0.01943842306774592  0.02340848089201518
  0.02759364678365808  0.03191330798668977  0.03692012208877909  0.04244085041790761
  0.04840565035313700  0.05446693948978062  0.06023747386177537  0.06705174375960879
  0.07446258312649179  0.08196146371326926  0.08948178741547673  0.09686533699692128
  0.10438181135827697  0.11215061904798995  0.11996076492150522  0.12761812041247245
  0.13558279943031895  0.14350900389757032  0.15199638527343101  0.16068797596780451
  0.16954585694139285  0.17863443895646400  0.18746879506202835  0.19643905911402471
  0.20551506192057972  0.21468849445719981  0.22423679538105790  0.23393997536815814
  0.24424186542819973  0.25502107627551429  0.26445025032749347  0.27351221492572941
  0.28274244489458877  0.29223029369480963  0.30164151800118655  0.31207057027472557
  0.32318102468507187  0.33461524262938280  0.34667232095231332  0.35895433269070698
  0.37058525260983038  0.38243383698600225  0.39393327606784989  0.40474242545873251
  0.41541441748970009  0.42639076050874514  0.43805414783686270  0.45106657883512724
  0.46373578461275267  0.47619277504097934  0.48910549700423211  0.50183708515985881
  0.51401837000604633  0.52577039312013185  0.53740025418215009  0.54891018687736348
  0.56004153634923304  0.57161830724893592  0.58318429526910642  0.59524201716761549
  0.60811232655395953  0.62159986057924210  0.63512548123702961  0.64823846341180247
  0.66124818380763650  0.67438672144603673  0.68784314359597998  0.70127332253859720
  0.71450164659601989  0.72750048649141330  0.74038110258314083  0.75311131365037631
  0.76722759704467958  0.78091437983754064  0.79451277129805831  0.80861449247900297
  0.82355566549778980  0.83910662391803537  0.85473891202490149  0.87160575861187384
  0.88825489261208934  0.90455969533795799  0.92080853730793066  0.93675545579100150
  0.95221159672041178  0.96770608825198734  0.98366135721282233  1.00000000000000000
 -0.00225393146509962  0.00970142623516917  0.02010549674331241  0.03091913730323592
  0.04178048602574448  0.05333257471852415  0.06463283199673762  0.07519580503458842
  0.08525100641373608  0.09530802186882631  0.10552849069798143  0.11607415578535003
  0.12721227775749822  0.13820842079198573  0.14853183573005210  0.15888501765480154
  0.16932452920884983  0.18033450037521698  0.19093288804755032  0.20096843252775642
  0.21063250823936860  0.21993319219128588  0.22927335882262137  0.23847919109714449
  0.24796540400451908  0.25813357490865330  0.26808367069538791  0.27768866111328228
  0.28695372042490641  0.29763159201749484  0.30880597114573821  0.31998350284299815
  0.33077886930679767  0.34309889102339769  0.35535698565602242  0.36687965834676922
  0.37822666544778188  0.39005684437955096  0.40213244528492259  0.41453455646464915
  0.42727685039904983  0.43922803424221157  0.45046913272366218  0.46044917203658231
  0.47003725198979807  0.47951248859585976  0.48917865469965471  0.49894223277559391
  0.50940534518451697  0.52052663736942051  0.53077914984614860  0.54045023700393591
  0.54924050283900328  0.55831719567768534  0.56720484049846698  0.57647421074328098
  0.58568450118739412  0.59552030905744036  0.60537522100365404  0.61444976771546178
  0.62315952264837593  0.63263563147578472  0.64294443914773713  0.65343774499076501
  0.66399129914220045  0.67483226555498699  0.68603749319729679  0.69700448199429454
  0.70832668603851590  0.71929453914058206  0.72962205407932090  0.73970850293969137
  0.74965019719833736  0.76095842444021145  0.77251246151444353  0.78424652940005302
  0.79597450696388905  0.80820995094545300  0.82065587827011488  0.83238144934159797
  0.84318938114944320  0.85324840840926086  0.86320894995735109  0.87344114267869599
  0.88448898407181176  0.89559549329459254  0.90557829804690093  0.91571419365765439
  0.92580430615231168  0.93679464219535524  0.94723322247291741  0.95771313288381255
  0.96809622864975509  0.97863708565301444  0.98943667607747798  1.00000000000000000
 -0.00220048183505994  0.00936322949374329  0.01856357727756369  0.02827059700528901
  0.03802417152133559  0.04898815497228764  0.05994975916200793  0.07040589145015701
  0.08095370015060198  0.09174731407145129  0.10194953767362647  0.11208292891775057
  0.12211359910853814  0.13225048229211780  0.14246486617837634  0.15272422607294400
  0.16340131233177824  0.17443858951296468  0.18511593172061408  0.19578552768287982
  0.20637561024983575  0.21748402574668146  0.22747363781557461  0.23735302444589532
  0.24733450662810727  0.25818876947493291  0.26961126149346198  0.28156466210080139
  0.29354231834718780  0.30535627758388328  0.31683179302917275  0.32779069642613279
  0.33801150263594404  0.34829477833485817  0.35754496670641844  0.36645858207648285
  0.37571209592418281  0.38533617495176381  0.39491458057118117  0.40486517744854494
  0.41484786410695962  0.42514552082910367  0.43652117564764015  0.44461966873232683
  0.45404758031349463  0.46336370323490600  0.47263088111143003  0.48216043733547709
  0.49197303450171076  0.50193168534268473  0.51290323338699506  0.52395068956817403
  0.53567245747725523  0.54826045949144842  0.56066519519650226  0.57289074206695323
  0.58467570711725647  0.59603468353297295  0.60729166308910854  0.61809065720570655
  0.62902262422738264  0.64062227212093881  0.65196568621341522  0.66425488718019188
  0.67479428473298364  0.68431402505825212  0.69328883603895930  0.70251389222989069
  0.71212148599962743  0.72163753530858266  0.73133420136207539  0.74223576098889665
  0.75304696534606197  0.76337770418981188  0.77383171012776830  0.78451474096047658
  0.79531969674004321  0.80580147487689402  0.81673943403286742  0.82793057296242545
  0.83868561280688292  0.84992312128551906  0.86143899950228131  0.87400635724991604
  0.88518342057693600  0.89662594609236113  0.90675394771528273  0.91718378879763252
  0.92723188873160600  0.93732563349794118  0.94705713842475481  0.95644570398869500
  0.96675395467660508  0.97771115415027166  0.98871648979494464  1.00000000000000000
 -0.00241048342694785  0.00915774858676707  0.01956402057994554  0.03037065557930440
  0.04147091609174938  0.05188315121180168  0.06197999692051499  0.07208627098094315
  0.08194411068737781  0.09138603326197352  0.10043563339444990  0.10967090444369471
  0.11907681150520982  0.12877804199860762  0.13954206252486759  0.15036479217686335
  0.16103060027418073  0.17209768645306239  0.18319481975623478  0.19449002857385289
  0.20685072858402642  0.21719063982531042  0.22804962318784447  0.23897462685818330
  0.24957436619734508  0.25897739257948255  0.26794379631091481  0.27811765120257054
  0.28947062644682020  0.29939965200139418  0.30906349986529030  0.31922260335173780
  0.32929437963887459  0.33858500360434141  0.34786752651810610  0.35805039743850448
  0.36906070341496927  0.37990728302924159  0.39054906768792136  0.40145882905729335
  0.41233892956513002  0.42294784314531075  0.43329533616992366  0.44402201576447886
  0.45507547926336328  0.46584287658758883  0.47611388227602386  0.48558161658834492
  0.49442739456471119  0.50352082375450857  0.51305610264296131  0.52305158522608053
  0.53373610639245039  0.54520080132745163  0.55690296775149406  0.56762533436848583
  0.57779382486777264  0.58812328192019148  0.59809540722563570  0.60780073810222257
  0.61738105291634726  0.62778671092647498  0.63885146384742131  0.65005772832097564
  0.66137486145721203  0.67241440797201313  0.68312713578787021  0.69377177497831877
  0.70419843226503021  0.71465334076591980  0.72549852791410818  0.73692444034744187
  0.74871249255715944  0.75977224514408292  0.77062859024835995  0.78190524443257892
  0.79336712831779543  0.80433806956935405  0.81523340193280058  0.82665184594725583
  0.83823626091351611  0.84940852982621484  0.86033409865469979  0.87074899836490760
  0.88123226304959890  0.89144590075288943  0.90236292001888152  0.91305308415640496
  0.92425094482958048  0.93502282766433065  0.94578475359264214  0.95657449024086760
  0.96704737644871186  0.97796501705885652  0.98876238539416339  1.00000000000000000
 -0.00160337622191078  0.00763125808644866  0.01612766389957543  0.02532931196545549
  0.03488440289267774  0.04456769609478027  0.05433345207904924  0.06495037761881131
  0.07579185011390581  0.08594860549007673  0.09557620571827187  0.10532136550631338
  0.11510534694783582  0.12532520504378056  0.13620257705065381  0.14780812148249373
  0.16105862818004038  0.17246206147235088  0.18350635181228531  0.19360043980540689
  0.20295708708664989  0.21229742668972842  0.22129895507497646  0.23073422089253648
  0.24047408195935094  0.25073354160905020  0.26145412491777581  0.27273414654124278
  0.28452139039248986  0.29628650405831664  0.30759089324247407  0.31905550681048650
  0.33114762202385367  0.34281083721354971  0.35472485822970207  0.36709731270382245
  0.37893276696055517  0.39033217911455997  0.40212256974297395  0.41394964226971542
  0.42483576864493644  0.43508537975027051  0.44559619055152433  0.45660091687546478
  0.46747335395578504  0.47717474296179258  0.48883873488748847  0.50117274571808557
  0.51367687548936958  0.52589644934838498  0.53787435114296345  0.54954735462909909
  0.56122053072790157  0.57278811032067545  0.58429841466300547  0.59629755730163791
  0.60769670339830084  0.61894712451904865  0.62963736990676722  0.64016955576357315
  0.65007737626409767  0.65950206579669268  0.66959214789901356  0.67984843983527055
  0.69087032222458111  0.70191398439511510  0.71322598487933897  0.72445098376433570
  0.73541741364462065  0.74634355581191658  0.75802771245323830  0.76983863791500740
  0.78107787412618135  0.79189779155828099  0.80061968019166330  0.80960156105043624
  0.81944224451782954  0.82839264956131975  0.83753595805163683  0.84648545394398245
  0.85685433024614088  0.86884947775165688  0.87981963280978959  0.88913037282364471
  0.89824144380114312  0.90733236515906623  0.91654416481480561  0.92565588909173047
  0.93480593666135858  0.94516725325263429  0.95588464366912040  0.96471273803765689
  0.97337443481048436  0.98205678197070068  0.99090538337457257  1.00000000000000000
 -0.00198113976328809  0.00804338576539265  0.01657517447232067  0.02648895595488085
  0.03600581653212921  0.04580918367712372  0.05541313816842024  0.06555465345447090
  0.07562647428635225  0.08575956510581602  0.09573029458557064  0.10566731840520646
  0.11562392385138788  0.12586848465952521  0.13691238100718697  0.14808407580182911
  0.15941690832978647  0.17101395736999345  0.18331381626672938  0.19624104991925073
  0.20979690737344181  0.22082018284770438  0.23180246134129309  0.24302931322164281
  0.25399536548605750  0.26465262689070085  0.27433028054413944  0.28333877039945593
  0.29229528927170040  0.30088595913236638  0.30944394013422832  0.31822131811534110
  0.32718661508902180  0.33647650973030541  0.34599647655471477  0.35557900316754504
  0.36542453605784903  0.37559264405734527  0.38578106199498596  0.39602086685298810
  0.40611996280663837  0.41620468445817588  0.42556845829363787  0.43470345025986679
  0.44395382403009620  0.45346390325528790  0.46384416009812501  0.47518594550776810
  0.48638772721277646  0.49723480700463624  0.50784122223819339  0.51848473480294899
  0.52898341314819275  0.53964911254985060  0.55066472409661105  0.56145692917865675
  0.57203144381505777  0.58274804783381062  0.59336371361380069  0.60376686355002862
  0.61365416849465892  0.62347098100225307  0.63368752428579889  0.64416373528560311
  0.65476564878607479  0.66441942514500596  0.67430095821776426  0.68430719595854028
  0.69470308935198510  0.70516586618589749  0.71591146470328382  0.72631094591040490
  0.73651006896037152  0.74638136388191334  0.75699841745087126  0.76768437953174129
  0.77850108915551497  0.78966318640071798  0.80122779903259300  0.81347183290456448
  0.82588332435998379  0.83801569717209756  0.84991691131215696  0.86158161472783512
  0.87297124639018753  0.88466581811140499  0.89623348322692120  0.90764193795179426
  0.91944551669706276  0.93242264468238156  0.94469386484333062  0.95681875707667385
  0.96873072581509867  0.97985871825947546  0.99019900201128652  1.00000000000000000
  0.00468753394534988  0.03527821930439921  0.05031367886059179  0.06063271351954830
  0.06892593589807851  0.07662787165101753  0.08421381327817250  0.09188315808882831
  0.09995238237220534  0.10777012835173219  0.11547852875055746  0.12257828278147283
  0.12955344246183514  0.13659776981267299  0.14364970258518495  0.15042581768687399
  0.15699534174816832  0.16361032140929782  0.16988803387209603  0.17598696368632244
  0.18234012229786337  0.18868945770342818  0.19486867019258478  0.20064769990318851
  0.20624429414062320  0.21198975952372662  0.21802818878296959  0.22417126747990118
  0.23033275231042202  0.23688641188850090  0.24346062073621594  0.25020069009354323
  0.25641590014512028  0.26334049988505104  0.27016130510459813  0.27676781466934847
  0.28310216525869975  0.28923924180072519  0.29535334377037070  0.30157102138422037
  0.30780224678990187  0.31382722397330887  0.31952179396621005  0.32527860163937755
  0.33139241518468138  0.33786114812864365  0.34461732571353498  0.35102227731082880
  0.35716193720693112  0.36318231778936627  0.36915496891063726  0.37541559898372473
  0.38192465551703719  0.38863572266389540  0.39563724543492523  0.40343269456873188
  0.41153073188001144  0.41948573304720538  0.42696737695436665  0.43413392586868915
  0.44106863890010056  0.44800990712996569  0.45529034256893619  0.46277765565950002
  0.47040266419206700  0.47811328045748042  0.48594730071439568  0.49358200337841801
  0.50081604970096039  0.50815664046198172  0.51607574973360326  0.52486848961404375
  0.53443144131090603  0.54405659099675097  0.55406387765614218  0.56465517135185228
  0.57532245042308794  0.58604275583809307  0.59623242260498932  0.60653646400028816
  0.61708006285497352  0.62800165850438794  0.63891895646572705  0.65008997438130500
  0.66171407806464710  0.67427245215572174  0.68850831858647743  0.70452063770395390
  0.72146577638782905  0.73933344141600754  0.76053877645634138  0.78492009752952918
  0.81193768173949599  0.84335825966482791  0.88720061208708578  1.00000000000000000
 -0.01483789599572874  0.09637868289708716  0.13929654467846644  0.16646975716017337
  0.18756872739170585  0.20483277673437741  0.22007947141547074  0.23395818173411820
  0.24613166131191994  0.25627717319699206  0.26553946970107739  0.27397579375601877
  0.28193400951911157  0.28969146196586021  0.29705351586850831  0.30414757438603751
  0.31119669705680131  0.31828271450741158  0.32497886949938792  0.33145939953347292
  0.33795928681107645  0.34445045890578563  0.35099510041259058  0.35748003507031906
  0.36421366022213864  0.37097775368891894  0.37751330763804680  0.38360557163304132
  0.38963780951617966  0.39532626496224915  0.40067306119029078  0.40592909321133508
  0.41109042111241434  0.41628168129733706  0.42138681799207156  0.42649794242669881
  0.43168804365695740  0.43711519131414001  0.44280041976445039  0.44856899640613734
  0.45431650264572654  0.45994655290516778  0.46540961118941260  0.47090336764457197
  0.47645614414103460  0.48219003285070888  0.48786612897309534  0.49346978472954628
  0.49907293062633601  0.50493711162319621  0.51088689598230852  0.51672752224041096
  0.52239873556654293  0.52791877266154175  0.53335030879575362  0.53889653544738247
  0.54417886871046939  0.54971671582080617  0.55553870464307020  0.56152302417060262
  0.56759674611477451  0.57334356305430301  0.57886887666511344  0.58443760023122404
  0.59009067543068106  0.59579290558445852  0.60158307230929331  0.60761808291207253
  0.61378075909651897  0.62031920823039699  0.62687984277604103  0.63367135732664825
  0.64051668170966958  0.64744992609436525  0.65471773945687850  0.66229530365955702
  0.66980476769900987  0.67732688352599069  0.68461900939622244  0.69169512566652658
  0.69880641942867450  0.70620935790941497  0.71372199710221074  0.72154316715472455
  0.73002572895842321  0.73899690242020799  0.74841980212035220  0.75896556371092738
  0.77107237865558420  0.78449504016361726  0.79956343587355516  0.81708664489910776
  0.83846922814140534  0.86588465280823468  0.90852874252586580  1.00000000000000000
   1.5335287517160064E-056  -1.0000000000000000     
 T T T T T T T T T T T T T T T T F F F F T T F T F F F F T T T F F F F F T T F T F F F F T T T F T T T T T T T T T T T T T T T T T T T T T T T T T T T T T T T T F F F F T T F T F F F F T T T F F F F F T T T T F F F F T T T T T T T T T T T T T T T T T T T T
  <DiscreteSampler_grid>
  grouped_processes
  1 # 1 for a reference and 2 for a running grid.
  10 # Attribute 'min_bin_probing_points' of the grid.
  1 # Attribute 'grid_mode' of the grid. 1=='default',2=='initialization'
  0.0000000000000000 # Attribute 'small_contrib_threshold' of the grid.
  0.5000000000000000 # Attribute 'damping_power' of the grid.
 # binID   n_entries weight   weight_sqr   abs_weight
    10   10   1.160087889230562E-044   2.592716020705324E-088   1.160087889230562E-044
    11   10   1.160087889230563E-044   2.592716020705326E-088   1.160087889230563E-044
  </DiscreteSampler_grid>
