 -0.00030471659268363  0.00687145624060197  0.01681043966474449  0.02775974992726407
  0.03906573350219140  0.05040337890144685  0.06165339107506076  0.07254701967207906
  0.08337413729397379  0.09400586583406886  0.10419733086337629  0.11413641140159242
  0.12371734078428569  0.13298983113415838  0.14209127714812203  0.15140438444965226
  0.16075990834600587  0.17021103434665336  0.18007531912983860  0.18963330295563444
  0.19867799576694709  0.20758690974572608  0.21638112102739668  0.22480378720732405
  0.23311814169850648  0.24140122544400447  0.24967761346509454  0.25785269681555256
  0.26621492117939766  0.27475454367718588  0.28330358887976254  0.29209317418674396
  0.30075013440800186  0.30928832627717667  0.31770372100906014  0.32597566408603507
  0.33416085138076057  0.34253125075062185  0.35093124337848441  0.35937675425315663
  0.36790641671683411  0.37650087098680984  0.38510230027191489  0.39365854167911102
  0.40224640489654451  0.41077732156006047  0.41908959908371463  0.42726224036988664
  0.43562053982645105  0.44436867322955009  0.45313218450875115  0.46189427488041912
  0.47088187498610634  0.48005185759416918  0.48930206277322813  0.49850845097166530
  0.50758131581398835  0.51649031990242555  0.52540422037857026  0.53429576727836858
  0.54308720603946914  0.55173579557175811  0.56037574911684862  0.56936707845986956
  0.57835204455924916  0.58744821641367229  0.59652544088139214  0.60546687205591077
  0.61423916143937218  0.62295432664355188  0.63183557752955088  0.64104063925628618
  0.65061005648503345  0.66056760335651776  0.67078423724280467  0.68106918221697055
  0.69133116315089527  0.70166696290248354  0.71229892479136014  0.72304384794285903
  0.73394115069898380  0.74508527189786822  0.75646493078478427  0.76771926814583435
  0.77955646780918064  0.79320350007642459  0.80730356533087999  0.82167614186517435
  0.83629006862975175  0.85178681923749833  0.86967961219215295  0.88796121330767264
  0.90794277979312732  0.93109551420271652  0.96245375629423202  1.00000000000000000
 -0.00175215986636603  0.01126897510077099  0.02247727461080144  0.03269407471390180
  0.04276360494860383  0.05240425336595242  0.06226651980990622  0.07248598783195032
  0.08346604373359842  0.09472843846806998  0.10572750474978354  0.11641683108060022
  0.12690036550557332  0.13789794885408679  0.14852330336939257  0.15939475394768854
  0.17065185859759829  0.18182749899661854  0.19216467466914014  0.20176028979680588
  0.21166214140731257  0.22151601167975846  0.23107066266919982  0.24025976063751736
  0.24949913888088340  0.25898536182660864  0.26789888492450398  0.27731177664821782
  0.28730839144588705  0.29806891230819499  0.30902383013458828  0.31947247196036294
  0.32948284623512120  0.33932858063720717  0.34918423536255855  0.35921400610171789
  0.36954621442202207  0.38034760740919488  0.39145604280264923  0.40211172275874302
  0.41246903728542278  0.42302551140473044  0.43342861977311148  0.44336853133905113
  0.45269897988737812  0.46215577687579718  0.47167352650805361  0.48119858374145530
  0.49019653542718739  0.49892152817939717  0.50809823365223972  0.51772984693850843
  0.52782065461134409  0.53769238748133419  0.54779305795255806  0.55846548656552253
  0.56887698888573801  0.57858032831365169  0.58841098252473323  0.59855867620874725
  0.60990213832610807  0.62164272764542383  0.63302315672398579  0.64419288061630819
  0.65529165429667113  0.66636116270683077  0.67699446520963991  0.68787820514542453
  0.69985496690776761  0.71245962197942070  0.72508469771000461  0.73716930996647423
  0.74863948466894115  0.75973210354869103  0.77065742423400241  0.78197970589842680
  0.79343568945527509  0.80424121906627311  0.81505085153939316  0.82522667604000388
  0.83555066213836959  0.84532915773677797  0.85519687736497341  0.86532574516144323
  0.87611960143987244  0.88714285801663173  0.89889378285253996  0.91017756124347970
  0.92104885463162400  0.93143291912079285  0.94222465725307691  0.95313661006504447
  0.96489726061601322  0.97663296183486448  0.98843803707876043  1.00000000000000000
 -0.00936253034314326  0.05934981587956067  0.09475969765545406  0.12143035458868179
  0.14192112018950953  0.16074034239186638  0.17873878385209249  0.19544063607183473
  0.21050858294901381  0.22429190616647918  0.23682304932655182  0.24852827089406554
  0.26133169281479751  0.27411302284291056  0.28632530480636936  0.29730924615003346
  0.30768976995299341  0.31711137733759825  0.32681112403057466  0.33603794536279635
  0.34565416442416996  0.35498431843332828  0.36303280363696100  0.37091167337263103
  0.37874262563864103  0.38681155897875197  0.39469900772676492  0.40254098480708544
  0.41031427992637892  0.41837586782219394  0.42698062104144080  0.43552607852037944
  0.44383505528938560  0.45195297093812986  0.46006098731503398  0.46806522993444077
  0.47591231518975169  0.48379960816867745  0.49185449176214907  0.49983263795120358
  0.50753205229318965  0.51505496035102594  0.52244438377952929  0.52957267333521107
  0.53668757407839729  0.54365628741695116  0.55067228701999049  0.55784160723415477
  0.56501825397830796  0.57166882511556794  0.57810018838410149  0.58471818265120623
  0.59178786709570053  0.59861230990838632  0.60534854219155265  0.61223172016129057
  0.61914767149959171  0.62687054553486266  0.63557330215309138  0.64459341835431261
  0.65315338328213668  0.66130160312111752  0.66910420038935980  0.67579471658980628
  0.68258945461345388  0.68928108379749553  0.69585363642014131  0.70262326822345789
  0.70936759756104195  0.71603323419664089  0.72269986687773302  0.72946088715013901
  0.73645384382823864  0.74370058279387985  0.75123794535084909  0.75926637176458611
  0.76749030990039446  0.77525812669171223  0.78269898747235622  0.79038154803937588
  0.79881262228758410  0.80748061616014666  0.81637581463483078  0.82554091930407625
  0.83493507633041064  0.84436124254919509  0.85395428110532789  0.86391947786647527
  0.87426358453720843  0.88504326405135769  0.89685959573856822  0.91018497944619592
  0.92455555376821208  0.94083522904150074  0.96305855085927994  1.00000000000000000
 -0.01953424750126562  0.13816966454861576  0.18513926908299203  0.21451560274105647
  0.23721799096469021  0.25532090349544084  0.27088940337619305  0.28597259403877301
  0.30063115978752214  0.31475783038962268  0.32815364389257617  0.34012576475031892
  0.35113750081664979  0.36180410464706236  0.37207180863296996  0.38187469363141119
  0.39150545595669489  0.40095986288165442  0.40976249936616443  0.41807933443279621
  0.42610909421848647  0.43393608007468537  0.44172696425807373  0.44953875554274758
  0.45722766424007560  0.46449351420738028  0.47132024946667817  0.47799693151221523
  0.48467485424785778  0.49145078771298106  0.49812816958677064  0.50463622832648491
  0.51099888294009010  0.51742394974429784  0.52379367612682881  0.53003501349173221
  0.53608162949063987  0.54211378171374724  0.54810279559502229  0.55410923153008784
  0.56000604861095382  0.56567306142367701  0.57108647268554191  0.57647961727941965
  0.58183974843793973  0.58734135782174812  0.59291014573101108  0.59844232725303170
  0.60395752731281938  0.60943148796042723  0.61483173915462697  0.62015907567594397
  0.62537590003590293  0.63091199999269243  0.63630516326751485  0.64185108339723163
  0.64741709974561124  0.65281946745179009  0.65814424438904973  0.66352144821039694
  0.66878449496564984  0.67370828065602395  0.67860985240748317  0.68336662285368777
  0.68798449977901022  0.69269420823403371  0.69734730471525530  0.70209185784743000
  0.70695993590348416  0.71189137657276014  0.71696242164691071  0.72197430039340571
  0.72667744645485310  0.73207816941636794  0.73789478125269703  0.74379038709849421
  0.74991581336365432  0.75632689695562771  0.76285926183394015  0.76948474393768707
  0.77622757814052556  0.78314075299686159  0.79015360187234951  0.79719476021502811
  0.80456229027245174  0.81234671171249240  0.82054808052221107  0.82911809709968365
  0.83834614609673042  0.84822267626571868  0.85900946342285023  0.87105868114121021
  0.88521721612420801  0.90314774965035682  0.93091392156648423  1.00000000000000000
   2.1778686700866475E-008  -1.0000000000000000     
 T T T T T T T T
  <DiscreteSampler_grid>
  grouped_processes
  1 # 1 for a reference and 2 for a running grid.
  10 # Attribute 'min_bin_probing_points' of the grid.
  1 # Attribute 'grid_mode' of the grid. 1=='default',2=='initialization'
  0.0000000000000000 # Attribute 'small_contrib_threshold' of the grid.
  0.5000000000000000 # Attribute 'damping_power' of the grid.
 # binID   n_entries weight   weight_sqr   abs_weight
    10   10   8.161324446817703E+003   2.265456913663489E+008   8.161324446817703E+003
    11   10   8.161324446817703E+003   2.265456913663489E+008   8.161324446817703E+003
  </DiscreteSampler_grid>
