 -0.00007885796081684  0.00085157805644506  0.00194496818153509  0.00354505260609184
  0.00563782466186862  0.00800879990802992  0.01081199386549078  0.01406731906274792
  0.01764654581390991  0.02191389428335105  0.02646626086511828  0.03164403310958006
  0.03715170091616386  0.04282861860135657  0.04888091922133995  0.05528432226952334
  0.06199518053005330  0.06895985585274468  0.07609318094667863  0.08338785369750402
  0.09054995122516687  0.09786772385055519  0.10573475297804984  0.11437075259552977
  0.12337298962468163  0.13205853961732081  0.14077510028414078  0.14945486449390458
  0.15844259104165484  0.16766415253852959  0.17695138143522496  0.18632296963470149
  0.19586913574875031  0.20564708185146913  0.21586167266219911  0.22653832696664417
  0.23735182949685527  0.24827369320065221  0.25910307741100169  0.26981112356244924
  0.28052827188256074  0.29124571453354786  0.30188125044861536  0.31268579768181320
  0.32376255909665974  0.33504356151337550  0.34649239381853875  0.35773653011885365
  0.36850276080593830  0.37915360734832360  0.39011318622361485  0.40152155593112177
  0.41347624982905329  0.42607457663161313  0.43867773956151024  0.45104299022131183
  0.46325982195510285  0.47551787404423840  0.48789696967627560  0.50026518274799869
  0.51361100570020535  0.52733148820585440  0.54112955979414801  0.55474647881851191
  0.56810328870462290  0.58137009903544412  0.59425749579654052  0.60802322120987073
  0.62188179858785153  0.63564982264769443  0.64926090714166040  0.66268675437885105
  0.67601956566863430  0.68941077058265321  0.70293762977207064  0.71666278453794252
  0.73060612301489269  0.74475557272497284  0.75911518636008513  0.77327346026177102
  0.78740823429644857  0.80152757956360332  0.81553882917410159  0.82929489579882232
  0.84330276198712939  0.85733601314229124  0.87124285888318820  0.88506664892509024
  0.89887928933091332  0.91277578046440433  0.92719395425752471  0.94181128022509042
  0.95658050446769305  0.97131874146581365  0.98581832935684577  1.00000000000000000
 -0.00243223237582052  0.00969626197058049  0.02038627204388575  0.03088317102228181
  0.04159002373724900  0.05339050385075397  0.06582654032810956  0.07768271165915350
  0.08922545372946043  0.10002603443676551  0.11068024411668648  0.12101505218803978
  0.13190407700652729  0.14282986898263855  0.15403431000899642  0.16544464681523807
  0.17763701554866931  0.18974909791933922  0.20138079034787781  0.21257686869324444
  0.22368212000320808  0.23484329982762944  0.24588152960718188  0.25652689923764127
  0.26653531622280624  0.27607817360345888  0.28544011745997139  0.29490899433854567
  0.30476077184365147  0.31502382823424468  0.32542392748669641  0.33587585662945957
  0.34639189765073702  0.35669375614087473  0.36673758234961740  0.37656689929506465
  0.38670885578866149  0.39681472304523302  0.40706972340419911  0.41727566670997690
  0.42776006345247858  0.43827585400934721  0.44812508533694861  0.45804047003726206
  0.46771757859600205  0.47769728543334034  0.48812386576158723  0.49805151028088812
  0.50757297088954900  0.51665604312016988  0.52605991450899137  0.53555029714597802
  0.54506181956329358  0.55479339489372548  0.56490579210383773  0.57563864265439935
  0.58594631093228045  0.59615241791382168  0.60621643930140789  0.61613230434853961
  0.62613144913804808  0.63636868756566922  0.64655065913832910  0.65586684894439684
  0.66486686866634093  0.67397085602313211  0.68294189371615610  0.69192054471901221
  0.70086081106818077  0.71077162049649201  0.72185521258669694  0.73337439110789970
  0.74485380364853260  0.75618165183904518  0.76755815601111244  0.77939138350516179
  0.79151797186017803  0.80340679442245511  0.81488746073699447  0.82626498872461962
  0.83752359477086580  0.84815918229081422  0.85898699760493458  0.87009467900448589
  0.88121628190569334  0.89259468641596817  0.90461187825396572  0.91708120785029523
  0.92951787565197674  0.94074367252518631  0.95103227797528489  0.96071813349184965
  0.97040869691827736  0.98023702693551862  0.99009290493531521  1.00000000000000000
 -0.00224249262702558  0.01364747841590667  0.02518568798050905  0.03547661760713405
  0.04484130476655548  0.05399441137622195  0.06239851252388194  0.07018807693446485
  0.07774424167992021  0.08550404775256444  0.09311833022312338  0.10105954236439188
  0.10820260993157969  0.11496895145450309  0.12155536665485824  0.12800370735536104
  0.13460114836344264  0.14139580302593804  0.14828718854576103  0.15503207722388740
  0.16139122094145206  0.16744818418030766  0.17321924134854705  0.17899718205884854
  0.18500750513440234  0.19140430221965407  0.19789115730930268  0.20441700355382011
  0.21091920721699792  0.21730178178093756  0.22351149118272312  0.22994433286430496
  0.23652331218529771  0.24311031446635484  0.24996877666327433  0.25655322385828505
  0.26330378521276726  0.26981230709418941  0.27613743003831226  0.28255544138324756
  0.28910655133219626  0.29572070403793893  0.30221016912210830  0.30882681214713009
  0.31602249805384469  0.32373127084953579  0.33151741154773984  0.33850676562458987
  0.34496982362506690  0.35137704976505979  0.35775599380174672  0.36430986502630119
  0.37131451423958939  0.37876865059788745  0.38633374525697128  0.39370130456775065
  0.40228699232244680  0.41103429078921722  0.41959688638268566  0.42811358686001599
  0.43652990860757429  0.44476648720925116  0.45306193009571688  0.46117018290263562
  0.46929067029219007  0.47778116165424045  0.48635950619025192  0.49461057962457583
  0.50253727089820210  0.51055967209548403  0.51860292378600614  0.52797791322894416
  0.53789981938006459  0.54793328170329558  0.55843173384566602  0.56939723943987874
  0.58098029830227582  0.59192886049938320  0.60254017667366977  0.61360899581729189
  0.62458878662605377  0.63587998023392989  0.64775844651632952  0.66137807696650175
  0.67482469765060626  0.68861896945370238  0.70330602896375416  0.71926517584583594
  0.73690411607438600  0.75572218438217520  0.77607097741617737  0.79813298405262634
  0.82418249292458134  0.85900959617760508  0.90641374256292462  1.00000000000000000
 -0.02192288792483073  0.14317687938788820  0.19207421122704854  0.22491659377648451
  0.25281350933683688  0.27758488223790878  0.29919035153900209  0.31844290458701374
  0.33556514498503798  0.35117141509107397  0.36614183881585088  0.38057424400786188
  0.39417571138228302  0.40673916455302467  0.41861087944409714  0.42996399140475905
  0.44078044580864417  0.45099665039268683  0.46119616121144258  0.47124378263811767
  0.48059883681324705  0.48935389008691532  0.49763957487851102  0.50562213122828292
  0.51330173901220766  0.52083675445201216  0.52806340987099998  0.53517944025136932
  0.54235753632226258  0.54948013906799553  0.55653739300542393  0.56340745989703434
  0.57022395350564559  0.57713436039950117  0.58399822269481094  0.59045029807558458
  0.59701103084919793  0.60334649789483341  0.60971010294617944  0.61585703058580277
  0.62195611527944050  0.62778089798314740  0.63327430306242283  0.63864433308810264
  0.64400337647250683  0.64955425719263504  0.65525800279236979  0.66095175566365427
  0.66670435819954099  0.67265898504062727  0.67883960513299602  0.68480468233009395
  0.69053759393687164  0.69607024299863340  0.70146362800972939  0.70675234245593599
  0.71180351881105941  0.71663334898514830  0.72163894571537157  0.72662427157551346
  0.73145780316303188  0.73615029937670040  0.74075203412251289  0.74541408380528396
  0.75026333773342069  0.75519320903582687  0.76012921186191296  0.76484653180772288
  0.76971426427664202  0.77401695133774473  0.77835594981362866  0.78278981713207307
  0.78719887787774034  0.79163845473662453  0.79613255682724393  0.80063465667529565
  0.80512135208365754  0.80967209273348839  0.81439474522815380  0.81931847914659439
  0.82438425367650725  0.82960358604005802  0.83500811865189672  0.84097207422574360
  0.84683679533352307  0.85276679537359124  0.85925139144139362  0.86611438594603207
  0.87332889477180564  0.88121477448113616  0.88972619626474625  0.89949261385309587
  0.91073835409109782  0.92444861424788116  0.94668182302952653  1.00000000000000000
   6.3921017554957290E-017  -1.0000000000000000     
 T T T T T T T T
  <DiscreteSampler_grid>
  grouped_processes
  1 # 1 for a reference and 2 for a running grid.
  10 # Attribute 'min_bin_probing_points' of the grid.
  1 # Attribute 'grid_mode' of the grid. 1=='default',2=='initialization'
  0.0000000000000000 # Attribute 'small_contrib_threshold' of the grid.
  0.5000000000000000 # Attribute 'damping_power' of the grid.
 # binID   n_entries weight   weight_sqr   abs_weight
    10   10   8.723469491798595E-006   1.099971083137520E-010   8.723469491798595E-006
    11   10   8.723469491798595E-006   1.099971083137520E-010   8.723469491798595E-006
  </DiscreteSampler_grid>
