 -0.00014622824120347  0.00619417022994540  0.01628131125350522  0.02747860867278414
  0.03905944649415384  0.05032974509413222  0.06149646099194078  0.07257721494642477
  0.08332515097320978  0.09356707247099746  0.10356650544696458  0.11313637911730082
  0.12291553242772732  0.13294736399974799  0.14320531026212993  0.15319396498475615
  0.16260557914548088  0.17159993285705955  0.18057624923501106  0.18941860170983529
  0.19841875469081230  0.20731925771507390  0.21617137613658879  0.22533721872517534
  0.23451568610065660  0.24400425539077891  0.25309189618584732  0.26169221281505989
  0.27020452171213494  0.27882184250072795  0.28746964185949525  0.29600696933212056
  0.30428333485002501  0.31233403197947279  0.32025485842225332  0.32806124613093957
  0.33573618836099756  0.34334883769533142  0.35097599585134892  0.35863088184399422
  0.36649183693966536  0.37449518499912360  0.38231223703460415  0.39001260207315447
  0.39795408477660665  0.40606613272146697  0.41415192156815556  0.42217581873698246
  0.43019492506323953  0.43823882818873966  0.44629427145997785  0.45440474485864868
  0.46250437413314677  0.47062441078761430  0.47878160107990603  0.48710765658437227
  0.49560533507073967  0.50414167885082828  0.51256030498115501  0.52088220041780897
  0.52926098082603235  0.53754157683795090  0.54603042913721678  0.55457331695442980
  0.56320940196208857  0.57186196845188242  0.58042836621897131  0.58905566225807304
  0.59819688867345844  0.60775554047395675  0.61740280636060785  0.62716480780362882
  0.63699351326145359  0.64680737908890806  0.65667788930549476  0.66679584565836580
  0.67694938121109471  0.68722035754864186  0.69770578666640859  0.70841443207308130
  0.71920655781272413  0.73008838546156307  0.74268911876031218  0.75557971192159590
  0.76861397727269187  0.78179107736979370  0.79487554656056658  0.80859252717259278
  0.82389776666524972  0.84059861603954555  0.85857934633299193  0.87774667324206812
  0.89882940758921981  0.92766161019854043  0.96222097380065252  1.00000000000000000
 -0.00252686325870458  0.01165728145133929  0.02267670717082168  0.03253680478084593
  0.04222235883359953  0.05196586461682622  0.06209777989084150  0.07226786613186983
  0.08304525256322656  0.09435308324329485  0.10586048916552381  0.11700848595709512
  0.12812296066340484  0.13966909854040443  0.15077339573394458  0.16164048326520000
  0.17218077845904714  0.18275960945706332  0.19307445438875159  0.20293237248938653
  0.21261809912702470  0.22238418333692914  0.23217089284279119  0.24192197884895100
  0.25161156652570954  0.26150830336107794  0.27097988042411736  0.28066654672597996
  0.29044971916576889  0.30126531185866584  0.31238546818343210  0.32306261067801695
  0.33434388537869564  0.34600437075918444  0.35694321797654122  0.36651791334175954
  0.37613860377188496  0.38624531926557421  0.39674039784799287  0.40678823052982543
  0.41724240695680398  0.42800623469506471  0.43824400003646352  0.44818637128245364
  0.45846890100757043  0.47003090948788018  0.48202862698884508  0.49194688190439079
  0.50207428107037189  0.51154070296154064  0.52136560222394723  0.53101169668115789
  0.54059778787201151  0.55010326676784271  0.56013918886483305  0.57081689437664462
  0.58211897089167230  0.59322023691539172  0.60416229132840094  0.61486243697013454
  0.62557783650960108  0.63659109184345275  0.64759222294253371  0.65748259035654488
  0.66799045048692396  0.67963742832065499  0.69147745759713808  0.70287242637252190
  0.71507253425368433  0.72700457488113124  0.73932788380178316  0.75075850240828290
  0.76161701885856481  0.77241475820379391  0.78313465774092905  0.79380606920178742
  0.80448517620291260  0.81551489515498365  0.82690536771823708  0.83752377091039965
  0.84705850037748698  0.85680676776338838  0.86733017865761952  0.87775607038635506
  0.88729300132704025  0.89727213830640051  0.90815767738585940  0.91925819238107409
  0.92963752770973684  0.93970583988049128  0.94968678322675293  0.95953492864416645
  0.96958681381068434  0.97943159430283877  0.98959362920722516  1.00000000000000000
 -0.00897240270167629  0.05120728039911366  0.08358141621744676  0.10826122382486356
  0.12843456920348625  0.14682589733651541  0.16298190052162762  0.17708615160701802
  0.19015940078135934  0.20251848889340779  0.21427400834115351  0.22543411426233270
  0.23731397210932484  0.24949213003954832  0.26046958318228286  0.27062613722638568
  0.28062501044711963  0.29068134562027437  0.30031498330928835  0.30939127650477560
  0.31785746611967908  0.32573826947484930  0.33352530674703257  0.34142441397089429
  0.34958780408733786  0.35815130490301494  0.36646651222164561  0.37471571736220105
  0.38228103502497424  0.38996585341296258  0.39752081017954011  0.40458029359548103
  0.41180803802636073  0.41900855879152638  0.42627059857081556  0.43319652520265511
  0.44017774309379415  0.44744446661125392  0.45456291302821217  0.46233313664362968
  0.47063185455677148  0.47896297101156055  0.48730373855954490  0.49550075860461290
  0.50333198228115950  0.51094773872784949  0.51840696632770444  0.52554035785132525
  0.53270331181774855  0.54004426782141335  0.54731771614666724  0.55450611736302180
  0.56155554673400421  0.56838957240724730  0.57523294104500455  0.58195385822795953
  0.58887392504746572  0.59620498203365768  0.60342831526370133  0.61039140155937599
  0.61735527128193746  0.62470382490609011  0.63275232373031876  0.64119323934730255
  0.65038868966064611  0.66004069228207529  0.66927829646374726  0.67789536756048052
  0.68622110396843117  0.69436449914511955  0.70220923071519725  0.71021065071201550
  0.71819439989044420  0.72609062226918530  0.73488180037130191  0.74409221629679023
  0.75304047282093411  0.76182806109824741  0.77029987150521295  0.77854830117672080
  0.78690799478186457  0.79555078872177787  0.80436079109721570  0.81332275052872349
  0.82210126636627778  0.83128955161456719  0.84161201716547618  0.85330827118210928
  0.86545333537774682  0.87839707847079596  0.89228361039589166  0.90630739453932763
  0.92101120152134375  0.93806903159030508  0.96171625964774354  1.00000000000000000
 -0.01846866987660901  0.10455158708602372  0.13760632072740575  0.16105940610994726
  0.17976653875674825  0.19583721592489015  0.21003958563173974  0.22176911718412318
  0.23215790843188355  0.24228023561062287  0.25221953113573353  0.26207369578977741
  0.27142147129411620  0.28098545863970570  0.28997799427504029  0.29904255946498137
  0.30805848555886256  0.31594851269907998  0.32337943269396940  0.33065571605282956
  0.33768496014427690  0.34435704436388537  0.35085006131554686  0.35695205084896364
  0.36278463046798248  0.36870831410429694  0.37474326147536913  0.38068487089447767
  0.38657540581444605  0.39246694214935601  0.39845773998785478  0.40448428264252301
  0.41039217750145668  0.41626915137872317  0.42215207999671112  0.42816724453225147
  0.43414058715080844  0.43999875486816092  0.44593981142822675  0.45178837572581293
  0.45744157899627025  0.46290581956933918  0.46830485094391527  0.47372595461631034
  0.47908341654986075  0.48422194866851598  0.48921538953289440  0.49434448197295949
  0.49946836270297085  0.50441883523187958  0.50938066656406911  0.51440587733881382
  0.51954875145245827  0.52465864309861099  0.52966667487634855  0.53464197503108035
  0.53964667362017404  0.54516340901316684  0.55075779839939998  0.55633151926278912
  0.56190550273863427  0.56781965901966158  0.57386299627636961  0.57990109134884327
  0.58596760679704374  0.59208478567644673  0.59825091435466604  0.60451056529512504
  0.61075597716051777  0.61706295974330627  0.62347266752137442  0.62959009908253638
  0.63551030422794463  0.64131096166363866  0.64736337622697881  0.65370296875912992
  0.66023516171870933  0.66721864345153581  0.67451241938049511  0.68234688440704605
  0.69111167495854464  0.70088125442861782  0.71108339620731453  0.72123948380130698
  0.73172834167303791  0.74308976680081096  0.75494821505558174  0.76731121420908510
  0.77979306526403613  0.79308672966803095  0.80725698190533246  0.82293130367667366
  0.84084332982706311  0.86212933069656783  0.89537959385069532  1.00000000000000000
   8.6586247408414910E-008  -1.0000000000000000     
 T T T T T T T T
  <DiscreteSampler_grid>
  grouped_processes
  1 # 1 for a reference and 2 for a running grid.
  10 # Attribute 'min_bin_probing_points' of the grid.
  1 # Attribute 'grid_mode' of the grid. 1=='default',2=='initialization'
  0.0000000000000000 # Attribute 'small_contrib_threshold' of the grid.
  0.5000000000000000 # Attribute 'damping_power' of the grid.
 # binID   n_entries weight   weight_sqr   abs_weight
    10   10   3.932797158864601E+003   3.979231344088294E+007   3.932797158864601E+003
    11   10   3.932797158864601E+003   3.979231344088294E+007   3.932797158864601E+003
  </DiscreteSampler_grid>
