 -0.00008278241783829  0.00078758087427802  0.00182205968208161  0.00331893593888587
  0.00543458489392028  0.00802914601527542  0.01106463794808741  0.01453006602171548
  0.01860627980112350  0.02309007813684435  0.02773885655493625  0.03274917041925156
  0.03804744703800737  0.04385085531477170  0.04997569741819906  0.05611612805614364
  0.06240284066810915  0.06918911761035218  0.07648819644802833  0.08381337827946611
  0.09147914203378815  0.09912944484716237  0.10666226381846577  0.11428606402936192
  0.12232389812899630  0.13076948513893075  0.13971798235507152  0.14884677362357615
  0.15803104969131773  0.16732137429522820  0.17678212906203711  0.18652390264357571
  0.19660752425359929  0.20694776429657011  0.21747683730511991  0.22797356614920644
  0.23821475518399035  0.24841924869591500  0.25867434400387174  0.26904872127341156
  0.27939586453676951  0.28997995331527227  0.30099773550182579  0.31212901714945313
  0.32332622379465503  0.33466404465338379  0.34615849082731864  0.35818675040111564
  0.37044463637650987  0.38244083573606313  0.39446334011791789  0.40649856123882194
  0.41825925271524095  0.43129013241839653  0.44375684437614754  0.45610781656829585
  0.46851340956922821  0.48074439850990719  0.49272586917277122  0.50484347921570005
  0.51701081374841495  0.52939347174752982  0.54230131741742515  0.55551735501396271
  0.56891588606705401  0.58243343488469523  0.59600886008134646  0.60970344995940640
  0.62336100937568262  0.63706062890689374  0.65085339511168849  0.66474170228829232
  0.67857223599560801  0.69222757187534301  0.70588846542494210  0.71954582001541123
  0.73316761391751317  0.74675422089552745  0.76038028813863678  0.77443907319727734
  0.78886282052978496  0.80350379280685835  0.81814062832043055  0.83248020035697445
  0.84662598056459804  0.86066163497332204  0.87467981051821309  0.88877414742580185
  0.90296181285904653  0.91687562339138906  0.93064024624949704  0.94428068240834739
  0.95806674139943260  0.97202483196572287  0.98602324733477098  1.00000000000000000
 -0.00270818670623053  0.01043314751656094  0.02151343806698245  0.03335028974581850
  0.04483187064355001  0.05592736250996880  0.06709860420048355  0.07836482324315157
  0.08892627626029777  0.09929976016801292  0.10992038640490838  0.12046577787865693
  0.13135243914289607  0.14154463595395364  0.15284452948079943  0.16429425932936984
  0.17580556938927136  0.18739877867027011  0.19891241968342871  0.20961425329011188
  0.21926538748678548  0.22886585293426714  0.23875216937132171  0.24855545963737416
  0.25799514120586703  0.26772600127148594  0.27838194291919727  0.28926855784527744
  0.29967719651866653  0.30980592560114806  0.31996548054050539  0.32998931777926421
  0.33959651787638734  0.34908141618206262  0.35904185909373459  0.36949278791468138
  0.37983920583763381  0.39016413330266025  0.40127031076341707  0.41267968726583709
  0.42380916979511185  0.43457913678676507  0.44610342723154056  0.45786097119894947
  0.46927567959142047  0.48040559847934988  0.49130552121898463  0.50224086828080183
  0.51315598060369494  0.52397249518913791  0.53468607357686004  0.54484094305307595
  0.55435824278651880  0.56371554649020350  0.57278510734514398  0.58161584640044006
  0.59056066966686183  0.59979286575936974  0.61063446819760148  0.62218950240929283
  0.63269077084762992  0.64252302824235696  0.65264075863343718  0.66361170556482474
  0.67564104205808839  0.68747238264007404  0.69802989816216521  0.70803780086450840
  0.71813168536147742  0.72832396932739396  0.73798650480587957  0.74752505781011336
  0.75767350149825308  0.76703493090171182  0.77634017838139846  0.78547098823929040
  0.79479543629006288  0.80444878897451555  0.81481548948029892  0.82647774720206468
  0.83872863502773198  0.85060834982378353  0.86166880971073734  0.87218666766058572
  0.88329979815122694  0.89455754362647144  0.90518394165168747  0.91576188306212802
  0.92639949909863617  0.93700441057262107  0.94701808330939086  0.95703433651386960
  0.96799449260778092  0.97902276080911033  0.98960081335450034  1.00000000000000000
 -0.00233712418308395  0.01401017003917935  0.02673242537107474  0.03730224466501892
  0.04717643943274303  0.05641499304913864  0.06476577836976877  0.07269169818978319
  0.08035596697060617  0.08795299958242953  0.09543496772670242  0.10267120087603974
  0.10963818391901327  0.11645927306321174  0.12328336267365658  0.13014868220115466
  0.13698329684191782  0.14375019358347968  0.15017737886962196  0.15629684260762233
  0.16236764433699769  0.16852296481015838  0.17457863277894362  0.18091833972305799
  0.18732344774842563  0.19381475818004212  0.20030234054215035  0.20658984854430451
  0.21291140810023934  0.21935452007129747  0.22584290802976884  0.23259380792841636
  0.23945777637919871  0.24633626249939602  0.25311923138527942  0.25990632296385313
  0.26671131676496890  0.27343850264401048  0.27999075863893497  0.28664639521700430
  0.29301125306599024  0.29880667381307402  0.30451552199263110  0.31039974569290169
  0.31655207971314187  0.32301607637305618  0.32946886337141990  0.33590961351873777
  0.34247045344829652  0.34927439079583383  0.35653559026530801  0.36400444734710430
  0.37125801950026588  0.37832761164259371  0.38529119378840615  0.39273360975874366
  0.40010630485866400  0.40761600870044673  0.41486752481407291  0.42276521273591006
  0.43113956089866362  0.43977808049538269  0.44879817718848131  0.45796044642473482
  0.46643503840138284  0.47480608752853409  0.48305789889182565  0.49120836794664940
  0.49968399387492046  0.50817229585443058  0.51657125313611640  0.52502994110645063
  0.53382677133909484  0.54303114325581592  0.55299960989515340  0.56305157633705183
  0.57299000661659005  0.58312247834094333  0.59355827193051847  0.60468191255461745
  0.61618301059783098  0.62809868199952756  0.64039292319522101  0.65363468266304670
  0.66832871340631650  0.68424624225036390  0.70042752483137305  0.71736036754404198
  0.73535531647058527  0.75397663060519804  0.77500291809199329  0.79894643788476216
  0.82656356023779776  0.85876925677744331  0.90345493335921412  1.00000000000000000
 -0.01977029586378070  0.13028454551853055  0.17642805511184748  0.20400070173998888
  0.22703420728163221  0.24457147951245495  0.25973196664749088  0.27372888279580898
  0.28789208985475495  0.30236406474663247  0.31628657788858061  0.32967095398741281
  0.34253511594620828  0.35441839058945052  0.36500578589038551  0.37523227557810029
  0.38510259803496666  0.39497302571449466  0.40322361914783766  0.41155086011869779
  0.41936438962025147  0.42671583549628966  0.43441344413559724  0.44211234856883752
  0.44949742867916548  0.45665516951010510  0.46369842988888199  0.47061361706305527
  0.47737341528554761  0.48433232364966694  0.49143354479423157  0.49869168825117660
  0.50543250361167802  0.51217938182819089  0.51849724376027473  0.52497268784577167
  0.53144867447546751  0.53805565694015078  0.54442895939709213  0.55068091583589052
  0.55680971596162099  0.56283006680947423  0.56889516056994049  0.57501231582966539
  0.58112004925335103  0.58716734616160826  0.59311690702518627  0.59897348209345980
  0.60508194460062448  0.61081202594520867  0.61642947780425739  0.62193935065286032
  0.62751136135182872  0.63324240715843017  0.63905013924418985  0.64475387433467291
  0.65037807930406222  0.65603024706564517  0.66166156594723269  0.66719480038611478
  0.67241394684192324  0.67753486632377280  0.68282974966085419  0.68804804843685330
  0.69307234333345136  0.69787555666705825  0.70269006477507057  0.70750794546709128
  0.71237961712143294  0.71719762508025342  0.72195124591424009  0.72674472756132436
  0.73174229351955145  0.73695886739141325  0.74224088885766049  0.74746736022776405
  0.75287434880943760  0.75877887497324314  0.76470772593389003  0.77077002671961881
  0.77688064782133415  0.78325041414917451  0.79007411897454483  0.79722727069744992
  0.80449224326194002  0.81174730312633425  0.81915533675118879  0.82714803042256213
  0.83608450854486327  0.84629272558549373  0.85786150226867863  0.87245615661798304
  0.88792626395921870  0.90709076241305686  0.93460498780123014  1.00000000000000000
   1.1740781471227631E-016  -1.0000000000000000     
 T T T T T T T T
  <DiscreteSampler_grid>
  grouped_processes
  1 # 1 for a reference and 2 for a running grid.
  10 # Attribute 'min_bin_probing_points' of the grid.
  1 # Attribute 'grid_mode' of the grid. 1=='default',2=='initialization'
  0.0000000000000000 # Attribute 'small_contrib_threshold' of the grid.
  0.5000000000000000 # Attribute 'damping_power' of the grid.
 # binID   n_entries weight   weight_sqr   abs_weight
    10   10   3.604311313070053E-005   1.642174083631736E-009   3.604311313070053E-005
    11   10   3.604311313070053E-005   1.642174083631736E-009   3.604311313070053E-005
  </DiscreteSampler_grid>
