 -0.00142427912615281  0.01720995479494809  0.03498946860845485  0.05114852835681882
  0.06560165326086806  0.07901385644722825  0.09198795135933410  0.10442073873967940
  0.11624986646882643  0.12778852818799918  0.13883875137007740  0.14939968498971468
  0.15951337260081028  0.16927453477782398  0.17898449862381399  0.18860931035532780
  0.19804157343737563  0.20720506643277053  0.21643535115506241  0.22550631386268352
  0.23467622216194148  0.24369182988778049  0.25268290635704910  0.26152182829447823
  0.27019129640950557  0.27907320633199284  0.28766236400198159  0.29609001419335762
  0.30437014584342464  0.31248816057962814  0.32059694079080536  0.32866306034589271
  0.33678696398983693  0.34494557279704186  0.35312550878896803  0.36119552594418741
  0.36907072722322948  0.37708097843187671  0.38480728733148079  0.39248162090307365
  0.40010320544870681  0.40770543136469589  0.41533164406356904  0.42304878303322463
  0.43081701366060943  0.43850475138484529  0.44607339524295747  0.45356952790200600
  0.46109181301264451  0.46874405279135989  0.47659217563872658  0.48460803301938554
  0.49258805249940030  0.50042561402657548  0.50825574465271450  0.51617756877747134
  0.52403822275539824  0.53190956456323613  0.53964808846132239  0.54752584755768918
  0.55549520128507635  0.56372802081520124  0.57239429585077162  0.58129489637191634
  0.59017146182687963  0.59917155225575502  0.60818265872313904  0.61718796239196916
  0.62609510126065682  0.63488962861533593  0.64372133274814058  0.65268316659474057
  0.66176618929998188  0.67091217452443597  0.68011445735644394  0.68941107805901347
  0.69869446688426085  0.70806969856995594  0.71800664670973935  0.72816451422594419
  0.73855204930205176  0.74911339458486170  0.75974342315282095  0.77067420137397402
  0.78204424933183792  0.79401092149631947  0.80680575862012760  0.82011659863397335
  0.83405166024309529  0.84907377867822587  0.86585167323207735  0.88404968235727710
  0.90409681826516175  0.92733740668112485  0.95910090509242218  1.00000000000000000
 -0.00188841778913554  0.00946406309638561  0.01952701312545735  0.03015448914432152
  0.04079629781106037  0.05184464705905115  0.06235245558745665  0.07386957287831000
  0.08514398085813954  0.09645784157326510  0.10722626089825146  0.11776637273397042
  0.12842938276586943  0.13911195925095168  0.14979718576921314  0.16046677327907669
  0.17184154845583841  0.18366787330057863  0.19508491332732825  0.20617233114883221
  0.21689857875280974  0.22725099719555744  0.23718066945722951  0.24717406652190702
  0.25783504200205359  0.26844921109523656  0.27893811229161686  0.28930957317933637
  0.29977448866153816  0.31037055701482619  0.32095357292068266  0.33160991321533273
  0.34234802762308636  0.35298100276309924  0.36350450970780895  0.37387941920300310
  0.38428780796811668  0.39474708865413743  0.40557498081334309  0.41654870800842209
  0.42773118560083412  0.43901381873126583  0.45026605747414694  0.46149015503577345
  0.47262050877739542  0.48368859901986638  0.49463568792087309  0.50533391601599742
  0.51568356282941774  0.52577089618193062  0.53582024091983471  0.54592696515670436
  0.55603362802276757  0.56640085592072775  0.57690961119953932  0.58764117119126369
  0.59846908320132741  0.60886819349342991  0.61910452946441108  0.62916749589418175
  0.63903177766684183  0.64894956559743300  0.65865677812972900  0.66844641639001356
  0.67913894090965776  0.68969346891956962  0.70029177121713637  0.71083340999414968
  0.72096564139570907  0.73148417892077866  0.74184514362387877  0.75211522955945997
  0.76192877292532157  0.77190541485702979  0.78248154955214932  0.79343003559261194
  0.80442346325673908  0.81518263453154838  0.82558659132471746  0.83605138697801185
  0.84607388403207673  0.85632518052109352  0.86658858738647704  0.87693196439830789
  0.88780439697837832  0.89868529700493072  0.90944062971955009  0.91989877518059970
  0.92995273207301166  0.93992273925365988  0.94956807427906753  0.95935446739656793
  0.96940135736809430  0.97986908856603983  0.99006810327405792  1.00000000000000000
 -0.01253179412076095  0.06940140185387503  0.10703137396348313  0.13264541949162970
  0.15405087139619406  0.17346042623955313  0.19096513803441389  0.20692131987354173
  0.22165403955434354  0.23560120630616430  0.24904252986818654  0.26153671644688747
  0.27352176558649627  0.28518801696790791  0.29644176588323262  0.30736536044978430
  0.31774787421125761  0.32777750319785365  0.33734530787716099  0.34658380304827330
  0.35564269665067277  0.36453222596623863  0.37352165055539471  0.38195209312104655
  0.39007685570731659  0.39809504822545827  0.40601025362220827  0.41387717907721427
  0.42143673277968813  0.42866389268992988  0.43589590942941997  0.44332949313816600
  0.45075746061302951  0.45800442706493555  0.46535029924335947  0.47281078326148018
  0.48048586949163835  0.48826969778968693  0.49607881487197203  0.50358384885440144
  0.51080132884208063  0.51799511573405765  0.52508962008230164  0.53213131722220552
  0.53922642440135471  0.54610477383591649  0.55280094247761147  0.55944633478094585
  0.56611760562449809  0.57277898316045828  0.57937929485664796  0.58595431344684457
  0.59261486758377191  0.59931263203805141  0.60600653763212120  0.61286772781516419
  0.61966286508939394  0.62653535871653576  0.63339016347776533  0.64025752435060013
  0.64709739073680028  0.65387220122149603  0.66056572511711176  0.66714324591833696
  0.67366802284553351  0.68024771980781640  0.68697780238547101  0.69385417112553915
  0.70085697519499146  0.70795674842497069  0.71527624998659312  0.72274296203344579
  0.73006292642895687  0.73771463965434636  0.74532435522060025  0.75351159251377486
  0.76166067956213257  0.76988849066181242  0.77822989872700599  0.78672032761787591
  0.79531740808919016  0.80398409983509167  0.81276841503146879  0.82169828880877627
  0.83087280417252984  0.84026213099390257  0.84965540654252214  0.85921414271865248
  0.86908826667352967  0.87949333178319467  0.89075256827730365  0.90306876117907464
  0.91700237395514428  0.93357088998851268  0.95693280368161260  1.00000000000000000
 -0.03111223145843525  0.15753092631582463  0.20564781249991554  0.23532782652804632
  0.25901596313241365  0.27843108119967469  0.29506619505228132  0.30988934141224911
  0.32320015796061302  0.33557445608322178  0.34720145978506350  0.35803550006611495
  0.36830359974281041  0.37834736445963874  0.38814394381781475  0.39757738512008223
  0.40644598271452653  0.41506232660741588  0.42334607470399838  0.43127025821327208
  0.43895596743542226  0.44603186245319987  0.45325741767929634  0.46040893038305786
  0.46768328249486329  0.47462371421932753  0.48146316035341613  0.48804382509067229
  0.49444309505657263  0.50096731328555522  0.50747912801279516  0.51390210977520778
  0.52020848717300261  0.52644554046020486  0.53265995582078896  0.53875795925183712
  0.54462371669116960  0.55033675918033431  0.55604101398690509  0.56171161098559119
  0.56738347511326703  0.57309887511511970  0.57868736772641571  0.58407163978735321
  0.58940227062286266  0.59471963616607004  0.60008435520305536  0.60531935324289687
  0.61047523524277947  0.61560011486727340  0.62068741980269482  0.62574524418026223
  0.63079631787958612  0.63579111848711622  0.64084748857820872  0.64595755473077110
  0.65095727061317799  0.65591406483306158  0.66083472757547557  0.66571072809018972
  0.67050638317804179  0.67522291219221953  0.67991076906658243  0.68458482602257886
  0.68922609848193661  0.69400873539250896  0.69891957755200107  0.70379049307794550
  0.70861384899780255  0.71344122098614127  0.71827784041872056  0.72315935796826292
  0.72823859410752045  0.73360014261401441  0.73913313754119603  0.74471955408954482
  0.75034650562125071  0.75605119479786731  0.76183271847624878  0.76766551553873097
  0.77355060897271577  0.77946931332759628  0.78548099216230505  0.79168908326951892
  0.79823153527679380  0.80501452481894409  0.81207944884074434  0.81967905114565398
  0.82766439753472598  0.83659376883011560  0.84703370778405407  0.85909228979968921
  0.87292855345716069  0.89055426248417413  0.91947809951999215  1.00000000000000000
   4.0165263774109747E-009  -1.0000000000000000     
 T T T T T T T T
  <DiscreteSampler_grid>
  grouped_processes
  1 # 1 for a reference and 2 for a running grid.
  10 # Attribute 'min_bin_probing_points' of the grid.
  1 # Attribute 'grid_mode' of the grid. 1=='default',2=='initialization'
  0.0000000000000000 # Attribute 'small_contrib_threshold' of the grid.
  0.5000000000000000 # Attribute 'damping_power' of the grid.
 # binID   n_entries weight   weight_sqr   abs_weight
    10   10   4.366487090905385E+003   3.310940815435741E+007   4.366487090905385E+003
    11   10   4.366487090905385E+003   3.310940815435741E+007   4.366487090905385E+003
  </DiscreteSampler_grid>
