  0.00990607402875734  0.05380704473074616  0.08270312010676083  0.10510046404418212
  0.12471800899553648  0.14443038875350778  0.16180208120132311  0.17817292119882844
  0.19363306574847469  0.20832394675174662  0.22362933123627046  0.23915439247065051
  0.25472445310403219  0.27043443049705562  0.28634229502232306  0.30181503839515123
  0.31670533692146602  0.33090212962881321  0.34425385624659749  0.35700796607995450
  0.36988054826664962  0.38303862861396609  0.39658404962658783  0.41008222091682434
  0.42314424297774500  0.43606246268279658  0.44950324016459858  0.46337320077502270
  0.47668765664079171  0.48974001481736024  0.50198232113367647  0.51362237731936933
  0.52537305617333163  0.53763804452154162  0.55009256489759206  0.56180557727603353
  0.57284908468572782  0.58347100252064255  0.59358716346144913  0.60376456133401712
  0.61362149481929429  0.62386867559416559  0.63424964452804033  0.64486333855155620
  0.65564636921606612  0.66612645148603955  0.67703584985481868  0.68738897049561420
  0.69709091639440990  0.70655643294769122  0.71597435930520359  0.72527981764922178
  0.73421580380232387  0.74305612929513842  0.75194686071404715  0.76093613404751781
  0.76977195493265971  0.77813881202125379  0.78638680517067261  0.79491033629948993
  0.80343734007795053  0.81177552796719199  0.82035230491053945  0.82893123974895644
  0.83765128121194088  0.84648144917609458  0.85515967443650565  0.86368911883221389
  0.87212921464805648  0.88036958113880492  0.88818871952769185  0.89568740320614293
  0.90306133435002089  0.91022585494957997  0.91730603838289115  0.92435615361101997
  0.93100930917474545  0.93721082355097718  0.94312588102315409  0.94880236525024608
  0.95419964162223303  0.95905077259495319  0.96323554048096438  0.96709047545847826
  0.97095521042498545  0.97455561221325160  0.97776700477206802  0.98069568316526490
  0.98342084715762479  0.98598811215729965  0.98842713130162374  0.99071978141647588
  0.99294874965000102  0.99500461446580390  0.99676573251466427  1.00000000000000000
  0.00875966329269980  0.01653196207754349  0.02821884204854971  0.04059860968865224
  0.04955839975276419  0.05889929235694918  0.06824151255729018  0.07728919473458490
  0.08634483623435742  0.09521579076840349  0.10368067148236745  0.11279888463214807
  0.12275733944937993  0.13356581045889609  0.14524969463921800  0.15679690860061310
  0.16788120739101869  0.17865112081979143  0.18912803696452538  0.19935985054514099
  0.20924894190771218  0.21883230424009228  0.22818651052362202  0.23772984584049939
  0.24746705306258288  0.25859173111682837  0.27045038889378537  0.28198286167494396
  0.29301042099050290  0.30325568077862625  0.31329850413372867  0.32357758774140538
  0.33434293683394939  0.34579905426801683  0.35716485340920306  0.36816277014661863
  0.37883565229685157  0.38965702185074108  0.40102303002040851  0.41248859723714104
  0.42367156787680593  0.43488354183569256  0.44603943796007123  0.45742977274668362
  0.46851959825283235  0.47913255723881693  0.48921957966066770  0.49902483858284913
  0.50833644140515266  0.51731706576931735  0.52633977378007735  0.53558185134815650
  0.54523143929457207  0.55531069881217743  0.56562561843402526  0.57587770483699596
  0.58553124913395238  0.59457814374078322  0.60368883751843483  0.61307352034373086
  0.62258278020116431  0.63355349221382662  0.64496735424367113  0.65674504005952283
  0.66872275306772144  0.68043721061503915  0.69109303782340659  0.70115935889582492
  0.71191694917475590  0.72394607665297850  0.73627582408395753  0.74800496834374086
  0.75889487284832058  0.76896899766318294  0.77860117441001164  0.78793287259085676
  0.79720714015949801  0.80655419083019020  0.81636048999008037  0.82629756846749991
  0.83656620928792513  0.84714991411275653  0.85837238694680007  0.87004968688443840
  0.88155082089353365  0.89336691698558335  0.90524410158388635  0.91714376363678529
  0.92904948718385205  0.94059365418245233  0.95211948552735670  0.96302151006122350
  0.97269558244422172  0.98235313690142734  0.99114757471584025  1.00000000000000000
 -0.00081217245688810  0.00453060385412793  0.00706318781464102  0.00967023162342609
  0.01266170797441872  0.01617088344706576  0.01979661287616935  0.02359310000914265
  0.02810644619743516  0.03268655796724868  0.03747869315210743  0.04293310745845792
  0.04881444441302948  0.05467376776010723  0.06095226967449502  0.06733223760326093
  0.07345801291493105  0.07992102006774043  0.08688172929609569  0.09415703223318678
  0.10116189224932336  0.10813782624995107  0.11540472565360900  0.12331312339744815
  0.13174446316176530  0.14031725073083015  0.14868254661063524  0.15689312763206370
  0.16549287217010997  0.17471596882786664  0.18477014014594575  0.19544580097843867
  0.20612393402522225  0.21609954286846045  0.22453934505664136  0.23288027978923950
  0.24147504964619423  0.25032280868239065  0.26063153647584208  0.27149590073579211
  0.28200922834392117  0.29252728142795598  0.30265405867494238  0.31238765057560663
  0.32244463200944756  0.33248357284052454  0.34217440819762468  0.35170215896176199
  0.36140565043515094  0.37164647934658673  0.38194353224337096  0.39200904152172378
  0.40239617054828991  0.41334354469114509  0.42461718684600525  0.43632859555435366
  0.44869846413494452  0.46153415345062132  0.47421380522877182  0.48647055990810228
  0.49812503685905268  0.50966075801923560  0.52136119366213274  0.53335964445191175
  0.54575537482558900  0.55842393593112627  0.57150166174719086  0.58595323420071521
  0.59988909592602302  0.61351374687289406  0.62656901191006120  0.63942615710265693
  0.65195431961806205  0.66410946357230116  0.67705729310385865  0.69043363716339712
  0.70372518230874637  0.71786858637689288  0.73237602619485054  0.74688269715484923
  0.76148672731678557  0.77728602794684432  0.79246016274304065  0.80723416531656267
  0.82177327992646032  0.83630751143104320  0.85137926025915522  0.86693083332210374
  0.88265696044323350  0.89876248085601784  0.91546353655077761  0.93213488925854959
  0.94866459911966228  0.96552188092815427  0.98272928099202483  1.00000000000000000
 -0.00201830383664404  0.01004597172392906  0.02046636648388912  0.03037392577449129
  0.04054856855244905  0.05139785743828083  0.06190088508399514  0.07310899629076595
  0.08403385866287923  0.09617025190643175  0.10781922211359607  0.11921899566755635
  0.12978238200975561  0.13966424518831888  0.14960437158425774  0.15969955072925604
  0.16982725814136504  0.18012370725006097  0.19075018818915090  0.20201345787781791
  0.21339729033889779  0.22466456233048607  0.23607124688392883  0.24744616384388504
  0.25812497796287981  0.26799783059034682  0.27782326639985844  0.28824607427729276
  0.29911431675532174  0.31004151926836032  0.32128098039407454  0.33321528465451611
  0.34597583014262279  0.35928061864340821  0.37233626381027141  0.38499658532088332
  0.39693762713114650  0.40853176327937069  0.42009987584131092  0.43137635559882215
  0.44220558443609781  0.45258788446851733  0.46330657265827352  0.47372388204073917
  0.48391962466279892  0.49382331174256244  0.50384488992412468  0.51443363514045437
  0.52522372277886697  0.53672956891379975  0.54770870367328617  0.55859356478678179
  0.56904475499480689  0.58068257879217533  0.59078796546669299  0.60033723368479142
  0.60924183743254479  0.61822886267973820  0.62746689422274315  0.63659982968199957
  0.64546440573668917  0.65508771701428392  0.66512504423460383  0.67517050067837825
  0.68518027491557476  0.69550833217836439  0.70640188467380238  0.71803781523715093
  0.72981403956359825  0.74066199820869660  0.75102379897386151  0.76073460244877089
  0.77034979146825910  0.78034933556283759  0.79075886265783712  0.80125545269231035
  0.81160876106356905  0.82212632747241221  0.83248051634502296  0.84205725591215219
  0.85108532766391631  0.85998573089994879  0.86896387285555421  0.87838872093338094
  0.88774662093305934  0.89700642811687648  0.90672298241433358  0.91701420359337049
  0.92802440483422677  0.93879290155135808  0.94896002986961725  0.95869681060302081
  0.96789390577596368  0.97780372383843883  0.98856641570721060  1.00000000000000000
 -0.00275529312857657  0.01066693287838359  0.02124088455158058  0.03123574316558258
  0.04133094532966622  0.05162428561341602  0.06227081755630400  0.07292196632009104
  0.08337259292115443  0.09334897194232661  0.10301396407287416  0.11269549065725695
  0.12260882458871862  0.13326364639424168  0.14456877931699777  0.15644872205426474
  0.16721584251214749  0.17770647810060838  0.18816926672032636  0.19898086929204817
  0.21047038892642644  0.22391388814995020  0.23615185439341335  0.24717627957891325
  0.25772539602204281  0.26819647042790362  0.27750734123827092  0.28664137185237060
  0.29637426290431917  0.30677396602535140  0.31665257867109498  0.32640308539648599
  0.33666197286472616  0.34859151469047001  0.35998087763774261  0.37077676224356909
  0.38151730103631148  0.39252979025523815  0.40288438147907690  0.41357262862933281
  0.42322341653575668  0.43398449940184725  0.44441408964031776  0.45583582916618992
  0.46621437871989935  0.47584751526503882  0.48558507742520818  0.49560733453826300
  0.50564492771649028  0.51605779185347933  0.52637680894985051  0.53674381432574936
  0.54720614117203492  0.55809033084469362  0.56906923620812411  0.58018135574710750
  0.59113161613920773  0.60210672837039048  0.61339084561443724  0.62458103062875436
  0.63521106293594098  0.64569483015572582  0.65619897381045755  0.66638248961982949
  0.67540530551554279  0.68469554885229056  0.69396450427450462  0.70254440331382195
  0.71115439249692491  0.72002320080712034  0.72983660972193432  0.74074904557523280
  0.75235316829306964  0.76378997194074505  0.77548449545529718  0.78720076780283543
  0.79814837823890683  0.80882321355825393  0.82053759648975100  0.83264926617843149
  0.84427389325433211  0.85554349422117681  0.86722781640161917  0.87806611397822898
  0.88804317107593944  0.89833761726237271  0.90825663386064615  0.91749266150693121
  0.92621883512663028  0.93511345238702748  0.94522390883145713  0.95577384782617603
  0.96692649785387996  0.97840072184622184  0.98926941002117996  1.00000000000000000
 -0.00232807611432299  0.00872510236886107  0.01866297222212935  0.02898840298501341
  0.03993035967845046  0.04927006109860899  0.05924813885363094  0.06879305234894052
  0.07775176105943175  0.08663184613375258  0.09565999520035265  0.10512913419990479
  0.11523933667263012  0.12570959535902526  0.13715104397679984  0.14871135743590197
  0.16067509610262898  0.17193246984913574  0.18281794289703238  0.19366776873501418
  0.20413185540404619  0.21454538857824756  0.22526938823498691  0.23606498614972549
  0.24702619425645919  0.25698897834263840  0.26621272457785650  0.27582068798608195
  0.28568153176221356  0.29619941116229503  0.30673202552168011  0.31757404056543947
  0.32843526809863882  0.33964717561435909  0.35096490642454403  0.36185102908859057
  0.37245926568718968  0.38263798404209043  0.39259908438370278  0.40236978291584147
  0.41247059307316641  0.42417928252960513  0.43653433814610204  0.44825058469512569
  0.45906713855992731  0.46937197863921620  0.47977550904137040  0.49048133113040598
  0.50145443526838640  0.51240623290333243  0.52309808331828422  0.53376051606491803
  0.54452235147331940  0.55557786760593986  0.56714981165884937  0.57920862290395492
  0.59175110704543710  0.60398289756284806  0.61511927988836823  0.62597103697221901
  0.63631054624243899  0.64605787774327317  0.65575311397936298  0.66612209077115314
  0.67705043711989765  0.68815699627492721  0.69976503546931201  0.71109721561540873
  0.72116920682301333  0.73073545065268819  0.73986725245590557  0.74884981108760451
  0.75771998013834974  0.76658283283351947  0.77660921994434096  0.78730582278274541
  0.79800095053672504  0.80857576942050313  0.81877247036704937  0.82921800802506207
  0.84044124032385692  0.85135011174626862  0.86246498911065306  0.87355286787966169
  0.88493915995535510  0.89603055728329750  0.90651622041734015  0.91677534592436694
  0.92694624406813453  0.93599399100532343  0.94521379823880225  0.95439985172994435
  0.96551929220874100  0.97757014433041722  0.98887900643120052  1.00000000000000000
 -0.00272970327879293  0.01024399760086775  0.02068130025003092  0.03016021160766800
  0.03947733432861766  0.04874434083542500  0.05828074757939523  0.06800574747283299
  0.07768019896267148  0.08669235261207074  0.09563873822597371  0.10506504350403457
  0.11610598350153269  0.12722881851684392  0.13747148240356225  0.14737720705074317
  0.15776446649582218  0.16833192573500089  0.17914345679145099  0.18976129911657158
  0.19881256786435009  0.20845156143435564  0.21772064326834389  0.22646556224013203
  0.23505154490951904  0.24404230067804272  0.25385789889180083  0.26424873780366998
  0.27451816294526343  0.28475827468444886  0.29490547595782463  0.30493002296491345
  0.31637318404570847  0.32886030291896529  0.34124810387809362  0.35265337330293345
  0.36383116186867498  0.37455574984980616  0.38476638597438739  0.39516318601325406
  0.40492222828505370  0.41424738106315701  0.42391252397713497  0.43361738170288738
  0.44403421034146623  0.45540078738482398  0.46721731696654151  0.47854981194655161
  0.48921320106776683  0.50012118876485356  0.51140505999837205  0.52322627971539948
  0.53552729938926935  0.54768636629732670  0.55952033372779597  0.57118531232750902
  0.58253015034082922  0.59320374098232886  0.60363240267308982  0.61458212624195607
  0.62568427005436555  0.63606968587558632  0.64595511807261252  0.65552099500322991
  0.66499491576946346  0.67453918243818600  0.68478354442344014  0.69581734593104461
  0.70715288683779187  0.71851660184660249  0.73059697002192381  0.74327515133930711
  0.75570114362633378  0.76746070070537020  0.77899805875540151  0.79059703334783293
  0.80203920755210834  0.81300664437383108  0.82379264409891440  0.83408509385451335
  0.84531349524503818  0.85704155089210543  0.86899273742307859  0.88008862044155278
  0.88992162864657975  0.89981832536145012  0.90957985669056984  0.91891901356332450
  0.92771866638430645  0.93672595591191754  0.94675133572600734  0.95598614596533971
  0.96554846857045873  0.97538917123369351  0.98691520253720344  1.00000000000000000
 -0.00333958593832957  0.01101803215613361  0.02311074137205897  0.03409769917764605
  0.04469861354061190  0.05534630526738119  0.06605442548768906  0.07676182607822296
  0.08800383577883866  0.09961565496221306  0.11090572964993221  0.12165265120382303
  0.13196920340518370  0.14194971258436270  0.15184541619084391  0.16174832581309065
  0.17204656279342470  0.18291085419893890  0.19474843468734512  0.20720187239849913
  0.21887008143953743  0.22963481178074047  0.24018483174174007  0.25052466326169159
  0.26075210129760484  0.27109960352896517  0.28185061537158596  0.29262306645468633
  0.30303753821924861  0.31320336988144365  0.32315080449176398  0.33344392893861990
  0.34417959099904477  0.35506589757314427  0.36618541658283132  0.37764105073450155
  0.38895026702220503  0.39937873641929572  0.40921272450503010  0.41926427577607328
  0.42987204567154547  0.44020959293364614  0.44938341124860842  0.45801009101992646
  0.46672487891125713  0.47579713431334814  0.48494064267006770  0.49391505278540981
  0.50373119996600957  0.51546768979410584  0.52717649109395170  0.53801132291831666
  0.54808534713645707  0.55782383687940273  0.56733200765767566  0.57701980726874624
  0.58685443115173752  0.59706300809355406  0.60688143557946617  0.61648910927277767
  0.62632627743197089  0.63635678766156656  0.64622334955532124  0.65615596887941552
  0.66646277128269005  0.67754470231422703  0.68889324885655334  0.70029616151574536
  0.71126365332894725  0.72270445532727767  0.73419355993800728  0.74596231447356309
  0.75717165242965412  0.76832777183221168  0.77995770459043490  0.79133881575940557
  0.80112012415321110  0.81052344175493585  0.82044459023170480  0.83136068921237904
  0.84147089124004659  0.85127060143906652  0.86140601906181091  0.87189575986614165
  0.88127064924125131  0.89073920343192226  0.90079767990565895  0.91140503643527548
  0.92175027992850800  0.93190165048880724  0.94248425831050486  0.95396583498199583
  0.96502559001284094  0.97646586969915805  0.98795278904753936  1.00000000000000000
  0.00309245976784046  0.03388820810532334  0.05124446221471386  0.06255560502205813
  0.07226001259619952  0.08148115605003504  0.08933556402393251  0.09719190632533171
  0.10502315522878683  0.11276090493323504  0.11993152821393664  0.12678588109659236
  0.13316131649363946  0.13958407855343011  0.14617028213281721  0.15299802551346003
  0.15993560262707834  0.16679869654469184  0.17365119402863777  0.18057201829607475
  0.18772688700023196  0.19511330479449754  0.20219583769817312  0.20867811169159609
  0.21485853234996505  0.22111190093112668  0.22737755930248479  0.23348804796903261
  0.23937984988314401  0.24519173132304406  0.25091362178977333  0.25649253363956737
  0.26205727567115206  0.26771023804131733  0.27343548139485402  0.27924195072969860
  0.28510418696481044  0.29112061310786974  0.29734341735371844  0.30360720457513057
  0.30999148666545195  0.31675896140936910  0.32373263613246867  0.33035918541751613
  0.33655133351464445  0.34217698578293504  0.34800373761201542  0.35383803938211483
  0.36058965079897209  0.36773267610754390  0.37504440120849458  0.38225530921324813
  0.38944267499897578  0.39646441571613561  0.40316888295801212  0.40971380276450992
  0.41601725984485721  0.42231362485057988  0.42884234640198682  0.43570807144338614
  0.44277929166366992  0.44983933968203160  0.45682302106561962  0.46431513321207557
  0.47193957898624145  0.47961586036892118  0.48692824962888914  0.49419221413280823
  0.50179452528857571  0.50963479735715023  0.51791376939215428  0.52627177676708603
  0.53518913361034337  0.54450555088288899  0.55605934784219235  0.56682942248968005
  0.57792975055947671  0.58920551915664621  0.60119451925797596  0.61312374146340287
  0.62538489184494184  0.63773176904738627  0.65053538811526113  0.66361319360594961
  0.67668369316389076  0.69002344519571401  0.70287504829474468  0.71588750531543632
  0.72972333461956473  0.74461630389274081  0.76220874500922298  0.78351380575687024
  0.80831901182820654  0.83945574159505554  0.88605237885396138  1.00000000000000000
 -0.01684662561645026  0.09963533794538026  0.14166390207415755  0.16900075358512653
  0.18988594887501156  0.20712205633435432  0.22181733835275924  0.23498672032530496
  0.24622576318395170  0.25628224439523628  0.26610132872711934  0.27581958959512271
  0.28529876208847660  0.29399762802863416  0.30222196756160341  0.31036038098532887
  0.31781432513096242  0.32480911403500923  0.33152605850843325  0.33788424484302687
  0.34402801620646639  0.35032251158536903  0.35669417217251065  0.36283449082742103
  0.36895320774823431  0.37512011616059737  0.38089621187533995  0.38642013488386062
  0.39164734173959620  0.39721123313318996  0.40319100659885398  0.40908106049235043
  0.41469368629437414  0.42003346892229138  0.42547308697339065  0.43102605676031258
  0.43645395208461291  0.44183752705462920  0.44736687396053559  0.45288652351397257
  0.45851754863091077  0.46430097732901732  0.47000755335086536  0.47569215720504893
  0.48149814724755957  0.48732267308641863  0.49300302006174312  0.49844328081828237
  0.50366958625344238  0.50887241040802500  0.51422954157060796  0.52011033605954016
  0.52587460709865641  0.53148364626813271  0.53692320318113818  0.54229229897643338
  0.54765853941054388  0.55308192800531153  0.55850778264992529  0.56388837700077410
  0.56932648706081723  0.57489476423529207  0.58049708281330181  0.58610207997734420
  0.59187691670493536  0.59771273152390791  0.60356677340151044  0.60945890302298733
  0.61532258478951862  0.62109913423481233  0.62742881557461883  0.63459628054540973
  0.64187463426135205  0.64879863333293786  0.65536542611571458  0.66187109330234462
  0.66856949613625338  0.67556895896129587  0.68275536918311819  0.69007296684250219
  0.69712859871680755  0.70432064206374023  0.71195572097760362  0.72013161663595349
  0.72868591758221668  0.73801572739508958  0.74810388491405633  0.75996980152842986
  0.77357269953204710  0.78792456687076962  0.80389384031284195  0.82180763751033503
  0.84345630010714490  0.86981308491355935  0.90757795299728650  1.00000000000000000
   1.0591575372195981E-056  -1.0000000000000000     
 T T T T T T T T T T T T T T T T F F F F T T T T F F F F T T T T F F F F T T T T F F F F T T T T T T T T T T T T T T T T T T T T T T T T T T T T T T T T T T T T F F F F F T T T F F F F T F T T F F F F T T T T F F F F T T T T T T T T T T T T T T T T T T T T
  <DiscreteSampler_grid>
  grouped_processes
  1 # 1 for a reference and 2 for a running grid.
  10 # Attribute 'min_bin_probing_points' of the grid.
  1 # Attribute 'grid_mode' of the grid. 1=='default',2=='initialization'
  0.0000000000000000 # Attribute 'small_contrib_threshold' of the grid.
  0.5000000000000000 # Attribute 'damping_power' of the grid.
 # binID   n_entries weight   weight_sqr   abs_weight
    10   10   7.424148266942940E-045   1.505140172068776E-088   7.424148266942940E-045
    11   10   7.424148266942940E-045   1.505140172068777E-088   7.424148266942940E-045
  </DiscreteSampler_grid>
