  0.00934072509304853  0.05550424356462959  0.08166225584007614  0.10244807639562893
  0.12264254716955830  0.14302571374473846  0.16278799669366112  0.18157155582134682
  0.19894896341873808  0.21548310591026609  0.23196414628147816  0.24807953363209348
  0.26359403152892874  0.27798898289653473  0.29184658010474507  0.30537037618753238
  0.31866390398460015  0.33105669735358417  0.34375085372977093  0.35696945688898668
  0.37033930521982583  0.38337183187344642  0.39658981546769434  0.41026899580329940
  0.42388114715410019  0.43680518151652531  0.44892324686556251  0.46112217838167069
  0.47413067936820996  0.48702529562081476  0.49954860763080400  0.51176275458253750
  0.52403337875080191  0.53524651693220271  0.54739124589146604  0.55911444797139187
  0.57097432067549547  0.58207371383620166  0.59280403571807971  0.60334573814647974
  0.61380354427914274  0.62459321123865885  0.63571268787916935  0.64710242075078050
  0.65818402334506165  0.66861034445073098  0.67859227456247573  0.68879848371978103
  0.69911770600578949  0.70928740822137615  0.71921640688018817  0.72922062327870962
  0.73938116653768871  0.74937953199289264  0.75869362393663109  0.76779998333338872
  0.77692881157572835  0.78578936832208979  0.79440230242600585  0.80255605986648260
  0.81092767883514150  0.81955272778223509  0.82803179702932594  0.83633760987999162
  0.84456801730967601  0.85296435623150035  0.86158845743102908  0.87008319832381698
  0.87825064907756734  0.88614394844858646  0.89374772353187015  0.90097776244052863
  0.90774374163255467  0.91455393245022498  0.92129374056942392  0.92779160153761941
  0.93397064565512566  0.93972364675687570  0.94523290204502874  0.95061598986310658
  0.95588419285369242  0.96069795638975874  0.96493995268201438  0.96888226165369129
  0.97263072452616461  0.97621494707079715  0.97953768179798684  0.98248666580316046
  0.98524342780672125  0.98780908961483183  0.99017988446224092  0.99230445613426976
  0.99424015357297113  0.99573426851889457  0.99662705410857688  1.00000000000000000
  0.00918964046749896  0.01593605477270094  0.02569030865630394  0.03617007354209168
  0.04666505694526921  0.05729144947187660  0.06790231937518142  0.07818613681285180
  0.08759107838517100  0.09623818187298086  0.10536870975063267  0.11564266340038830
  0.12632416237480706  0.13604010688354681  0.14504367820828731  0.15446558216416129
  0.16401267667566916  0.17327494238181934  0.18218181358530550  0.19150641820759826
  0.20193232357564403  0.21311312436412339  0.22487004800776214  0.23616535512471959
  0.24678547012864249  0.25747254304958334  0.26843816629146489  0.27982876210803614
  0.29137634851020799  0.30293119020785736  0.31423177773941263  0.32597340786394141
  0.33764265922674336  0.34939979206098076  0.35993992555946835  0.36973264017062835
  0.37941457843925247  0.38923021098539384  0.39851288469264484  0.40795965721538952
  0.41736104771315397  0.42812017674515268  0.43927230940049106  0.45100049651807317
  0.46213516806618665  0.47329759120802328  0.48355050085157220  0.49396055153717083
  0.50389095641491999  0.51359664241709535  0.52359964778782520  0.53355494757235289
  0.54319165364947986  0.55264235325854205  0.56270667671716756  0.57375809327706151
  0.58550410201636471  0.59654048873582821  0.60693426533284678  0.61768902018178662
  0.62855868688272387  0.64033478202156247  0.65341208199361300  0.66595324427973679
  0.67759088349701202  0.68872016667010749  0.70007811472918458  0.71136518634957402
  0.72313740524484449  0.73520578682362259  0.74716797534222779  0.75854641354690522
  0.76908748665385152  0.77915062463229734  0.78897203547482653  0.79834010561226010
  0.80826552172143074  0.81847846227744780  0.82859058825525067  0.83845234207781028
  0.84807959011385281  0.85860614677157721  0.87029201496951902  0.88146499780431076
  0.89153537124002680  0.90069184080230147  0.90959041757923753  0.91910920936201390
  0.92864545675566701  0.93762011446268845  0.94691870409596002  0.95620972166861506
  0.96615558786428313  0.97610751415732622  0.98765779164064316  1.00000000000000000
 -0.00076963330472322  0.00469031503617956  0.00713613592738606  0.00955019408703853
  0.01250822546396230  0.01581790036750212  0.01927431691343256  0.02318862909049267
  0.02755601530866141  0.03240288956927734  0.03757493448207633  0.04321294220234360
  0.04915687104582567  0.05566986570562974  0.06261172510748335  0.06990790083236570
  0.07741975983714305  0.08492753650417319  0.09271291884294125  0.10063441538487657
  0.10883606052058942  0.11718634088557249  0.12579814916497276  0.13415957896487279
  0.14218130345447536  0.14976097581533790  0.15711189028942532  0.16464613693812674
  0.17294166988885029  0.18233916615803811  0.19222703101497743  0.20125001125314373
  0.21037175230914015  0.21953091797525146  0.22834689266371791  0.23757863452238875
  0.24723932382505195  0.25735041093444921  0.26837475870106081  0.28006648018492197
  0.29236950641998127  0.30460691780189947  0.31678313412818199  0.32860306626180408
  0.34032758335498808  0.35256888883649157  0.36413712948033528  0.37526300896222875
  0.38653654036301222  0.39783839934426224  0.40943991002845376  0.42169073918296918
  0.43462575517211083  0.44742704579338682  0.45998501366532107  0.47217968917009656
  0.48427145468335303  0.49653314259819120  0.50892375458512507  0.52117608682347238
  0.53319592300441399  0.54529744177836581  0.55806701268346071  0.57065402741778781
  0.58348364995620228  0.59636910966861401  0.60909609155544442  0.62191582858498740
  0.63487597260234818  0.64773374947772544  0.66036699950365707  0.67315380741900432
  0.68627645616496236  0.69975841185828680  0.71314689825874911  0.72703133552843657
  0.74189038764708826  0.75573852227872873  0.76953841407615264  0.78395327230082945
  0.79791303301529792  0.81076971957086330  0.82358787470267303  0.83645631302513124
  0.84894838084801683  0.86143949939832265  0.87397422963788407  0.88691502318077176
  0.90015065241888448  0.91344688169136767  0.92685766166518180  0.93878525255686307
  0.95380490930466399  0.96912157371196450  0.98444899781192918  1.00000000000000000
 -0.00152938335779788  0.00770072886761574  0.01542236684090588  0.02363091669196583
  0.03241989176157135  0.04117270580643239  0.05070369759138668  0.06097823024110539
  0.07129101717948669  0.08193614557844067  0.09304202194326808  0.10364079979894213
  0.11451353976469936  0.12553206967770264  0.13679249967973425  0.14817976399437946
  0.15957238875281193  0.17039966724098868  0.18099975247934538  0.19224700865903291
  0.20397369846502700  0.21486179796449770  0.22508699939469656  0.23563846536335217
  0.24628048225711924  0.25685756102103113  0.26764264875325156  0.27978351710266325
  0.29248989469939679  0.30429226237869667  0.31506115315458671  0.32533991425002368
  0.33519948563692381  0.34504336562947469  0.35504487308089949  0.36615593588632056
  0.37781600649831715  0.38989019851237006  0.40137743226466360  0.41228896291489847
  0.42253092608697301  0.43227388093750779  0.44201884666473834  0.45171693430382215
  0.46198386440162931  0.47275424733337496  0.48409339728525425  0.49609585499955083
  0.50773326073266967  0.51896978565611906  0.52843306492772357  0.53735091771913313
  0.54663202110324527  0.55611078081246734  0.56582663247230092  0.57569889250880990
  0.58609876908356440  0.59729734769083154  0.60871725656156583  0.62043441298599145
  0.63073646050463561  0.63969544377530274  0.64870292486059200  0.65837279864601972
  0.66855423919980939  0.67875279620089002  0.68843460448306049  0.69916692019831850
  0.71019795002222330  0.72187325735712637  0.73439572778300877  0.74734240745711078
  0.75873637738298705  0.76984833334313107  0.78112870286011804  0.79261390036082935
  0.80411725964841740  0.81578996259933323  0.82744443495261100  0.83858608805599255
  0.84948402180033589  0.86017946446242255  0.87093764948871999  0.88164967887885537
  0.89212592092035559  0.90180987161487891  0.91136695660033384  0.92096244825112750
  0.93074169197669054  0.94065971478980059  0.95044169390413147  0.96012057283921814
  0.97028603273942171  0.98000279556843772  0.99006952670628523  1.00000000000000000
 -0.00239344409416379  0.00890896825662304  0.01876740867356644  0.02790892026942006
  0.03735420429336851  0.04704291326628873  0.05701182231814186  0.06669276601536503
  0.07592333407927512  0.08544122029782651  0.09581490023517378  0.10724846301019036
  0.11913034931514004  0.13036089706947432  0.14128607165180557  0.15237179079450380
  0.16326761468222076  0.17351007451960970  0.18334754450200208  0.19315495968905474
  0.20249502612764730  0.21197604368671738  0.22261372108719410  0.23289950743311361
  0.24479142124142467  0.25576630738039391  0.26701938807483150  0.27815679531743315
  0.28893960093048798  0.30000412291145800  0.31094112838632232  0.32176738686396689
  0.33220999587343447  0.34231804449566516  0.35213745780557937  0.36224756820801590
  0.37224804000831846  0.38269610692137163  0.39215665263259614  0.40267155906774710
  0.41354515671015069  0.42548702652266301  0.43703342507071347  0.44795305674127184
  0.45849698999897592  0.46918665490344219  0.48003545337805714  0.49138970793917924
  0.50332281420906333  0.51539523608646298  0.52674773384856943  0.53780815488723677
  0.54975483900410438  0.56214727674690035  0.57224186423444379  0.58188946902076188
  0.59132601844181432  0.60029927445129705  0.60946125318584476  0.61788689046755052
  0.62614670219848789  0.63693196019261711  0.64751812791276564  0.65794538289146320
  0.66846771967709062  0.67949271723997562  0.69109882823252433  0.70207113548190303
  0.71291875896963453  0.72337092032764205  0.73392843841552835  0.74592444492517507
  0.75843644459776305  0.77072405166258895  0.78234473274892324  0.79402298406614968
  0.80570769253976415  0.81766630378684457  0.82953516839432384  0.84166807798044885
  0.85333144724891075  0.86335951965266644  0.87259685059944614  0.88128118780340725
  0.88995831130703851  0.89896043167652551  0.90787938008985569  0.91671428713341063
  0.92623201967552560  0.93623498018813223  0.94719766664368044  0.95854794564711898
  0.96884602051953705  0.97859960515206457  0.98905179327019332  1.00000000000000000
 -0.00195632999109106  0.00924814629992009  0.01834395849633222  0.02830360186164457
  0.03834840961455591  0.04902956058851284  0.05921061090400907  0.06947305341878658
  0.08024902700965171  0.09084596204920499  0.10189533906369581  0.11328154462448234
  0.12514888875151745  0.13781038440258278  0.14888930864968303  0.15793837091715449
  0.16660683449518082  0.17510058296254594  0.18400976252940029  0.19306526369429752
  0.20176315840725409  0.21153707210174644  0.22352572849386251  0.23524656536510891
  0.24562521063509365  0.25634902947496152  0.26694520013468953  0.27756228097126406
  0.28810558358113114  0.29874459227936012  0.30946604874219247  0.32039757579497763
  0.33136421947589800  0.34137838688726863  0.35082578995683572  0.36053029696774935
  0.37049536938512767  0.38110073177411535  0.39206576838467344  0.40379637308822186
  0.41587687882511004  0.42632630281274492  0.43631966251936521  0.44465671861969785
  0.45326099318034224  0.46215063338033852  0.47081234559503926  0.47964427906044288
  0.48861276773246343  0.49744014192629643  0.50757720453958999  0.51910865131858819
  0.53142210753405650  0.54347696463583672  0.55453128368309479  0.56484735686346943
  0.57459109765424765  0.58441497271510301  0.59423383702126198  0.60411323384767290
  0.61434071096569121  0.62489374170123613  0.63581161280255383  0.64694688667429145
  0.65801968566188740  0.66903635839216691  0.68006518099412039  0.69146966221457640
  0.70324750893649179  0.71463900593811946  0.72536442118854549  0.73620366134118920
  0.74773653855164735  0.75962179859039969  0.77235017308258924  0.78267338688660626
  0.79333224795670976  0.80321281573609460  0.81330615100454895  0.82340426546030865
  0.83311638267722887  0.84287525986322842  0.85261588295948199  0.86310348352153410
  0.87432552630495186  0.88628164484521932  0.89895656927021039  0.91120013784717846
  0.92313082249345457  0.93534693260097213  0.94660576606398095  0.95708590424897477
  0.96707611400749960  0.97756584368428867  0.98865781870739722  1.00000000000000000
 -0.00215666862806474  0.00833305885689026  0.01720056079846089  0.02581013777694125
  0.03463699952283857  0.04341657220605726  0.05208164083483497  0.06110363036266059
  0.07089157037298030  0.07988273413159984  0.08857739980554481  0.09746745379395393
  0.10708815398230712  0.11801766808625726  0.12914578445215980  0.14007257387879751
  0.15075964430180122  0.16041457769497483  0.17003210588001505  0.17983172183904159
  0.19011884568529708  0.20036554495956307  0.21006461589823325  0.22069511134610098
  0.23101432174527670  0.24066288717805182  0.25054053899481615  0.25985636453236299
  0.26940876999463398  0.27923258119229927  0.28899634466522856  0.29930765283868599
  0.31036625490135039  0.32100358425926995  0.33182602520720916  0.34235361592739461
  0.35307320367736655  0.36400714892369601  0.37492089493856978  0.38509195358046183
  0.39498536021611330  0.40483703059968401  0.41432622996433938  0.42388612899650119
  0.43362441945935692  0.44340388890211790  0.45292808788604022  0.46253391284649625
  0.47243116570794164  0.48259007179636837  0.49276293745377803  0.50315675923111025
  0.51597294566253349  0.52933393519344585  0.54155184811392854  0.55305795995103590
  0.56405366940128054  0.57555859570970158  0.58749133799820219  0.59822474403771086
  0.60912240281366614  0.61985029470777198  0.63036793190596807  0.64068583685446012
  0.65152927617366208  0.66361215806779972  0.67599842743817284  0.68846875238659033
  0.70056422195027068  0.71243622694110842  0.72400067398346624  0.73499226625562297
  0.74584068638693413  0.75722233603882405  0.76850021806343294  0.77988517686297032
  0.79078863662317012  0.80096943185300173  0.81158671125671189  0.82272410638482030
  0.83477958469348557  0.84631641927789536  0.85792586396865689  0.86953614138378799
  0.88120743177967786  0.89312197604264498  0.90486294589364513  0.91639153204357993
  0.92767690246204071  0.93933303230721499  0.95014469146861635  0.96026975570771045
  0.96948468558899448  0.97928915369621428  0.98972088811973380  1.00000000000000000
 -0.00321342976567798  0.01097669447213286  0.02252391241110247  0.03337037953944066
  0.04379234784543750  0.05413837342410778  0.06379738424999756  0.07235936921111542
  0.08081508175527294  0.08893573388888565  0.09699180768184078  0.10566921461451205
  0.11471004497442960  0.12365243900156769  0.13319822250334265  0.14335764379036575
  0.15367846652942041  0.16429356775016771  0.17521106943136186  0.18641282416964677
  0.19754243607554217  0.20872302538722923  0.22047052175864196  0.23280703103812361
  0.24464841845288324  0.25518061539217657  0.26479573349842733  0.27428865335806707
  0.28428585502842080  0.29511484711939784  0.30634458322715091  0.31759106486976946
  0.32880696193596176  0.33986487482184152  0.35121435090197350  0.36230693273884634
  0.37315872050597365  0.38456961332877465  0.39571525758234338  0.40652418445221766
  0.41718088358725974  0.42761287692577177  0.43769460214422506  0.44687879175344053
  0.45542206641586214  0.46412119630137760  0.47318418617992819  0.48279001989778153
  0.49197361521522792  0.50117270154087457  0.51108582617483755  0.52138236210586630
  0.53193567775980932  0.54331803442593085  0.55576520533745855  0.56851159499360060
  0.58032371937135119  0.59119231616414236  0.60159703626700178  0.61212689058994418
  0.62265248388500538  0.63269114404811977  0.64265366306707139  0.65281943832498390
  0.66273702617975361  0.67236170167815235  0.68189492869318624  0.69295245678419914
  0.70492303124720401  0.71663232127091636  0.72811333555456370  0.73977962639521533
  0.75184501861702857  0.76391564628375663  0.77588345939184067  0.78769093766170528
  0.79826393053613154  0.80840445222795176  0.81874005194913402  0.82984866812600488
  0.84182072324836998  0.85301585192929863  0.86386253868842122  0.87449492730685319
  0.88474329147384501  0.89499359150498159  0.90591052243548920  0.91766090882258522
  0.92948614029006826  0.94030370019423093  0.95114394782655165  0.96121634068273909
  0.97044038466036286  0.97951186053111849  0.98941178487811654  1.00000000000000000
  0.00418721003161230  0.03600337892349149  0.05211915777835829  0.06364781883182651
  0.07231228093609805  0.08034580553706570  0.08816133810187886  0.09562061293523511
  0.10292800430291732  0.11038279356249529  0.11784222825751736  0.12557345898464972
  0.13393621377603782  0.14254309722376690  0.15083851290641917  0.15885541475817369
  0.16659576413643654  0.17380817868564402  0.18115660063897057  0.18848599961102389
  0.19558062117239239  0.20239053161515652  0.20913168193025311  0.21579931501516594
  0.22237419925407911  0.22910896882547815  0.23573240060794398  0.24230252397342880
  0.24899514691037966  0.25549618752969366  0.26189749948939645  0.26844062287589027
  0.27543938679995972  0.28274538168818930  0.29001173638637956  0.29710286398682156
  0.30416865114110470  0.31166691519921019  0.31878888165605379  0.32642689406030145
  0.33364008340614049  0.34070764179879354  0.34761340406690316  0.35454129501950632
  0.36155240253761511  0.36892321035848896  0.37632936656186627  0.38358565601304029
  0.39063355194673921  0.39738426966489621  0.40405183229020430  0.41066611491159888
  0.41735629354695603  0.42443720802019824  0.43167561647693875  0.43888580033605645
  0.44596349737257057  0.45283256638645619  0.45980569146968109  0.46642740156953377
  0.47306220526674014  0.47973260179545901  0.48654187704031915  0.49364983086110897
  0.50079179019887565  0.50822767522794499  0.51581369004375677  0.52407175427054520
  0.53336992829014596  0.54278986126099960  0.55212501988001828  0.56136565736167743
  0.57037528624995293  0.57937101265792867  0.58857040226861002  0.59825540457248094
  0.60835808018798265  0.61816277336326930  0.62868339319405953  0.63940228560295087
  0.65040478768792831  0.66170157066493251  0.67454760649926349  0.68841113788212982
  0.70180399750257816  0.71581279263922448  0.72949588531990972  0.74191964368842522
  0.75531907185562852  0.77145321264031197  0.78951264758666428  0.81120242368826878
  0.83491349288658567  0.86162116216402773  0.89921313279620685  1.00000000000000000
 -0.02008354995514432  0.14440605959562869  0.20218013822842668  0.23782555515936948
  0.26179758264115160  0.28069287047814978  0.29682022860617469  0.31089558634584413
  0.32404553238208711  0.33613607926322836  0.34706934374808879  0.35709786380389408
  0.36604635274711539  0.37431137161561079  0.38274982197812196  0.39112039840127916
  0.39965590527302985  0.40801228164326886  0.41590679568014965  0.42344577665793470
  0.43077582136000531  0.43792331793220773  0.44496460516614528  0.45176135763936665
  0.45812667819683045  0.46417649035451997  0.47007146444139675  0.47615285271497887
  0.48177453910633722  0.48708108619508000  0.49238136716700359  0.49766577341514129
  0.50289717757171770  0.50814399956907474  0.51341322648277576  0.51849498631754032
  0.52325653626697366  0.52776308823995488  0.53216457983712684  0.53662511258362355
  0.54108723807411818  0.54596639632307242  0.55093082743144262  0.55609978850541708
  0.56148026669070661  0.56662488754712315  0.57154799984156079  0.57632099549601390
  0.58106484510584377  0.58589488526119726  0.59073633588852781  0.59557311626855614
  0.60034801838746465  0.60543463033868261  0.61056586002794044  0.61565435690348358
  0.62062720401365201  0.62565206265473738  0.63103501256825401  0.63649609835288112
  0.64204556106114730  0.64744519756414387  0.65316248664040788  0.65896411131080734
  0.66471790785126150  0.67039841135607581  0.67581145697643019  0.68117177523030792
  0.68648495532134157  0.69176254804348958  0.69729171200250872  0.70311066925110588
  0.70905710866163874  0.71507270300325587  0.72114186530747582  0.72707232358450302
  0.73342158678383240  0.73978441607488710  0.74713477977781095  0.75330296987802592
  0.75963688978766863  0.76567201076966451  0.77184564078764795  0.77805541870086181
  0.78463642320321469  0.79112433374570790  0.79816224452580187  0.80567456700776685
  0.81408523665236110  0.82448187161638797  0.83619296233174190  0.84906370300496115
  0.86452580189703432  0.88340463038818962  0.91579537048340964  1.00000000000000000
   1.8133870074001227E-055  -1.0000000000000000     
 T T F F T T T T T T F F T T T T F F F F F F F F F F F F F F F F F F F F F F F F F F F F F F F F F F F F T T T T F F F F T T T T T T F F T T T T T T F F T T T T F F F F F F F F F F F F F F F F F F F F F F F F F F F F F F F F F F F F T T T T F F F F T T T T
  <DiscreteSampler_grid>
  grouped_processes
  1 # 1 for a reference and 2 for a running grid.
  10 # Attribute 'min_bin_probing_points' of the grid.
  1 # Attribute 'grid_mode' of the grid. 1=='default',2=='initialization'
  0.0000000000000000 # Attribute 'small_contrib_threshold' of the grid.
  0.5000000000000000 # Attribute 'damping_power' of the grid.
 # binID   n_entries weight   weight_sqr   abs_weight
    10   10   9.321199837064996E-045   1.871586390488866E-088   9.321199837064996E-045
    11   10   9.321199837065003E-045   1.871586390488867E-088   9.321199837065003E-045
  </DiscreteSampler_grid>
