 -0.00030328565279280  0.00678383139979371  0.01679566183043393  0.02759850493407764
  0.03883724965008158  0.04979183190280346  0.06068030078176129  0.07161570352597349
  0.08241019819545022  0.09287838322275568  0.10299248437809544  0.11337170274835195
  0.12340962077087626  0.13307673230022837  0.14246109235627799  0.15158824587974282
  0.16062660428537348  0.16971314448927771  0.17894604839140132  0.18814927531646383
  0.19722788170037381  0.20613608266834949  0.21490271086881901  0.22358802940287878
  0.23216389824600972  0.24060207328536848  0.24912748111114905  0.25767903426190814
  0.26643836144804922  0.27538019767438449  0.28413461585064365  0.29273725708129572
  0.30107828499368428  0.30954823324527747  0.31819253939657111  0.32681317790363612
  0.33531286227154661  0.34376372074477546  0.35221369408923492  0.36052902623388755
  0.36888388911454995  0.37731498046537398  0.38560789918496413  0.39393588430327581
  0.40226167337797591  0.41075831566127508  0.41914628024687423  0.42745623483721862
  0.43586213307403365  0.44439374343543514  0.45291023436598166  0.46137377731671264
  0.46993737783886974  0.47858730291901735  0.48723916539317336  0.49585857322406640
  0.50442288194734042  0.51294010173353699  0.52153847714287604  0.53009491416149856
  0.53881965210630967  0.54742305846158257  0.55593716103894286  0.56446483872694109
  0.57308792767961736  0.58182225160558287  0.59056997792558841  0.59919673793234807
  0.60810099632769432  0.61721298400612767  0.62635787010836685  0.63558735409682743
  0.64495189108528084  0.65472201838932442  0.66472637298977055  0.67495595804248865
  0.68535590381752876  0.69581099697811821  0.70622280989102604  0.71780333519577122
  0.72957273245939547  0.74159058190297134  0.75389503808800473  0.76640588552636624
  0.77955905995442176  0.79329577782893368  0.80755999486152608  0.82213997330777422
  0.83693083305848925  0.85238991214568938  0.87025721729563299  0.88893637349926102
  0.90924040249555382  0.93276958568267865  0.96310174393910042  1.00000000000000000
 -0.00233428364029966  0.00958877651615129  0.01954130448477105  0.03096529351044224
  0.04203726071231764  0.05220615749734581  0.06254522255571190  0.07351609103527347
  0.08432874207667393  0.09499489212062763  0.10552255760021267  0.11605211108932753
  0.12622683362728157  0.13699283624904021  0.14782530617210235  0.15872868748249935
  0.16998409731171199  0.18195769181342594  0.19340867661472655  0.20478085563020559
  0.21541624427862691  0.22617476167552830  0.23660021513869794  0.24683370343584918
  0.25686022338129405  0.26645488841727161  0.27634606321682148  0.28667923831822062
  0.29793005820200502  0.30973628647487733  0.32030759021755462  0.33061448626664602
  0.34091889095831857  0.35097907857622496  0.36112466771949187  0.37130422525974582
  0.38188951166197477  0.39260065437095720  0.40352347575055281  0.41429941584407937
  0.42464745222577666  0.43469650705559137  0.44487458553106818  0.45489989627273603
  0.46447310669737801  0.47374289758736343  0.48366909498281752  0.49433524780822458
  0.50528088003568561  0.51574885200179510  0.52602308593351221  0.53618457469643721
  0.54646350477200756  0.55683558635261532  0.56740321441336306  0.57805685644566474
  0.58885792976115636  0.60006448339485341  0.61117467520561342  0.62227362069520142
  0.63266301768717337  0.64264024909523187  0.65245961664739682  0.66233698817078945
  0.67266654419829019  0.68292965568758013  0.69357948160778982  0.70466371714180864
  0.71604198121723350  0.72751520773054290  0.73863597510750911  0.74981562196393048
  0.76139323616528165  0.77264504611846485  0.78324983043993013  0.79354182218192038
  0.80378500425044763  0.81369174706847003  0.82284703616006249  0.83181749874474187
  0.84171719658048627  0.85169111008848697  0.86180052675682239  0.87162409875670110
  0.88224101256025733  0.89323864352750604  0.90390732271779650  0.91436770520182153
  0.92483271527326627  0.93567857416548983  0.94636961292990307  0.95686105967981205
  0.96737580324121053  0.97796869711553636  0.98865108695440973  1.00000000000000000
 -0.00992082172528442  0.06195538600456109  0.09731121413495485  0.12438452717666629
  0.14813597464574377  0.16851428006948294  0.18585089542264061  0.20113267200988716
  0.21517567355601916  0.22850088985220232  0.24153858456648289  0.25398730494323957
  0.26600376493404310  0.27781105979774051  0.28954333435303159  0.30102172696450108
  0.31198780802270210  0.32227875546066892  0.33218559052999702  0.34175028393086998
  0.35103874179577144  0.36013316468861944  0.36922021228502816  0.37838412974133362
  0.38768721819218427  0.39677556173729933  0.40563028281730651  0.41447634969389657
  0.42361887531679909  0.43294540208764209  0.44191766604113719  0.45038453334263545
  0.45880912170769828  0.46695723983320486  0.47470391151409230  0.48219975625806821
  0.48953603364669424  0.49700923037125405  0.50464788386308823  0.51238294241271487
  0.51993926056136741  0.52721637262589116  0.53440887047960361  0.54150134405508688
  0.54853638429976159  0.55563752801908872  0.56277280262463047  0.56979995036560971
  0.57675942784199774  0.58381495406111128  0.59086041307860648  0.59784562733068913
  0.60449359524673718  0.61132075637941308  0.61805326129666605  0.62508077285982788
  0.63235741160208647  0.63985505284413713  0.64742485014849938  0.65490551255938778
  0.66231635664337607  0.66962202175732033  0.67675735214557109  0.68389315334844081
  0.69086126976874840  0.69767939800954237  0.70461194957480267  0.71147967691482661
  0.71836656276606714  0.72521175311310626  0.73238010962120770  0.73972900573599887
  0.74696900310776315  0.75422722956655164  0.76138729277394157  0.76868824369994326
  0.77616543092826484  0.78384050519888837  0.79157201274450040  0.79923986509672029
  0.80678539274269312  0.81465568456142945  0.82318463815386966  0.83190544939726740
  0.84070101767909555  0.84957906183070775  0.85885392105068947  0.86868758606003926
  0.87887870821908975  0.88939157088109899  0.90050657285622859  0.91281901861503290
  0.92651007435352672  0.94283041982989724  0.96552265955995065  1.00000000000000000
 -0.02123092578937833  0.14759059572981695  0.19987871187886830  0.23622963447032289
  0.26384238926845438  0.28675177784744038  0.30673312559485599  0.32466176499037602
  0.34161864130749192  0.35792940066881335  0.37277287800270581  0.38645691546750766
  0.39884860454793258  0.41034467366071564  0.42127855667062947  0.43154913111517662
  0.44118795002139144  0.45045967172743989  0.45975191010406197  0.46904572127153021
  0.47817416955814956  0.48716583486709597  0.49598086956934201  0.50428449364510985
  0.51213322022717267  0.51969639826393454  0.52684563817155117  0.53370326249339239
  0.54043437408824213  0.54715474183788415  0.55395140434360979  0.56077818115491762
  0.56747863014754796  0.57392418305283888  0.58011302706554235  0.58613346731829974
  0.59205862154922284  0.59793432082974685  0.60400212740118353  0.60965757660472297
  0.61535571632998454  0.62098947080361855  0.62656595961618478  0.63203334953521861
  0.63744251317743383  0.64274541512902961  0.64793159393149147  0.65304566344122450
  0.65816599671335807  0.66340284586864251  0.66867740508338669  0.67382449176031278
  0.67889897411135047  0.68391512121204023  0.68883500611011017  0.69366884513056914
  0.69845872117978081  0.70322426656857107  0.70797346769463165  0.71276902605400938
  0.71752419389159250  0.72230986963099197  0.72711077187789264  0.73175202014345464
  0.73631149050379330  0.74088980698175499  0.74552639552704936  0.75019180419168252
  0.75486719961311710  0.75957081721152586  0.76425858567965443  0.76903791838614188
  0.77380679792768237  0.77863433038322916  0.78348799704487782  0.78836304852898398
  0.79337565924411657  0.79854804792193668  0.80382372204091934  0.80919711181348375
  0.81475423221171872  0.82051653792462775  0.82634787979184254  0.83220933162661481
  0.83818641969999230  0.84444322656372994  0.85096062813186346  0.85808892443336693
  0.86566916924845982  0.87364853481768023  0.88300168824089775  0.89304411860235688
  0.90450245334035606  0.91913573278393002  0.94298618319139316  1.00000000000000000
   3.4342968204375943E-008  -1.0000000000000000     
 T T T T T T T T
  <DiscreteSampler_grid>
  grouped_processes
  1 # 1 for a reference and 2 for a running grid.
  10 # Attribute 'min_bin_probing_points' of the grid.
  1 # Attribute 'grid_mode' of the grid. 1=='default',2=='initialization'
  0.0000000000000000 # Attribute 'small_contrib_threshold' of the grid.
  0.5000000000000000 # Attribute 'damping_power' of the grid.
 # binID   n_entries weight   weight_sqr   abs_weight
    10   10   4.266015148505358E+004   5.219227092988090E+009   4.266015148505358E+004
    11   10   4.266015148505358E+004   5.219227092988090E+009   4.266015148505358E+004
  </DiscreteSampler_grid>
