 -0.00029999196799972  0.00672232950992880  0.01688062935127171  0.02785776586347306
  0.03918674967468538  0.05037335148559451  0.06114931319394265  0.07204735579733881
  0.08248796912420610  0.09286670138354652  0.10317631698767477  0.11332840167238158
  0.12342251197052635  0.13336823683648580  0.14298927520610091  0.15231925630470378
  0.16175419661314805  0.17122180751249477  0.18063045184541585  0.18989619666957883
  0.19905266028680466  0.20803324836710085  0.21658376133540247  0.22515350367374901
  0.23360504368552834  0.24185062353501457  0.25018879840404235  0.25844820388533418
  0.26685642892225209  0.27539883931961762  0.28409143422565258  0.29283730182492129
  0.30187972937939561  0.31094610731233796  0.31997586784992382  0.32893420237139454
  0.33762882815596773  0.34620558015756453  0.35480794905190605  0.36349558871707471
  0.37226957359287322  0.38098309495242977  0.38944677280816126  0.39791325824771501
  0.40639423352419068  0.41500921802010199  0.42371180933061375  0.43233280103774946
  0.44076186740925383  0.44908471424089091  0.45748258678163278  0.46586042891389678
  0.47396125846868942  0.48216984554672937  0.49023020099438219  0.49835013808386713
  0.50666528377294140  0.51505020486823383  0.52328378324429814  0.53145901042251220
  0.53961894268890265  0.54750272164715352  0.55564917607469877  0.56424329491485015
  0.57305313772374333  0.58182205854703983  0.59052555813361618  0.59938867305219068
  0.60838695981721724  0.61745920718531766  0.62660987811331803  0.63578495454821671
  0.64501507223388421  0.65450288697001813  0.66441889659108244  0.67452080110364399
  0.68472667964970080  0.69504224061375552  0.70544106992253763  0.71581764078445731
  0.72662821916990239  0.73766219362781715  0.74891526789203045  0.76012936587587421
  0.77154340110578801  0.78382248849210456  0.79726756766536411  0.81114869413986024
  0.82534460379082319  0.83956875488361060  0.85691300511237467  0.87662035197229382
  0.89762756191245419  0.92253745628100758  0.95792973085971689  1.00000000000000000
 -0.00160988747950801  0.00964486243176084  0.01952962302549408  0.02941191103984406
  0.03922040050933269  0.04874573643369332  0.05868388912436396  0.06883695040633916
  0.07907786811861779  0.08915943748592593  0.09948755760814434  0.10947972551006453
  0.11900102843882868  0.12911787336650679  0.14001081260633022  0.15049608584912641
  0.16044472656039427  0.17089789788386833  0.18206306072014797  0.19298478154318743
  0.20339778029464933  0.21437493338120300  0.22572429316708903  0.23665785312787560
  0.24770389024355713  0.25815840337524243  0.26802084631038631  0.27724257187205553
  0.28643851506535534  0.29585677478099509  0.30554742246778827  0.31522981099493863
  0.32483557727046936  0.33435662948751776  0.34398450501388256  0.35388482212524380
  0.36389859842681938  0.37380463464622887  0.38340279706911629  0.39321121128806596
  0.40383950005424568  0.41485108588120578  0.42592035419506891  0.43705081277871832
  0.44899355962699311  0.46135036970000470  0.47351130311345446  0.48498884469016756
  0.49578403231363510  0.50616995475203785  0.51626816892834981  0.52660494968239890
  0.53719327219475221  0.54730428595806202  0.55691688130572869  0.56701729905550680
  0.57804693291219356  0.58919128872418070  0.60050838553014962  0.61255448018551950
  0.62527483537361939  0.63805271210188941  0.64987953641004115  0.66153695129469614
  0.67208712638335422  0.68210430207769090  0.69196407734608556  0.70181502132711948
  0.71207136629240464  0.72339260521372406  0.73391701443765034  0.74414002237129917
  0.75394183848003293  0.76382655570546720  0.77390375292502711  0.78367669686182939
  0.79334506383006875  0.80331879651042393  0.81388355347019192  0.82553178933604421
  0.83711740340348217  0.84849442938763286  0.86023473571125164  0.87204001190549729
  0.88253465588536284  0.89197613964666533  0.90177893137745246  0.91190467066440128
  0.92221722827035701  0.93306561391903720  0.94487177117891563  0.95736671007319285
  0.96867658235345133  0.97935462625528991  0.98936761285556263  1.00000000000000000
 -0.00828827973274201  0.05544478871032499  0.08649522908609891  0.11039939083072602
  0.13107188789865240  0.14975860890003076  0.16551791078710432  0.17971941903714989
  0.19289067501689752  0.20559447275204296  0.21756505096235249  0.22923941914311102
  0.24111081931778605  0.25268198573545542  0.26365735483689989  0.27421563023916473
  0.28448184436215251  0.29394055980611178  0.30269736591142632  0.31124970620933123
  0.31987915535492834  0.32841904359529056  0.33683112316077835  0.34495082737252603
  0.35288512805783251  0.36110424705555688  0.36970194122806660  0.37807163119914133
  0.38611220123708373  0.39368376985168363  0.40101549072567916  0.40800737486891703
  0.41515419304671791  0.42238203689339682  0.42969863339678338  0.43702974687097829
  0.44392846810912562  0.45056429771285289  0.45733731848606840  0.46436378525862587
  0.47174005623314930  0.47913765691413523  0.48607651710670452  0.49281394550611440
  0.49923886274453011  0.50576465292654460  0.51259749483160810  0.51963986430487963
  0.52658544039645194  0.53315302426406719  0.53970086922696681  0.54667867830284878
  0.55387699066985996  0.56100723762648175  0.56796551409857376  0.57487126423358925
  0.58184869930617256  0.58905692773503548  0.59641773402248588  0.60375436627496926
  0.61102919816856927  0.61832421819191596  0.62566760555444545  0.63291633558323335
  0.63997722173473726  0.64716651413033666  0.65498980981990174  0.66343106077457592
  0.67148628747647265  0.67927525730114813  0.68679865440202448  0.69431378776954722
  0.70202642902937729  0.70980450054260913  0.71775943934045772  0.72614911169033325
  0.73498760955949205  0.74393679892899578  0.75259145619158396  0.76085136555387844
  0.76912854840573608  0.77759760771888031  0.78624219446801347  0.79506033939376985
  0.80408550190038564  0.81367765035696216  0.82389190923721278  0.83427109553528545
  0.84516797731834004  0.85740531519178853  0.87146158597470724  0.88825364333961321
  0.90641554046067740  0.92626174345006529  0.95185279578056603  1.00000000000000000
 -0.02061725165811847  0.11828557069617247  0.15100942507667631  0.17366825002240441
  0.19354392517187516  0.20984863580238977  0.22288820604755105  0.23471648682485355
  0.24634528009584300  0.25672755879604026  0.26684983969419862  0.27571218522851093
  0.28422528402635105  0.29218873027340675  0.29944124998596605  0.30659355550724188
  0.31354759874874744  0.32040517133378305  0.32712892270658134  0.33379567246516756
  0.34058723543693470  0.34735419337445145  0.35404076924620576  0.36050804736122166
  0.36682498343160319  0.37297090945890121  0.37911854423013330  0.38532929904782487
  0.39164124202884765  0.39794514162562988  0.40415195808560156  0.41023335340280959
  0.41614642625344628  0.42191806504995516  0.42768487721438475  0.43330906418849324
  0.43903346154766620  0.44501530926547783  0.45106100290776069  0.45715496333182498
  0.46316992930947620  0.46907124736610589  0.47492221576843974  0.48059540556862779
  0.48589283907742020  0.49134707006084616  0.49683408878176838  0.50207868797131860
  0.50702025908994508  0.51192656773696732  0.51691560618836485  0.52196120308172034
  0.52689903045734054  0.53181128865278726  0.53686330507978119  0.54221226488706087
  0.54781176027739931  0.55337454464601277  0.55883632526579519  0.56450155287747483
  0.57048062360817520  0.57659235192159497  0.58245913857047105  0.58799586824545225
  0.59354303784679385  0.59924722914884154  0.60498810602438136  0.61064651996793906
  0.61625466687244324  0.62191915760938421  0.62767939569877784  0.63369711012748720
  0.63982000399235617  0.64615726004344509  0.65275389110937454  0.65934825467811775
  0.66608743319844121  0.67327088872389074  0.68083466875421861  0.68872803396928017
  0.69703520642534600  0.70520602726189141  0.71319538615160627  0.72116897442373651
  0.72986778505826144  0.73891175868775572  0.74832754598877049  0.75806750078049967
  0.76823694102955797  0.77945793348700343  0.79181093790344526  0.80604835362838601
  0.82307914066696963  0.84491543621299392  0.88145504431801092  1.00000000000000000
   1.9127202361805322E-009  -1.0000000000000000     
 T T T T T T T T
  <DiscreteSampler_grid>
  grouped_processes
  1 # 1 for a reference and 2 for a running grid.
  10 # Attribute 'min_bin_probing_points' of the grid.
  1 # Attribute 'grid_mode' of the grid. 1=='default',2=='initialization'
  0.0000000000000000 # Attribute 'small_contrib_threshold' of the grid.
  0.5000000000000000 # Attribute 'damping_power' of the grid.
 # binID   n_entries weight   weight_sqr   abs_weight
    10   10   3.094414829317959E+003   1.598725958609216E+007   3.094414829317959E+003
    11   10   3.094414829317959E+003   1.598725958609216E+007   3.094414829317959E+003
  </DiscreteSampler_grid>
