 -0.00014470747746605  0.00596460976737157  0.01611495014685788  0.02699763518989588
  0.03813955695647728  0.04889218517473014  0.05951560869114341  0.07036220248403138
  0.08125542647151567  0.09200214388360899  0.10233572752610007  0.11266739001788273
  0.12290979872695947  0.13283530240067287  0.14241828956256708  0.15171315614894981
  0.16105764941217374  0.17027632217767266  0.17991272397336766  0.18944009279798940
  0.19874955253976948  0.20792604353438995  0.21697889151968119  0.22589435608582087
  0.23470803907229501  0.24331040598055068  0.25178993101084063  0.26012288391787380
  0.26833625715615916  0.27658359973106039  0.28455087969719323  0.29256921871660879
  0.30042169297742422  0.30825422221694559  0.31623761172171744  0.32434882166691575
  0.33241121265028339  0.34037416821837541  0.34827681339897426  0.35611060456676663
  0.36415937400438275  0.37240160917977216  0.38065027839543586  0.38890687205812857
  0.39723682067415667  0.40567541407744062  0.41389611325461217  0.42207181378769681
  0.43027764739071322  0.43864180652004925  0.44709857203596165  0.45552022020255056
  0.46391912029083943  0.47223742615322334  0.48062697777160052  0.48906959318397492
  0.49767136313526195  0.50632868120232033  0.51495168119763035  0.52350125965449501
  0.53190667069740216  0.54067545858692900  0.54950274305420987  0.55854813686295302
  0.56767567217638948  0.57677556176035683  0.58591343847155619  0.59510197366693673
  0.60451619216143326  0.61403062006498266  0.62365439863322292  0.63335326041649709
  0.64305455072580642  0.65277727317098977  0.66312974482106790  0.67371155536891425
  0.68447686808823072  0.69540041260499119  0.70632041974464432  0.71747236840850248
  0.72877728019118249  0.74047412808627511  0.75260735327154971  0.76506965438497954
  0.77772127420125770  0.79072862928603327  0.80396104210474451  0.81870428803595507
  0.83472762724500860  0.85128677749110082  0.86843798750984402  0.88620328590796149
  0.90719623147589779  0.93189111467807406  0.96239524465584159  1.00000000000000000
 -0.00241122767785292  0.00912049401671798  0.01918782840895331  0.02968871516146545
  0.04025864418438673  0.05124444330828911  0.06186683238866163  0.07214350342093202
  0.08275006676551741  0.09386879799836725  0.10509210014905786  0.11602025761019655
  0.12668286922980132  0.13715352005632772  0.14733880450641054  0.15720230292755494
  0.16686476718545951  0.17627436557024972  0.18584329162694205  0.19573002482656898
  0.20576736520389924  0.21573118217669296  0.22578305499570805  0.23637714583674019
  0.24746469536263005  0.25882344045618755  0.27079893347049289  0.28305008993334002
  0.29514134191850683  0.30700787741148727  0.31814070740703226  0.32895157121353663
  0.33983234572521814  0.35099990328048031  0.36178529026925532  0.37273219500981492
  0.38395713584998364  0.39510922023475792  0.40568671742986850  0.41576157471991870
  0.42547156526883062  0.43499010378539693  0.44467978803394087  0.45454328428497159
  0.46487714780280653  0.47536626886874850  0.48654075995546608  0.49812328219635615
  0.50953168827259276  0.52036919746299126  0.53061711205902817  0.54056832962276113
  0.55088052130443177  0.56130073322429497  0.57166349559553753  0.58178397399941018
  0.59233711895465113  0.60322135381562358  0.61423110033792161  0.62498481900125169
  0.63529732367188207  0.64522379774017125  0.65462490131472595  0.66406160645932311
  0.67364681516348679  0.68336524131914311  0.69321329624806427  0.70324487535338931
  0.71325627814013481  0.72357310629345906  0.73360298660814038  0.74382618398594635
  0.75411764900633516  0.76431063678889799  0.77424358840278817  0.78438188059273595
  0.79443181116194805  0.80537990759866107  0.81643617432516324  0.82787324257537953
  0.83927194042485609  0.85039847962250692  0.86104214403042068  0.87167530186403208
  0.88216388284937686  0.89281248305318073  0.90309525888931153  0.91347948796910827
  0.92371980501343942  0.93338161139889231  0.94317803426527014  0.95305699677475231
  0.96317704890491995  0.97419684535111795  0.98616317496391281  1.00000000000000000
 -0.01075278506346202  0.06606969784354114  0.10510917757955322  0.13136404515416392
  0.15439178320885460  0.17446796157145780  0.19311019797509876  0.21063287979285025
  0.22637308378176874  0.24188610208103628  0.25663049192323106  0.27009739450222386
  0.28314169956693025  0.29539742389363727  0.30682498628840577  0.31779814797707162
  0.32849102112169043  0.33919006092697274  0.34954847729395500  0.35986714320591145
  0.37028961851973802  0.38044336420250197  0.39037534897789539  0.40022995527817473
  0.40987471572691087  0.41930685457299549  0.42830359988358002  0.43731830981604408
  0.44656067596626281  0.45604509863310566  0.46582157879221248  0.47555040721332104
  0.48456563458404245  0.49284933438082285  0.50097680553439161  0.50907577313079488
  0.51707455629278409  0.52498930396185994  0.53260622775227939  0.54041344274312075
  0.54902203265977811  0.55793102536038519  0.56624907838211225  0.57401813059093243
  0.58170223436741630  0.58951401881861232  0.59740191695796341  0.60531075638338061
  0.61317925844601706  0.62090909159802932  0.62847457555547304  0.63596433344954273
  0.64344929279968688  0.65091341702909267  0.65826373967813578  0.66571297403558372
  0.67240038852185879  0.67911203243207141  0.68581144929109894  0.69260038967815529
  0.69940290200773803  0.70626214426324985  0.71325810870844975  0.72030180743846961
  0.72726513688281325  0.73420610907377004  0.74129627205019410  0.74846878722316501
  0.75561283486469277  0.76255147822171832  0.76940523894702939  0.77646020438015317
  0.78385543458636153  0.79138642857354047  0.79877681461493566  0.80615562242177530
  0.81361148292900043  0.82124857697025566  0.82893562834919921  0.83657370202953407
  0.84428877784028311  0.85218610878587686  0.86037262450104746  0.86895404884277616
  0.87737712302674742  0.88521010478319895  0.89344815081019113  0.90193692749972021
  0.91067247037581778  0.91983968578894926  0.92923017901081195  0.93907480517387742
  0.94988960432982927  0.96245218905323338  0.97857143710954464  1.00000000000000000
 -0.02033065500003195  0.13194534269753111  0.18155629462109710  0.21614421808597739
  0.24356560807777827  0.26596797157374880  0.28633216518840349  0.30460480307473231
  0.32165932262798863  0.33769837997761176  0.35200773889319514  0.36592094085027232
  0.37896920130297485  0.39112096328526830  0.40277780112092110  0.41396449158082566
  0.42455896275208654  0.43485950243488547  0.44514269907886028  0.45527108776106245
  0.46469868055308694  0.47381643246207300  0.48287644814100061  0.49200627403434738
  0.50098124058775695  0.50980614552475623  0.51836974394018853  0.52719169810892830
  0.53619471078169501  0.54483115777795454  0.55281339784198347  0.56037794759386850
  0.56741316483112858  0.57409914557183683  0.58078811935257679  0.58728472915681695
  0.59347796711114942  0.59968762247260043  0.60593038455528014  0.61230096746646856
  0.61836767822952821  0.62423645254329929  0.63006642689850012  0.63584369593389156
  0.64167085290966053  0.64754903842712663  0.65346617016158592  0.65929594979192518
  0.66497581362047753  0.67050908565075162  0.67596096296097496  0.68140687474509709
  0.68683682382680045  0.69249653636033737  0.69799116367895853  0.70345058311632835
  0.70883916588137241  0.71422328302578331  0.71958079533233876  0.72491709223961676
  0.73029693012257335  0.73556062647479037  0.74075189066410951  0.74593773631517168
  0.75110565032601329  0.75619978177265734  0.76122237574085039  0.76619641628840263
  0.77109509133881582  0.77595998963097534  0.78080486666005766  0.78581807135501880
  0.79068788701122461  0.79539908018678429  0.80002769882908609  0.80468701122731601
  0.80951776911566664  0.81458091639799080  0.81976902294347187  0.82494279642797952
  0.83009829533596047  0.83540458198765155  0.84094744988312209  0.84664039821715398
  0.85246065519483150  0.85853085629533066  0.86487229369557683  0.87159869586157235
  0.87903211305080520  0.88724742408548096  0.89601319806497925  0.90545660715810650
  0.91635391695733237  0.93051608738487046  0.95170812783023828  1.00000000000000000
   6.8666708151346570E-007  -1.0000000000000000     
 T T T T T T T T
  <DiscreteSampler_grid>
  grouped_processes
  1 # 1 for a reference and 2 for a running grid.
  10 # Attribute 'min_bin_probing_points' of the grid.
  1 # Attribute 'grid_mode' of the grid. 1=='default',2=='initialization'
  0.0000000000000000 # Attribute 'small_contrib_threshold' of the grid.
  0.5000000000000000 # Attribute 'damping_power' of the grid.
 # binID   n_entries weight   weight_sqr   abs_weight
    10   10   4.634919834245862E+004   3.323283427243580E+009   4.634919834245862E+004
    11   10   4.634919834245862E+004   3.323283427243580E+009   4.634919834245862E+004
  </DiscreteSampler_grid>
