 -0.00020255235219901  0.00635297733856067  0.01641712066201196  0.02761635496126211
  0.03880330553507259  0.05023969665106218  0.06146563230673657  0.07209480347141212
  0.08251778787516588  0.09306861834006835  0.10367761632125859  0.11397588146911085
  0.12389053187338299  0.13352174903788716  0.14305473812190944  0.15277151183961946
  0.16234132733009757  0.17170488187155422  0.18148886717918813  0.19128367315626763
  0.20117533126545184  0.21077132997789733  0.22004557352348977  0.22914245974335037
  0.23828839442237892  0.24740635743327336  0.25619909073997688  0.26487067736976516
  0.27371809094873678  0.28273726456903814  0.29165487501355392  0.30025991079107184
  0.30849093537197414  0.31661966835180749  0.32475048743744267  0.33289466134209789
  0.34102475811261990  0.34910485538309555  0.35722263552917821  0.36531312301681629
  0.37345514575289707  0.38145634816094276  0.38917075592515205  0.39723825027810800
  0.40538301115315561  0.41350528901572015  0.42161069867265777  0.42978761625785278
  0.43814640052290943  0.44656839943306625  0.45494862658544921  0.46308791835707669
  0.47132944125386839  0.47963684752474184  0.48811173117527062  0.49674989482190934
  0.50540176029603934  0.51420208895330366  0.52315611052344013  0.53225979284444813
  0.54137758374778788  0.55041692942840659  0.55940400451764549  0.56859241842829433
  0.57787554443085087  0.58745596803040967  0.59706899128546798  0.60670544069345411
  0.61644638939135965  0.62620232782764607  0.63587031949701767  0.64552437586584377
  0.65514208855499056  0.66475534820307713  0.67437505996885949  0.68401877589179494
  0.69435435818232361  0.70474395379673371  0.71514564893891452  0.72573668843179251
  0.73651513713910266  0.74739047530571034  0.75845168936124385  0.77062054739922592
  0.78271361338096823  0.79508666336887146  0.80755332321145257  0.82074571503326532
  0.83501964372383441  0.85040168701632357  0.86764233938607327  0.88543906563464836
  0.90584476270348258  0.93026332218183394  0.96163236757120030  1.00000000000000000
 -0.00220662687412792  0.00914891442423201  0.01927137355047364  0.02911820618260657
  0.03907984305139686  0.04935118128800500  0.06014491492496583  0.07079789909073295
  0.08156583074107338  0.09181999044539846  0.10167586038192508  0.11166373813083616
  0.12156289325693559  0.13227855903324492  0.14331600805762557  0.15443264741895907
  0.16576624604097595  0.17669375153083611  0.18712136295180909  0.19740907052956144
  0.20758410872813798  0.21903831969675797  0.23066135228384205  0.24250353021621510
  0.25414645555110743  0.26522738938477336  0.27628677379600786  0.28727110284021057
  0.29824815526229914  0.30955763602784819  0.32090719465285711  0.33238094445601474
  0.34380411715658954  0.35470199991020890  0.36491230691886917  0.37482621446539516
  0.38469691133004474  0.39429141244782900  0.40328322844982001  0.41205160083530590
  0.42124390771518361  0.43096306738849771  0.44089244638847047  0.45081824010261379
  0.46089567020456668  0.47158895730058220  0.48240684485134827  0.49299285250127212
  0.50294922556839905  0.51259087053268271  0.52239390706386790  0.53250258668847694
  0.54270769525103768  0.55284832493754321  0.56305253157839796  0.57360347960820379
  0.58430447761180404  0.59563087490204780  0.60672972448784335  0.61755780539329064
  0.62850818084308624  0.63945875327581581  0.64984228363960339  0.65959271706440203
  0.66927786262635025  0.67926593320232309  0.68939703448916390  0.69963956192503152
  0.71024866770052708  0.72130473177361154  0.73230481559002825  0.74291669106631897
  0.75320830318253895  0.76318435917840810  0.77313081691002561  0.78300947368393248
  0.79287722836265073  0.80268841387431633  0.81265991578900298  0.82338083523532446
  0.83428017164170110  0.84527831332055470  0.85597086613452911  0.86688374649997335
  0.87766755224272586  0.88863150617284115  0.89965109564023826  0.91067707708424550
  0.92158330626265539  0.93246753692681994  0.94329406808209670  0.95424187419770556
  0.96517124349908501  0.97643207139851562  0.98801869388991181  1.00000000000000000
 -0.00946469871933377  0.05957447762759057  0.09589260687914743  0.12263096207902288
  0.14454588915095556  0.16394253079912144  0.18146214810637498  0.19757445349167749
  0.21210468214066122  0.22526726510455372  0.23782572355459117  0.25011591747956430
  0.26249727048430188  0.27438714080109705  0.28603802860966437  0.29706108761071631
  0.30782201857784702  0.31829735205945808  0.32842662201852230  0.33870198162955600
  0.34836496464296834  0.35821016706535719  0.36787316281025656  0.37740458341610644
  0.38685709778738375  0.39602003775548394  0.40495753137654023  0.41381796311863706
  0.42280955019868766  0.43165148485531341  0.44076306706549179  0.45010211906641745
  0.45911608571154294  0.46774126763886470  0.47620062595252788  0.48458223129975581
  0.49232249089566432  0.49975917733037895  0.50680997385892212  0.51387154188705386
  0.52104668207173377  0.52820596677291864  0.53533300689607111  0.54234043201924709
  0.54931720500555370  0.55611320572666845  0.56298527764357853  0.57000527353461639
  0.57692287636891992  0.58403177678859153  0.59150161934110079  0.59922827349128371
  0.60696805493036510  0.61451913996665797  0.62183516623432200  0.62893927671843486
  0.63601982422201320  0.64333866756050917  0.65026493064612190  0.65691025230722966
  0.66358415702636775  0.67035361192684129  0.67719234986150123  0.68409384323641664
  0.69122453932620742  0.69887943458314028  0.70631328869864629  0.71422777955636418
  0.72217740397068342  0.72998099609995060  0.73777718107017343  0.74548354166036590
  0.75287700462528562  0.76005295827376740  0.76722550130042910  0.77440940164590688
  0.78154867798365335  0.78886983426844959  0.79646317156989066  0.80416953929359114
  0.81208941568420734  0.82067971853172195  0.82960488335500715  0.83871785710667923
  0.84806896029791057  0.85751798863773987  0.86691894953059068  0.87658064249165357
  0.88639540698852715  0.89645114893976752  0.90725420665511369  0.91887753031960140
  0.93208417271490207  0.94805446484600164  0.96949646762603647  1.00000000000000000
 -0.02028152469571150  0.12976211759116071  0.17475246223024601  0.20290743266111685
  0.22566759019858243  0.24488863350611417  0.26249404302133128  0.27912385512267057
  0.29470667191937472  0.30904506708764351  0.32176751781802804  0.33332858475451682
  0.34420522105053319  0.35447558604792262  0.36422632457534782  0.37386491384575604
  0.38365533175867578  0.39341057374169208  0.40245858331220558  0.41125407494009547
  0.42009993556334263  0.42886574761830509  0.43717092326236529  0.44493989614628210
  0.45239118337491296  0.46020473451424720  0.46840145766456309  0.47653929269037065
  0.48431477199973061  0.49172640529320966  0.49893995109951844  0.50608673089043443
  0.51334502428938067  0.52060505861909367  0.52714669294624561  0.53335229652167948
  0.53948330090276830  0.54543077673496132  0.55131937622365901  0.55710923236921195
  0.56278216226049116  0.56828648475193966  0.57388932690767558  0.57945376579905472
  0.58500350915872379  0.59044745965544343  0.59594498286273356  0.60123939546471050
  0.60657016731811053  0.61196403659005627  0.61723209170969284  0.62247030557922378
  0.62786634766598093  0.63338471572789867  0.63894555422541288  0.64446047610734247
  0.64996194028351295  0.65545427156170122  0.66082929670537005  0.66615639563316476
  0.67133627539486729  0.67641736061106150  0.68153855036062927  0.68667013064143245
  0.69182825398429248  0.69690923059705279  0.70198617090606097  0.70718962578508326
  0.71260907435918341  0.71823270565527464  0.72396179842731634  0.72969778209785574
  0.73535853829731468  0.74095404083046490  0.74663719676811324  0.75241897947576697
  0.75843469582343859  0.76467870951689554  0.77108771043805224  0.77760063179848771
  0.78413536557758967  0.79087589917884049  0.79797856948184032  0.80548306969612249
  0.81331264933234759  0.82141002042185618  0.82974478502918159  0.83828426187761840
  0.84687443609531099  0.85604460791149306  0.86613834161688397  0.87761671818142351
  0.89048666684120503  0.90751803821035426  0.93393263728088893  1.00000000000000000
   3.4733037670270802E-008  -1.0000000000000000     
 T T T T T T T T
  <DiscreteSampler_grid>
  grouped_processes
  1 # 1 for a reference and 2 for a running grid.
  10 # Attribute 'min_bin_probing_points' of the grid.
  1 # Attribute 'grid_mode' of the grid. 1=='default',2=='initialization'
  0.0000000000000000 # Attribute 'small_contrib_threshold' of the grid.
  0.5000000000000000 # Attribute 'damping_power' of the grid.
 # binID   n_entries weight   weight_sqr   abs_weight
    10   10   4.238118355988217E+003   5.737204447137381E+007   4.238118355988217E+003
    11   10   4.238118355988217E+003   5.737204447137381E+007   4.238118355988217E+003
  </DiscreteSampler_grid>
