 -0.00032717566587572  0.00697173346986959  0.01690698917296711  0.02780056834410186
  0.03906934607472745  0.05036327850189690  0.06168640254045812  0.07266831157758168
  0.08340221760024642  0.09409164099980881  0.10427106465564542  0.11421234116226932
  0.12377363259776192  0.13292362186786352  0.14190704240133001  0.15082933992557299
  0.16013575202353586  0.16967472093551969  0.17947134930081968  0.18906804193283058
  0.19837757374454568  0.20739064949518210  0.21630670896507478  0.22493491748545907
  0.23335387965101917  0.24167174917585901  0.24994661060293849  0.25814967914398690
  0.26641239005418310  0.27486680543522196  0.28344467677498331  0.29211298955677389
  0.30095670963766430  0.30951938681873598  0.31793773597654579  0.32624325227289758
  0.33443648375637014  0.34267175358274587  0.35096059219655557  0.35934728491508716
  0.36775013243061039  0.37618267409858913  0.38481604277046227  0.39343167621460051
  0.40197007172939908  0.41054932756860213  0.41891772586804604  0.42711125677636441
  0.43546795427940749  0.44422268947741061  0.45305728612549589  0.46200770307580813
  0.47107826702973732  0.48024654037297648  0.48943799121291792  0.49857410037912619
  0.50761750960215035  0.51651102512376657  0.52538486308396604  0.53430144852100669
  0.54311179962700784  0.55173938815984258  0.56032743515755801  0.56926663532155752
  0.57820958734466876  0.58726546611508912  0.59630193078351312  0.60523782486248101
  0.61406511889396787  0.62285411156536763  0.63176650829550052  0.64103008359714264
  0.65063267690994608  0.66051115541043759  0.67063375739673536  0.68095214101258617
  0.69127618599307361  0.70166361039018665  0.71222885769638355  0.72292372742515687
  0.73382211309061685  0.74500018389904232  0.75641662350340455  0.76770878087496586
  0.77946557951383688  0.79298747638224976  0.80708040146028281  0.82149690307344581
  0.83607977291205660  0.85151083919069137  0.86940994877896582  0.88774376889614448
  0.90777846215485725  0.93087800241611429  0.96237353951778792  1.00000000000000000
 -0.00175993236463473  0.01129378152048969  0.02252047631908226  0.03276398935973809
  0.04284354631221018  0.05249335770103108  0.06236675122237152  0.07258544071459785
  0.08356883352537589  0.09481604595519996  0.10580484626503713  0.11650564964252193
  0.12701838886369909  0.13804347734077688  0.14865278858069131  0.15951846167085371
  0.17080097158719065  0.18199065314232873  0.19233409502788446  0.20191633295423847
  0.21182570104909376  0.22169877547240699  0.23124120532484141  0.24042870360517762
  0.24964633566295241  0.25914821837973839  0.26805339990625282  0.27746315383123543
  0.28745805301999500  0.29824069600545849  0.30921378179503822  0.31964935510624692
  0.32965503512674382  0.33949962057574357  0.34934309275961895  0.35935682741105474
  0.36967713401160068  0.38048570442551394  0.39160282259751644  0.40224766045100202
  0.41257974387190938  0.42310768219747047  0.43347857479363971  0.44339613313730319
  0.45270799184547017  0.46212928216511484  0.47162664622882494  0.48114397423760885
  0.49014771788448713  0.49886730729167417  0.50805426136518816  0.51770930807440196
  0.52782944330744230  0.53771350276275753  0.54780083024340498  0.55846217857336522
  0.56889010692581699  0.57861153078640271  0.58846721425039916  0.59860620956708233
  0.60996246077686589  0.62169174615637279  0.63306711446219899  0.64421789387318529
  0.65530023812541005  0.66636527115759769  0.67699578092784274  0.68787211729132058
  0.69985769322979807  0.71248643153744406  0.72515428956029049  0.73725813358986736
  0.74872269104555356  0.75980085046647361  0.77071052015117225  0.78201372276839864
  0.79346385098524441  0.80429285687124741  0.81512097740556144  0.82532447788228236
  0.83567154034907809  0.84546929901010948  0.85535861675771030  0.86550503331915229
  0.87628237094942374  0.88727012355438428  0.89898903740338143  0.91024643101140301
  0.92109360483209490  0.93147057103884701  0.94224350016250102  0.95314599111122789
  0.96488529326413053  0.97662647997345275  0.98843359798956620  1.00000000000000000
 -0.00934993802078121  0.05921164550670108  0.09452832468004237  0.12112629326768935
  0.14157785687208208  0.16030259371218603  0.17824489400056454  0.19491220874031584
  0.20995626020033734  0.22370968838438168  0.23624096840441078  0.24790693116727480
  0.26059572474977605  0.27332988186416945  0.28548752546973816  0.29646267095437245
  0.30682010736569643  0.31626160566627398  0.32590772285432840  0.33507996913230392
  0.34459737231725207  0.35395176934818590  0.36199531428325377  0.36982451591636628
  0.37760662283781860  0.38562401429160997  0.39347408926817951  0.40125219705105458
  0.40899321756531343  0.41697938898537568  0.42554059490615553  0.43406892001583075
  0.44234367872463853  0.45043327712470888  0.45851548231625533  0.46652121649393702
  0.47429327364173390  0.48204652252837910  0.49004768176837898  0.49806244237459257
  0.50577920006806854  0.51329559694456683  0.52074675215305777  0.52788656729294337
  0.53498519168465619  0.54195316414778449  0.54895434387327491  0.55609867550135428
  0.56339090799418712  0.57005682150417714  0.57647780202596721  0.58297003719823592
  0.58999603436393355  0.59684158852836400  0.60354898443026483  0.61040275090083285
  0.61726759669402465  0.62474311397926474  0.63323885175423567  0.64228580779042932
  0.65092958336373630  0.65899082828159872  0.66701299831330574  0.67384177018201352
  0.68060058068249285  0.68733067043387697  0.69391080921880866  0.70065167931386696
  0.70740336885775346  0.71406543298565683  0.72072296583081574  0.72744953962629155
  0.73441962849722420  0.74169024794910721  0.74921948038058150  0.75720530474149572
  0.76544914503393513  0.77330884188205729  0.78079043301803541  0.78842756982568951
  0.79672236176973998  0.80541653964828819  0.81426974849647782  0.82344999256869578
  0.83294861196440451  0.84246412919420166  0.85206131485344028  0.86206092481884566
  0.87248762974825056  0.88330963973664323  0.89510305306730964  0.90848879357405676
  0.92300994155122495  0.93947779520407482  0.96199528375335785  1.00000000000000000
 -0.01955492383525059  0.13907866717574419  0.18631075479464032  0.21584259130935887
  0.23852827114521030  0.25657130422112689  0.27220763123693908  0.28735659295906341
  0.30202482077507287  0.31616858266760856  0.32950884750074466  0.34136611288615387
  0.35233521631048165  0.36294981751410482  0.37316058270912628  0.38290011072262958
  0.39250280567204349  0.40189829367657992  0.41064030559453985  0.41890450150335884
  0.42688336436276098  0.43466413114317931  0.44240588539108688  0.45014732776599614
  0.45774335211085776  0.46491606243962497  0.47166810136105497  0.47827357069451221
  0.48488207903991826  0.49159006897420859  0.49819884320563129  0.50463874001096087
  0.51093761368956414  0.51730239061403127  0.52361251908274486  0.52980217678059160
  0.53579068222308790  0.54176917477210607  0.54771341854145894  0.55366567775639419
  0.55952759370581862  0.56518332291042328  0.57055715740776725  0.57591352287651842
  0.58122598015160387  0.58666903243576451  0.59218789505354863  0.59767317561111932
  0.60314177857041051  0.60857355772281152  0.61394029142412587  0.61924429882399057
  0.62441588556270589  0.62986024033429044  0.63520203128304509  0.64073420982066676
  0.64632569650131289  0.65172842954394306  0.65701828513348903  0.66238103514761826
  0.66767954976732435  0.67265688617228547  0.67753777698934803  0.68229147987414140
  0.68688669551533976  0.69157493586543195  0.69622006714902696  0.70093822513410020
  0.70577876294530284  0.71065364964136934  0.71572053298871108  0.72073464136401066
  0.72549181736796020  0.73075635244832793  0.73647202955070268  0.74234059329591739
  0.74842612024958666  0.75479404073963252  0.76133597093602412  0.76795919118075739
  0.77469002743741933  0.78159694703904636  0.78864825440903619  0.79574853635378340
  0.80313955435893569  0.81094691923362894  0.81918630568131479  0.82780331562120624
  0.83706342991373228  0.84700477971132682  0.85784997384029493  0.86998351320285838
  0.88424741517884475  0.90229114425447954  0.93030602040685983  1.00000000000000000
   1.7515551277257000E-008  -1.0000000000000000     
 T T T T T T T T
  <DiscreteSampler_grid>
  grouped_processes
  1 # 1 for a reference and 2 for a running grid.
  10 # Attribute 'min_bin_probing_points' of the grid.
  1 # Attribute 'grid_mode' of the grid. 1=='default',2=='initialization'
  0.0000000000000000 # Attribute 'small_contrib_threshold' of the grid.
  0.5000000000000000 # Attribute 'damping_power' of the grid.
 # binID   n_entries weight   weight_sqr   abs_weight
    10   10   8.181658493214190E+003   2.254833062277921E+008   8.181658493214190E+003
    11   10   8.181658493214190E+003   2.254833062277921E+008   8.181658493214190E+003
  </DiscreteSampler_grid>
