 -0.00005478465424489  0.00059848127968180  0.00158386608340487  0.00308389976531765
  0.00508556870427023  0.00759639529125640  0.01059248574521525  0.01399311907531469
  0.01770896108564938  0.02187583871472157  0.02649074285902701  0.03134994897235765
  0.03641350330940482  0.04190493179907545  0.04792149390997975  0.05426757258084475
  0.06073513774388656  0.06740843572301748  0.07450896235914314  0.08198092786540112
  0.08955327529780260  0.09706581463962362  0.10470302703232702  0.11255322940815909
  0.12067881864446740  0.12926672657927527  0.13818978293281040  0.14732927921624131
  0.15665816101560431  0.16617489787003542  0.17556101291160842  0.18480437516049569
  0.19406363852401895  0.20323701332420246  0.21230902782403344  0.22149256857399965
  0.23102374671185794  0.24067950559186288  0.25062263578451310  0.26089440127688596
  0.27175376387127120  0.28321290193966631  0.29459365950938177  0.30579836764588492
  0.31693069847760214  0.32776727853558357  0.33851977588497573  0.34947663105124205
  0.36072720500198391  0.37249426093885812  0.38442755034447001  0.39619310394577040
  0.40775608430413662  0.41926669442836856  0.43106030091052783  0.44352185089062757
  0.45597358492707851  0.46861914493160173  0.48141506158753644  0.49448244383909656
  0.50775424277512893  0.52116477419895446  0.53485457446725260  0.54976129197204227
  0.56451963266457816  0.57895594559217922  0.59303720365991242  0.60677036862444222
  0.61985560665851580  0.63298419665850858  0.64574874659192172  0.65851769135757721
  0.67143388551376271  0.68446197921260710  0.69800287721328658  0.71164378515770266
  0.72520132990429342  0.73848640673975319  0.75192161994297568  0.76597742174135031
  0.78028632315880586  0.79457590653301036  0.80843811180036740  0.82221112373503180
  0.83626613349659840  0.85086823901933495  0.86509000319037421  0.87934146182873740
  0.89404268582722213  0.90920342466772219  0.92456990562708363  0.93990813790964478
  0.95513021270758547  0.97017236213483682  0.98507408710339051  1.00000000000000000
 -0.00242943683238524  0.00909906463175714  0.01915348798941349  0.02912439777620655
  0.03962212004173554  0.04942605903170212  0.05915064482966712  0.06853783928594716
  0.07795240052590224  0.08736092166285121  0.09695852851295270  0.10656108737491601
  0.11580086095493994  0.12506648491943526  0.13428051460693530  0.14362993231871940
  0.15302348488232190  0.16232282624792341  0.17210211258414809  0.18231873354519451
  0.19299482891336683  0.20354274228540906  0.21389517263757790  0.22404627383935513
  0.23470170510563529  0.24553274491970126  0.25640944560977147  0.26674492515826581
  0.27692424986472752  0.28744592320417445  0.29822690020097048  0.30921322021638986
  0.31979573122924909  0.33033702555640493  0.34059983173986780  0.35088363780448806
  0.36136156202343517  0.37176017755625734  0.38285759226711547  0.39409588629487885
  0.40565643484887115  0.41671938995868124  0.42747848051391046  0.43859958373565566
  0.45002574432394704  0.46110177779507860  0.47161488543167901  0.48213324436851795
  0.49307824984776888  0.50438262585823102  0.51561966368091616  0.52643217562084155
  0.53733543070069056  0.54850850263690654  0.56007005056408810  0.57169453407799142
  0.58296967660833010  0.59395722042519972  0.60498302699773421  0.61534811959091751
  0.62536547209392157  0.63452565666834804  0.64369807345244312  0.65324784984759177
  0.66304456327089178  0.67340741455637221  0.68415141438890670  0.69630401715998103
  0.70861085128076318  0.72117312292694202  0.73276766205275889  0.74441923538692434
  0.75549313928473805  0.76658149837214884  0.77756277024438814  0.78837195772825097
  0.79866631124332121  0.80854031975502372  0.81928197343414200  0.83033465442412502
  0.84127843813112713  0.85324458669426861  0.86776920744790254  0.88048513929649341
  0.89142062274393741  0.90172028604954357  0.91189924809899114  0.92133134470372646
  0.93022290414224251  0.93965370379333679  0.94927513296398291  0.95908471339531420
  0.96871453091727244  0.97832289493675972  0.98915354213195228  1.00000000000000000
 -0.00278102870887662  0.01350674963607264  0.02626566401622745  0.03734415291822127
  0.04696836667190112  0.05566738886770044  0.06402139873070363  0.07218997642962899
  0.08006425259217129  0.08746352608931643  0.09465605712555529  0.10172464893520540
  0.10838793301009345  0.11486640112078668  0.12135683461501877  0.12792866388835536
  0.13454112584290315  0.14088610732983936  0.14698928751325244  0.15287250951263029
  0.15875356738508153  0.16474578803420242  0.17105188250415315  0.17737466237011568
  0.18383833072007694  0.19025550134488053  0.19692322282455865  0.20343058005309489
  0.21079086452399351  0.21878982151964887  0.22680180264882061  0.23446318189544910
  0.24193910544474331  0.24933880374456022  0.25612234815359231  0.26238057471589971
  0.26844201457547434  0.27452066423100724  0.28065173228025303  0.28692112944529191
  0.29344066909507233  0.30011586336777568  0.30680861676588539  0.31344804153774392
  0.31997567998205867  0.32651439624112366  0.33330512015440550  0.34043257536383092
  0.34766943549518942  0.35468718979841296  0.36131959235962485  0.36797653447786488
  0.37472301450133694  0.38132858348739290  0.38811189264156570  0.39461309758312463
  0.40186640956231684  0.40887057833277890  0.41614625773503527  0.42438201580269963
  0.43245951086518125  0.44147563623885988  0.45132530828614909  0.46055001273567925
  0.46944493073696503  0.47804063212759546  0.48655920443947848  0.49525127121270701
  0.50391840538732191  0.51240684495145383  0.52069660357667369  0.52955678129689443
  0.53815687604064844  0.54769410318419320  0.55710749613491806  0.56668364546885530
  0.57653028174624366  0.58697131985478013  0.59749229368364709  0.60839933256163525
  0.62013680384873604  0.63323690404941269  0.64710830395513674  0.66062643975298352
  0.67464877149710489  0.68938361131644366  0.70550051284736270  0.72246292564957548
  0.74060908729685948  0.75940963189845712  0.77938285933416540  0.80213626595995058
  0.82887318971955259  0.86357987580679196  0.91179420278101819  1.00000000000000000
 -0.02141464054139956  0.13499161850773161  0.18560741799303374  0.22053935131185237
  0.25055926565080128  0.27576662834777593  0.29578535286029140  0.31515048217230240
  0.33364648833382238  0.35010188980831819  0.36454365149866585  0.37817668000321503
  0.39104771565980800  0.40378891807753187  0.41634991411703587  0.42850030540574979
  0.44006574540321752  0.45107270419238149  0.46133423445228733  0.47113892873187763
  0.48061189091978612  0.48985225092821866  0.49876260517922888  0.50724247368509934
  0.51532965635934003  0.52325081856710165  0.53140020532932541  0.53940919123326736
  0.54700222352001537  0.55427333828937453  0.56132370300273793  0.56870800396021026
  0.57618886983970585  0.58321531934732107  0.58982853979215188  0.59624985643141337
  0.60267065899076799  0.60922115093937879  0.61561390629522228  0.62174422288326148
  0.62761010809682072  0.63321670410660391  0.63879224870493934  0.64447295539058624
  0.65022100413309014  0.65605876846117572  0.66192163374770896  0.66768417248923451
  0.67334597471166957  0.67889564641705025  0.68450157809693846  0.68945071929196533
  0.69401478659494875  0.69855808198857616  0.70309893534368839  0.70765250331276719
  0.71236427322285034  0.71704867865939159  0.72161802221440918  0.72619115250742061
  0.73078775619506298  0.73537679475029938  0.73998932090289316  0.74462200512425547
  0.74910312358444386  0.75416018507548022  0.75934907962524556  0.76452468580291399
  0.76956540205891555  0.77444533632760104  0.77919932815565696  0.78389820564740131
  0.78863080171495981  0.79340268799449032  0.79827701643997362  0.80328684082645352
  0.80839798012730346  0.81369200939082442  0.81908931992148848  0.82453613883543020
  0.83007026628986225  0.83558196126571793  0.84101799695359414  0.84639877901517502
  0.85189279710957422  0.85770826458938931  0.86409703074247002  0.87081664231470590
  0.87820496904815648  0.88587071090147607  0.89394018805449182  0.90357365295150371
  0.91489290454818317  0.92934411190819821  0.95118065194400481  1.00000000000000000
   3.3465534434961229E-016  -1.0000000000000000     
 T T T T T T T T
  <DiscreteSampler_grid>
  grouped_processes
  1 # 1 for a reference and 2 for a running grid.
  10 # Attribute 'min_bin_probing_points' of the grid.
  1 # Attribute 'grid_mode' of the grid. 1=='default',2=='initialization'
  0.0000000000000000 # Attribute 'small_contrib_threshold' of the grid.
  0.5000000000000000 # Attribute 'damping_power' of the grid.
 # binID   n_entries weight   weight_sqr   abs_weight
    10   10   2.983274360589610E-005   1.208278343656199E-009   2.983274360589610E-005
    11   10   2.983274360589610E-005   1.208278343656199E-009   2.983274360589610E-005
  </DiscreteSampler_grid>
