 -0.00027478614569315  0.00672077158299033  0.01664868115118842  0.02762483824130207
  0.03891118501730388  0.05043929687378809  0.06167849167081839  0.07265304593791672
  0.08368640027056262  0.09419737311199289  0.10428197394392384  0.11407259585735946
  0.12349931838767858  0.13269658086623798  0.14204928243642179  0.15137653989692207
  0.16073033945804252  0.17021440727597817  0.17975962926366673  0.18890091788742028
  0.19805787344677889  0.20703765708835589  0.21563117886575686  0.22396261656777344
  0.23233584558431022  0.24069710335141450  0.24902886196470386  0.25740281292326656
  0.26578238518295766  0.27434599542270593  0.28305817645042702  0.29181155272153003
  0.30049656301445976  0.30912061807145647  0.31735287149257385  0.32560784067015802
  0.33408711862484375  0.34230594997351904  0.35069664853625787  0.35921463473216697
  0.36769150132644474  0.37613171587907712  0.38472687142427126  0.39367898661720485
  0.40293882733860614  0.41194255790282680  0.42068230118055122  0.42928294579818749
  0.43791816154722568  0.44675105322300784  0.45569487032323130  0.46473182027264115
  0.47392064762076203  0.48324372093889945  0.49264200198898389  0.50197928838135786
  0.51072259041219992  0.51940756391746901  0.52806124931397835  0.53671544179869690
  0.54538094404444759  0.55401580357441338  0.56259971730916336  0.57147158873821735
  0.58039130645993231  0.58943357051185918  0.59832849320791071  0.60700620963120955
  0.61567401979995018  0.62432245720359203  0.63300055249408482  0.64217297798837170
  0.65180140899484129  0.66183449590767118  0.67208463124687123  0.68227757680502799
  0.69244789327148837  0.70264025819284659  0.71342659778095741  0.72428446746043862
  0.73513081197168828  0.74608928090042947  0.75729227220133422  0.76893449208729669
  0.78117853205085386  0.79457144550557279  0.80843321835231641  0.82272573780305724
  0.83761160316169292  0.85335507404480027  0.87081905314026598  0.88878279298085328
  0.90850611778396140  0.93172103700680631  0.96263720441571432  1.00000000000000000
 -0.00173828474527776  0.01123979098981549  0.02242335182853991  0.03259223599336194
  0.04263750963793520  0.05223827408610921  0.06206862812907894  0.07229881810420430
  0.08330753665767565  0.09468718587787094  0.10574224545482482  0.11645078539093225
  0.12697167968419981  0.13800525519359855  0.14867358310075257  0.15954269856914605
  0.17074375855115412  0.18184929813750816  0.19213805713693041  0.20176411829342256
  0.21166030368288039  0.22146199410403478  0.23097888708709330  0.24016522812166632
  0.24943801263595899  0.25891641694938677  0.26783465038769971  0.27729043640822904
  0.28735294641392806  0.29815311389688243  0.30907436742596889  0.31947690552941344
  0.32944213238898162  0.33926690908989288  0.34911943928743411  0.35914226765733714
  0.36947823138147312  0.38028049599502406  0.39136250284150736  0.40200604953623781
  0.41239884339327965  0.42304515804691750  0.43358328414243880  0.44361404440858770
  0.45299090782865570  0.46244503616057742  0.47198453343242636  0.48152632158947783
  0.49051602224315766  0.49924652886257331  0.50837692195531115  0.51795145531765052
  0.52801147459367603  0.53786867403820493  0.54799921074616731  0.55866828351790743
  0.56904018500957931  0.57874683713681818  0.58856045375090216  0.59868189146904138
  0.60999371383196177  0.62174747411088593  0.63316511304731593  0.64435838702462334
  0.65544313448625702  0.66650809425422175  0.67716417202068824  0.68806397941301334
  0.70009748546581196  0.71268522688132518  0.72524297841529506  0.73731165638212248
  0.74877351988095009  0.75987568579044718  0.77086589272633954  0.78223644114255941
  0.79363667124565374  0.80448765313485049  0.81521014531116720  0.82535851542773397
  0.83562482031113117  0.84540096578451940  0.85524700163828682  0.86533312990013822
  0.87607257417987661  0.88715127772342717  0.89896818142664769  0.91031412209191920
  0.92122749930913006  0.93161055321630326  0.94238983207521276  0.95325070980578008
  0.96499658216672346  0.97671248055937943  0.98849249717395393  1.00000000000000000
 -0.00938045728720309  0.05957030368660139  0.09524413407949969  0.12214130320502319
  0.14265849686831791  0.16159035456695939  0.17963763103078942  0.19639124811248734
  0.21146905121917645  0.22526357519945672  0.23779229831865947  0.24961779267055401
  0.26262980374455785  0.27552097157417527  0.28782954653159987  0.29881919434543208
  0.30916919990846936  0.31857335523958819  0.32831759523299847  0.33763762777952777
  0.34738707782520684  0.35658690029309709  0.36469291037095375  0.37264100757062096
  0.38058175592928534  0.38872842638548172  0.39666626570310903  0.40455219322870423
  0.41236593263277743  0.42057169184616766  0.42925739616914982  0.43789593240245434
  0.44632288560129435  0.45454407376612999  0.46274348561645723  0.47076753698965684
  0.47881243610553503  0.48695977648161165  0.49512145499849036  0.50306801315845484
  0.51080836629958415  0.51837498316695552  0.52569406353149783  0.53287449507801010
  0.54003970025294901  0.54704689822753905  0.55412040192995693  0.56128892522830653
  0.56822240773442312  0.57489541384360121  0.58137305970510467  0.58825773694280348
  0.59531991942902274  0.60209445847688681  0.60888528198413927  0.61571560713549200
  0.62297433307133587  0.63125277823734560  0.64018650597600979  0.64910676215768826
  0.65763142276844844  0.66592198827706595  0.67314304064237329  0.67986370579405708
  0.68673083253320089  0.69335065025769615  0.69994150657265330  0.70677150714542403
  0.71351897125532437  0.72020911907831942  0.72692515669391156  0.73377869222438497
  0.74082382849986583  0.74808329839634113  0.75567502325459357  0.76374799378828762
  0.77183846262392475  0.77946619595009103  0.78688608148218164  0.79474416536343362
  0.80336075386119488  0.81196257633535174  0.82100094226307319  0.83006805677813189
  0.83916892442732638  0.84839030050823883  0.85797561492567032  0.86787748006967524
  0.87805980656290394  0.88871811209440799  0.90054810778542371  0.91367244195005726
  0.92771739758814109  0.94360101783729544  0.96525044371609581  1.00000000000000000
 -0.01938762957720581  0.13558342483786545  0.18230184145426737  0.21148566905917252
  0.23428481447274460  0.25244769823570445  0.26783364525596071  0.28271919348518654
  0.29735352047397656  0.31145096886147922  0.32496565160250934  0.33722463741730152
  0.34840143842251581  0.35919813764654640  0.36960943669715685  0.37959506540829385
  0.38933543182649161  0.39894024890191310  0.40789201199088332  0.41633972964745103
  0.42451672814564589  0.43248813537435893  0.44041878393921985  0.44840783736211026
  0.45630497576682405  0.46378102877782190  0.47077305869980529  0.47758905396657347
  0.48441524207882042  0.49136062686127469  0.49821421120209475  0.50489744816033433
  0.51141196291043822  0.51797874610973649  0.52447313104702775  0.53083572173694049
  0.53699425984583726  0.54314555899507067  0.54925160111466031  0.55538537647889952
  0.56134118711542036  0.56701178938593255  0.57251145854266339  0.57800173956972578
  0.58353219202512141  0.58917423362964072  0.59485022694602296  0.60048411952648018
  0.60609528739955343  0.61165314530932269  0.61710794551881165  0.62251387372180356
  0.62790946592187835  0.63356361763704072  0.63910532052518354  0.64466088553976730
  0.65017468520671917  0.65561898619057790  0.66102538461166993  0.66635080590513562
  0.67149372260279272  0.67647229942214049  0.68137366129379895  0.68612390682602975
  0.69077084454339743  0.69549254455353926  0.70013449697450703  0.70492374164734872
  0.70985361626413612  0.71489971335141089  0.71994102483125078  0.72486609514525158
  0.72983391981734058  0.73549611336741827  0.74134436222601674  0.74727632750502293
  0.75349522204286812  0.75992884415450612  0.76640997191933724  0.77310839373984308
  0.77978258341445383  0.78665447886598394  0.79355817310585930  0.80044751194188513
  0.80775090776120706  0.81545222374518156  0.82353956083179358  0.83199292809255909
  0.84114809655964029  0.85087655472440749  0.86150843821500878  0.87332300472283519
  0.88723227586161479  0.90500773063442019  0.93229219956889275  1.00000000000000000
   3.5733918637648608E-008  -1.0000000000000000     
 T T T T T T T T
  <DiscreteSampler_grid>
  grouped_processes
  1 # 1 for a reference and 2 for a running grid.
  10 # Attribute 'min_bin_probing_points' of the grid.
  1 # Attribute 'grid_mode' of the grid. 1=='default',2=='initialization'
  0.0000000000000000 # Attribute 'small_contrib_threshold' of the grid.
  0.5000000000000000 # Attribute 'damping_power' of the grid.
 # binID   n_entries weight   weight_sqr   abs_weight
    10   10   8.130868350873170E+003   2.295388473374221E+008   8.130868350873170E+003
    11   10   8.130868350873170E+003   2.295388473374221E+008   8.130868350873170E+003
  </DiscreteSampler_grid>
