 -0.00008073567901532  0.00079199180747303  0.00179320083842235  0.00330104582407709
  0.00533077978084695  0.00778506429004305  0.01060638790276252  0.01394661756540811
  0.01760970903878820  0.02170571496651511  0.02601437979418730  0.03082148505072501
  0.03607285609660713  0.04194813886792376  0.04804981159512697  0.05416441705966614
  0.06066925264806654  0.06749180641997542  0.07443812546813557  0.08156877930635988
  0.08897995557525287  0.09672033651838229  0.10477963240950562  0.11318946399378850
  0.12190536982862211  0.13057484344718906  0.13911649012340804  0.14768269682299959
  0.15656076727757787  0.16577075263859833  0.17522336045648643  0.18492533784702056
  0.19462459542995925  0.20446066555624659  0.21422178044805673  0.22384699051496137
  0.23351264598248161  0.24329188593128001  0.25331787708142156  0.26356562868427458
  0.27402234711371931  0.28512935296729858  0.29686768792555196  0.30868935767756073
  0.32044435501791230  0.33218547826760775  0.34411973989944039  0.35558855644010440
  0.36761727875738320  0.37962371602969713  0.39170536972966330  0.40413427480617004
  0.41696609147991370  0.42996164968099815  0.44295367390564083  0.45580035031775545
  0.46831967410132663  0.48027072183196473  0.49224732120083509  0.50437765871706997
  0.51673767183989483  0.52935518014069305  0.54188606544233442  0.55475357196298936
  0.56783622497374409  0.58116142231254742  0.59447255427146584  0.60747175070169290
  0.62032420973918545  0.63310580001220707  0.64577705948640807  0.65860266972431492
  0.67167730591507202  0.68486205658372779  0.69803400568325491  0.71165057051217728
  0.72526094646802752  0.73940152816698224  0.75337875512051777  0.76722283132460911
  0.78142386096624949  0.79675843653930878  0.81186460709802966  0.82675872742033774
  0.84156471492122753  0.85643897894254706  0.87083674359637342  0.88529979216678367
  0.89962330216767650  0.91376824659577471  0.92779899118639331  0.94156904648177908
  0.95586426653283851  0.97043432366171178  0.98515275033235816  1.00000000000000000
 -0.00292029875306944  0.01005040643835385  0.02151746587596935  0.03225745692267878
  0.04288870708396050  0.05312917930722487  0.06337273213629888  0.07352650939034650
  0.08392710140861140  0.09493956018712713  0.10661011345708221  0.11863955498460624
  0.12979845800129447  0.14006703315475755  0.15002465167792042  0.15992431571480265
  0.16933861739127148  0.17857038862310459  0.18787572554653348  0.19727386140220887
  0.20653066551494589  0.21635164633803633  0.22659971652711164  0.23696561976374542
  0.24765729952798615  0.25941913623053298  0.27158942208996267  0.28315189520742301
  0.29382453503933048  0.30386657774126069  0.31369712817211920  0.32367601669641299
  0.33303240756173691  0.34219751744930099  0.35136112594369090  0.36124151154540252
  0.37188886773010355  0.38319843003320742  0.39508231121744758  0.40653404159160123
  0.41781194953429424  0.42880609175960710  0.44023546506682820  0.45093575053305313
  0.46153519310752938  0.47119243152504220  0.48133910450581285  0.49146952301724772
  0.50158945236976304  0.51116233170603809  0.52072743620828110  0.53126171231772046
  0.54203314080723619  0.55390702533263347  0.56626366899318792  0.57855360017645896
  0.58963868786973528  0.60029967886295210  0.61087809403206950  0.62145417205764153
  0.63248045730918234  0.64363400887746358  0.65444429834902829  0.66527419129400622
  0.67648390864861963  0.68832633187245673  0.69935406294885327  0.70947813451736641
  0.71904628257681624  0.72895187621533808  0.73933999239945725  0.74997679584810473
  0.76069623000004605  0.77157960878563758  0.78271042061222285  0.79379355255581829
  0.80480841235046319  0.81580271192507214  0.82617756635390516  0.83618421613805460
  0.84588374139516342  0.85560382721109707  0.86529621220229291  0.87471395829350895
  0.88473386559820510  0.89475751633693490  0.90480771954223205  0.91459154616056415
  0.92506787319909212  0.93546378956448428  0.94591691248640708  0.95664188332652100
  0.96752709758373334  0.97833864799781622  0.98878859865747215  1.00000000000000000
 -0.00165297014898996  0.01232173716367698  0.02341774529438825  0.03287959806554111
  0.04173981334350649  0.05046311436553488  0.05887878013692795  0.06688286597729831
  0.07424516039397107  0.08159648105715833  0.08915373637651129  0.09671873367986795
  0.10391139384681253  0.11110750700861546  0.11826236711538694  0.12542503866657845
  0.13246891618503531  0.13940851833222001  0.14618915847906458  0.15271694123767157
  0.15916245969154610  0.16555283110234964  0.17124184056346148  0.17654206405151915
  0.18202968864242128  0.18757502162043116  0.19329462690861851  0.19911391779601750
  0.20502037432349476  0.21103681418906506  0.21713925530061073  0.22344441060050294
  0.22936397666579189  0.23698139255568934  0.24443654740454515  0.25148164387337246
  0.25813867824770065  0.26472454988404476  0.27153004931487806  0.27866854716959416
  0.28598151614843326  0.29315029519093438  0.30020364793484450  0.30723921734626158
  0.31490349583909416  0.32240900413913354  0.32981261212687707  0.33726174589556168
  0.34462800651180614  0.35191193081177591  0.35908931003181438  0.36612766701514349
  0.37329018225253335  0.38081404235739452  0.38857406304110959  0.39635935401478628
  0.40401052686982619  0.41152185291595911  0.41912540767375017  0.42703047474760980
  0.43511991919323356  0.44347283514005442  0.45200349918427779  0.46066721790637194
  0.46926152925096132  0.47776310085761242  0.48615991712340301  0.49435437898152995
  0.50297784805260282  0.51174425380005262  0.52070916142687618  0.53029633651379426
  0.54016319747532571  0.54990062445223375  0.55960446554101329  0.56915804550055105
  0.57885572855753398  0.58889471135130345  0.59955470939548872  0.61055581888940291
  0.62172601701720664  0.63339930654521559  0.64556934988610593  0.65796109442016570
  0.67132873961673645  0.68635202281427221  0.70196572034856741  0.71798129372136898
  0.73461088239997296  0.75245310611633065  0.77281534365352711  0.79858178518693756
  0.82734876625533083  0.85956835179471713  0.90681330137743466  1.00000000000000000
 -0.01936847061987881  0.13104442472035746  0.17671344356372395  0.20375941072551823
  0.22496456459393024  0.24334584690355204  0.26031337989396813  0.27636267264859204
  0.29169923744477000  0.30610935582723192  0.31975632754915201  0.33223590218493348
  0.34380059663766427  0.35483830087612067  0.36541198070588848  0.37548984251876916
  0.38468944238814912  0.39380414547516829  0.40257601841100321  0.41093638652678299
  0.41914544916469465  0.42721644243995005  0.43510129938937986  0.44294911669492293
  0.45080277501536781  0.45869061493147734  0.46664122276382153  0.47461308304811950
  0.48232454266469965  0.48970455473070379  0.49674078606994532  0.50363815536919132
  0.51055595992000447  0.51747046568049626  0.52431672519991701  0.53117328584910617
  0.53805761301427257  0.54475273834369797  0.55124589893631715  0.55785864430268695
  0.56436851919700093  0.57047882437323150  0.57641411019392175  0.58231441585937649
  0.58817821375833568  0.59393501867326892  0.59965405820313100  0.60520585293228313
  0.61069652899524629  0.61616510473770292  0.62170256395934020  0.62732541612549231
  0.63307559648317480  0.63876341187231356  0.64426028450583828  0.64962486069855863
  0.65493485467863077  0.66024460557706843  0.66558602230132324  0.67096607833737931
  0.67642298685050084  0.68197880274692746  0.68718869669975224  0.69214283573078272
  0.69704539208265881  0.70203106580211649  0.70715575504681727  0.71250813148714298
  0.71798507422790325  0.72328256066899743  0.72854635219064978  0.73366462816322842
  0.73883069799477863  0.74415512072796441  0.74951814709479825  0.75504720319915120
  0.76066576452625767  0.76640140535839285  0.77226247435635564  0.77813751863855196
  0.78390255409121390  0.78967837690322684  0.79596703674308433  0.80264189470084324
  0.80972733328857360  0.81711691120006402  0.82481845329526171  0.83298191848348346
  0.84196440566104491  0.85153713362638661  0.86131032515520134  0.87232836906756650
  0.88576982830067208  0.90379851943341583  0.93194687275764609  1.00000000000000000
   1.0357176799004881E-016  -1.0000000000000000     
 T T T T T T T T
  <DiscreteSampler_grid>
  grouped_processes
  1 # 1 for a reference and 2 for a running grid.
  10 # Attribute 'min_bin_probing_points' of the grid.
  1 # Attribute 'grid_mode' of the grid. 1=='default',2=='initialization'
  0.0000000000000000 # Attribute 'small_contrib_threshold' of the grid.
  0.5000000000000000 # Attribute 'damping_power' of the grid.
 # binID   n_entries weight   weight_sqr   abs_weight
    10   10   5.031354170565234E-005   3.143842811990974E-009   5.031354170565234E-005
    11   10   5.031354170565234E-005   3.143842811990974E-009   5.031354170565234E-005
  </DiscreteSampler_grid>
