 -0.00032402845229448  0.00697633122682296  0.01700753818188948  0.02788701856337595
  0.03883476064790843  0.05006637358667329  0.06104717757754537  0.07198934545696481
  0.08259666924874742  0.09310824186284987  0.10343369051599138  0.11348975987645608
  0.12349166100486800  0.13352364439646608  0.14350400823440213  0.15323960739880355
  0.16271336241456757  0.17198364622251200  0.18126544931329258  0.19066684557005509
  0.19987096592420628  0.20894338958964290  0.21792661943814301  0.22670831881157250
  0.23539119668824027  0.24405158460816753  0.25287505587238057  0.26158961041954054
  0.27001938853912666  0.27810697039334825  0.28600059500787262  0.29431939064450641
  0.30275129533796119  0.31111866568468638  0.31987075214584409  0.32854359923471205
  0.33721226968610185  0.34588574916608822  0.35464826662960192  0.36343448495214276
  0.37203123348700123  0.38043409266897310  0.38860889582852304  0.39661444964210923
  0.40472706655735674  0.41297831276428032  0.42130919085070612  0.42970198032158785
  0.43813377393269609  0.44656719257003563  0.45500264967723747  0.46340829583159093
  0.47181201256303867  0.48041741113503189  0.48923142783182033  0.49799102168192999
  0.50661601449399685  0.51529999141510263  0.52404943180405505  0.53307219983893028
  0.54208496293021247  0.55104721388335509  0.55999585173205846  0.56889221112547206
  0.57764818658658534  0.58636093886504959  0.59511051107880697  0.60407135872558104
  0.61321302523671817  0.62259578782357605  0.63220001284879890  0.64174620184464370
  0.65139646540969476  0.66112287658953761  0.67098528419475567  0.68098736819210970
  0.69109417828408781  0.70125904610336209  0.71145993371970628  0.72213932811337267
  0.73299669319793714  0.74401823113959542  0.75514835038972095  0.76649074997017608
  0.77846502156745268  0.79117271449111182  0.80490910454658260  0.81860522347070619
  0.83252693945819090  0.84745480753257563  0.86422118972355344  0.88318809583848401
  0.90366778028635386  0.92728847766202704  0.96133618748216887  1.00000000000000000
 -0.00269551270910986  0.01005788054672024  0.02086707221546010  0.03144905543130873
  0.04187715269397144  0.05249944959830058  0.06335794251364864  0.07424000127899544
  0.08511612680488215  0.09591433042331078  0.10685182730730329  0.11773417977593606
  0.12861195727849892  0.13928135741857386  0.15020574286386240  0.16117297973526520
  0.17217355806219722  0.18309089848320670  0.19398899437121583  0.20500357506240346
  0.21591502725409167  0.22668026612419601  0.23698785728243135  0.24702292975352222
  0.25698626198319108  0.26714678162302036  0.27733953380916526  0.28743327670873114
  0.29767992093161627  0.30824926553416471  0.31900923125224767  0.32997235703172478
  0.34127294506404393  0.35262483170546738  0.36328390852094306  0.37361631798951600
  0.38386923878086815  0.39407627513978266  0.40405535822687927  0.41385497973728608
  0.42378126000105931  0.43395502528629093  0.44431239972199815  0.45489787567555789
  0.46581990991876177  0.47719499463454906  0.48868750517813475  0.50017957491842346
  0.51176505364338254  0.52351884713718000  0.53527603372303789  0.54703162356134949
  0.55869672021601535  0.56964330741263502  0.57997337151926520  0.59048586441742812
  0.60077211819170329  0.61104719772159077  0.62124302039861223  0.63161137112031596
  0.64239205132992305  0.65360431608665270  0.66522029024751139  0.67623100500180633
  0.68708808429896839  0.69785511160690039  0.70847012535678355  0.71872772026350207
  0.72889343681070862  0.73921177317434361  0.74950679626503514  0.75976875890287965
  0.77012539320206286  0.78047986085533960  0.79121727111951978  0.80259555435224517
  0.81383700972981599  0.82397721744580132  0.83388241909658090  0.84365713434890144
  0.85354397832169715  0.86343127772277395  0.87337880121659384  0.88331604134510189
  0.89319242547438549  0.90305972046247407  0.91299278548563256  0.92252953338416466
  0.93173138373925068  0.94103725903873936  0.95054126578142262  0.96018916693163481
  0.96989406684722390  0.97968842602346673  0.98983002231404371  1.00000000000000000
 -0.00920285232995391  0.06170926899652539  0.09849644418509207  0.12269790695887889
  0.14355823541500679  0.16341588739714685  0.18249902475993754  0.19998514287433469
  0.21554216038691373  0.22967082935871813  0.24270713421798770  0.25552284726675606
  0.26828411862875590  0.28060849499477603  0.29260549951789400  0.30452040415629178
  0.31603880484282731  0.32672727287336017  0.33679021645371454  0.34619457146727300
  0.35555566780289144  0.36483973066085607  0.37402526886894122  0.38263755214729361
  0.39127735158145976  0.39996341417398795  0.40877166337556659  0.41723599672374012
  0.42521143391628130  0.43311346741979251  0.44078052743706247  0.44840655097043702
  0.45586957968165825  0.46341816055522056  0.47089064715350132  0.47849637652177535
  0.48595226162045274  0.49334253607342654  0.50108334447498404  0.50913062400936526
  0.51730042050693514  0.52536855265193627  0.53319465719801828  0.54092228579121693
  0.54870508787227490  0.55658524425721012  0.56439643809302253  0.57142389809035821
  0.57877853575568416  0.58582460774895218  0.59267714439846109  0.59949353942828210
  0.60641964936967430  0.61338187574470859  0.62020048478960166  0.62690602406442275
  0.63365892795835221  0.64050632347916692  0.64749222061855549  0.65463872306362847
  0.66182284419951520  0.66897741559495683  0.67597486854880062  0.68284777469942892
  0.68974944785593084  0.69680216659546912  0.70395793396656969  0.71117321792907584
  0.71847994062583864  0.72577625754815200  0.73298578447226459  0.74019344064084869
  0.74736210949791149  0.75443016112007388  0.76143502218586046  0.76854205624000571
  0.77591952894628102  0.78335859515474571  0.79073994745187093  0.79818893612199804
  0.80573481257052459  0.81353405326799899  0.82162688381174798  0.83003295942253952
  0.83910504314886702  0.84865068543594280  0.85832002899388771  0.86839021031083952
  0.87886539836879518  0.89001722352730894  0.90149229562214950  0.91366776154116081
  0.92690398472844349  0.94237033857055930  0.96356092198952981  1.00000000000000000
 -0.02209631236388871  0.14857291695802974  0.20038444274851905  0.23507926481620328
  0.26311312462073322  0.28728140082975978  0.30816055868355352  0.32670198595143157
  0.34341879556016158  0.35860964077795399  0.37290047287485378  0.38622829367483413
  0.39890005775104309  0.41076512839313728  0.42170339740986867  0.43216341634622596
  0.44239033331948963  0.45219701547891572  0.46144517041345234  0.47016447132177758
  0.47878834821129823  0.48748905941591197  0.49621822484938771  0.50472521903894596
  0.51287453874220734  0.52075612114175585  0.52829491043679500  0.53575130160849238
  0.54301421693313001  0.55002126961495246  0.55688907415745070  0.56349704517461641
  0.56980634969276289  0.57595521145696316  0.58206826765307673  0.58814986217370624
  0.59414341615743393  0.60012856214931021  0.60574964442036383  0.61120226040436498
  0.61661051165693981  0.62199944735736745  0.62731021975135204  0.63251506731915763
  0.63769894235579438  0.64288389978419536  0.64796302547044216  0.65290274557997308
  0.65771366423058297  0.66235350112983449  0.66702679167240542  0.67176964180158805
  0.67662027032400007  0.68140472392346751  0.68615656344544496  0.69072874386479477
  0.69518270378328606  0.69961122906270967  0.70401780024894856  0.70845326949285736
  0.71290338680253651  0.71738216254360265  0.72191518165242297  0.72637909988209781
  0.73086672275571762  0.73531122250164660  0.73974929134333156  0.74416640300454151
  0.74857199423255594  0.75326987402980028  0.75805398423820580  0.76277808947409487
  0.76749920522234294  0.77234407810638350  0.77739665450454021  0.78274403140564031
  0.78812172510611866  0.79374829553879556  0.79936874857368923  0.80499535685064616
  0.81073625380363934  0.81669162221281166  0.82284900803196970  0.82907937015404976
  0.83532055134628613  0.84165516434950305  0.84819333385275297  0.85530080822988230
  0.86317323415133507  0.87164926652812624  0.88073532470098903  0.89080747263532178
  0.90271523454750158  0.91902365205252101  0.94315808670724921  1.00000000000000000
   2.7830093867021772E-008  -1.0000000000000000     
 T T T T T T T T
  <DiscreteSampler_grid>
  grouped_processes
  1 # 1 for a reference and 2 for a running grid.
  10 # Attribute 'min_bin_probing_points' of the grid.
  1 # Attribute 'grid_mode' of the grid. 1=='default',2=='initialization'
  0.0000000000000000 # Attribute 'small_contrib_threshold' of the grid.
  0.5000000000000000 # Attribute 'damping_power' of the grid.
 # binID   n_entries weight   weight_sqr   abs_weight
    10   10   1.770881535476898E+004   9.107354855448177E+008   1.770881535476898E+004
    11   10   1.770881535476898E+004   9.107354855448177E+008   1.770881535476898E+004
  </DiscreteSampler_grid>
