 -0.00130440083102094  0.01673706557299564  0.03467072827833863  0.05054045151852040
  0.06495896891995082  0.07878661479958121  0.09195893269865267  0.10445953445414498
  0.11638574386142241  0.12754321954637868  0.13827020889280101  0.14884583665952189
  0.15938826407160123  0.16981554234762294  0.18006204126962694  0.18997640475045199
  0.19940896468240565  0.20896062559288153  0.21828439939891975  0.22747282123109389
  0.23660891871798348  0.24561156010507298  0.25460177151880115  0.26352152428618009
  0.27228335364253542  0.28092510361087264  0.28935498875496274  0.29763975516583280
  0.30578912477017656  0.31390059469511394  0.32197383824722658  0.33001526335474801
  0.33803090863001006  0.34609737420274311  0.35415963724202271  0.36223406010418502
  0.37014392216698311  0.37797945186736331  0.38561303437365951  0.39333575760434181
  0.40116995937127298  0.40900924875483186  0.41674436256380704  0.42437321906670067
  0.43203050847335328  0.43989062067878787  0.44789100786527575  0.45585820781417358
  0.46381398270901075  0.47179165549917029  0.47973250498225239  0.48760416835772030
  0.49551631097291537  0.50345243241711868  0.51155105964994185  0.51964005216645948
  0.52764942001611026  0.53554462935740177  0.54335727627255226  0.55114020411099895
  0.55893560895888583  0.56677366495536730  0.57475965013770691  0.58301405772256987
  0.59125639404589125  0.59945511633494775  0.60759401621576303  0.61585207858558422
  0.62430919166875432  0.63280065738611357  0.64152203705135180  0.65032436367649704
  0.65917331819541458  0.66811516866831833  0.67723402442762348  0.68666290140123043
  0.69649001147482525  0.70658576104648796  0.71660363625074230  0.72662430211828077
  0.73667287970935558  0.74693715533492200  0.75768266158726849  0.76900263917666256
  0.78086509866972786  0.79313855355144669  0.80569462179895346  0.81858242644227730
  0.83216684055654333  0.84713805190150715  0.86383857437533207  0.88136361388730944
  0.90101564673074597  0.92459706818360143  0.95734456983328375  1.00000000000000000
 -0.00231442638185890  0.00913888391152240  0.01896697084504897  0.02920073967221417
  0.03960741051849559  0.04980544663830587  0.06009183555471630  0.07022776489356745
  0.08036203765822240  0.09061679893123001  0.10103885709716592  0.11135159724682517
  0.12185242677661232  0.13243576015945896  0.14299251283159584  0.15343773240285741
  0.16377296777741604  0.17453748868172844  0.18559475589952315  0.19654703837225529
  0.20746146163717955  0.21798009825967798  0.22824268998376138  0.23849177587711748
  0.24869553639180422  0.25892020217436568  0.26919838784942968  0.27943510716904796
  0.28998080847468466  0.30061455655097835  0.31148367546945971  0.32234932214331952
  0.33333558082536840  0.34436331030986339  0.35552540892273871  0.36661557768967007
  0.37777141899063443  0.38863003533860746  0.39923240395638532  0.40971823169765109
  0.42022925006708811  0.43090677165939134  0.44197370239899320  0.45329447006114543
  0.46457612192027514  0.47566872735269111  0.48634321118925838  0.49691757743075932
  0.50746335680844112  0.51792363128466423  0.52862076790211787  0.53934125657674015
  0.55066588545208084  0.56193711802787549  0.57271019667650380  0.58322628862284953
  0.59351248336866502  0.60348391585863970  0.61330862497599814  0.62334612587854754
  0.63423066623432978  0.64536314252494309  0.65568846874625131  0.66610317695900412
  0.67655206808222479  0.68707933756135164  0.69745326801944141  0.70771554317195040
  0.71829319848040729  0.72880072080970626  0.73897105896356108  0.74917031288552682
  0.75963126899062894  0.77003280486010250  0.78042699837454188  0.79090621348737677
  0.80142072022930178  0.81180786272024041  0.82203690340101099  0.83225322351737807
  0.84241636166522016  0.85270619127040492  0.86355571720444668  0.87460326375568231
  0.88485178257326891  0.89485244674113296  0.90529821681779088  0.91601694050250460
  0.92640714437842941  0.93695712692574507  0.94779871380479563  0.95869595568816324
  0.96882778361127242  0.97879051051941990  0.98923432776356190  1.00000000000000000
 -0.01457844196434411  0.07515569730479026  0.11420576805751333  0.14264487467223350
  0.16655035105713006  0.18753621270685783  0.20626078380668475  0.22349741282370272
  0.23940038523793922  0.25421217603441854  0.26875956346882868  0.28216480313953990
  0.29480371912601433  0.30642339067227581  0.31751510340558581  0.32815606544972548
  0.33871935463514274  0.34906557528269611  0.35923217768666166  0.36925589266708747
  0.37894207605459940  0.38832410122146604  0.39759097088622414  0.40685532931801932
  0.41588787246190029  0.42450062299331354  0.43282021050509401  0.44099842834707176
  0.44908400618893640  0.45706284966126259  0.46496624628655675  0.47281991893512942
  0.48072663973036617  0.48875024022775265  0.49673748823627867  0.50465162259839380
  0.51269999811238631  0.52070639640718364  0.52870975328768843  0.53666056750697100
  0.54444701095164361  0.55199685361747797  0.55946002022424346  0.56681882160255248
  0.57425257171401167  0.58155417967556777  0.58849985667821914  0.59538109111384763
  0.60222483870001609  0.60894351276197378  0.61553641459358599  0.62210090635503867
  0.62859010533782067  0.63510236054285618  0.64160956029864091  0.64837056758671296
  0.65531693437272642  0.66218732755826504  0.66915013426543779  0.67633919188277714
  0.68361531503123651  0.69086692829062946  0.69804498411064786  0.70528068189799242
  0.71217575667400013  0.71875632401990497  0.72559197781308493  0.73224142860592956
  0.73859896576629869  0.74494226131552066  0.75153503816261957  0.75822061471269797
  0.76484618479595390  0.77131242470900618  0.77809625678994176  0.78488394623830537
  0.79187556300111261  0.79921048537453887  0.80664491430761420  0.81416384106897943
  0.82173877557574837  0.82941426406698993  0.83732656891404666  0.84534290421866431
  0.85351580098218227  0.86191935676846254  0.87067437892092014  0.87991241801501341
  0.88968394902039005  0.90007181480804610  0.91117558990856673  0.92289627776659899
  0.93558701787803078  0.95028427002357674  0.96972053853558371  1.00000000000000000
 -0.03297722955268199  0.16501987071053403  0.21903928563928798  0.25385611272808856
  0.28095892486707519  0.30427962095893313  0.32506062871782532  0.34378905405630739
  0.36054056533390855  0.37579100398279142  0.38982481381376066  0.40277564446613562
  0.41482162069211975  0.42668324350850301  0.43831688858158452  0.44914563611518027
  0.45937631245609373  0.46921033149754887  0.47876879892201929  0.48772935435130560
  0.49631081443677294  0.50458009738291676  0.51255212847820164  0.52033566807128329
  0.52817871454424337  0.53599326968724825  0.54347455087143770  0.55059009938107184
  0.55750250813979996  0.56425011343199594  0.57073202960463898  0.57700265503387316
  0.58306216561773816  0.58890325798762899  0.59462870975307758  0.60020767542039710
  0.60564599042289990  0.61097856144502560  0.61620903617690148  0.62138045414882226
  0.62653907197869785  0.63175106110192092  0.63698153041045902  0.64216385337239634
  0.64735137364879658  0.65256923161223068  0.65778400619146948  0.66292286505876208
  0.66811699016472459  0.67327095198071718  0.67834376622137615  0.68344430314031190
  0.68837240221137286  0.69310537221935664  0.69782156893607283  0.70251496852707129
  0.70713723544085072  0.71172371496818265  0.71627297575750837  0.72078693969095053
  0.72526492009303778  0.72973397208008006  0.73419611170245025  0.73870539321519479
  0.74321030362431917  0.74765166452407283  0.75204087825512367  0.75644762023979029
  0.76089912409134275  0.76540512814017014  0.77000611733541269  0.77471843942556562
  0.77948923074207987  0.78424456947460774  0.78894016373899345  0.79356183477193132
  0.79815380174869521  0.80280312595488112  0.80753122876453987  0.81232233369139406
  0.81770369076227201  0.82317048071166510  0.82883979431275223  0.83467253788706286
  0.84067697019117005  0.84682992358895437  0.85320265789138228  0.85987536189865854
  0.86686627525620652  0.87430134700806750  0.88249439157370480  0.89187903955985837
  0.90330509926782332  0.91804101644806191  0.94156122559733957  1.00000000000000000
   7.5468269227866548E-008  -1.0000000000000000     
 T T T T T T T T
  <DiscreteSampler_grid>
  grouped_processes
  1 # 1 for a reference and 2 for a running grid.
  10 # Attribute 'min_bin_probing_points' of the grid.
  1 # Attribute 'grid_mode' of the grid. 1=='default',2=='initialization'
  0.0000000000000000 # Attribute 'small_contrib_threshold' of the grid.
  0.5000000000000000 # Attribute 'damping_power' of the grid.
 # binID   n_entries weight   weight_sqr   abs_weight
    10   10   1.434640026192375E+004   6.060558126973963E+008   1.434640026192375E+004
    11   10   1.434640026192375E+004   6.060558126973963E+008   1.434640026192375E+004
  </DiscreteSampler_grid>
