 -0.00030027886617138  0.00687425664064534  0.01687216070396818  0.02770489721845280
  0.03872194651258457  0.04970928662769915  0.06034343583630527  0.07095455190359277
  0.08179014139218593  0.09226194295796415  0.10231911348503588  0.11212967745197573
  0.12171394215340280  0.13128591216660485  0.14106286478070809  0.15080940844899246
  0.16045977927853231  0.16999538373018011  0.17929686252112334  0.18835920365939565
  0.19724202762253096  0.20612378171040752  0.21517880963952890  0.22404886231113960
  0.23290021990146773  0.24180428064629939  0.25099414865090752  0.26007514886735011
  0.26895503432137663  0.27774173059093693  0.28639811082523026  0.29524576003987346
  0.30386871839674917  0.31227325254799815  0.32052928765591288  0.32869298902577021
  0.33683584498967084  0.34496951046811425  0.35305785212397228  0.36111476485311356
  0.36928940860067916  0.37765680919742478  0.38577234016767326  0.39399349356795604
  0.40233608136598820  0.41088232669279917  0.41928484189860937  0.42765423493150834
  0.43605467930297692  0.44441859534168393  0.45265433861655274  0.46084466921475037
  0.46895360506435774  0.47713079221262938  0.48550707093551315  0.49402572144259627
  0.50255551808114074  0.51108507298540173  0.51983544815433691  0.52853572039315511
  0.53718335206729062  0.54581685190733586  0.55450612043953229  0.56323907988953426
  0.57198012342214655  0.58072989351755333  0.58957192345865461  0.59846505248240445
  0.60750171545440823  0.61668015629689121  0.62599876091982654  0.63540178761630561
  0.64472810805147962  0.65426964627673867  0.66394672611702665  0.67391927879300373
  0.68398693283269529  0.69405322204747721  0.70419662414438988  0.71439930969914645
  0.72560276804317136  0.73696621565827314  0.74843452254113041  0.76001566692776323
  0.77188977623425081  0.78451432561341972  0.79885234953530393  0.81326675276740379
  0.82833402042202486  0.84429487142364101  0.86173209207434176  0.88162438983898583
  0.90280287417686367  0.92727327337091303  0.96017598370466972  1.00000000000000000
 -0.00323052424738621  0.01173823835137392  0.02371207108351812  0.03495861462438282
  0.04575566433166058  0.05637228972882755  0.06693566548353466  0.07674596005562705
  0.08674499611284670  0.09658989446043637  0.10665447087195569  0.11647812349170385
  0.12616018026362175  0.13572711557204134  0.14529840647937470  0.15531182127394380
  0.16507884655904756  0.17531827717000409  0.18576205368845136  0.19681864206383473
  0.20785625968939148  0.21846521988446471  0.22901559744088107  0.23934328835671007
  0.24975016617770698  0.26059206088985487  0.27162154967386787  0.28281440861309187
  0.29416829526095628  0.30583140746864468  0.31685689060568134  0.32731690435315131
  0.33722816761685792  0.34695764912466992  0.35680636979245850  0.36667735626471742
  0.37661629121673573  0.38711445881930623  0.39775062093202918  0.40888984748573975
  0.41964386091864608  0.43052935259101699  0.44095362250085390  0.45097526234531399
  0.46102343975574511  0.47136281232211619  0.48175625318992371  0.49192879530283373
  0.50209804469415897  0.51275011751677069  0.52320036920887802  0.53316839528842630
  0.54310209138923460  0.55311920044844343  0.56338951536017390  0.57383445782125608
  0.58452110365370691  0.59530364545570913  0.60614823692179087  0.61745740313076003
  0.62911198661432510  0.64091732208566765  0.65264765537417047  0.66447001539373363
  0.67563044598835864  0.68670940566830296  0.69695798798849362  0.70675088135978914
  0.71689447034007969  0.72736204636441526  0.73791399967538851  0.74826026261046175
  0.75864729935967634  0.76878981266108881  0.77895331803879708  0.78889873651362008
  0.79965026977030940  0.81097775178973097  0.82252381731774493  0.83390918035220130
  0.84448084065357665  0.85471001301960026  0.86505748323799725  0.87539656583784020
  0.88591068284605379  0.89639723804038973  0.90696145913737036  0.91732261995304576
  0.92751051121512840  0.93755316674774070  0.94800542173753577  0.95860976790243890
  0.96893911927179066  0.97934583659120300  0.98961920685195892  1.00000000000000000
 -0.00929427704584847  0.06096371822970055  0.09752896108576803  0.12333647811463216
  0.14549535480281911  0.16539159006906853  0.18277839066620483  0.19810209572748694
  0.21257966442818726  0.22660260797328993  0.24054464607681444  0.25413241004275433
  0.26747029693313673  0.27987309004453614  0.29201191178712171  0.30380324607125320
  0.31514700814652080  0.32585968935914994  0.33622666249926536  0.34635329268156329
  0.35644303118051290  0.36663525094595145  0.37652451407135984  0.38616067007742955
  0.39535005116754079  0.40406305638064977  0.41274020214854151  0.42119589984149464
  0.42981199709588114  0.43816143275889585  0.44632814640887980  0.45440317825742682
  0.46254654688357244  0.47083371417673625  0.47902079591515839  0.48696952761527418
  0.49488569902107599  0.50280504772750545  0.51051324291859612  0.51797935658704708
  0.52538977340325388  0.53287138142426593  0.54044149344571635  0.54801718563197122
  0.55552196357291050  0.56295233728655514  0.57008947296373891  0.57726449839525529
  0.58434888019654618  0.59122169825493942  0.59804527124464635  0.60492883766479721
  0.61202691509346341  0.61921407124057171  0.62662739931551015  0.63427221843445047
  0.64198963398812603  0.64947631007010054  0.65655003229457765  0.66355377925076464
  0.67042636221763208  0.67716061814723361  0.68385027577582824  0.69061299040869928
  0.69740207865604287  0.70432559670678985  0.71106191801553020  0.71827011006213815
  0.72521093390628522  0.73208341908816443  0.73898449507191666  0.74599762958274252
  0.75316753829232397  0.76038457226598621  0.76752515433961210  0.77467794412411306
  0.78192526312592070  0.78922961213975684  0.79663961433710129  0.80422075974923446
  0.81192782539222086  0.81971421435509495  0.82740979064667608  0.83543648324285036
  0.84376980599914908  0.85235377489256992  0.86149936493629420  0.87095011617443141
  0.88087053876214816  0.89118852253689262  0.90202487715609847  0.91378487872830783
  0.92707295649513888  0.94277705010286128  0.96489260496162910  1.00000000000000000
 -0.02226516791948846  0.14887508336434385  0.19939356687045626  0.23402952409227806
  0.26236058240268878  0.28644969852552893  0.30722066512552137  0.32556388057963026
  0.34215829565452666  0.35762207803601381  0.37208960246573175  0.38516288188242409
  0.39726993293302981  0.40901444278494226  0.42040002489019518  0.43133129327461850
  0.44183639296735977  0.45186384316580747  0.46137956081607212  0.47059798982851486
  0.47966117066788339  0.48845657098674533  0.49691820289209515  0.50504084026246143
  0.51287626845004630  0.52056932220616359  0.52813645358403760  0.53553784502620838
  0.54264240959967025  0.54932395319882654  0.55580888155000363  0.56225113021289030
  0.56858657751196295  0.57481520394400676  0.58094418681667781  0.58671272320526724
  0.59236910612238636  0.59790693471225165  0.60348744253046005  0.60910139791705509
  0.61464150515564298  0.62017488540243026  0.62547588139712007  0.63065349545679217
  0.63578701639810742  0.64092201851077801  0.64605568032595684  0.65112892151585189
  0.65611623901146743  0.66099420808114562  0.66584058704189963  0.67084155727690309
  0.67581917392582569  0.68082112008259255  0.68581071676065164  0.69066845802104637
  0.69548664081887035  0.70028506726548734  0.70503467731161040  0.70980554606035184
  0.71465613511652437  0.71956795977230670  0.72453075348858520  0.72947022371932257
  0.73433185446270899  0.73913140010476885  0.74388614387480312  0.74867184756864735
  0.75358231769062245  0.75862342080686640  0.76376074607883315  0.76887035256679670
  0.77386636708874812  0.77870059534907377  0.78355100214243723  0.78847079961080246
  0.79349417853272353  0.79860271216537759  0.80378026559621263  0.80897035545865226
  0.81416005038571626  0.81953244966304073  0.82505663069285895  0.83084787151487849
  0.83709085193674770  0.84370004710623525  0.85052928230978031  0.85790793698288548
  0.86609241482338262  0.87434211950972285  0.88328676504745374  0.89302976721231819
  0.90505108968249826  0.92039907336989013  0.94328256769409757  1.00000000000000000
   3.4334015263847054E-008  -1.0000000000000000     
 T T T T T T T T
  <DiscreteSampler_grid>
  grouped_processes
  1 # 1 for a reference and 2 for a running grid.
  10 # Attribute 'min_bin_probing_points' of the grid.
  1 # Attribute 'grid_mode' of the grid. 1=='default',2=='initialization'
  0.0000000000000000 # Attribute 'small_contrib_threshold' of the grid.
  0.5000000000000000 # Attribute 'damping_power' of the grid.
 # binID   n_entries weight   weight_sqr   abs_weight
    10   10   2.233160686903500E+004   1.717056591352771E+009   2.233160686903500E+004
    11   10   2.233160686903500E+004   1.717056591352771E+009   2.233160686903500E+004
  </DiscreteSampler_grid>
