  0.00850655191702278  0.01890782769724245  0.03113653185636001  0.04321135403777152
  0.05445842636065433  0.06546897852189024  0.07594042438556181  0.08612741225240311
  0.09606074699969928  0.10591595340024876  0.11542741303397012  0.12502103652786156
  0.13516229079401967  0.14623442002137679  0.15740646444818188  0.16863184339376008
  0.17994527297676161  0.19125043147404638  0.20223128716019864  0.21251912555204833
  0.22249815166283202  0.23258935870345432  0.24256573620129168  0.25242746043244796
  0.26185885699726119  0.27213306007517457  0.28269406173685596  0.29346709054535092
  0.30346979142186048  0.31309417384577720  0.32327888370481644  0.33431700652953189
  0.34494132176852776  0.35578062857466164  0.36592555569702234  0.37627032509967911
  0.38629737575053869  0.39650323871281262  0.40691695499296415  0.41766399561147066
  0.42802596134573773  0.43849497186251396  0.44850097885005846  0.45888102884910642
  0.46967656192305474  0.48029977504262589  0.49181181122588502  0.50279927547888081
  0.51454441995833633  0.52589688928837763  0.53810209440097367  0.54975493577582557
  0.56105596285778903  0.57163270251637965  0.58217537332051139  0.59223991138871301
  0.60214418231989242  0.61146310250350788  0.62089146564928410  0.63073771473950013
  0.64024713259431798  0.64966455738005169  0.65953115003505813  0.66980007747600900
  0.68010242917956287  0.69061898500543839  0.70121809833687443  0.71163518613245869
  0.72146267501840322  0.73133906837934270  0.74141453405034963  0.75129499263778021
  0.76044123871629721  0.76979219301381563  0.77961827978727893  0.78976501158666934
  0.80033313416776719  0.81097140101999576  0.82165042919843878  0.83255565408076282
  0.84363783748185894  0.85502342681839805  0.86539191133912907  0.87631451671128147
  0.88680401001026032  0.89687161897330059  0.90661823862430246  0.91655026427329844
  0.92691906619283615  0.93688918543030808  0.94654084592803300  0.95637204385955521
  0.96661557696158762  0.97757457586108021  0.98870705457002239  1.00000000000000000
 -0.00098731817035446  0.00479219117084830  0.00726863156419314  0.00980738413413357
  0.01295188021688408  0.01620480255493496  0.01974814211094869  0.02373015792602851
  0.02796468797471845  0.03239918110379027  0.03764992920493668  0.04331606933052830
  0.04884287069758769  0.05469887508909820  0.06090230596063988  0.06734900491279343
  0.07391509856142521  0.08039154506564823  0.08704698933055249  0.09430736965898910
  0.10182312916363997  0.10928780743251199  0.11685597430928936  0.12480824754101585
  0.13301461906712378  0.14125929711167998  0.14956520004164936  0.15806803027987640
  0.16685176793350062  0.17545799700707282  0.18367778889415176  0.19193682488764630
  0.20017940564935108  0.20903564764767832  0.21839224017636935  0.22772168637430779
  0.23717391441602445  0.24666126841263591  0.25653577007464329  0.26677779493322040
  0.27708272868749151  0.28724104422692787  0.29767621290464219  0.30809525989093539
  0.31867216954546906  0.32929083007161947  0.34032253442001981  0.35242956693230104
  0.36477941831617583  0.37720992077016291  0.39032104788944733  0.40351621257653314
  0.41635646217876543  0.42890121482617949  0.44156243210252027  0.45423633951535741
  0.46644143294347140  0.47869800391448708  0.49098030005925264  0.50332039969515563
  0.51556355310742830  0.52818299279333858  0.54189225970020893  0.55648905058215747
  0.57159995863148871  0.58698192229069956  0.60151150112970297  0.61533811753178058
  0.62901462388817275  0.64267992246934025  0.65589744526942351  0.66871006864921512
  0.68123827564072459  0.69345101286240152  0.70561823009987823  0.71826452000670815
  0.73176977304348922  0.74565545731915273  0.75924388773071871  0.77267061461586184
  0.78591046188711289  0.79911540147639448  0.81256417289032956  0.82648122760421039
  0.84011008950142008  0.85355483011598310  0.86700257449179674  0.88028121271143167
  0.89374890518635786  0.90797603717119690  0.92216732666217049  0.93629907397693646
  0.95142288050395252  0.96737652290928156  0.98367954256677503  1.00000000000000000
 -0.00257316784014892  0.00978781412287588  0.02000128658394025  0.03005159116473714
  0.04009933276647940  0.05059967590972372  0.06105045993972894  0.07219490214856289
  0.08306360253052553  0.09470523677213918  0.10594290376236565  0.11675347737112329
  0.12739755531696820  0.13796608440635855  0.14874767185230756  0.15926408573332637
  0.16965350352119360  0.18031043128590082  0.19107988976970389  0.20176856722331440
  0.21251274643702123  0.22318340318622104  0.23385712115247759  0.24422829917973818
  0.25490874294379268  0.26556137468320068  0.27579270013192381  0.28542301718012936
  0.29521982519514217  0.30520982921735978  0.31556004580605973  0.32623614991552569
  0.33732162896919415  0.34866261265746151  0.35995342782551376  0.37074458293111429
  0.38116115247412263  0.39125761706288426  0.40122872971832840  0.41142647274224808
  0.42196559959297775  0.43289640193982282  0.44382364465647300  0.45451567682469207
  0.46459520649681812  0.47425909370997571  0.48367557615438250  0.49272757709503107
  0.50182489897097293  0.51100800309025651  0.52070100559673771  0.53084513261807420
  0.54083592235294720  0.55057897117792542  0.56048452358657208  0.57070585430471810
  0.58147338700151130  0.59234023850102102  0.60291015503145273  0.61338491617938296
  0.62413249768282042  0.63498048377499905  0.64571520156285422  0.65582117952044727
  0.66542455200665307  0.67503188785015367  0.68461040068516776  0.69486988126516747
  0.70512056892534680  0.71539095144906628  0.72584225166131044  0.73621309521666090
  0.74683406494331062  0.75739840658339808  0.76808433970761869  0.77884250912675645
  0.78960990732786529  0.80067963070055326  0.81183882726133194  0.82289909330117317
  0.83393095339579926  0.84524815813221998  0.85656349448430580  0.86730732192244187
  0.87783683261448830  0.88869262826026252  0.89969523125387418  0.91070190898198078
  0.92167240530214256  0.93259883612110206  0.94410486393018855  0.95539206199123716
  0.96663671718955857  0.97742112443578688  0.98869703234761819  1.00000000000000000
 -0.00238382322444342  0.00951901866684593  0.01973022266745805  0.03041500813218747
  0.04086916901200970  0.05107994383596760  0.06150091297929914  0.07151843043933519
  0.08176217637786495  0.09142112736099609  0.10133842172488290  0.11167232389274342
  0.12197238557014532  0.13289313136528857  0.14392068110879649  0.15477988677625104
  0.16556989203747166  0.17623377194777973  0.18681573981152536  0.19708474907065404
  0.20718000380996168  0.21767232291463087  0.22820766570491841  0.23861086321834599
  0.24893154260971759  0.25952540152837589  0.27065291077878889  0.28208348407322537
  0.29383752983611494  0.30586866883786218  0.31773019662463142  0.32943991752127111
  0.34048614587041981  0.35137458846369102  0.36221650204760680  0.37248506185727820
  0.38236824098245364  0.39227802424976455  0.40296228222079356  0.41389001927278052
  0.42522475580844887  0.43672285375618980  0.44818587045448594  0.45915222516631915
  0.46981923669062392  0.48072718419115434  0.49264464969638966  0.50484503133846770
  0.51618103096456203  0.52720522154262883  0.53751399655408927  0.54713790965256326
  0.55634121552933402  0.56636560396557079  0.57736030537876648  0.58821199281131220
  0.59911586613242296  0.61017986686436154  0.62135773520661386  0.63245551598289496
  0.64382761882212347  0.65521444439052623  0.66576915119732138  0.67628345052771177
  0.68654272705054076  0.69638196859831625  0.70599147225572834  0.71617057146749907
  0.72692336452519890  0.73807841072493618  0.74869570220592785  0.76005084271537904
  0.77076818986157392  0.78218103887192114  0.79309243623063863  0.80328998704258081
  0.81348156853399378  0.82276312321643796  0.83173572056901457  0.84052804871376396
  0.84915442524621587  0.85829979469330508  0.86864607379332681  0.87878522954018912
  0.88941192841053784  0.89971829637200385  0.91047919153209977  0.92081100791718429
  0.93133388705957298  0.94079141300734925  0.94977022702207947  0.95837697155564106
  0.96802881475303837  0.97808828764856093  0.98909818802227434  1.00000000000000000
 -0.00251105759039575  0.00960690835414314  0.02042342448834453  0.03122301929790525
  0.04218705435470398  0.05322512420798598  0.06391139483888139  0.07428335210910746
  0.08513967794274756  0.09624199059546623  0.10685859570800604  0.11607583024572660
  0.12501529964268862  0.13466501369495432  0.14485650860646940  0.15607552746081774
  0.16773237712889660  0.17961616357524562  0.19087252939836422  0.20142693529137570
  0.21156816132311637  0.22160491205738136  0.23215805307701753  0.24356255282551856
  0.25526473735491728  0.26706102382997365  0.27826050116878492  0.28919977583720613
  0.29963329427854202  0.30959008764376844  0.31955474237292963  0.32964994013398041
  0.33973307819022791  0.34981742306796809  0.35983304419353573  0.36965460183258214
  0.37901426097667296  0.38787344876400659  0.39654939399855516  0.40523136839108043
  0.41406717063814652  0.42321549864394276  0.43271012031954825  0.44240202207287238
  0.45258369458109088  0.46329506580714180  0.47388168515657142  0.48410635575253114
  0.49415511388894995  0.50453122605490219  0.51480398854795728  0.52506359286462145
  0.53538167605718479  0.54644284109820962  0.55821914943621720  0.56982072151353658
  0.58111677287752461  0.59220245453023701  0.60342534307197271  0.61500850990073352
  0.62709113670234728  0.63911627686587336  0.65084595128146450  0.66166718484976250
  0.67226440311127944  0.68300935010586383  0.69411714930110580  0.70580572597563807
  0.71732985372233882  0.72906194747288799  0.74141563576803382  0.75334366451239398
  0.76480048518422528  0.77551932181886496  0.78571044598311801  0.79592938476041752
  0.80620362845528304  0.81628046251905573  0.82615774829500099  0.83576858936924669
  0.84562995716307288  0.85553431628574772  0.86526390621327520  0.87469098208795437
  0.88477645836696273  0.89525767397772138  0.90613612394545473  0.91611198997776022
  0.92592281027533019  0.93556329481622247  0.94617287437202446  0.95699503488807702
  0.96761940288910586  0.97804652766108457  0.98889105247727405  1.00000000000000000
  0.00509359314722743  0.03695999259066128  0.05368696596059917  0.06497417440421881
  0.07428124230238187  0.08309662122205461  0.09154886736246268  0.09969101767948148
  0.10763197566303595  0.11540910682305663  0.12294510558406725  0.13019471535348914
  0.13735240940239149  0.14465709718582187  0.15212692969390107  0.15958998920723655
  0.16679024908988213  0.17378274260014162  0.18053847036486173  0.18735676177052688
  0.19439791570572845  0.20156080628629786  0.20864978791108896  0.21538051915751866
  0.22203199800518233  0.22883277133453345  0.23568624593884344  0.24258078323500182
  0.24930442386721235  0.25581352443008937  0.26219058822901853  0.26850118325130468
  0.27477862058690739  0.28136253246575582  0.28807253860758719  0.29475795500334767
  0.30107085847504594  0.30746224942308814  0.31396082880621301  0.32067355264931041
  0.32724650188335141  0.33359693880162644  0.33969821479773837  0.34568359582191560
  0.35180094682545732  0.35837576346794520  0.36533883865553762  0.37238029819556290
  0.37934279759945938  0.38616434735717681  0.39296372164520993  0.40004908079051771
  0.40740166964663788  0.41470727784021355  0.42196973506777374  0.42915950564179289
  0.43662617615610039  0.44369131652669208  0.45098136946326239  0.45831854372113462
  0.46581234755468642  0.47350234901272331  0.48128162641500510  0.48904110322967437
  0.49684256261946125  0.50544743259543179  0.51499277126454290  0.52451879730752904
  0.53391124420429181  0.54309256033121800  0.55225238473620852  0.56134043187889582
  0.57007534613316602  0.57892154988659816  0.58806649009371181  0.59752273091140462
  0.60693872324535669  0.61577573787368056  0.62479005369735208  0.63448145786639720
  0.64507359487526683  0.65604974106015868  0.66742780443086336  0.67972375040351340
  0.69298853818809203  0.70699131073763666  0.72165184917082115  0.73696392829323243
  0.75297941127255597  0.76985796307042775  0.78722618228567864  0.80793769187172104
  0.83108518642666029  0.85794206354259972  0.89949400999724805  1.00000000000000000
 -0.02028370627946672  0.14900699509667775  0.20306900343927134  0.23458232717406230
  0.25796413449899741  0.27800841348647309  0.29516768403212673  0.31044927404903599
  0.32389847506299335  0.33563212362497441  0.34602688695039391  0.35581927885219211
  0.36536736630598915  0.37436278023338160  0.38295151845729752  0.39135337199776066
  0.39972084758344695  0.40790269037174498  0.41554934647133923  0.42263911869384863
  0.42960899304595579  0.43661348646194165  0.44336834633382305  0.44970715908782055
  0.45590441899611306  0.46213031086285983  0.46831857897773221  0.47456920132615632
  0.48048900570755720  0.48621553444882004  0.49174262497395921  0.49731886792333063
  0.50309839264859446  0.50893745768821963  0.51470976915357669  0.52033700070713307
  0.52576985651066177  0.53103039856569956  0.53633875943089060  0.54151769702069574
  0.54661100873469837  0.55158759997981111  0.55646852309568906  0.56126290043563998
  0.56601314560106453  0.57085037226982338  0.57583813497400149  0.58086123431388681
  0.58574654110383639  0.59044241567718359  0.59504799207197800  0.59958478490698564
  0.60422967898433855  0.60888432427470351  0.61355922377007177  0.61834152894585170
  0.62312913470961606  0.62776612039993240  0.63225423698797167  0.63664254451838909
  0.64103162322008189  0.64557701830124248  0.65013880633006871  0.65498147777448779
  0.65975289585551411  0.66456229802924727  0.66951096430939028  0.67457705126949297
  0.67963845879833351  0.68464742316179716  0.68971997620877668  0.69492108164161848
  0.70020228866553658  0.70560350323642895  0.71121958822630049  0.71718232371308366
  0.72331096416154994  0.72945578853836313  0.73587866283224568  0.74229549121380822
  0.74873136384523908  0.75542629640715142  0.76247072439735197  0.76983034483330071
  0.77763503533144385  0.78585943302696826  0.79420587504762941  0.80299649974480147
  0.81235080600540621  0.82297215408818603  0.83473018296695267  0.84828089075877056
  0.86438253411042953  0.88443400947709616  0.91778770753022232  1.00000000000000000
   2.8689078724830223E-034  -1.0000000000000000     
 T T T T F F F F F F F F T T T T T T T T F F F F F F F F T T T T
  <DiscreteSampler_grid>
  grouped_processes
  1 # 1 for a reference and 2 for a running grid.
  10 # Attribute 'min_bin_probing_points' of the grid.
  1 # Attribute 'grid_mode' of the grid. 1=='default',2=='initialization'
  0.0000000000000000 # Attribute 'small_contrib_threshold' of the grid.
  0.5000000000000000 # Attribute 'damping_power' of the grid.
 # binID   n_entries weight   weight_sqr   abs_weight
    10   10   1.242701090303296E-021   1.994464361095908E-042   1.242701090303296E-021
    11   10   1.242701090303296E-021   1.994464361095909E-042   1.242701090303296E-021
  </DiscreteSampler_grid>
