 -0.00031167223165951  0.00699991888116468  0.01706204194558056  0.02789662314249443
  0.03885042799462343  0.04977013846505150  0.06079409998424259  0.07161658049868612
  0.08200389094556811  0.09234642714534064  0.10268429573073441  0.11298384283683623
  0.12323122951599272  0.13321657888199112  0.14293295835264574  0.15240760172651993
  0.16166019453213548  0.17072079377464563  0.17966890276620492  0.18850118249270556
  0.19721821755098631  0.20595648403679453  0.21483563478225529  0.22387551218216933
  0.23276302473530441  0.24156097768193271  0.25037376894166580  0.25922840367163907
  0.26810786768536626  0.27695949979216189  0.28571309103681192  0.29457464682966389
  0.30343510817112707  0.31219504713546120  0.32078212658648686  0.32918081486064249
  0.33750620486898530  0.34594365601274835  0.35450126282993699  0.36307387917501749
  0.37150555963749560  0.37971007741379498  0.38783690597644882  0.39590070911624020
  0.40387985384922642  0.41213125267841277  0.42034672842431664  0.42853693927057718
  0.43673495583422978  0.44496867672684248  0.45327925798815355  0.46165543316587765
  0.47014417122235802  0.47891084930201527  0.48787176460817056  0.49673427985985169
  0.50539195582238750  0.51399020530076589  0.52302279895437009  0.53216608706516433
  0.54137669934365773  0.55053774332480665  0.55955458782234324  0.56839630679631492
  0.57710975120912866  0.58585499288359411  0.59466352777818221  0.60347190598174660
  0.61253930425399716  0.62209546557321627  0.63160890308103268  0.64124060370995917
  0.65074689058957147  0.66039853629463874  0.67029834121824261  0.68038734335292839
  0.69054753644567268  0.70076487884270311  0.71105086152932617  0.72199763650500759
  0.73325451179909440  0.74467662747988761  0.75627708079226008  0.76809484841224862
  0.78043377164491745  0.79359824535960821  0.80692685791792418  0.82050712046131891
  0.83450364222538320  0.84964848421319294  0.86691689509072067  0.88575650061207301
  0.90641978476027185  0.93012429765360516  0.96237631221562558  1.00000000000000000
 -0.00263615086041184  0.00974920902283055  0.02062021564146142  0.03201626514157273
  0.04334095547130234  0.05396410645057929  0.06473805721116838  0.07576193484076678
  0.08677615282259910  0.09737440747965637  0.10831386520727690  0.11979875439299296
  0.13140023008671012  0.14276799522085529  0.15365680099158094  0.16424347292335167
  0.17459792921295064  0.18481852006570673  0.19496159736098287  0.20487866027577670
  0.21467917703282463  0.22455461950200084  0.23486944443043281  0.24554830283089304
  0.25605360255919729  0.26603854703472429  0.27589259656408349  0.28579566118100214
  0.29572729466820602  0.30565159096084243  0.31561278716850993  0.32558564324811018
  0.33559161662914694  0.34546834811772476  0.35532644464380697  0.36542125036151735
  0.37624164992272147  0.38767579140930675  0.39930848526124796  0.41101884521464793
  0.42247644167918358  0.43346385158422240  0.44389774363650347  0.45398235713487012
  0.46467463867879294  0.47560077078914575  0.48651946697662157  0.49730874194984848
  0.50870185726126571  0.52030076352637122  0.53168361501576000  0.54281970506378807
  0.55411643335529603  0.56486126217096722  0.57499760652742982  0.58493762477332167
  0.59503484907501203  0.60504227652044240  0.61488792008417548  0.62485236458838156
  0.63530285932643960  0.64586555515167443  0.65606517215583215  0.66605162995900413
  0.67600473794783789  0.68582216854449130  0.69619440874457439  0.70653225986870172
  0.71737574058548581  0.72787189956517118  0.73854729900260352  0.74910871307256877
  0.75999950728359889  0.77093909715004183  0.78217697616588799  0.79314954630363155
  0.80399105303726115  0.81423257851550024  0.82393285141539219  0.83362131676993001
  0.84349536107438206  0.85366211795014169  0.86441961928343647  0.87519010205988390
  0.88585944987732967  0.89645516419520255  0.90718833982596880  0.91802375829039873
  0.92853471372969842  0.93895461515941459  0.94951305955749354  0.95998914472638708
  0.97011499091854947  0.98036856386353577  0.99010851242056830  1.00000000000000000
 -0.00943349928176802  0.06165693503012060  0.09967093253248575  0.12748426757333894
  0.14892694764003511  0.16710328666739657  0.18445750401279737  0.20105258921578142
  0.21657814933979519  0.23092943607715430  0.24409361140810723  0.25672269362962102
  0.26872396693971101  0.28062541639679056  0.29224476716850711  0.30351272914275002
  0.31427987697651416  0.32439161588058663  0.33406592444270949  0.34329933328820683
  0.35251243861220238  0.36179018629124293  0.37087644576980328  0.38006397311639228
  0.38919080436685849  0.39816290383414826  0.40674915872158940  0.41521308984676658
  0.42359753522468507  0.43222732834601896  0.44049624190935044  0.44881719878198156
  0.45707702292690322  0.46518827703124821  0.47316225637640424  0.48087775780023106
  0.48838062921100456  0.49588317704221085  0.50340998214445709  0.51089222842033899
  0.51834118078931746  0.52580091034115206  0.53310143309850677  0.54037263089944909
  0.54755189559676520  0.55481751437641214  0.56213834109653715  0.56972044389834176
  0.57691969212743721  0.58396227596116945  0.59085822407651245  0.59771191941001678
  0.60460419721067316  0.61153809367120660  0.61841740966352809  0.62527958067975864
  0.63221525190862582  0.63923626728874161  0.64637185853791634  0.65358934688750492
  0.66062935758374808  0.66756394144974940  0.67451727561839259  0.68152445558588737
  0.68858007125740672  0.69562885922714457  0.70265828660986784  0.70963423877157061
  0.71680408916284155  0.72405623784731121  0.73150075183970020  0.73910622024648964
  0.74684221175991805  0.75477409709017540  0.76279273813099779  0.77069988702334846
  0.77841714798814221  0.78604120233721197  0.79383889506013106  0.80185258274922611
  0.81007618500095202  0.81773329806441530  0.82573825147750224  0.83368419382934700
  0.84199366062694070  0.85068707423231871  0.85948576567473123  0.86849711426987541
  0.87809326053189529  0.88843283779836824  0.89937676981176817  0.91106950984766255
  0.92465942854594796  0.94084736972391725  0.96348825188478227  1.00000000000000000
 -0.02236459783425590  0.15128657049498914  0.20282204991892380  0.23708740367799663
  0.26425112702095804  0.28752996640227418  0.30806282330523221  0.32608421438207746
  0.34291366718081645  0.35873982950157862  0.37319735652388158  0.38715452941876666
  0.40047864652949022  0.41284134493037566  0.42436194087354168  0.43516793440910662
  0.44552616962199204  0.45536672214493185  0.46466675114029093  0.47356382858411866
  0.48206949875647775  0.49017707534658073  0.49806524575823147  0.50572323384116369
  0.51325374599223039  0.52054604032814511  0.52743956406227188  0.53409666300935632
  0.54065337778958689  0.54709647357475688  0.55334303175715915  0.55951993639729358
  0.56553441588873621  0.57151281820309507  0.57741544829512903  0.58321348327457123
  0.58899175502325007  0.59471176615209376  0.60042913491502814  0.60608135284677378
  0.61155472939261857  0.61694315441992686  0.62216515235874015  0.62742163315741406
  0.63268018215329613  0.63782721911564533  0.64283455465024097  0.64783314507766476
  0.65290730660086493  0.65808174763350602  0.66331838910832952  0.66855464738365933
  0.67378618765026188  0.67898209440136315  0.68414674207200121  0.68924276819455721
  0.69434605470246835  0.69946514108166025  0.70456333571799623  0.70959004592166097
  0.71449915895289162  0.71926685807869339  0.72385861728546486  0.72831533502702017
  0.73270925791243646  0.73709385216403112  0.74154770564012962  0.74611762671580861
  0.75079513898400974  0.75550897521301563  0.76015921914465112  0.76470945317325945
  0.76927344927324681  0.77407342623287179  0.77919697127713194  0.78446993639152884
  0.78969563670493015  0.79492080237546214  0.80016073031570722  0.80545841044856326
  0.81087038111861676  0.81644552805665105  0.82226935709411753  0.82817770098719512
  0.83428554038749125  0.84067236497621955  0.84726678040716596  0.85427955970116243
  0.86200128741130277  0.87049847504872002  0.87997894623213979  0.89102305873983367
  0.90379152146383113  0.91952860944614101  0.94291942770719728  1.00000000000000000
   2.8261592333920145E-008  -1.0000000000000000     
 T T T T T T T T
  <DiscreteSampler_grid>
  grouped_processes
  1 # 1 for a reference and 2 for a running grid.
  10 # Attribute 'min_bin_probing_points' of the grid.
  1 # Attribute 'grid_mode' of the grid. 1=='default',2=='initialization'
  0.0000000000000000 # Attribute 'small_contrib_threshold' of the grid.
  0.5000000000000000 # Attribute 'damping_power' of the grid.
 # binID   n_entries weight   weight_sqr   abs_weight
    10   10   3.643388507802509E+004   3.758509222785585E+009   3.643388507802509E+004
    11   10   3.643388507802509E+004   3.758509222785585E+009   3.643388507802509E+004
  </DiscreteSampler_grid>
