  0.00992405920688539  0.05225730601649885  0.08257359705224387  0.10562809613185417
  0.12547250351781969  0.14534855794032947  0.16361897292491195  0.18065124841918789
  0.19565452115912668  0.21000624849525276  0.22523144018815888  0.24195354723583568
  0.25880967019423712  0.27497481051844902  0.28957573997694591  0.30417782574668217
  0.31826123815653939  0.33184294999318154  0.34548520271043009  0.35883110882379327
  0.37157509455319093  0.38412813783212990  0.39649551577299358  0.40879257655637830
  0.42148655754872555  0.43437521214265767  0.44641117853326984  0.45760399883129727
  0.46898474011969976  0.48062897231446861  0.49250800377663695  0.50451392737519918
  0.51687645404678872  0.52918101162035303  0.54191761516907488  0.55502844891377923
  0.56800822463556500  0.58082211717238030  0.59331801191248912  0.60524020686330060
  0.61672505929957300  0.62848329124502644  0.64057509156454073  0.65261639407592431
  0.66455345938857857  0.67692798322257031  0.68877696573038971  0.69911743322164477
  0.70894786444142677  0.71845944950902985  0.72784645357909561  0.73692108927784672
  0.74584116217473451  0.75507653017712395  0.76463327769776601  0.77422377936918996
  0.78355829901608898  0.79258391252896110  0.80131390359441679  0.80988335738561157
  0.81846977306875113  0.82690274820933896  0.83518749634096789  0.84340650688754615
  0.85151187292938635  0.85968899895138651  0.86771586727962879  0.87522584635180423
  0.88238939051451293  0.88943099893496080  0.89630107351940624  0.90382430229480548
  0.91130507467983157  0.91855997018328128  0.92512180302335356  0.93109288536702894
  0.93687036162691062  0.94217458636572238  0.94743529973937213  0.95268944121919941
  0.95751849054967086  0.96167753044122650  0.96532124460442037  0.96883154891003287
  0.97224564992633189  0.97551913436534055  0.97852473244646809  0.98139369041827307
  0.98397038207804333  0.98633317382767616  0.98858243583817307  0.99064985064346323
  0.99281906026217748  0.99490413029200786  0.99675706274724962  1.00000000000000000
  0.00929983724344365  0.01645622264268935  0.02628897552100867  0.03685695579710936
  0.04756741658888401  0.05859885146543453  0.07019785213994068  0.08179837356520450
  0.09251114252497436  0.10243058296555488  0.11171573676622365  0.12070296607540207
  0.12986829109527723  0.13903591964057663  0.14851774002234905  0.15865933192248735
  0.16918960079529616  0.17947062386166984  0.18956404741328731  0.19999393333534554
  0.21084798125160534  0.22164971299833741  0.23181540163954412  0.24122665128209375
  0.25036578054816072  0.25902884732599496  0.26732025600196868  0.27600072362144995
  0.28554612324581835  0.29630098552509454  0.30744416255779128  0.31736044243663580
  0.32643429715116901  0.33594822070439428  0.34518851097493741  0.35384386300849391
  0.36218796763637723  0.37067436968878847  0.38111375166330219  0.39250478655331883
  0.40345173191201855  0.41443539240777566  0.42614644219619585  0.43804078959094417
  0.44902457458692496  0.45915251886792169  0.46918542996102958  0.47911962897396010
  0.48929895329471174  0.49955166717637384  0.51092820851405840  0.52267097969483223
  0.53425922570797968  0.54530811171399463  0.55598959772848944  0.56675460029207347
  0.57809519897230177  0.58874679491596238  0.59840093638839187  0.60798811391735041
  0.61738644206519544  0.62736360762031851  0.63715790578415643  0.64753587940047641
  0.65882213773118092  0.67011482882201945  0.68107417448262442  0.69175525693719875
  0.70276151317124247  0.71461802258253848  0.72672430655250975  0.73882357022679201
  0.75073711048722713  0.76198795298301703  0.77251397439867520  0.78284687995227464
  0.79329777466018170  0.80419727846248013  0.81589220302533405  0.82758987628274716
  0.83887963006240662  0.84882428771531937  0.85909958356503702  0.86939670384695111
  0.87902996656326715  0.88949299863739240  0.89954401071086687  0.90995546579172137
  0.91996377409573282  0.92990365798961583  0.94037646111803008  0.95148362494585270
  0.96271381333412676  0.97464887906926856  0.98659855005596753  1.00000000000000000
 -0.00077686275614749  0.00456101723098934  0.00691650111451072  0.00936604073688267
  0.01210631652367178  0.01546315120555338  0.01928458955294965  0.02325097300846884
  0.02734596753728506  0.03161102162648756  0.03618707558769036  0.04158853419029697
  0.04752892613631537  0.05353141634314803  0.05932692222827667  0.06518106322920884
  0.07197256419203042  0.07931038862150482  0.08631110072077135  0.09361600432327685
  0.10121124568413949  0.10918493477574923  0.11778149178059687  0.12614617485718693
  0.13449418797363827  0.14318918562873648  0.15214844120824192  0.16054060358781819
  0.16886476426562819  0.17749467359025561  0.18625522474308037  0.19531444201889075
  0.20464022914188199  0.21448380108335338  0.22504065314769753  0.23584563425568308
  0.24677923742485564  0.25795387675945558  0.26936129610755405  0.28061071201065224
  0.29295226861197809  0.30454855102342310  0.31612281525293368  0.32791565094341374
  0.33973806249475241  0.35177798492043305  0.36417398372369292  0.37700912909072554
  0.39048484488429214  0.40333043131168805  0.41590157697417729  0.42840726921303973
  0.44097742648336036  0.45310997557590571  0.46449187049149437  0.47572392192823876
  0.48747971419311908  0.49960966513584210  0.51178775320039438  0.52518464811679222
  0.53837251759458249  0.55155496336757703  0.56461248209973292  0.57670413262183751
  0.58798074253239241  0.59922515216211480  0.61036123446116641  0.62129514476632963
  0.63251310075882394  0.64356343053741305  0.65464779128670891  0.66632883179050717
  0.67833917758738471  0.69092207065181122  0.70296228047018761  0.71478359365746957
  0.72704344397662191  0.73949137035580981  0.75173165699180267  0.76530357344452249
  0.77854255008999840  0.79189043364737099  0.80535544938637460  0.81909880476843222
  0.83331875774708819  0.84778456854804174  0.86248086406336077  0.87690438134769089
  0.89176388709395460  0.90693105622615600  0.92164675263974494  0.93590654963122610
  0.95162180621520798  0.96774556460050720  0.98387598484207572  1.00000000000000000
 -0.00219436217829805  0.01075907908140475  0.02206266158521508  0.03334611746397103
  0.04416158096826915  0.05481707435500027  0.06571562998999482  0.07695901252595969
  0.08846738775371973  0.09965847765244100  0.11050674953006973  0.12109513137220602
  0.13114221345881416  0.14104936696828718  0.15145828419734228  0.16266347837512010
  0.17453442073790193  0.18650893790096768  0.19832212244890848  0.21006910385963459
  0.22184139252974233  0.23344556693827939  0.24447287363603862  0.25483649276654269
  0.26461312702199791  0.27430158488023509  0.28377742089093855  0.29315077077814877
  0.30275092364706441  0.31276524422424673  0.32300698525243920  0.33293040714563243
  0.34201747410346051  0.35131832095034743  0.36155181762418637  0.37342446977014998
  0.38519554022561980  0.39668254909406925  0.40783751502305188  0.41843104838853867
  0.42879396805821918  0.43941036822166762  0.45070337313325826  0.46184905756175898
  0.47240658993215445  0.48304820884430599  0.49424893527952418  0.50528440851306755
  0.51592897923355530  0.52739494542335486  0.53995030777549680  0.55126048199573841
  0.56226185866959666  0.57335108135307666  0.58429927182394303  0.59427910366822434
  0.60394417019918589  0.61439753669357400  0.62524552152006041  0.63674187865868526
  0.64817410149789967  0.65891864655156207  0.66916005050687488  0.67912188946421004
  0.68851055516747117  0.69679822541868863  0.70539091863526970  0.71418205954326075
  0.72327715962071881  0.73240625033582407  0.74175408391818076  0.75145272332498358
  0.76154496041852060  0.77154816475417609  0.78169216367286309  0.79260742432543929
  0.80464114484550786  0.81694643915586695  0.82969827022547105  0.84227518354386244
  0.85417230394860710  0.86514954339883798  0.87641818922648507  0.88679695303577832
  0.89693275904255387  0.90528166657506925  0.91379735900073455  0.92248802696457965
  0.93165018575273006  0.94113382942763080  0.95029470494837676  0.95948567911822003
  0.96923603590005014  0.97910286075490327  0.98944014716736794  1.00000000000000000
 -0.00267956932534612  0.01031824043970577  0.02082235947488140  0.03180264049531090
  0.04240393129476832  0.05180460087232034  0.06142484308105890  0.07161979863375116
  0.08258451095431366  0.09408025626406982  0.10534819660877971  0.11463179465706613
  0.12395623799999315  0.13284747700549551  0.14194490915761795  0.15062089762469866
  0.15859677422877275  0.16670530285943561  0.17590054505873393  0.18632757748453549
  0.19797720451011175  0.21025224739719428  0.22260459881262670  0.23480659553231872
  0.24686741034410375  0.25889765608924892  0.27072468875938427  0.28239639597568156
  0.29422025548360475  0.30586675986561801  0.31798118531264075  0.32945179546375286
  0.34037330195475390  0.35054596209503275  0.35976976051028836  0.36900747026683456
  0.37823285251583988  0.38746967651034270  0.39676026443959295  0.40641746950504731
  0.41615490218689100  0.42720628631675966  0.43801155632708755  0.44869140589720119
  0.45912251048625125  0.46943490685851597  0.47958520605306842  0.49053068666943622
  0.50190661925273328  0.51329623675517577  0.52479922954161151  0.53615284101935523
  0.54746088784164315  0.55865886266780729  0.57007157673928399  0.58128192806415435
  0.59198709079633638  0.60221036876637435  0.61226178954615984  0.62266017845147126
  0.63335725713946689  0.64468586278940132  0.65687921411649564  0.66911942627932874
  0.68101932593822279  0.69272698195969196  0.70420272213454138  0.71541455627382777
  0.72647923040120310  0.73836472600365100  0.75032952191514157  0.76127638082081761
  0.77261058532085691  0.78276802335384099  0.79340462821722224  0.80379204483230970
  0.81394017590393575  0.82456162938191135  0.83460883103960493  0.84452102619851477
  0.85464333279255722  0.86546683936482371  0.87668661823289340  0.88736357288556411
  0.89724985529101708  0.90694291384504666  0.91609732884226092  0.92452469448190799
  0.93295980607380824  0.94194193620309241  0.95150574389606246  0.96106408638966134
  0.97013851975706278  0.97921108244581190  0.98921462042991215  1.00000000000000000
 -0.00318583250478483  0.01185641505046406  0.02474795096555864  0.03726585758654093
  0.04940244290419292  0.06112623082980510  0.07257196748466072  0.08359045371038173
  0.09424363034966279  0.10462460924466337  0.11449933061336333  0.12405045277466215
  0.13320235003280820  0.14258356369155506  0.15224048378329613  0.16167152702280052
  0.17114242986167280  0.18030978250745797  0.19055942467926398  0.20185457172211513
  0.21347141269508466  0.22510406086195719  0.23638512828983577  0.24693103071313541
  0.25663077723359873  0.26600531998740717  0.27540768060217308  0.28490192220039817
  0.29534660215943609  0.30732411633640011  0.31890256475750028  0.32952961013511473
  0.34032024029430719  0.35142091085737170  0.36235700483384276  0.37257916722877732
  0.38309437961610465  0.39406507079594227  0.40505375824876699  0.41565349963899728
  0.42632561102538696  0.43639539841165897  0.44643980059449206  0.45608841542614248
  0.46700016337792338  0.47739653307776025  0.48791739699935366  0.49850540933374943
  0.50945581377129834  0.52037178172433729  0.53078555294049179  0.54113603681698286
  0.55174305750600683  0.56220335100016627  0.57208251591649784  0.58162818826470619
  0.59155489384271198  0.60201913403018048  0.61201567162728598  0.62244466324311409
  0.63269455376676231  0.64280612117680469  0.65281011983517734  0.66238549145177783
  0.67220200080671333  0.68186106384980449  0.69188831359970127  0.70187275544348471
  0.71175180616747535  0.72173448003826524  0.73168660953535991  0.74113566283494459
  0.75105049504594368  0.76166228774782174  0.77221860399459685  0.78335915285638358
  0.79446351315240360  0.80552936694273569  0.81665616784162420  0.82790199697969491
  0.83932384475628175  0.85065417536591648  0.86129138869849098  0.87164995524401656
  0.88233967227809562  0.89318110912797100  0.90286628556291781  0.91242398370188282
  0.92285196707923067  0.93378687601648980  0.94439344030901584  0.95453747818830592
  0.96550353701819047  0.97722793949634967  0.98865683065025334  1.00000000000000000
 -0.00187550885478357  0.00891344455479737  0.01844217564562071  0.02895696351731638
  0.03983991811858749  0.05170323813269905  0.06359315387092038  0.07525692839894202
  0.08647294216059961  0.09686310558256743  0.10762789530701820  0.11764869155714652
  0.12679707149233899  0.13588641503531279  0.14483946260455080  0.15518440563864019
  0.16578023908184394  0.17756918227108007  0.19033453367655592  0.20228633736121426
  0.21299520488164123  0.22267896660166714  0.23256591268415880  0.24304855065072464
  0.25396457544594392  0.26534186733482845  0.27725775361206434  0.28997869369732526
  0.30102870253229858  0.31221548176302327  0.32308646007265529  0.33377312671989939
  0.34434062919367459  0.35516545700674046  0.36630327499818005  0.37725699269751028
  0.38794238381838825  0.39869134969277548  0.40920301830159372  0.41973094923724641
  0.43047472720966634  0.44118862542172144  0.45178726958289239  0.46190645452174650
  0.47221114400869901  0.48298992817749425  0.49440795370393453  0.50572109079967908
  0.51600467759358515  0.52607062360942103  0.53589238610150125  0.54582739350025089
  0.55619630866157854  0.56703817203680928  0.57795420333278080  0.58888388132502012
  0.60014488700793245  0.61168481092730886  0.62241171951852370  0.63259544025772085
  0.64276103114564065  0.65365608690463795  0.66471246770663595  0.67511028849422883
  0.68515043736273307  0.69532049548361352  0.70626583867063764  0.71744339592943973
  0.72867885615356343  0.74011692279713759  0.75161663296400583  0.76352998533157745
  0.77522257847285603  0.78692896292931647  0.79885164575198075  0.81061191286276346
  0.82107145454683328  0.83106298930960476  0.84035635529427533  0.84929104329666161
  0.85825564010360311  0.86734847134381632  0.87652445218258468  0.88521977685927822
  0.89404031905620274  0.90418373549359832  0.91540037444231304  0.92722710707665446
  0.93848745149620016  0.94906578345677206  0.95921983394685129  0.96866320778443915
  0.97741749362944219  0.98532397952426165  0.99253191670693741  1.00000000000000000
 -0.00271429595956579  0.01033236613781687  0.02089943801255452  0.03257660889903102
  0.04345641093534265  0.05473221430786678  0.06629057226024167  0.07862364584013168
  0.09042236731707205  0.10202937431998690  0.11324443969983503  0.12400777544204726
  0.13351938511827890  0.14258320837004326  0.15202242754188386  0.16227781240130193
  0.17264439047708627  0.18281845603259905  0.19247751853112405  0.20167666624577035
  0.21159174774624334  0.22081887958368512  0.23029714311212496  0.23963701085018335
  0.24865180834550366  0.25851692229965167  0.26880764172079991  0.27941242084058571
  0.29072640888958495  0.30210813522397117  0.31371560079067634  0.32594567665524793
  0.33812423299931443  0.35027544074975869  0.36264761647957156  0.37470723501674014
  0.38550147495379350  0.39566174602598680  0.40540856773458234  0.41550620845026603
  0.42590409429592774  0.43626285470175924  0.44688942602779158  0.45786919258815628
  0.46895820745585015  0.47990521610961090  0.49044458923960715  0.50070180429811439
  0.51097748143986699  0.52185383510604111  0.53244891464324473  0.54306792148393079
  0.55409618745605205  0.56572850555202669  0.57901100127876437  0.59007762581224377
  0.59966414020193359  0.60861881277840535  0.61757185976391948  0.62621343906375793
  0.63508842711092817  0.64407845834427757  0.65495679840082655  0.66752936651292749
  0.67998449782917836  0.69146028648945379  0.70170872881256485  0.71179403213684167
  0.72161267881150304  0.73152528852818155  0.74171557186615755  0.75200656416239398
  0.76237512147089082  0.77224167059971505  0.78185280523020906  0.79116939584407531
  0.80075122884286487  0.81033806768249239  0.82062389616499942  0.83059203417151328
  0.84139415356362368  0.85218985644218759  0.86199060517111570  0.87164608321326598
  0.88142678564638577  0.89146782239300204  0.90188740202761719  0.91361045540428920
  0.92577174898930392  0.93758021149152915  0.94777736732810336  0.95809003547986782
  0.96886589696678682  0.97932052979916329  0.98961460147876312  1.00000000000000000
  0.00824392307874030  0.03553883833944251  0.04749687206753156  0.05645231311866521
  0.06470315841766272  0.07233458716232705  0.07947327817969536  0.08665595909226753
  0.09456224611258723  0.10253791720776070  0.10963152412629545  0.11662310525698760
  0.12360014316276231  0.13039416059598735  0.13696501061577704  0.14341478737807592
  0.14957409196606170  0.15555771890855483  0.16134832753253361  0.16691979192664155
  0.17278397468737447  0.17888492330687392  0.18512581479043774  0.19208178617905880
  0.19842484085988632  0.20462769570355363  0.21067407392035536  0.21673212263657798
  0.22295862389580579  0.22919479365904025  0.23558825607836467  0.24198193225391951
  0.24807158843788080  0.25387998998908534  0.25955214488289780  0.26527760188646127
  0.27149003278550882  0.27809887554511903  0.28491085359412488  0.29163277794066900
  0.29816483964821033  0.30432306446868629  0.31028477567777774  0.31678873086645670
  0.32384493720514679  0.33113807194656042  0.33810582844553533  0.34507678668047204
  0.35231509671665484  0.35910313311986647  0.36671380813262999  0.37412183455162246
  0.38172141004741444  0.38916641192555518  0.39645933673133527  0.40363992287879025
  0.41071239005637433  0.41813987533839314  0.42636498059715106  0.43498744439637971
  0.44330817452951959  0.45140007384088238  0.45927306343870217  0.46682768439889905
  0.47463622906340297  0.48226210120525415  0.48972533464869406  0.49722853741952194
  0.50474789680276744  0.51263626348526992  0.52102909039841061  0.53048775775266166
  0.54028506358121231  0.55036997743119087  0.56058949212709608  0.57046491447489645
  0.58030900249540973  0.58988829252203523  0.59878852246477432  0.60767424180088181
  0.61666454577919516  0.62628323548018294  0.63651243772941868  0.64802176781110277
  0.66101500839565863  0.67477288277075531  0.68964465369334571  0.70584587407002541
  0.72267952717480777  0.73970038676430105  0.75751180543854679  0.77822170712356908
  0.80543199526232323  0.83866361643842124  0.88389204329406013  1.00000000000000000
 -0.02396839230251646  0.13546268491253466  0.17519605249902553  0.19654109505743633
  0.21334615586916164  0.22743513998902049  0.24120400093773425  0.25281514550148770
  0.26328931556543694  0.27347009146927997  0.28357353888658926  0.29306900847230105
  0.30179164613283621  0.30975706966828903  0.31714336796330000  0.32406735180134993
  0.33127919318529803  0.33807485323771241  0.34455692132050514  0.35091272522885336
  0.35695951181004648  0.36295166589078748  0.36912170890942703  0.37538831602546857
  0.38144701163140565  0.38712176293630329  0.39258776109398824  0.39782001597204331
  0.40268102883992390  0.40769167809703111  0.41272256251269707  0.41752016237171719
  0.42196451169774857  0.42629226407029430  0.43078819819749864  0.43559178609378546
  0.44049523148213771  0.44496432654607404  0.44919273954369165  0.45320833732600241
  0.45725855943262966  0.46230021009680405  0.46771969194129065  0.47325493810202718
  0.47856508014668081  0.48372093831518259  0.48875674505983635  0.49372005413741660
  0.49863542330608762  0.50400335319973411  0.50968211323453072  0.51526108080716215
  0.52071821661307360  0.52606411526531116  0.53155099706439191  0.53720294214208009
  0.54329217444389577  0.54932651371959051  0.55518834139013962  0.56100985667916692
  0.56694565514090645  0.57297733282558716  0.57923097138808144  0.58509175482319509
  0.59064263583641652  0.59619147141664708  0.60177573429832854  0.60743362061984785
  0.61305363223961828  0.61852603125380912  0.62394126694460872  0.62930045927426725
  0.63479766254522851  0.64041061405484667  0.64636488480456733  0.65247387911965227
  0.65871891953694950  0.66475397479334530  0.67087348901156962  0.67718757039581734
  0.68348704150058548  0.69026750302908191  0.69751209373563672  0.70521967525539320
  0.71290841925473447  0.72096621596264066  0.72946471822254533  0.73980695855792733
  0.75095523268933750  0.76282526922659843  0.77537562158883677  0.78982156045534868
  0.80763691384060510  0.83086378279500694  0.86860663019607753  1.00000000000000000
   4.3290244654275838E-056  -1.0000000000000000     
 F F F F F F F F T T T T T T T T F F F F F F F F T T T T T T T T F F F F F F F F T T T T T T T T F F F F F F F F T T T T T T T T T F T F F F F F T T T T T T T T F F F F F F F F T T T T T T T T F F F F F F F F T T T T T T T T F T F F F F F F T T T T T T T T
  <DiscreteSampler_grid>
  grouped_processes
  1 # 1 for a reference and 2 for a running grid.
  10 # Attribute 'min_bin_probing_points' of the grid.
  1 # Attribute 'grid_mode' of the grid. 1=='default',2=='initialization'
  0.0000000000000000 # Attribute 'small_contrib_threshold' of the grid.
  0.5000000000000000 # Attribute 'damping_power' of the grid.
 # binID   n_entries weight   weight_sqr   abs_weight
    10   10   6.460871611689139E-044   7.158357008119004E-087   6.460871611689139E-044
    11   10   6.460871611689143E-044   7.158357008119004E-087   6.460871611689143E-044
  </DiscreteSampler_grid>
