 -0.00013111077212172  0.00606871200594324  0.01650587754299977  0.02768734973508553
  0.03873365950805734  0.04953399408216917  0.06039391950926621  0.07139766089315028
  0.08210309687912327  0.09217945725151871  0.10229447573937191  0.11229818995515893
  0.12224240819833160  0.13199449888032921  0.14141452581006944  0.15038400355926673
  0.15955718251752060  0.16849003689289943  0.17743893809921518  0.18635068577433522
  0.19559000135974644  0.20491644539901643  0.21443711507627494  0.22404469418085313
  0.23351423144544373  0.24266066195384392  0.25152984875006373  0.26033369892303315
  0.26915345449428940  0.27788917632242083  0.28650405020343117  0.29508826485296802
  0.30370020551966964  0.31225548928322699  0.32079781536953617  0.32941661616568935
  0.33780607004166058  0.34618443903524204  0.35440198220493374  0.36238885216429328
  0.37015734735123973  0.37778217504442702  0.38542268221715503  0.39314476664958564
  0.40120868434050061  0.40937266050071652  0.41752837241624202  0.42563472598274471
  0.43384377379567246  0.44215661668334677  0.45046908613830788  0.45875123904012044
  0.46712943170228727  0.47535573488995475  0.48359279104138503  0.49212084522764821
  0.50075470352924301  0.50931852984085346  0.51770687934680082  0.52591242694217277
  0.53403349619852747  0.54226650729476911  0.55080853105446248  0.55959668882459490
  0.56850943518295616  0.57747432652409969  0.58643716353987108  0.59530857180364360
  0.60428114210995554  0.61344248655896561  0.62263456997732625  0.63184464685723019
  0.64100188837546901  0.65014199943509543  0.65970714997307023  0.66987532628310675
  0.68053619500964679  0.69125164088252156  0.70192751437243794  0.71255471650604951
  0.72307724187691946  0.73467380606677624  0.74677224730690250  0.75956482113686574
  0.77252509349968834  0.78548125373066813  0.79898909219552261  0.81329368302708460
  0.82942946174024912  0.84634665146390142  0.86404839857092819  0.88307651128383535
  0.90441114522973720  0.93018661252231627  0.96225643248348069  1.00000000000000000
 -0.00206580101670650  0.00927476004846308  0.01858663728168063  0.02888510795242390
  0.03943447178604155  0.05024075722447694  0.06093585051596184  0.07241931498826419
  0.08362136833604390  0.09395622259333028  0.10389998349252298  0.11399180193149193
  0.12410019456371860  0.13399850951930434  0.14373399084829530  0.15386062991063382
  0.16457965047951445  0.17551438042613463  0.18661476811467392  0.19801930514780255
  0.20909795188362304  0.22061522516419296  0.23170865940820612  0.24298752921348682
  0.25336879025480491  0.26338018781814615  0.27358276839018880  0.28328228151724866
  0.29318810130692630  0.30319808494589917  0.31398462428175938  0.32506739737237489
  0.33599085980805604  0.34628839488719698  0.35577821274197269  0.36379780998902156
  0.37219140880305723  0.38092442209543209  0.38985565042323517  0.39870065910402819
  0.40742370899020591  0.41682118599801016  0.42855479099715915  0.44133271236254068
  0.45368593923885675  0.46571608963849720  0.47775562834633079  0.49027734063731743
  0.50280660630470442  0.51300591528955963  0.52310829624561328  0.53314504792549777
  0.54344015122702405  0.55330297913415960  0.56353829585433812  0.57392947912115655
  0.58432614794045912  0.59453059610695869  0.60507053142233402  0.61635061232239585
  0.62905701574428152  0.64193330693568895  0.65369849587187856  0.66493906698652827
  0.67652933275420091  0.68803120816087970  0.69845941273838197  0.70823195558175767
  0.71797517286649193  0.72767830023158697  0.73737207888603507  0.74681540088015075
  0.75637292901137876  0.76578845369738124  0.77603293772266380  0.78670461698924465
  0.79750732365493671  0.80836220844750684  0.81966214623225186  0.83075412155976835
  0.84083942656479671  0.85057165639819476  0.86086649732537390  0.87174965175487251
  0.88299817457899321  0.89447691037523058  0.90622749292312899  0.91787343562506718
  0.92885130260447279  0.93989695703449427  0.95052958742612659  0.96085778547991252
  0.97055445593853240  0.98029737063305777  0.99006801532679956  1.00000000000000000
 -0.01025164356846566  0.06166127956894439  0.09639841101857084  0.12197191869345368
  0.14376921956707817  0.16376608315420862  0.18122340317812666  0.19739544894623445
  0.21350028948732996  0.22867228657459945  0.24239763949620352  0.25472678916981001
  0.26588486444149628  0.27652313059388389  0.28708095484157020  0.29755127897936118
  0.30743783288028675  0.31734924993540231  0.32702942876845253  0.33701062389411179
  0.34668118462721559  0.35775120178279668  0.36931454644795075  0.38003327363469158
  0.38951938061165403  0.39815405575747470  0.40651555957837010  0.41482523268858751
  0.42277782140884246  0.43018185680951637  0.43746075128405565  0.44507622638445821
  0.45309231460353827  0.46098166773443627  0.46938606181207337  0.47729499186678098
  0.48546498512845637  0.49393617705295928  0.50205194131453401  0.50959345858256022
  0.51705239376467482  0.52471976720769931  0.53255943158350716  0.54028134966261365
  0.54735434544552541  0.55388167734044758  0.56026811334326931  0.56669090150119494
  0.57326580581330333  0.57973230668809805  0.58625221088598090  0.59288949161506244
  0.59947259699682598  0.60620366301964956  0.61359745164910506  0.62114723975733221
  0.62836511605800982  0.63573588528307612  0.64305779095405824  0.65040085790804636
  0.65776394167092200  0.66509870967112827  0.67241990170110733  0.67963570266676920
  0.68675609494553935  0.69399381223989354  0.70133302464156444  0.70880687064786896
  0.71600599588228553  0.72315096356765540  0.73085204090595079  0.73892066396882417
  0.74726062416499583  0.75536659991059851  0.76331722206835628  0.77149957875839048
  0.77975219771623727  0.78812480341640379  0.79643926467303006  0.80486924108642643
  0.81363759943044878  0.82232525858159233  0.83082268591228325  0.83926839518988750
  0.84771664821111725  0.85654702332748534  0.86573596891306281  0.87533680436054817
  0.88528800908352212  0.89584705345686944  0.90712406252935796  0.91904336872669423
  0.93163691863483744  0.94588854465070704  0.96583080279946831  1.00000000000000000
 -0.01438844023317093  0.08870077025658268  0.12396409146209178  0.14675645627460943
  0.16594402662275515  0.18186141006489304  0.19597783300544114  0.20894734650898164
  0.21997166564964132  0.23076314542655191  0.24161167374776110  0.25216640643580240
  0.26148620557104080  0.27066725727790697  0.27989854268209863  0.28898637935862681
  0.29749244790431617  0.30553004574470721  0.31395793481708506  0.32231671099902715
  0.33064364277182673  0.33861955524692749  0.34604220328823232  0.35370035523716281
  0.36080887522254251  0.36796143933421993  0.37489226228997730  0.38165883409159379
  0.38828275846770560  0.39470962376110935  0.40087850371977751  0.40680707573436498
  0.41283051624268968  0.41888469624751401  0.42510216981454274  0.43119778284021471
  0.43716425120033120  0.44292732572757620  0.44850500516885872  0.45408910639003086
  0.45997681496319065  0.46620721348750943  0.47251080025848941  0.47866176005655986
  0.48464125492993132  0.49033039922900762  0.49631081737615196  0.50175089586174004
  0.50702485708981349  0.51242558313519870  0.51794847345264006  0.52351985114740673
  0.52900495250946766  0.53425087730072318  0.53937125782767814  0.54443161537796025
  0.54970953934288458  0.55502061243162537  0.56033284809320871  0.56604493696661484
  0.57218498503726523  0.57859055043624785  0.58519279168919724  0.59153226499140366
  0.59756957206052019  0.60339234685859067  0.60912638085316773  0.61501652045245103
  0.62119845723923317  0.62760394736587399  0.63404639725288547  0.64059183067923864
  0.64740813796815833  0.65462779708790553  0.66205512546956280  0.66949708593769042
  0.67724351546010308  0.68492068554560870  0.69296924949766237  0.70118317238595407
  0.71012383051351735  0.71978983869627422  0.72959811817662557  0.73883018349953522
  0.74823292886852277  0.75828869188240366  0.76896799179687825  0.77953830032777938
  0.79058733474728227  0.80341488229581459  0.81742458070446766  0.83353606776305167
  0.85329596844040823  0.87735836629892627  0.91469537148063429  1.00000000000000000
   5.8908520554937441E-008  -1.0000000000000000     
 T T T T T T T T
  <DiscreteSampler_grid>
  grouped_processes
  1 # 1 for a reference and 2 for a running grid.
  10 # Attribute 'min_bin_probing_points' of the grid.
  1 # Attribute 'grid_mode' of the grid. 1=='default',2=='initialization'
  0.0000000000000000 # Attribute 'small_contrib_threshold' of the grid.
  0.5000000000000000 # Attribute 'damping_power' of the grid.
 # binID   n_entries weight   weight_sqr   abs_weight
    10   10   5.044444151115740E+003   9.484390827640876E+007   5.044444151115740E+003
    11   10   5.044444151115740E+003   9.484390827640876E+007   5.044444151115740E+003
  </DiscreteSampler_grid>
