 -0.00030863233100836  0.00685003501294117  0.01660725750781834  0.02741350077798807
  0.03802869135697132  0.04902880384758062  0.05970364538343847  0.06992981371339725
  0.08027243260922713  0.09046832506287475  0.10054488513761645  0.11035992007736770
  0.11999387118189059  0.12966278483252422  0.13957719640959851  0.14954872152500912
  0.15905306737771538  0.16843000826847143  0.17770639231209598  0.18702397857326497
  0.19627976234938344  0.20542749260751564  0.21428881226766994  0.22300398627243642
  0.23150522157393968  0.23992975964923183  0.24827112741786997  0.25659559959333716
  0.26498474429634267  0.27348190808313827  0.28194851796617776  0.29038472031149942
  0.29893837784464239  0.30739751658306153  0.31579243051292938  0.32434623660880352
  0.33258629176960880  0.34074660241190263  0.34882093543838888  0.35687921058739341
  0.36508094311172523  0.37346624188447386  0.38190772161206377  0.39023277339171003
  0.39836915970877618  0.40686872804306751  0.41534234777864693  0.42382091845698444
  0.43236679147355611  0.44102281509139873  0.44977697541599915  0.45857167974346646
  0.46737293580988326  0.47604509546470658  0.48466107214311155  0.49314563097317066
  0.50159419042415254  0.51011150633137725  0.51872116025051140  0.52744802688400694
  0.53648388050562446  0.54529571940894639  0.55405504186618426  0.56291574555799162
  0.57190984057669703  0.58089301829571094  0.58980749826146373  0.59862166896090208
  0.60770267472037209  0.61695960748234824  0.62625038076952910  0.63552415127087147
  0.64491674328748561  0.65460517787014572  0.66463053495463742  0.67498974562615999
  0.68556223127494464  0.69612275298977189  0.70676569345222962  0.71769669814629045
  0.72900273263204896  0.74063102719787322  0.75232700328169899  0.76403356075691531
  0.77633320828140584  0.78945552843637234  0.80389479168310951  0.81861993596320182
  0.83376990066367263  0.85014994468575444  0.86839589775269943  0.88765884521392546
  0.90852815336386894  0.93232065184490565  0.96274184333864621  1.00000000000000000
 -0.00251660300645269  0.01019801012343362  0.02032039253583447  0.03131077738522259
  0.04176831655732250  0.05347264653194417  0.06470024213382768  0.07561833737685968
  0.08656404563143430  0.09733697334977195  0.10803058155721192  0.11867562041208456
  0.12971688173638396  0.14073371248483524  0.15100380445100450  0.16106675830512598
  0.17124146845469998  0.18149256109800868  0.19179063895058565  0.20213420856056902
  0.21235516537836951  0.22279148254333353  0.23346686630690694  0.24443022597401926
  0.25523236662997945  0.26549466371337216  0.27610834080865854  0.28716754462416061
  0.29819246615186518  0.30884367560179399  0.31940978655653690  0.33014399100066444
  0.34102067360009064  0.35229544871712454  0.36418331672481996  0.37611499187479625
  0.38758301347954355  0.39812003995654249  0.40813340256708813  0.41829114569752451
  0.42847689591866939  0.43859203601441477  0.44873359246601868  0.45884725757158540
  0.47006522793012478  0.48106948970444224  0.49154273846832441  0.50192423012172926
  0.51239672856938401  0.52283179722388873  0.53305544719810827  0.54345260273857354
  0.55386891275876426  0.56418215582595432  0.57455106668646261  0.58537698019300921
  0.59637214197722588  0.60756395901848148  0.61911390056822135  0.63003819037328535
  0.64047644918542423  0.65060565078745769  0.66081443075023671  0.67096503002599872
  0.68073313580772843  0.69036926768085505  0.70001103931488073  0.70961797314354280
  0.72032551113224219  0.73099459351040375  0.74222569295371843  0.75291621606289771
  0.76286805136896663  0.77279527323953712  0.78246544611524316  0.79220231585388723
  0.80185172978269459  0.81172068889728377  0.82205159550415885  0.83224008082979584
  0.84179497742131737  0.85124784650374075  0.86120785054374505  0.87162900299462753
  0.88177242269661127  0.89174048491173452  0.90250572255510286  0.91451970607151456
  0.92623306331382216  0.93740256321060134  0.94852952576863903  0.95938723771185275
  0.96957394110518769  0.97985613359000023  0.98997463527152074  1.00000000000000000
 -0.00910174581974054  0.05876682657683287  0.09278911290364988  0.11776961660383148
  0.13835419237480218  0.15631693864531601  0.17333943184465528  0.18996878383639287
  0.20546736865069007  0.21949755443543750  0.23280422056773739  0.24568276699665834
  0.25838247551425431  0.27064535413863128  0.28268150121071228  0.29429658043856882
  0.30515800487446637  0.31563655063820889  0.32565615988964564  0.33580093610152562
  0.34607093920680276  0.35615349897798093  0.36565350477259267  0.37479418431443523
  0.38380171145592695  0.39259913972247146  0.40149072571487454  0.41023505022300649
  0.41891405828393319  0.42744431055853666  0.43575806044893656  0.44407919079765235
  0.45227072301104670  0.46041188162467517  0.46848170109574250  0.47638243476048425
  0.48416210320648900  0.49188971054596559  0.49944593418804534  0.50678860349319599
  0.51410005645400625  0.52149131673903970  0.52899632664278007  0.53654985742306116
  0.54391639544298609  0.55157616573813695  0.55888969860392146  0.56612021408409241
  0.57300442213266345  0.58004786084088100  0.58724011934681775  0.59464006729239727
  0.60207577245342914  0.60926652905207412  0.61646021530648099  0.62386250982435743
  0.63152800996990544  0.63928222651351763  0.64660089000130094  0.65351618637223097
  0.66041335566324588  0.66747523232854422  0.67465964163840442  0.68184234768628449
  0.68883742382734447  0.69565056931134650  0.70282924005047509  0.71008339512509855
  0.71729974979294908  0.72446629941294161  0.73176539873473456  0.73931822017878468
  0.74695218749027792  0.75447880434111891  0.76188951858867382  0.76924117599006869
  0.77698682721296508  0.78504018452161806  0.79304248132091404  0.80123390001793326
  0.80939288229785400  0.81827210489703739  0.82738812125097516  0.83649432655765477
  0.84575558826389674  0.85496497507359215  0.86392967967033785  0.87320524096490426
  0.88306720648538639  0.89349755846166568  0.90449068050601189  0.91590493528691175
  0.92864293982631196  0.94382124930805200  0.96534474368965795  1.00000000000000000
 -0.02286604211808984  0.14943634293530622  0.20121410566100972  0.23485287836436952
  0.26180405415079100  0.28488295997173174  0.30497975090143892  0.32287846802113235
  0.33925119797683440  0.35441241765401721  0.36832816093742266  0.38116617510375689
  0.39306481989203301  0.40460798714395596  0.41590301223871956  0.42690992712408860
  0.43771088089230514  0.44851131003023809  0.45872597484410499  0.46815672938155678
  0.47733911213697250  0.48667384587220386  0.49597680395813054  0.50452266864042272
  0.51257316456313173  0.52046080893750601  0.52813609379882132  0.53550284121461333
  0.54242233906102977  0.54877655598714481  0.55486703751153743  0.56091743867565014
  0.56686866321367935  0.57271013904193802  0.57840653714005008  0.58400889016996682
  0.58961096038130056  0.59522985485972324  0.60091224157155509  0.60662722578916539
  0.61247174588362874  0.61795018102277566  0.62363727039312067  0.62926946346444934
  0.63486981802931985  0.64040451850686897  0.64579819839036179  0.65105829186746367
  0.65631452774564536  0.66163440539497242  0.66696412559856255  0.67197400537468011
  0.67681868801936640  0.68162178359811665  0.68635400074047004  0.69103996278678770
  0.69571161751250288  0.70036427536535972  0.70497268601381291  0.70956167381592539
  0.71431039272384622  0.71909443011353025  0.72376986475308214  0.72837575416527633
  0.73328561392782432  0.73826080825204332  0.74321640463570504  0.74821343605976698
  0.75330155989325220  0.75844763719663488  0.76362250488082439  0.76873787421643491
  0.77380254730937525  0.77878331728033856  0.78393529375682114  0.78923573772341005
  0.79458796432391288  0.79998427463254718  0.80545100292149585  0.81094738346397144
  0.81645111182677832  0.82232383290549449  0.82805685294490572  0.83401707159633753
  0.84020927356561903  0.84660818716535946  0.85339180101885992  0.86047278982461572
  0.86789005453420986  0.87590647139449884  0.88497146034918606  0.89455661235897088
  0.90590619801290129  0.92082291610812794  0.94520955341439949  1.00000000000000000
   1.1097459646151390E-008  -1.0000000000000000     
 T T T T T T T T
  <DiscreteSampler_grid>
  grouped_processes
  1 # 1 for a reference and 2 for a running grid.
  10 # Attribute 'min_bin_probing_points' of the grid.
  1 # Attribute 'grid_mode' of the grid. 1=='default',2=='initialization'
  0.0000000000000000 # Attribute 'small_contrib_threshold' of the grid.
  0.5000000000000000 # Attribute 'damping_power' of the grid.
 # binID   n_entries weight   weight_sqr   abs_weight
    10   10   6.399196344585767E+003   1.377730243827800E+008   6.399196344585767E+003
    11   10   6.399196344585767E+003   1.377730243827800E+008   6.399196344585767E+003
  </DiscreteSampler_grid>
