 -0.00019482773679658  0.00647334298546074  0.01669443991739684  0.02772955347251585
  0.03870492519000975  0.04942752586041468  0.06011758883910405  0.07089246803043754
  0.08168499131835345  0.09221113992430133  0.10208009961897835  0.11155658612427929
  0.12086002074862140  0.13034029623393989  0.14002616417786151  0.14964352324321006
  0.15908408847533190  0.16804954318099402  0.17685509899354418  0.18558136278711129
  0.19439074919776184  0.20314210415079037  0.21205841736679087  0.22109284051405959
  0.23029353699692007  0.23950660906369647  0.24859196272399595  0.25782106180533676
  0.26706852402386427  0.27615129080706330  0.28493797708378027  0.29381213987481897
  0.30268746118961276  0.31154916545895822  0.32013874883744314  0.32875935746463592
  0.33712694133193577  0.34545301620239849  0.35366064496446720  0.36166135940470195
  0.36948815129726903  0.37724146858998392  0.38497299002324603  0.39273023047881478
  0.40074162159779136  0.40886972272083094  0.41706813150417743  0.42516219438825953
  0.43332365980447224  0.44173160957302998  0.45019133832310004  0.45855422419769498
  0.46696731992502311  0.47531004193680498  0.48375940956453706  0.49238593928694391
  0.50115144130196199  0.50987078038855160  0.51845058468773786  0.52690700747701713
  0.53527455959396397  0.54365358437399125  0.55228629756096848  0.56112982311099568
  0.57019699945151803  0.57941866424725474  0.58864666901022122  0.59772511298644770
  0.60668435663093023  0.61572858932606245  0.62494338589274201  0.63429780961350490
  0.64370025708476919  0.65309538487597407  0.66266947986616975  0.67235480299041783
  0.68214365272896726  0.69263321582225168  0.70358015726639367  0.71449345506929218
  0.72527707923824292  0.73606456508935392  0.74729762537160516  0.75933750361310781
  0.77211653497713117  0.78544282188498682  0.79912247292793548  0.81288589738519890
  0.82848443740274469  0.84490520959494309  0.86288312423664493  0.88276385410475933
  0.90397462776160464  0.92947975501275570  0.96203695749957518  1.00000000000000000
 -0.00205103134206410  0.00923322677256176  0.01857644196866342  0.02885212468178594
  0.03943936693451314  0.05012265286925730  0.06070034046000248  0.07207263317906124
  0.08332102611029835  0.09366283047586182  0.10363692988395561  0.11375660013786361
  0.12393805542258535  0.13391261315511704  0.14371524777983052  0.15380458951425408
  0.16433705590765160  0.17510902231566877  0.18610250857139668  0.19736726065049168
  0.20822316350660264  0.21974815036542389  0.23074270730409419  0.24174278984984440
  0.25208706834282690  0.26204931365736950  0.27210595807859073  0.28179542302971489
  0.29165153062983651  0.30169301200905291  0.31246897264658519  0.32336518840731893
  0.33446110362424863  0.34479688923411089  0.35491259169755784  0.36288987072022805
  0.37141223228820913  0.38030135140316923  0.38940960606847308  0.39838994680403439
  0.40718324950300350  0.41664655790616262  0.42820827555388064  0.44101420651124273
  0.45356490070174077  0.46561952243283866  0.47754402413028185  0.48976306650595008
  0.50220270941459666  0.51268979373131285  0.52290966328022281  0.53301966140841972
  0.54336019314797268  0.55330074636552484  0.56359955023496822  0.57401529913405724
  0.58438484400981383  0.59463291123829720  0.60533057000580359  0.61654641370733376
  0.62920746564713592  0.64209093843173026  0.65372189167944850  0.66494772386551038
  0.67650035201300474  0.68799507014049333  0.69853475699510970  0.70836306046684094
  0.71810494305174910  0.72778934837397879  0.73746234191921012  0.74701944389815422
  0.75660049970096599  0.76604919848183828  0.77625513030224269  0.78679600554451246
  0.79749865453191160  0.80830532003412103  0.81956743942111954  0.83063838835049020
  0.84084552868729689  0.85068691739333813  0.86097693018595867  0.87185693929471941
  0.88306141967203100  0.89452365957088920  0.90630194089201976  0.91793330565777576
  0.92886070643993035  0.93982511319421025  0.95036492735214628  0.96067632805461534
  0.97038651745545379  0.98014335024799604  0.98999080236253667  1.00000000000000000
 -0.01001484453176867  0.06028648049087672  0.09440359478405595  0.11943690629876309
  0.14083426803496565  0.16027030046068610  0.17754398942069619  0.19318105918204337
  0.20881566847329408  0.22357698638800275  0.23693430912250502  0.24906327991996186
  0.25994968586795586  0.27023936807541038  0.28043806712429326  0.29075516256218287
  0.30067473460394772  0.31018968288852700  0.31962421358868953  0.32900413569759451
  0.33840947652191983  0.34793649143700028  0.35819532481528976  0.36917760210853295
  0.37927854307131953  0.38800819265681563  0.39677910893035773  0.40476279681761657
  0.41281912795876741  0.42025146275476077  0.42730402444421295  0.43417029534928409
  0.44167496863680844  0.44940508198577361  0.45706138434708010  0.46482369653823041
  0.47262005270973156  0.48058729347918350  0.48862170720336467  0.49691008482368204
  0.50459811835220836  0.51171834657483217  0.51916845041882542  0.52665559233889692
  0.53412154429237202  0.54139115804465332  0.54783822007096139  0.55400965555997872
  0.56002584884993323  0.56616545464331258  0.57252982369030947  0.57886882547210228
  0.58522314099375961  0.59169251422304070  0.59808766882567532  0.60491176022518300
  0.61211640193571781  0.61946582099451808  0.62678097276893729  0.63396619028821288
  0.64136355149810720  0.64885051124358861  0.65604412172635096  0.66320550368256825
  0.67021133316071158  0.67718661983593220  0.68415528134155568  0.69139587432551763
  0.69890613308746674  0.70637732015476207  0.71392326277029639  0.72150086351075549
  0.72929725201869111  0.73742502140420918  0.74547747142796372  0.75354389258269994
  0.76170052802247379  0.76998307072027039  0.77878156379377017  0.78791399492149095
  0.79706094562012875  0.80610964245564853  0.81491533222922863  0.82369484685270100
  0.83249995559650591  0.84163153976336913  0.85112805017189630  0.86103079736294708
  0.87148596982080972  0.88259860313544691  0.89465007315633516  0.90771875050830908
  0.92154293218184380  0.93730587824806411  0.95875728642470803  1.00000000000000000
 -0.01464747352945212  0.09104281430994381  0.12739226389717700  0.15083268988429194
  0.17019226118446015  0.18615158038332155  0.20026493033425569  0.21299888791139818
  0.22391165728401521  0.23502424662918781  0.24571813467091164  0.25597376433419605
  0.26512857049940730  0.27420659321414037  0.28329264914609364  0.29209771336475271
  0.30031055440276666  0.30817694723359451  0.31658516534012254  0.32482315051993299
  0.33292822326649263  0.34073730639762312  0.34813263704790448  0.35565523476106220
  0.36269630729938657  0.36974193056970406  0.37654939779506696  0.38321182201958454
  0.38974586475045181  0.39607345519535070  0.40215804791592052  0.40807441035042352
  0.41404482514164309  0.42002594071272764  0.42605386741606072  0.43200201147221856
  0.43784570889775432  0.44349483030349685  0.44898117428183387  0.45446657708953597
  0.46028293247952862  0.46647142512977174  0.47270259098389239  0.47875528487101277
  0.48467657042982182  0.49033231123702009  0.49627757949897561  0.50168810022144039
  0.50696876654418721  0.51239120554331141  0.51794477429599795  0.52353962867590698
  0.52901611769583279  0.53423807337073170  0.53934086965769990  0.54437343196475585
  0.54961777025441139  0.55491012966660491  0.56018198870943547  0.56581507717901236
  0.57184328828629172  0.57809132817300879  0.58452955876250023  0.59077692146718774
  0.59673410705706231  0.60245958609174277  0.60808673231428367  0.61385673818832986
  0.61991740833048492  0.62621887831889300  0.63259968738871097  0.63908461176721298
  0.64579301187616323  0.65287557125215601  0.66024574839363548  0.66757224217145539
  0.67523794003251614  0.68288656279278026  0.69078438231908357  0.69888570105282266
  0.70762806558302682  0.71693884305577904  0.72652955676436748  0.73577385383171812
  0.74502130391765142  0.75492628733606770  0.76559682466461387  0.77627081984302471
  0.78726074832216109  0.79993200339925297  0.81402884006250109  0.83009782550383115
  0.84982868505715492  0.87440040475851422  0.91254691544128341  1.00000000000000000
   8.3262419596559884E-009  -1.0000000000000000     
 T T T T T T T T
  <DiscreteSampler_grid>
  grouped_processes
  1 # 1 for a reference and 2 for a running grid.
  10 # Attribute 'min_bin_probing_points' of the grid.
  1 # Attribute 'grid_mode' of the grid. 1=='default',2=='initialization'
  0.0000000000000000 # Attribute 'small_contrib_threshold' of the grid.
  0.5000000000000000 # Attribute 'damping_power' of the grid.
 # binID   n_entries weight   weight_sqr   abs_weight
    10   10   5.543675007931039E+003   1.004723418098194E+008   5.543675007931039E+003
    11   10   5.543675007931039E+003   1.004723418098194E+008   5.543675007931039E+003
  </DiscreteSampler_grid>
