 -0.00123738873788506  0.01684924034594144  0.03531482165292930  0.05144232764140950
  0.06566311295221830  0.07924581659659388  0.09240233269766174  0.10511168097474224
  0.11734019240611189  0.12902208903589923  0.14024185652488658  0.15105452690570653
  0.16168195021819409  0.17220926476237378  0.18269107316984151  0.19290830116672006
  0.20276750942763824  0.21213252645997482  0.22127189908167355  0.23032899350923092
  0.23938688457300192  0.24825307427360832  0.25692369167076196  0.26543562700174106
  0.27439793967741855  0.28309904069082059  0.29172239368129099  0.30026258683387380
  0.30860841981227555  0.31684053261762235  0.32505492267524377  0.33325079077569719
  0.34139142560198060  0.34951989711290415  0.35755366636522884  0.36562050328968515
  0.37365167651782077  0.38156795580590669  0.38943379539185091  0.39727032506418825
  0.40509174913482815  0.41291019865159534  0.42072187186674370  0.42852864441181593
  0.43632313568937264  0.44418021693749837  0.45220741670507353  0.46007618009870571
  0.46791002586058134  0.47581570299663928  0.48371691226340852  0.49148496314775675
  0.49930900176237025  0.50709492621945251  0.51488772783251380  0.52261112526036368
  0.53030110488065807  0.53801478320618878  0.54577314371963359  0.55361232556274087
  0.56154737931602983  0.56955662252479622  0.57764312626276693  0.58590337809686188
  0.59422844640051586  0.60257054185202985  0.61090586662262025  0.61931138735614311
  0.62776870826844855  0.63634206852227382  0.64494444602516043  0.65363103205893969
  0.66250550481583736  0.67155071397001032  0.68074467851343645  0.69003195209213608
  0.69943398574154325  0.70900048033698937  0.71861344555923268  0.72854462291730249
  0.73888130241348982  0.74956585314194824  0.76056482563184979  0.77183591091153914
  0.78344974077579643  0.79531661132343434  0.80747742582218307  0.82072566942094238
  0.83506672241999225  0.85015212095048509  0.86582046096847032  0.88275471866390653
  0.90214172033416584  0.92605239637444070  0.95783404002504047  1.00000000000000000
 -0.00246893858473252  0.00933615545431344  0.01940342817057135  0.03038622982896412
  0.04114290685398594  0.05240771266599625  0.06343835601835777  0.07451591916163820
  0.08527140248111766  0.09591408259814542  0.10639592681706346  0.11666461194520208
  0.12698451856031767  0.13739854435986223  0.14786140889072505  0.15827008837286335
  0.16885583893264419  0.17940071884264241  0.18992960090393038  0.20019727919123675
  0.21031879248123467  0.22088773325727598  0.23142238105511972  0.24196844756685371
  0.25250938315942256  0.26325519242813727  0.27392785036860251  0.28433155038434305
  0.29476200210755732  0.30531439589160986  0.31574858092497959  0.32593455796472504
  0.33623400575361817  0.34658770924740268  0.35701325069725998  0.36733409879514523
  0.37785124474794979  0.38855433170123599  0.39899026494533141  0.40974060725829747
  0.42033410193746851  0.43127047892807546  0.44209401402814547  0.45280860803498807
  0.46337136478308477  0.47389791560192562  0.48415180009466202  0.49404142626900327
  0.50401783841827186  0.51379739653087786  0.52388318834772540  0.53359265790311661
  0.54326412578010508  0.55280482575114787  0.56284926741307162  0.57278536887610765
  0.58247552859019236  0.59211727524967395  0.60196449543173491  0.61213523859594243
  0.62264177765831807  0.63346549111151196  0.64451519526038026  0.65556344400615396
  0.66642089702491247  0.67711498991516295  0.68765789500204533  0.69813225956410019
  0.70871477814660711  0.71941002571405577  0.73012646212094678  0.74065468827073200
  0.75097316928029567  0.76124513808379579  0.77139479786122866  0.78145951218812293
  0.79153458290187839  0.80175746919973556  0.81207254596303968  0.82257207745290373
  0.83337775495597677  0.84440423691073085  0.85545645359746558  0.86644611149153394
  0.87739548939243528  0.88835738992884583  0.89968682766129859  0.91136248945026843
  0.92272850296769970  0.93302774155256840  0.94388134134536850  0.95486812994488568
  0.96568758565054924  0.97642534187358399  0.98777580541847876  1.00000000000000000
 -0.01591299889200021  0.08129680635043152  0.12170616372421000  0.15079435195057386
  0.17458788910623005  0.19501197900965742  0.21384772176691266  0.23268139192586573
  0.24984650984384602  0.26505060039393902  0.27905594735852290  0.29241884649556521
  0.30536011479094044  0.31812228767551193  0.33061967001163800  0.34226351620983664
  0.35329666733966908  0.36400896615727385  0.37441384026776536  0.38451970302625893
  0.39445238002225819  0.40419836391433683  0.41367271631288011  0.42306222812520250
  0.43237747788886077  0.44140163030823520  0.45013490145286694  0.45870785780692386
  0.46715805055015780  0.47545942755817894  0.48371010384425839  0.49201781803854405
  0.50024420840664419  0.50829151129896710  0.51621438341039616  0.52408104446076142
  0.53182410618441023  0.53936988986219225  0.54662030072503931  0.55371970426870698
  0.56098549405850151  0.56842951432418853  0.57599003583876618  0.58327917049564393
  0.59066060461813252  0.59798853509145822  0.60524055788826936  0.61239891760062437
  0.61950600762064789  0.62648722556440350  0.63338399136076007  0.64039631966887856
  0.64736882879572788  0.65399587458200825  0.66057522559514537  0.66716795738122558
  0.67370473178906287  0.68012817755297061  0.68650665658135168  0.69285553355399754
  0.69925772968340150  0.70553574207532366  0.71205310809367861  0.71864998663133439
  0.72515159474094537  0.73170789462203545  0.73837090496223012  0.74508491732554849
  0.75184345804113517  0.75870006016084313  0.76567036496020469  0.77266443048790423
  0.77957672556746471  0.78646589403383604  0.79342869817731310  0.80056563761618815
  0.80797990639742612  0.81559711704120896  0.82287018893567021  0.83007114596141762
  0.83717537753664784  0.84446828183687661  0.85201137181397968  0.85983091760677999
  0.86780079730940873  0.87594883206716168  0.88436832342982985  0.89321323090694416
  0.90257295254340442  0.91234069078647873  0.92231886814597974  0.93264498357301895
  0.94398959463535292  0.95716621735707241  0.97456703674252609  1.00000000000000000
 -0.03090380000735363  0.15594139171943749  0.20873017325277080  0.24327168263703275
  0.27086195367668109  0.29540628348248671  0.31719018415758321  0.33621864011576924
  0.35353241582408135  0.36929488883637235  0.38480762742761676  0.39898371902459673
  0.41193800594561486  0.42403591056463041  0.43605827904449190  0.44740720713515886
  0.45797082027456770  0.46783867119449063  0.47733137527424135  0.48658272143470410
  0.49562714043816170  0.50443335686946444  0.51300907525575834  0.52130816104651534
  0.52924864113918069  0.53700174041695059  0.54457943948705789  0.55202286143760582
  0.55923403977288944  0.56629382648168991  0.57308978049030279  0.57975458558470772
  0.58621080246094315  0.59248775102584539  0.59872100267756212  0.60491380773490844
  0.61106801480124262  0.61719599269835956  0.62319103247179886  0.62910037042484679
  0.63488517039123171  0.64057819694661311  0.64625541438113954  0.65189830272994476
  0.65748336310652911  0.66296529470756138  0.66838837193143963  0.67378099507707379
  0.67910212759567645  0.68435325779901579  0.68953571072091147  0.69465977210423346
  0.69975437822389397  0.70482092776638705  0.70984006644633180  0.71480765250494427
  0.71969502612717562  0.72465125369016425  0.72942891352504813  0.73416242690227362
  0.73884438299248356  0.74345845054341286  0.74801926463092649  0.75247208414233790
  0.75681293962079565  0.76114511368604953  0.76549945424799859  0.76988188527694523
  0.77432101239363049  0.77882349135550089  0.78330817475878756  0.78771647982235460
  0.79214910028652974  0.79662928610213035  0.80118304217900893  0.80579133150152138
  0.81041519830756525  0.81513988231513290  0.82013331877667850  0.82505815508298475
  0.83005445796542021  0.83507105309647389  0.84014586379043577  0.84538366185313196
  0.85080043984145592  0.85653632886638187  0.86259470792549886  0.86891730933788336
  0.87562744172091422  0.88286079743842982  0.89074431822554700  0.89976368424312669
  0.91046517185136466  0.92370380993362877  0.94519267342318003  1.00000000000000000
   3.4369757766330508E-007  -1.0000000000000000     
 T T T T T T T T
  <DiscreteSampler_grid>
  grouped_processes
  1 # 1 for a reference and 2 for a running grid.
  10 # Attribute 'min_bin_probing_points' of the grid.
  1 # Attribute 'grid_mode' of the grid. 1=='default',2=='initialization'
  0.0000000000000000 # Attribute 'small_contrib_threshold' of the grid.
  0.5000000000000000 # Attribute 'damping_power' of the grid.
 # binID   n_entries weight   weight_sqr   abs_weight
    10   10   1.596420464694619E+004   1.050123698496288E+009   1.596420464694619E+004
    11   10   1.596420464694619E+004   1.050123698496288E+009   1.596420464694619E+004
  </DiscreteSampler_grid>
