 -0.00020218655808519  0.00629270557793904  0.01652554857421663  0.02759952934284385
  0.03885895638287500  0.05015838293552330  0.06128295842766678  0.07240106749915610
  0.08327855148615397  0.09377257620564840  0.10409725165607964  0.11423153663387180
  0.12414424241748696  0.13374693333634838  0.14321507099050820  0.15255969516908902
  0.16208888524692880  0.17138213651694556  0.18081146330971926  0.19004125014021617
  0.19908969638737758  0.20824054715118576  0.21747661411008420  0.22678565135827150
  0.23611433597939363  0.24543175616805180  0.25392911838005661  0.26235753481591512
  0.27072470847767727  0.27914706937656375  0.28748483631120475  0.29579613450947823
  0.30398786560163976  0.31213150331723505  0.32028727681437552  0.32854532419082794
  0.33688176308279977  0.34524669138102776  0.35364632234127058  0.36196532827391142
  0.37025259439315417  0.37850251774444355  0.38647650472355199  0.39448502280063263
  0.40247442065904354  0.41042510094739038  0.41835029422702724  0.42639573416546017
  0.43461388053249567  0.44297331546435864  0.45143477462585929  0.45967870670341338
  0.46801917873337445  0.47647464267733419  0.48506811517932308  0.49361247410248316
  0.50198069778243004  0.51018972237567450  0.51836595000036889  0.52706771424817189
  0.53621178202680797  0.54536879021864082  0.55453862459158076  0.56375399705110385
  0.57301054853569544  0.58238245349449624  0.59173658318141398  0.60112039685892238
  0.61050821077077000  0.61993992146693855  0.62948323944047990  0.63913903396814942
  0.64890061830125512  0.65861781581121159  0.66825949189490652  0.67799031647999275
  0.68803259306799192  0.69826771470831073  0.70885688001244063  0.71956274736230263
  0.73044545391722882  0.74144275880304922  0.75278945715434331  0.76494604759738172
  0.77735571377035961  0.79012461510564558  0.80329586329401015  0.81727496381464737
  0.83234330856034622  0.84880700534151066  0.86723978896408016  0.88671414338724652
  0.90815531276903017  0.93279016367416157  0.96363780013149092  1.00000000000000000
 -0.00205036279367026  0.00944900936294633  0.01951875073070248  0.03028653751593078
  0.04101797521971926  0.05212618991395372  0.06317112045931386  0.07521705884244970
  0.08707960479481766  0.09875084374493796  0.10981500068050398  0.12060329889595509
  0.13121497983354866  0.14152506199265591  0.15174820506590170  0.16218421299949534
  0.17334339086057909  0.18561554052317494  0.19714804755432860  0.20837334235186880
  0.21883595043626822  0.22911154842804113  0.23892790856247742  0.24875624262448964
  0.25924567314121094  0.26967332774378611  0.28011799005418569  0.29040261963575548
  0.30090005471142645  0.31166855849146041  0.32307937513617735  0.33439767593545872
  0.34571183248403348  0.35654751109324812  0.36741526835000887  0.37800216045050372
  0.38868089817864904  0.39923402593489754  0.40990875601617732  0.42063388983468830
  0.43158220941982767  0.44281022664731445  0.45404997350397613  0.46544642428183808
  0.47681065738147355  0.48730909006811757  0.49711498135119325  0.50696397732862841
  0.51654849140589354  0.52623054711964723  0.53580768323244421  0.54546605745850385
  0.55537169730029379  0.56543200007512540  0.57591139662998103  0.58669339748227245
  0.59779191289859701  0.60853286374687932  0.61867481810434066  0.62854849929699708
  0.63817606278528005  0.64782784763425172  0.65744791521580270  0.66729774087150462
  0.67773726055028005  0.68820182804658470  0.69893914286467418  0.70964876556302026
  0.72002655978871555  0.73034958838774522  0.74055163306271288  0.75072764265880054
  0.76068475498791777  0.77062084208327852  0.78091671614472491  0.79146284144982881
  0.80229161711670027  0.81288040827913877  0.82327476459851334  0.83366266132967237
  0.84410204595876193  0.85480833968968950  0.86538316219404354  0.87598265019037236
  0.88695249457203962  0.89816332867693160  0.90950498288792636  0.92019817818137917
  0.93018442221029507  0.93992984591464790  0.94926054270151294  0.95875333865768697
  0.96878721857436567  0.97922774661069523  0.98987294832368122  1.00000000000000000
 -0.00916291651759679  0.05873519155201168  0.09308667374816915  0.11829882002790819
  0.13911267978082492  0.15854762159042640  0.17690277595137363  0.19377791358043242
  0.20934802935438299  0.22385237955684509  0.23804881558894922  0.25163665295835902
  0.26425024963969251  0.27640773306332861  0.28829274395049881  0.29944216024302700
  0.31035123325780184  0.32093567641695969  0.33115985838541717  0.34062390963896583
  0.34969234593106735  0.35862685572798730  0.36761419477139906  0.37635450850146240
  0.38468071484752048  0.39286451362878105  0.40115884287156084  0.40961615645986066
  0.41766602668323244  0.42522636343995868  0.43242447904311621  0.43986515041757718
  0.44757176338385979  0.45523133413075345  0.46277857101039716  0.47035285033296159
  0.47814627774088753  0.48697703959076422  0.49623767981222472  0.50415856650259783
  0.51147413567049660  0.51862751425487152  0.52558641278042884  0.53259258018375422
  0.53969057226189987  0.54672692225446207  0.55362835210544159  0.56045490562191314
  0.56738882016883552  0.57428252450499007  0.58107989242812497  0.58791488405351788
  0.59489149158794297  0.60197615515409486  0.60920735238262091  0.61663671385688912
  0.62404517982389829  0.63122554898971495  0.63849345837741223  0.64570059526251389
  0.65305146190883678  0.66045687741117665  0.66783286372073392  0.67489626583051010
  0.68182918315736096  0.68881268333734147  0.69593979394703531  0.70319994773995198
  0.71066056484393658  0.71840087988140677  0.72622479757013647  0.73404436046859156
  0.74202253868684098  0.74993088282600950  0.75894822327238709  0.76784340178320476
  0.77652386421094399  0.78502766214878317  0.79381512782951669  0.80269322559737089
  0.81158691986943954  0.82074849228151303  0.83011053798774503  0.83934284736310105
  0.84834212473881099  0.85736305030964244  0.86628234104957258  0.87567975866659664
  0.88560636752901112  0.89602187447757353  0.90739621894967704  0.91971391728747365
  0.93371687327611608  0.94963533413803669  0.97040619241176518  1.00000000000000000
 -0.02055720242635261  0.13051862354150515  0.17580633479882113  0.20340582325950879
  0.22678953935350310  0.24651855268596096  0.26400273374340771  0.27920656891509366
  0.29311920859597818  0.30614426409701828  0.31823108700995384  0.32938296625480407
  0.34015458820935457  0.35073631877732425  0.36107893531548346  0.37116081679482615
  0.38095313001449699  0.39048009003278844  0.39951890630639653  0.40807558804869870
  0.41664005513251101  0.42512251309017923  0.43355880182833634  0.44139648671992143
  0.44890968341900467  0.45637542139602666  0.46383137908355065  0.47120365229949540
  0.47857623318859283  0.48578716874065608  0.49286493985816582  0.49982583974777034
  0.50683707434294956  0.51371598365778370  0.52050409234714290  0.52741159834359863
  0.53432482035889495  0.54105965420363322  0.54765237427571789  0.55421414698843863
  0.56076673373213382  0.56736738189206593  0.57400311350074551  0.58045305620552490
  0.58682092591376134  0.59282378438294314  0.59883024759111647  0.60472592625491917
  0.61056247747521564  0.61634009620270369  0.62198568324472769  0.62751986559025730
  0.63303059398930317  0.63852228257473809  0.64403844366055563  0.64950321042719794
  0.65479731974787270  0.66018392194376796  0.66560869969444669  0.67076004613785689
  0.67581446642238574  0.68083962549456867  0.68582310875595687  0.69079063237440541
  0.69582057578820988  0.70090775066752120  0.70589772722359689  0.71088176954830840
  0.71600419537897464  0.72111362433091908  0.72636620473342206  0.73206484038075970
  0.73792976391916487  0.74375683315467211  0.74960152290145543  0.75552913464954341
  0.76155285170269005  0.76768594173595450  0.77392576518490497  0.78007989646295728
  0.78628986153854574  0.79256810608542627  0.79891559281934144  0.80538825550382487
  0.81206203118222231  0.81903326990436831  0.82624542895397524  0.83373560523454360
  0.84280893163398707  0.85244116029490213  0.86279883203989938  0.87408275412680914
  0.88791863342641975  0.90503257609626020  0.93293748756492834  1.00000000000000000
   3.4661260887647799E-008  -1.0000000000000000     
 T T T T T T T T
  <DiscreteSampler_grid>
  grouped_processes
  1 # 1 for a reference and 2 for a running grid.
  10 # Attribute 'min_bin_probing_points' of the grid.
  1 # Attribute 'grid_mode' of the grid. 1=='default',2=='initialization'
  0.0000000000000000 # Attribute 'small_contrib_threshold' of the grid.
  0.5000000000000000 # Attribute 'damping_power' of the grid.
 # binID   n_entries weight   weight_sqr   abs_weight
    10   10   3.990877450752875E+003   2.913943906104805E+007   3.990877450752875E+003
    11   10   3.990877450752875E+003   2.913943906104805E+007   3.990877450752875E+003
  </DiscreteSampler_grid>
