 -0.00002904778011491  0.00042861341007799  0.00126790854129314  0.00266161278447872
  0.00453361056575476  0.00690118940748982  0.00993714657345108  0.01343786016427913
  0.01728943982159223  0.02132180323890379  0.02575188123671489  0.03077492736694748
  0.03626738677213315  0.04203902222142755  0.04769331287815315  0.05330159979487670
  0.05896575598663650  0.06496265563613828  0.07148000503194277  0.07837022593006616
  0.08541050579908864  0.09275656668649007  0.10006591308371933  0.10754870181096701
  0.11542425017790083  0.12387237424023179  0.13305904945696934  0.14276532362876987
  0.15230920213164417  0.16173563539848396  0.17127306447388035  0.18129493543962102
  0.19191314786118424  0.20273711112307799  0.21383898928699202  0.22507293473066928
  0.23627325456248810  0.24719218302386323  0.25813854631801375  0.26969478663929081
  0.28168709406667614  0.29366714970115504  0.30551235007940269  0.31717256966590296
  0.32836220320383536  0.33961171781162242  0.35087063130237384  0.36218468317107716
  0.37385628833694567  0.38556676347583185  0.39735997544247098  0.40951752540351705
  0.42207101889841375  0.43431048034317160  0.44719958904823975  0.46038627571676977
  0.47340601824068701  0.48673141920281932  0.50054235061450014  0.51445665707492338
  0.52830868103551964  0.54296899646888053  0.55791855235900023  0.57288120514178120
  0.58790074170753748  0.60179849130295826  0.61586024743546397  0.62996919323028477
  0.64395771665233503  0.65769908323645854  0.67116922063313766  0.68482679720149509
  0.69859270715014421  0.71231953430523198  0.72581672466195313  0.73899919975185624
  0.75210951578144991  0.76480279288457798  0.77795112680127665  0.79126685549173115
  0.80480101904332690  0.81856762839081865  0.83195054119853484  0.84538364048587378
  0.85875913090006983  0.87171024744062875  0.88437997431767135  0.89706103099401013
  0.90982353520224191  0.92233613183945240  0.93501134052468426  0.94759597638492998
  0.96037714790127882  0.97337272433512545  0.98654576193197663  1.00000000000000000
 -0.00218513369230271  0.00867197073464977  0.01819402867069680  0.02844405850253084
  0.03910386042518338  0.04979930848515287  0.06024076182688851  0.07131152973753367
  0.08204653488328015  0.09240625122904879  0.10244177317374137  0.11293738454373298
  0.12331299043759023  0.13265237293717042  0.14176984485500788  0.15116684398723204
  0.16106719776037778  0.17112022115312964  0.18089628982229133  0.19051483448731485
  0.20021105337722661  0.21018664744364546  0.22053940874837091  0.23107482210862831
  0.24205340031502626  0.25361294975261761  0.26526460568354643  0.27628386261007593
  0.28685280469387059  0.29778338235405233  0.30916436974037376  0.32080754516172089
  0.33253231152779572  0.34439579775863438  0.35639327416153360  0.36759891284097812
  0.37846818852360581  0.38862087303608378  0.39839449338636973  0.40865888750802370
  0.41893257302559928  0.42854115845483626  0.43790955851823543  0.44778462463223556
  0.45808225517835083  0.46893837101209329  0.48002945546702713  0.49122986342685387
  0.50208783301646198  0.51217957267880077  0.52222067413534023  0.53232637905984415
  0.54228538874277887  0.55190601038714748  0.56181530131900892  0.57149765998023605
  0.58126297190048637  0.59063025050905271  0.59963920824997496  0.60882868491455089
  0.61858460456428765  0.62918702087256295  0.64057441511406843  0.65210341974538921
  0.66334474370321239  0.67383723682325103  0.68374751368810283  0.69384160538416140
  0.70409446791021535  0.71447990158638475  0.72475550238779451  0.73591941621978352
  0.74788744588590461  0.75973507578622268  0.77140477758308379  0.78298286416573593
  0.79448033737171009  0.80585424698591346  0.81623885572597954  0.82556971316605510
  0.83518085114567009  0.84469818037136490  0.85403810812198766  0.86331743473537337
  0.87305315816331464  0.88416904578956601  0.89620896849324849  0.90823467930136026
  0.92013610362318121  0.93227754142891806  0.94475826947869479  0.95727616895473067
  0.96792132307209100  0.97850420721676734  0.98895575113219414  1.00000000000000000
 -0.00178202253335346  0.00800361521566436  0.01565665501927836  0.02264877768537365
  0.02896410853946802  0.03492962342643189  0.04077511165213822  0.04639167464983306
  0.05181678024580023  0.05720126564623144  0.06234092179531070  0.06722089811516670
  0.07180129014147409  0.07679855559619432  0.08171402077356370  0.08663256778961263
  0.09147823231786230  0.09632839191925005  0.10121029938897466  0.10607770014828605
  0.11093046802828714  0.11582151127142831  0.12094283877789844  0.12590887991788929
  0.13078581321072205  0.13559969807222788  0.14038960068066264  0.14515827565180045
  0.15000094849117870  0.15495448195516578  0.16005277855624073  0.16535077337112805
  0.17084750452329600  0.17646406816685464  0.18216576389517300  0.18788681889641154
  0.19382559853451770  0.19970396969648921  0.20557480090076857  0.21132131394207543
  0.21691267708815795  0.22251503547902265  0.22813421508316811  0.23364911452975029
  0.23916752588554288  0.24471218713014334  0.25024136199819130  0.25559810696373492
  0.26114825829281008  0.26693236881689819  0.27284173023019903  0.27914026740009240
  0.28559639783334756  0.29216329718375350  0.29875770237426158  0.30512028364330857
  0.31148582110784490  0.31803122532597550  0.32485759916682944  0.33200583931481698
  0.33942808647814321  0.34673439441920256  0.35412990045469056  0.36199847071372965
  0.36992773412658458  0.37868002887653646  0.38805244896261848  0.39766716652380857
  0.40736239755651360  0.41729799871872525  0.42720127103461064  0.43734124418163900
  0.44759402304485274  0.45824427742136520  0.46929885124719356  0.48057814090520024
  0.49201773694527939  0.50384178957389936  0.51664204367425526  0.52962527632149847
  0.54264324167283695  0.55566249753545061  0.56839438598274461  0.58128364072285688
  0.59524928380934761  0.61107167519761751  0.62781027215857532  0.64546707100674805
  0.66498934438174007  0.68737387174176090  0.71164241791847094  0.73930790631306287
  0.77416539105913662  0.81805125634683939  0.87914351120946088  1.00000000000000000
 -0.01759030211433037  0.10250042004007004  0.13733180357681304  0.15861929784911527
  0.17615201501667274  0.19159493703020553  0.20509005703711064  0.21692027277169421
  0.22842606199045762  0.24041265169616530  0.25216028052384165  0.26351077133032191
  0.27352396620090935  0.28244616735195122  0.29071603243769284  0.29856958059119842
  0.30620734338384831  0.31414871433482328  0.32234674626888504  0.33053227026026277
  0.33833022652249550  0.34571835275817298  0.35287237682214201  0.35997660014512695
  0.36727916782787268  0.37473122845512513  0.38156533052165309  0.38815063721381898
  0.39454998657245338  0.40084074720231316  0.40709570686429680  0.41327487813834995
  0.41918757636825321  0.42483419006373685  0.43049729755332727  0.43618937266354102
  0.44192555015335161  0.44787707682217959  0.45352904123407084  0.45931003954111205
  0.46466822279500863  0.46998264770232556  0.47539887614929571  0.48093697168614524
  0.48642664309749278  0.49189508750863609  0.49732000965505518  0.50267170104754999
  0.50811146723467748  0.51347802593062153  0.51881754969686689  0.52413159124284447
  0.52970012937857225  0.53569589977440113  0.54157193309579310  0.54719147645259714
  0.55274541587714965  0.55831405300557668  0.56391113007507987  0.56958575144494494
  0.57534298004430406  0.58118379747020732  0.58712834007851344  0.59307548202342120
  0.59892297338610212  0.60480955401245928  0.61048208669296067  0.61622483452354249
  0.62197477652863420  0.62789106986843013  0.63401990968674693  0.64030032154251060
  0.64644348455079992  0.65243309038468245  0.65843959282027187  0.66454559894451692
  0.67109147090301824  0.67793687657416002  0.68502179950031350  0.69296955684086015
  0.70155822517864042  0.71019200069097688  0.71942139184089737  0.72876000516416051
  0.73817620660700167  0.74809140383428707  0.75891430177524866  0.77068759056625302
  0.78348881958437711  0.79704465452169204  0.81064840315245146  0.82435347148178195
  0.84000655362812837  0.85985485370049453  0.89357040624062789  1.00000000000000000
   2.4064745196114851E-010  -1.0000000000000000     
 T T T T T T T T
  <DiscreteSampler_grid>
  grouped_processes
  1 # 1 for a reference and 2 for a running grid.
  10 # Attribute 'min_bin_probing_points' of the grid.
  1 # Attribute 'grid_mode' of the grid. 1=='default',2=='initialization'
  0.0000000000000000 # Attribute 'small_contrib_threshold' of the grid.
  0.5000000000000000 # Attribute 'damping_power' of the grid.
 # binID   n_entries weight   weight_sqr   abs_weight
    10   10   6.563175310629524E+001   8.696075672997275E+003   6.563175310629524E+001
    11   10   6.563175310629524E+001   8.696075672997275E+003   6.563175310629524E+001
  </DiscreteSampler_grid>
