 -0.00137388205961925  0.01682793481429765  0.03448442803642594  0.05026695547156960
  0.06462900521466772  0.07796848244832955  0.09050411143703210  0.10234505549458001
  0.11407411096301032  0.12538249733933340  0.13620229587798355  0.14654884751738328
  0.15664062672638948  0.16660276738369742  0.17641335865705049  0.18599608133276560
  0.19557141740835376  0.20519919558551258  0.21452916963053642  0.22346325216527663
  0.23208799652378978  0.24052646255039745  0.24896596143313762  0.25738734435828581
  0.26575165825863750  0.27409107646424935  0.28234319603514207  0.29043913511583369
  0.29849804014116516  0.30653461360791301  0.31447792680272491  0.32245311537417420
  0.33052337285797034  0.33855751681497276  0.34646098929115621  0.35432398700486323
  0.36216740791494384  0.36992186670093330  0.37761387154276299  0.38530420599337550
  0.39307632648299806  0.40086638226375687  0.40865629519828189  0.41639575599793011
  0.42412529160077045  0.43193561796472701  0.43971759058095344  0.44749997472795566
  0.45532629578788508  0.46309853149241004  0.47084893071549300  0.47858311357805411
  0.48634375784864015  0.49421229102368713  0.50215194266682861  0.51020299884087950
  0.51847377807002137  0.52660663911722516  0.53473514585470172  0.54301559470667560
  0.55147795803562727  0.56003162321641597  0.56870381219777810  0.57751528842048605
  0.58641224811247150  0.59528811960090333  0.60404856380175842  0.61274137738317669
  0.62163222233866400  0.63057542624788254  0.63958112905109676  0.64864468707575795
  0.65784827144439795  0.66718314399007039  0.67665037727428801  0.68622035861750841
  0.69583527367149911  0.70550636676735934  0.71540553237842974  0.72579726068873174
  0.73641356696124394  0.74711336242850457  0.75805277372768398  0.76936599560537711
  0.78116045997007399  0.79369166874890085  0.80687355920468129  0.82033211970161757
  0.83451062602557058  0.84966706369310596  0.86605460462755823  0.88404454061955184
  0.90400146676097148  0.92712499500434009  0.95882152734160819  1.00000000000000000
 -0.00256260374089752  0.01005147527344355  0.01996251858186780  0.03051847089097948
  0.04039715652137130  0.05145743990564826  0.06247254907894281  0.07412107382635735
  0.08508663547964941  0.09550907060542033  0.10561827953480848  0.11609334653694554
  0.12661488471623714  0.13718405830526595  0.14777487329132849  0.15852241320905500
  0.16911261784735737  0.17933180969051141  0.18933580549146065  0.19945688141969986
  0.20988090599007533  0.22049874518196907  0.23093418880407171  0.24100062277181544
  0.25103755427475560  0.26125477244459266  0.27151314803438903  0.28179927319539261
  0.29213887382783249  0.30282205104560972  0.31334791227473330  0.32326737938228217
  0.33311016133397614  0.34309882153909588  0.35325498199888794  0.36380694851932016
  0.37441195936221572  0.38518449168630869  0.39574940080850374  0.40653316703891207
  0.41739850062619677  0.42835461356498400  0.43933039069817337  0.45042185272728785
  0.46143796208270704  0.47202845266636262  0.48261288833967292  0.49353929349716508
  0.50444906801479672  0.51521244472195893  0.52639619642576441  0.53738180333706165
  0.54789624665625269  0.55819256345542556  0.56838821177610144  0.57834532293829521
  0.58821355478653270  0.59818440639798465  0.60826664818926268  0.61844356466516492
  0.62874726037686735  0.63908361548063197  0.64926468536378024  0.65925035073829896
  0.66978464720852038  0.68090636807770410  0.69251752428488411  0.70381761176064850
  0.71542470836197580  0.72726715934245822  0.73878057952509091  0.74999392607667403
  0.76137437853918288  0.77220459652371731  0.78269312761977616  0.79323153382911826
  0.80385768150391135  0.81450829697795979  0.82494628334340070  0.83533756646652735
  0.84580260472022373  0.85608021719920402  0.86609005354624558  0.87632573489308252
  0.88629865212413983  0.89605704221632188  0.90561306354496096  0.91500583677873271
  0.92541323930267871  0.93617008801136725  0.94676594117000024  0.95728311393641463
  0.96785202546122762  0.97843851884052024  0.98911797959523440  1.00000000000000000
 -0.01276949286215311  0.06936939166507304  0.10856632515165079  0.13607570611067774
  0.15848298576035957  0.17770278322625824  0.19407061811429596  0.20893345444423780
  0.22316180783460907  0.23680165937998859  0.25007200806284380  0.26352991095389955
  0.27599137069462037  0.28690604836729411  0.29737721870352946  0.30740916999942564
  0.31707068789458720  0.32637061070150286  0.33571872744710707  0.34521922727870435
  0.35473620631990849  0.36423455585635950  0.37361468832829003  0.38282732567975802
  0.39179538206576559  0.40039602530740309  0.40861024714582395  0.41678785107257033
  0.42511823172632490  0.43352143854542280  0.44185238664098703  0.45010331719160035
  0.45822215321020576  0.46620495054296851  0.47408667946939609  0.48171168289708838
  0.48902547559828541  0.49625859238465281  0.50359480170415394  0.51102594513484378
  0.51845496910355804  0.52591863193465316  0.53330651862371836  0.54082585742241662
  0.54877455796057473  0.55679566002621428  0.56461498389199993  0.57215993815998578
  0.57955721551855999  0.58689517265954116  0.59412550658208740  0.60121052200016278
  0.60818159949104444  0.61495435376953189  0.62172979985453158  0.62856881584217705
  0.63538229605556018  0.64215517256800381  0.64910520961233131  0.65627520706558817
  0.66347462803860702  0.67069873526780810  0.67793924616588463  0.68523021704072162
  0.69249717802809918  0.69975706117785452  0.70710762023371843  0.71420807871625314
  0.72133979488181299  0.72843733288819523  0.73547693785593493  0.74252591899934528
  0.74954743537550228  0.75652502219212425  0.76357211517019141  0.77079018983727887
  0.77819010129728350  0.78568335787666044  0.79328828676011831  0.80105941954320925
  0.80898138220505544  0.81690124750772075  0.82470592945355137  0.83258681692825098
  0.84079667428533300  0.84923040492487611  0.85803085580954341  0.86734400862065109
  0.87728881549522419  0.88772789954334663  0.89871553183232999  0.91080276979098518
  0.92460460795668586  0.94070770115619118  0.96298220211244945  1.00000000000000000
 -0.03317559286341142  0.17164364834219112  0.22501208817678339  0.25740145564044697
  0.28408782869042576  0.30745707113678755  0.32796254115093754  0.34521895266325781
  0.36098052055949315  0.37583970287676366  0.38936008804985628  0.40171892891557187
  0.41360746754411731  0.42526309309841698  0.43635999436021633  0.44694927728674838
  0.45710035082908312  0.46659453796173594  0.47555759650432511  0.48428714293214137
  0.49292212170771610  0.50136983835078275  0.50939850900042849  0.51707123115817388
  0.52456151839984178  0.53192318627035240  0.53915882558481176  0.54625299472255451
  0.55318359623271962  0.55994472109072235  0.56641613940231295  0.57271973024573353
  0.57899065226653379  0.58507286257023072  0.59102725502651099  0.59691609476118290
  0.60272547743655491  0.60850958698446334  0.61415108823870834  0.61965755743288853
  0.62506698098314262  0.63032676343057226  0.63550631118701417  0.64071793747663830
  0.64588286531239003  0.65093497633431641  0.65589712644495934  0.66082747431159672
  0.66574305189994987  0.67063000208268653  0.67550493399599121  0.68037071372611613
  0.68518836258945548  0.68988311297429949  0.69439567388210843  0.69877554772552508
  0.70310281015227261  0.70735272196650756  0.71172498611515334  0.71616439714054325
  0.72063366870908152  0.72511889075686908  0.72963961981658343  0.73419822029176396
  0.73877845714759516  0.74335529604864525  0.74788434592548692  0.75256341017172557
  0.75743398635238990  0.76230835531174224  0.76718236865119804  0.77213226448194627
  0.77717439655621934  0.78211723930330279  0.78723886254398512  0.79211915224412388
  0.79687394487800423  0.80160478841898575  0.80640063038306831  0.81139988285622899
  0.81663855726890699  0.82201995830458086  0.82744649857664632  0.83287687997556692
  0.83837653346185537  0.84407244937517856  0.85004794082014223  0.85655875940782633
  0.86381426226176017  0.87151843707432741  0.87972437277139426  0.88898062592700455
  0.90032014404365401  0.91548478946060785  0.93931440920940523  1.00000000000000000
   9.9356190567545639E-009  -1.0000000000000000     
 T T T T T T T T
  <DiscreteSampler_grid>
  grouped_processes
  1 # 1 for a reference and 2 for a running grid.
  10 # Attribute 'min_bin_probing_points' of the grid.
  1 # Attribute 'grid_mode' of the grid. 1=='default',2=='initialization'
  0.0000000000000000 # Attribute 'small_contrib_threshold' of the grid.
  0.5000000000000000 # Attribute 'damping_power' of the grid.
 # binID   n_entries weight   weight_sqr   abs_weight
    10   10   9.273214557437212E+003   2.615713321724161E+008   9.273214557437212E+003
    11   10   9.273214557437212E+003   2.615713321724161E+008   9.273214557437212E+003
  </DiscreteSampler_grid>
