 -0.00028687330180508  0.00692423468517965  0.01716065819579474  0.02829401510691045
  0.03918937338416464  0.04993211296718579  0.06047338187648581  0.07088237867027851
  0.08134265822613770  0.09180801980417842  0.10203119968246346  0.11189996728698721
  0.12142963085491491  0.13071093547046486  0.13988866939513539  0.14894024378436560
  0.15807196497222650  0.16719882837102973  0.17624729132193065  0.18536599047588323
  0.19413700620737806  0.20269974925724363  0.21124143046501873  0.21995292386702775
  0.22871411259883570  0.23737222530427840  0.24607984208380840  0.25473827771196378
  0.26350678966183633  0.27238276131870881  0.28107403494604460  0.28994155810083505
  0.29883061059677840  0.30772176789736616  0.31642502074488404  0.32508130090230114
  0.33367959385374202  0.34209822072364071  0.35040808347343227  0.35860939306006068
  0.36661925934276762  0.37443703355251917  0.38214955406144330  0.38981969776730391
  0.39755147637547722  0.40545947422799372  0.41373120220421405  0.42204331508263521
  0.43026147156132055  0.43868066206470013  0.44711915049201301  0.45548657282798038
  0.46380135218630747  0.47204926059323132  0.48052855821841339  0.48916837647964123
  0.49796091142838678  0.50675468565267512  0.51547546741349093  0.52415010108211946
  0.53285930692280270  0.54149714073880695  0.55041391285624786  0.55949471666688966
  0.56886317415507059  0.57841085599345954  0.58792171344920419  0.59732478976910819
  0.60658830410244469  0.61590073935670275  0.62530635091836162  0.63481972074228288
  0.64434612603370345  0.65378653047341972  0.66347518680907325  0.67345721291135430
  0.68357530878153405  0.69364602920466012  0.70363953090782028  0.71382494870039181
  0.72475885579742794  0.73609209826921695  0.74775879378945853  0.75961001224927016
  0.77204288803353871  0.78515191483343993  0.79887223204295699  0.81354685162393725
  0.82833326851763189  0.84362458352515979  0.86179876007043221  0.88258491044509435
  0.90417458180379340  0.92957951153838159  0.96248607725156476  1.00000000000000000
 -0.00204932724214906  0.00949733678582794  0.01899563217142083  0.02925130998151740
  0.03983025918312479  0.05029731878296356  0.06075572001872860  0.07203112421267822
  0.08354446333073957  0.09414837389528545  0.10433039191113533  0.11455023496427955
  0.12483297492180516  0.13497415964263193  0.14503181392845452  0.15531823838720887
  0.16581471989380905  0.17665280963394167  0.18766995809266204  0.19872873361657781
  0.20953712904675112  0.22102853451504950  0.23198198876356080  0.24265450211945180
  0.25301778771934547  0.26300226503065721  0.27325074303969804  0.28318086299774364
  0.29340302491909065  0.30378059952344605  0.31455393633659195  0.32515181152869366
  0.33610815964893725  0.34635041797645039  0.35644715763020990  0.36469512926659026
  0.37347819160745938  0.38272086104708308  0.39218912397808636  0.40136880121054774
  0.40997139609059519  0.41989648149601783  0.43176932516406463  0.44453233898649425
  0.45715407694809340  0.46908146231006015  0.48084459366619142  0.49292392571040877
  0.50498928194386394  0.51562196543380590  0.52579273498192214  0.53595691512049393
  0.54618428137470409  0.55647341482917734  0.56726830848005527  0.57797391868807846
  0.58858852313227139  0.59902317662203153  0.61020436256401789  0.62189396589681933
  0.63525318246946050  0.64819463219548212  0.65935983658397535  0.67090034677709209
  0.68260390866778620  0.69349161724685204  0.70351191512562417  0.71328027702369301
  0.72282928128973700  0.73224938079052171  0.74160130220330611  0.75099694635136316
  0.76026767077729329  0.76953469608115743  0.77986463623194369  0.79055148833200617
  0.80129178284785285  0.81207953206181904  0.82327365518629281  0.83405462084335980
  0.84395145891748879  0.85365227898002694  0.86360354409162943  0.87425324122190307
  0.88534573036561792  0.89702065503326522  0.90899855243927874  0.92038500789965960
  0.93087087133162516  0.94138429911552279  0.95146463430850825  0.96141565794924866
  0.97100656299506483  0.98055739313647627  0.99030614159796648  1.00000000000000000
 -0.00938785757130601  0.05718763428926445  0.09026151104162149  0.11412587910187430
  0.13474583584502864  0.15334636638093899  0.17083569577239563  0.18609706486239738
  0.20140495355158650  0.21611744381654754  0.22924793745647587  0.24105999607780274
  0.25172359730716404  0.26166891859434027  0.27131614164633172  0.28109391190987970
  0.29080275166117880  0.29996825170452085  0.30890054448805782  0.31789090037454126
  0.32675567647973430  0.33550700858258864  0.34430334497370491  0.35340844676890842
  0.36325167567380234  0.37386924431823143  0.38258816907874832  0.39158664074168725
  0.39972811512172257  0.40702026670764868  0.41408702251188284  0.42089354948648972
  0.42756748009743945  0.43433520957995247  0.44137906774433477  0.44867186754556448
  0.45593391285614482  0.46346797972836357  0.47125684162733505  0.47893118165344845
  0.48674075630829738  0.49462172730546439  0.50218636520317383  0.50947466908118400
  0.51664160655110547  0.52372143106055802  0.53077459420215856  0.53764755324942137
  0.54406599137210665  0.55011686976988505  0.55610618520386967  0.56231320744952606
  0.56871061911205434  0.57516274114393984  0.58161046646168812  0.58817458048069060
  0.59493397889607025  0.60159623420977970  0.60846108369452090  0.61561331463047364
  0.62278164096844013  0.63007544553812256  0.63738424978485464  0.64455004361405999
  0.65160885852644601  0.65848304876161834  0.66551602486769890  0.67270498284546487
  0.68017597276745345  0.68776161838141270  0.69552453173831696  0.70336250169768144
  0.71102491348577879  0.71857313682229251  0.72619541576320501  0.73411318957860927
  0.74247272281630849  0.75106549231248865  0.76004731007093418  0.76918777949827277
  0.77860883116063440  0.78830009645517052  0.79757017238134931  0.80673534840262395
  0.81613580621356119  0.82563628427066438  0.83542030930950428  0.84544009302241308
  0.85624892928235563  0.86797534257501341  0.88061518069238964  0.89445234757142988
  0.90962569111937075  0.92688820964181640  0.94997928987199720  1.00000000000000000
 -0.01479079459479179  0.09455528600339248  0.13164571075043080  0.15545530402246382
  0.17434656646511165  0.19000144376915207  0.20400403609086978  0.21662326076780691
  0.22761010900301051  0.23880384651315567  0.24923604716336711  0.25922132264218406
  0.26837386899851268  0.27743951208183687  0.28622757050336411  0.29456131052154533
  0.30256097642019159  0.31031139882071568  0.31860205490837745  0.32674454974797051
  0.33461068755598500  0.34220647888682248  0.34952123368591004  0.35684859883652037
  0.36381190116408424  0.37083448540468716  0.37766575388129825  0.38439026799889237
  0.39102353991677202  0.39742432795703564  0.40359879204605970  0.40970645618383061
  0.41584844917674002  0.42206988668986833  0.42817615027523492  0.43407388935274155
  0.43982324415215718  0.44532739580779512  0.45074578841184049  0.45614081102619441
  0.46199157975141836  0.46808250783203231  0.47411240041137326  0.48001220792091759
  0.48583674585666903  0.49163406361066297  0.49767370898028651  0.50301729739841838
  0.50837100779075040  0.51386527661971171  0.51938786009793192  0.52483576116343333
  0.53015630153084969  0.53533572717798927  0.54039947009463074  0.54540962447514496
  0.55050945136538365  0.55573839651019641  0.56107825037045234  0.56667379425555908
  0.57267225587866788  0.57884013423079572  0.58522720947353479  0.59146680413635633
  0.59738210053458207  0.60309177935505798  0.60866442743941229  0.61433379908177332
  0.62022187595510769  0.62623880534255416  0.63233204260647402  0.63857624423091341
  0.64508641079100792  0.65205765729988718  0.65948277545435063  0.66683924451709375
  0.67450455038164558  0.68225715803950537  0.69033333659764917  0.69875059937704032
  0.70746967909807246  0.71643834523915517  0.72568421253549720  0.73484472191653472
  0.74392448757422314  0.75365766530431322  0.76399768382759536  0.77450125381169199
  0.78540107151383842  0.79781318255790912  0.81198688925097451  0.82804077728447878
  0.84759045158123469  0.87217771814060552  0.91064022737032813  1.00000000000000000
   1.5160520040516919E-009  -1.0000000000000000     
 T T T T T T T T
  <DiscreteSampler_grid>
  grouped_processes
  1 # 1 for a reference and 2 for a running grid.
  10 # Attribute 'min_bin_probing_points' of the grid.
  1 # Attribute 'grid_mode' of the grid. 1=='default',2=='initialization'
  0.0000000000000000 # Attribute 'small_contrib_threshold' of the grid.
  0.5000000000000000 # Attribute 'damping_power' of the grid.
 # binID   n_entries weight   weight_sqr   abs_weight
    10   10   6.053037722505205E+003   1.081831443029641E+008   6.053037722505205E+003
    11   10   6.053037722505205E+003   1.081831443029641E+008   6.053037722505205E+003
  </DiscreteSampler_grid>
