 -0.00013451306147194  0.00580450218575644  0.01577999025424421  0.02662872654275438
  0.03774689152138675  0.04892769359082604  0.06027049629481616  0.07124158472251989
  0.08202228182493722  0.09244653789040533  0.10280185466315354  0.11283354979411868
  0.12247271550709070  0.13179850834820434  0.14106760530764492  0.15004226386778577
  0.15931180876680309  0.16844041574908888  0.17778416358252327  0.18676991948624760
  0.19546057117257315  0.20394394370558100  0.21262115944774834  0.22153977595343172
  0.23058554678002402  0.23960103889401940  0.24841198209305634  0.25711948371605331
  0.26576807105899414  0.27430936975238407  0.28269623021387363  0.29115355203083004
  0.29957975742076881  0.30796222895438907  0.31637047269207502  0.32554123056308476
  0.33442632063985006  0.34302541709054069  0.35150321365066545  0.35996934186011326
  0.36844516180347542  0.37683570590839333  0.38500573961280371  0.39310957654542616
  0.40118128912362921  0.40939693576763814  0.41769299801720744  0.42604082812856703
  0.43435252466722196  0.44255971731780586  0.45079496088484383  0.45912946913491859
  0.46747458335609193  0.47584196299853271  0.48448768975456308  0.49317302765144205
  0.50171956320337596  0.51015314170029047  0.51851906949547721  0.52679672601571925
  0.53538120810439960  0.54471862644350544  0.55407221829357578  0.56310820290137842
  0.57201809813663296  0.58100989666924718  0.59030016890369730  0.59960660903361329
  0.60908858846931746  0.61871060586129756  0.62835660366730661  0.63843404137464266
  0.64874130333607438  0.65926187808633363  0.66986627667508747  0.68029806290858952
  0.69037875942788496  0.70049272408052599  0.71061715355280508  0.72061234118199669
  0.73108159992371802  0.74213737318054440  0.75359808193443656  0.76521637235430773
  0.77714688053467151  0.78938962698056103  0.80188554009803470  0.81551751034197228
  0.83066086967503305  0.84703949112149013  0.86393318280544562  0.88173342671244481
  0.90199525632811306  0.92671021971444323  0.95947612342729538  1.00000000000000000
 -0.00303029139446275  0.01170157036413503  0.02546408783264570  0.03802078824040468
  0.04910904120732584  0.05910533798947523  0.06858264431726802  0.07789026931618641
  0.08688399827680206  0.09527370581882616  0.10383395352754582  0.11345143120012693
  0.12393705653173528  0.13478092476269066  0.14523049790874798  0.15466636394271102
  0.16431148091485120  0.17528881804598365  0.18638376432523018  0.19663697013792597
  0.20656782554757530  0.21714906348483870  0.22784215728994159  0.23785602610267528
  0.24773384542939794  0.25853042860081715  0.27045792353073833  0.28200686819979065
  0.29381195266908250  0.30716041732372812  0.31895757679820474  0.33011815406101608
  0.34129248923655420  0.35246532481999271  0.36365798593248350  0.37466778006914114
  0.38472066582494757  0.39447136554277945  0.40334824445412043  0.41232490258345533
  0.42059723198802940  0.42883126026078655  0.43694746612514596  0.44554663159552138
  0.45436184046455214  0.46358145503257592  0.47278789114494207  0.48273864972821995
  0.49388763049010442  0.50505384639549333  0.51592731990667240  0.52675042289098761
  0.53777713448966580  0.54883896416139322  0.56015534346023332  0.57195692737193249
  0.58417590305878875  0.59659068353506783  0.60830380271135476  0.61939513089536369
  0.63055044310547725  0.64155331762029510  0.65254470457512814  0.66335253319914433
  0.67324710660012910  0.68356914175144734  0.69432842582590182  0.70506647507832088
  0.71510564634228468  0.72487638561031331  0.73500171186700369  0.74506198055772843
  0.75504998280055013  0.76525289662132456  0.77576445770788505  0.78615911920797821
  0.79618047525335967  0.80587010049781760  0.81546904203228787  0.82537205899682098
  0.83569730781879970  0.84652303333894630  0.85763531506396984  0.86852379960883186
  0.87904495820564776  0.88922351608026551  0.89967593695360526  0.91075269901620604
  0.92198743612377043  0.93304896421123085  0.94418303737449771  0.95539795110235426
  0.96678249483802292  0.97746731416241450  0.98889191196411230  1.00000000000000000
 -0.00770328020091204  0.04647958194224052  0.07660480412215728  0.09972590216305662
  0.11767800307839647  0.13367777587562135  0.14827069088137829  0.16192825463568450
  0.17423165450169140  0.18627146611747217  0.19769058712405035  0.20880681079181182
  0.21968356293320343  0.23011767535769534  0.24012541737963206  0.24988987775199717
  0.25972324097091448  0.26921128116906773  0.27829949866384829  0.28654730978891996
  0.29497009523554785  0.30471575345016733  0.31444638770093186  0.32451057979684267
  0.33508262151813351  0.34630463773783438  0.35648673356350663  0.36568487459592569
  0.37422534409815333  0.38237507347013272  0.39046654592467644  0.39856114049764141
  0.40644202633466386  0.41410707516019141  0.42173641030093401  0.42923155363875448
  0.43647583847853338  0.44466820214249581  0.45266755902981493  0.46078684908150302
  0.46886145644023330  0.47702839014912307  0.48508365295118289  0.49304367985514108
  0.50079815013231788  0.50828492429059946  0.51591678367091920  0.52355823832561255
  0.53110771174893268  0.53888130161593772  0.54657273111371951  0.55397082793725727
  0.56132541181967277  0.56861804002135774  0.57589710056886345  0.58338436755147915
  0.59172506038686290  0.60000963618339287  0.60877892312709569  0.61802030859972257
  0.62714298233537380  0.63620724548268692  0.64548733349674048  0.65434651641629371
  0.66325849877812237  0.67104885905520106  0.67882096812686432  0.68671343595942680
  0.69448629975335308  0.70220924868813916  0.70952608215124180  0.71644202642900090
  0.72333881794525801  0.73038692450604514  0.73756252398963140  0.74486784227919278
  0.75246943028595481  0.76023913277646793  0.76803111779178623  0.77627565312844837
  0.78533204421403213  0.79442356882809273  0.80357935895882759  0.81265833560606393
  0.82189455086067564  0.83150157827610971  0.84149950537795926  0.85159800846462863
  0.86319670448302965  0.87513303778477147  0.88952950258851404  0.90467741669047697
  0.92127176325883109  0.94100107029485580  0.96496414676815745  1.00000000000000000
 -0.01441289308882258  0.08957843745054721  0.12450521419597303  0.14705529079277507
  0.16512823627787038  0.18070303172997026  0.19489825183006607  0.20800825111118815
  0.21951884828796009  0.23054713582394065  0.24073678084276781  0.25033693856336570
  0.25936554710412874  0.26819863806614952  0.27723787777017334  0.28614026207002091
  0.29479377200261558  0.30322866717690933  0.31144596973388444  0.31954048350485897
  0.32750060299881867  0.33526194646845853  0.34231479602365011  0.34961177710919483
  0.35677753183617994  0.36387830216860217  0.37075833340860193  0.37714591822593141
  0.38319142247791066  0.38912571541124757  0.39504121150281413  0.40093588100781274
  0.40684664614611721  0.41282888569944359  0.41891663556745434  0.42508410492862025
  0.43112535115487099  0.43694997874178498  0.44279513885709199  0.44871162675592319
  0.45459302050280881  0.46046196777937476  0.46639954092961255  0.47222122887966050
  0.47801716286610102  0.48376807553674012  0.48962412359864665  0.49560360445304341
  0.50179540022500846  0.50828907373774801  0.51473947801064934  0.52110675299640297
  0.52697281956011666  0.53304117419960262  0.53910964750673385  0.54497029527952257
  0.55056079167477456  0.55598738046027840  0.56139774393947517  0.56672270140400771
  0.57203205998589113  0.57748764507056438  0.58286925449855032  0.58840434370715144
  0.59394017512065433  0.59957512628370468  0.60538120492548786  0.61161654339038019
  0.61795303645176169  0.62432735227298652  0.63077398110134431  0.63734108501042275
  0.64397472241700915  0.65105000121101364  0.65824215566375577  0.66552105009947304
  0.67274382681957545  0.67993232047736130  0.68755692280920189  0.69565923423074816
  0.70398634057443377  0.71248791162365654  0.72122619127097087  0.73051932207915926
  0.74073564852579110  0.75168868009263212  0.76329769820409266  0.77590769625101697
  0.78900364629158037  0.80262979844619653  0.81701214081756246  0.83335679904842574
  0.85278802652718955  0.87755543120924651  0.91328900198880714  1.00000000000000000
   1.2006980302218116E-007  -1.0000000000000000     
 T T T T T T T T
  <DiscreteSampler_grid>
  grouped_processes
  1 # 1 for a reference and 2 for a running grid.
  10 # Attribute 'min_bin_probing_points' of the grid.
  1 # Attribute 'grid_mode' of the grid. 1=='default',2=='initialization'
  0.0000000000000000 # Attribute 'small_contrib_threshold' of the grid.
  0.5000000000000000 # Attribute 'damping_power' of the grid.
 # binID   n_entries weight   weight_sqr   abs_weight
    10   10   1.522017692805212E+004   3.841512389955511E+008   1.522017692805212E+004
    11   10   1.522017692805212E+004   3.841512389955511E+008   1.522017692805212E+004
  </DiscreteSampler_grid>
