 -0.00089012949478568  0.00461329413482907  0.00702606741290257  0.00946211743910441
  0.01220628660543124  0.01517157785780149  0.01848586876273546  0.02211305174364457
  0.02615409858679467  0.03045183193686064  0.03496447296324015  0.03969220136932931
  0.04488301874942606  0.05026449605157549  0.05571357948485663  0.06160167341980609
  0.06767157858234699  0.07354385482511112  0.07965185254615643  0.08615135552414975
  0.09306897161887964  0.10053098377503623  0.10842232511943146  0.11624802491301593
  0.12380153690156656  0.13144407562545055  0.13953439109951565  0.14806866676543295
  0.15679840361796801  0.16553559978352100  0.17453068261954136  0.18330685730046661
  0.19222339240370767  0.20130260552537355  0.21065627238100590  0.22013212385815212
  0.22987629341579219  0.23960625238477953  0.24924302597141201  0.25889404451940917
  0.26870345544082996  0.27876596453340369  0.28920902037245688  0.29995640251452638
  0.31086097995276396  0.32177782621117440  0.33276175792363899  0.34375221475970691
  0.35500661194750616  0.36668631759345743  0.37860945235908183  0.39131751316514374
  0.40441898427107248  0.41775633396003647  0.43123284588655852  0.44474442622750443
  0.45831678913497204  0.47172177535203158  0.48532793238854149  0.49916849625356013
  0.51337951297159190  0.52800005540319761  0.54272879207168012  0.55710884473852240
  0.57130237332299316  0.58530369493556833  0.59882376586311425  0.61202038033321116
  0.62524304486217230  0.63866815264392618  0.65237840123465440  0.66634824198445830
  0.68032602199841963  0.69423057027716939  0.70815136525174327  0.72277385056855614
  0.73762209643996257  0.75243481068786755  0.76745110825110918  0.78277575768954322
  0.79706916299250974  0.81090714858477753  0.82453645330141589  0.83811726446367096
  0.85253577682235782  0.86709745368251356  0.88170102458505428  0.89602685336555610
  0.90972745169213376  0.92259057886730189  0.93538804764958416  0.94806643950405389
  0.96113211492546180  0.97428686228010408  0.98722501658571271  1.00000000000000000
 -0.00209273877873869  0.00956873862280984  0.01898932246447537  0.02873792552278635
  0.03830691778540845  0.04830047977219690  0.05882934775234692  0.06985874286693096
  0.08115538543653805  0.09197345709310195  0.10281692624240713  0.11418092752451843
  0.12543488048696957  0.13688354658497479  0.14819784430355412  0.15900175176940548
  0.17041467473855654  0.18121152505342547  0.19193501649015082  0.20274294634928244
  0.21412685738889833  0.22571900212444679  0.23624232638362891  0.24610820454706700
  0.25647378405917515  0.26662510032668579  0.27670169718028192  0.28631214063404153
  0.29628914467751016  0.30712824608022776  0.31753859827798275  0.32723334192715797
  0.33721674329965667  0.34773202722381080  0.35823023000183862  0.36887864424447370
  0.37930692061775534  0.38965724964491055  0.39974615928006607  0.40961756041103997
  0.41966439489444324  0.42979672775643946  0.44034327832402742  0.45098083100362130
  0.46159693661900147  0.47249452726346891  0.48303016498480772  0.49261551144711735
  0.50220011655587438  0.51197159591843333  0.52186239609530738  0.53101843701843665
  0.54025760619260288  0.55063620859496765  0.56143269844349530  0.57169112423722412
  0.58131571508006796  0.59101457991586626  0.60094279148717222  0.61085246564750839
  0.62107990748007191  0.63197918739954262  0.64322483519740048  0.65408028460365131
  0.66473075052860464  0.67559096405473607  0.68685004223715940  0.69778577672398467
  0.70917372646969601  0.71913720078494536  0.72917716699124546  0.73868071003602964
  0.74865968439720620  0.75859016120827549  0.76898298818983435  0.77904246143915301
  0.78951903421714964  0.80020543678775935  0.81099262752333434  0.82144025702428403
  0.83175536675232986  0.84236258164505351  0.85323609182634486  0.86375200797212370
  0.87412792571152398  0.88469433969691968  0.89581052991038512  0.90745607594481781
  0.91903758689506421  0.93075875032889743  0.94209740237399409  0.95320202449265257
  0.96462567041830849  0.97640564250853423  0.98842406645028391  1.00000000000000000
  0.00611549690122833  0.01800331122427714  0.02966260423899156  0.03938283392184175
  0.04796360088245525  0.05584245983183268  0.06355901266781024  0.07110679749119661
  0.07868161688776777  0.08625894036096235  0.09357169549075738  0.10027395415137769
  0.10670267248467445  0.11329501590088210  0.11970290086092109  0.12622674489268948
  0.13223043748744975  0.13830686126877520  0.14458891391414441  0.15099498775932502
  0.15766080245963557  0.16421395489536009  0.17102757283265346  0.17790643192403119
  0.18477346039623208  0.19167909170699601  0.19866840848698700  0.20574599003079697
  0.21284006245754825  0.22009521734324242  0.22722654279409091  0.23425353623398318
  0.24117353987876416  0.24804834298046100  0.25495851320793406  0.26180483397584847
  0.26889951247539429  0.27598375048774171  0.28300516707592577  0.29017516418846279
  0.29714589954149767  0.30400422620425505  0.31077848741940950  0.31750163523351049
  0.32431003320091589  0.33119911399585089  0.33782631455059442  0.34432620938506070
  0.35094574303683002  0.35769873862269513  0.36458954763722817  0.37134826405296750
  0.37799062171270226  0.38431473810287919  0.39062876143072950  0.39708519991029850
  0.40398781441147352  0.41108435462983883  0.41803328781289423  0.42546050868154195
  0.43272361901645190  0.44035164437823143  0.44810056708500196  0.45620159634213286
  0.46439217759100559  0.47270013402388161  0.48108125971711735  0.48972390522017156
  0.49823993009903511  0.50653838420047670  0.51462848487500956  0.52278840015659322
  0.53125271421431952  0.53959442637301369  0.54852719367180613  0.55731447928100952
  0.56686657304458377  0.57706309355221486  0.58806805533647644  0.59897953911312629
  0.60975131471454624  0.62087026111131571  0.63284872101876366  0.64545961668365581
  0.65888840878596511  0.67338572713663825  0.68898951243268591  0.70561476882761642
  0.72350228285100360  0.74177495435387109  0.76107580522628215  0.78243840887033256
  0.80859931940709850  0.84069945516344591  0.88748433837938423  1.00000000000000000
 -0.01580529382158806  0.09624858781501099  0.13939356706686701  0.16543309677911822
  0.18560756631041997  0.20213835705810132  0.21681987076235212  0.22982025484696342
  0.24153926942312814  0.25201923796043846  0.26163939733943242  0.27107696917417179
  0.27956420514873032  0.28771810689616173  0.29557254944782713  0.30346334563277338
  0.31115572535618702  0.31834407497152967  0.32509681084940190  0.33179212567518301
  0.33882108116075810  0.34597745456066242  0.35290405022005883  0.35954017904735269
  0.36599379091697309  0.37262887433425246  0.37930051364193068  0.38550149080627966
  0.39163957451782089  0.39729387946114569  0.40281319748307653  0.40821501574803898
  0.41349004638826065  0.41876698801109669  0.42404556168116109  0.42933982975365270
  0.43463439897681355  0.44003133623461849  0.44560117052882003  0.45107892495288804
  0.45640817631316133  0.46198761814848927  0.46774657162641659  0.47342895080928016
  0.47911371487577220  0.48423932803778547  0.48930549053530009  0.49445305924943689
  0.49973414852661080  0.50518784303565911  0.51075343317907529  0.51629426242431686
  0.52174148770375894  0.52721758972073340  0.53276355424324096  0.53818405176484241
  0.54362429181897765  0.54914012246960220  0.55445857595879255  0.55979673679793862
  0.56529079427679707  0.57091416572788778  0.57656828272460015  0.58225705721591769
  0.58810628318386660  0.59415088778925684  0.60033818357560254  0.60658607600044046
  0.61260455835086147  0.61887732406514284  0.62540086573095977  0.63215440116214505
  0.63893405628462485  0.64574196206695289  0.65277841243196566  0.65993265379698185
  0.66713864832784708  0.67461832353257867  0.68240497231090491  0.69027753679620318
  0.69841818386810806  0.70672968864876629  0.71537617016749178  0.72456918678351956
  0.73437685359849891  0.74461640351761105  0.75534195904301182  0.76664767695403935
  0.77869610710783899  0.79154667773479137  0.80684182936570326  0.82381630982522280
  0.84469420750694868  0.87081702818848317  0.90867445958800119  1.00000000000000000
   7.7043568823416958E-011  -1.0000000000000000     
 T T T T F F F F F F F F T T T T T T T T F F F F F F F F T T T T
  <DiscreteSampler_grid>
  grouped_processes
  1 # 1 for a reference and 2 for a running grid.
  10 # Attribute 'min_bin_probing_points' of the grid.
  1 # Attribute 'grid_mode' of the grid. 1=='default',2=='initialization'
  0.0000000000000000 # Attribute 'small_contrib_threshold' of the grid.
  0.5000000000000000 # Attribute 'damping_power' of the grid.
 # binID   n_entries weight   weight_sqr   abs_weight
    10   10   1.105543204097796E+005   1.236499600717479E+010   1.105543204097796E+005
    11   10   1.105543204097796E+005   1.236499600717479E+010   1.105543204097796E+005
  </DiscreteSampler_grid>
