 -0.00017844486207263  0.00142415951453200  0.00275105065771127  0.00454553432482491
  0.00683068473122094  0.00936328711073026  0.01232284969298908  0.01571778886401319
  0.01950073773608519  0.02371289637221743  0.02839893270562160  0.03374320633539557
  0.03916046806387065  0.04457187082852966  0.05041588913674837  0.05664094935227932
  0.06304072984289864  0.06966089618480269  0.07666329784225551  0.08377673798544442
  0.09093894703235111  0.09826533602137710  0.10590449709414379  0.11352336678489267
  0.12118815046575884  0.12895007217005508  0.13702905029423182  0.14581871139707894
  0.15506202653376175  0.16431817398964699  0.17349978410968142  0.18267867153745301
  0.19213203015570024  0.20208057611886532  0.21222060952066560  0.22257595883601955
  0.23315122146997494  0.24382530547171843  0.25460122569124771  0.26626130116863062
  0.27838749330105667  0.29058014412147587  0.30260523332277978  0.31445573979699132
  0.32582974470468051  0.33660747713560923  0.34752504207718132  0.35825466110723414
  0.36887197275644307  0.37935566751628691  0.38991418537052686  0.40008903300059023
  0.41140165220308944  0.42314713592480868  0.43495400941485862  0.44732343529030288
  0.46014871143540387  0.47316831101267148  0.48637668501081455  0.50006528853124277
  0.51317688311220266  0.52633820278410159  0.53939429504964365  0.55251654587737964
  0.56563482686218858  0.57843454754645962  0.59112492693529017  0.60412087738870002
  0.61729559225867181  0.63103381632981237  0.64513870828354647  0.65945612940890164
  0.67386817529250942  0.68797829191745175  0.70197477356479410  0.71587701894533928
  0.72960506738882125  0.74341880931163118  0.75761481606269698  0.77213610567053959
  0.78666365412001826  0.80106290602342778  0.81538017215300174  0.82974133555991214
  0.84431704692020371  0.85847991281271396  0.87249398705791126  0.88643017399068658
  0.90034117542490821  0.91430963150711808  0.92866978045918180  0.94315897568547902
  0.95773179234219952  0.97208888210149780  0.98614132007044397  1.00000000000000000
 -0.00265254138901863  0.01010356226859005  0.02073202862866659  0.03178669715044716
  0.04284207603904431  0.05372099013309959  0.06488098713150502  0.07599310443788830
  0.08757881553247295  0.09933111178615819  0.11133223021443832  0.12321585889265307
  0.13419789796494078  0.14454759902593622  0.15441526355505930  0.16388948626117211
  0.17322457126517657  0.18239229406109275  0.19163099832543293  0.20125335190672874
  0.21141092371828329  0.22221600435555355  0.23300476158369404  0.24367738691322730
  0.25451343085374656  0.26561465099786330  0.27612139667521629  0.28622042075723431
  0.29616992347157628  0.30586733386783826  0.31521227779348066  0.32426332579368761
  0.33351195423856456  0.34371510441297948  0.35394594305941457  0.36501613572058617
  0.37598334438276049  0.38632428854549478  0.39638954595692133  0.40681611665885503
  0.41718468349791243  0.42761701078122050  0.43789934911654899  0.44835107130084678
  0.45864526833840585  0.46856048257965954  0.47881031224997844  0.49022951378248497
  0.50150134072768615  0.51143182261881126  0.52118551777518141  0.53094925932614168
  0.54097920264393884  0.55046266144280542  0.55970652944744281  0.56929601165652266
  0.57924088619637881  0.58927352464871974  0.59890866500474593  0.60818299511331375
  0.61764043760514020  0.62759474487854394  0.63797847582761380  0.64865221489178093
  0.65952446306178814  0.67045889579281603  0.68150410728471333  0.69231344007379114
  0.70285732992604788  0.71336790734781885  0.72408778821456621  0.73501369173764819
  0.74637520978537042  0.75813718083405890  0.76996562547585623  0.78166788938215082
  0.79275391131464223  0.80366246038038314  0.81459589279626010  0.82557640373014052
  0.83706404275205504  0.84835785055289670  0.86057578769838761  0.87397511482561641
  0.88703951768498079  0.89970537487398872  0.91214058442488144  0.92402816884075190
  0.93540264974945808  0.94567401004667495  0.95548482329756201  0.96493727411857011
  0.97387603571424863  0.98237894708343720  0.99105954050742362  1.00000000000000000
 -0.00222814000358472  0.01677026434236577  0.02909308443145329  0.03911842345002654
  0.04780596943487473  0.05620818153167507  0.06409874422027867  0.07119079715956216
  0.07799003400876306  0.08483122191097590  0.09177253470927520  0.09882002472050443
  0.10581198787021973  0.11277125114310867  0.11961996733786893  0.12645575982024679
  0.13334897350919678  0.14020995842776762  0.14691041657493173  0.15331422846664539
  0.15977836490191805  0.16634221226882068  0.17291065477344855  0.17954337376655702
  0.18635369151344092  0.19343836130503977  0.20039883068197401  0.20728295862749380
  0.21437759145860563  0.22162308575590117  0.22870760927706094  0.23549055584418721
  0.24213796496836634  0.24878244352211579  0.25520661091714270  0.26129530293133829
  0.26777590250946370  0.27440310599870643  0.28084493472887945  0.28711332222506730
  0.29325254479923674  0.29947326095339949  0.30600417847037364  0.31261281551140391
  0.31940750835210291  0.32631856553733590  0.33316147818941261  0.33976877721111437
  0.34636478715711039  0.35307978837694987  0.35983047575602051  0.36645288942163579
  0.37292775053522864  0.37934205857517250  0.38565785687080351  0.39204536617271107
  0.39875487918773306  0.40568580934045589  0.41272628579154402  0.42029142386047902
  0.42870366824048595  0.43757229398147612  0.44672713398309649  0.45597951924292668
  0.46497274625431556  0.47423164226814363  0.48259418865811143  0.49099061767656171
  0.49945263130542278  0.50762164771139817  0.51585885811164511  0.52442376903285781
  0.53354274837977955  0.54166165692189083  0.55197561483147373  0.56206630926691836
  0.57287927996630539  0.58444158165949844  0.59615966709540402  0.60758083972874388
  0.61861692609086660  0.63004169323888704  0.64208657578829842  0.65577587475564614
  0.67054590369845724  0.68494642195450717  0.69983231205809926  0.71548500279964267
  0.73295852046905685  0.75235354206146576  0.77301590970667544  0.79528172729278834
  0.81967126412940272  0.85002745905702437  0.89614277959856881  1.00000000000000000
 -0.02232085312053630  0.15145857938124213  0.20236249880006726  0.23476728417748177
  0.26103321621507819  0.28366129579323884  0.30434642444742727  0.32320791011898103
  0.33992873581613747  0.35564328764318209  0.37130031293865312  0.38598496029090046
  0.39939144689006745  0.41130295692666885  0.42242613472345181  0.43293698754731758
  0.44325114857296827  0.45301997850249104  0.46246281440605619  0.47168852208131706
  0.48060271436382579  0.48888941238625194  0.49683596872407726  0.50471913169124483
  0.51236044135487913  0.51991903052254940  0.52676783294355611  0.53311351028777276
  0.53925582516360537  0.54517293295948088  0.55112558718381477  0.55731517444634326
  0.56377476511405156  0.56995932911899894  0.57608953812198516  0.58206960931740814
  0.58756954917961390  0.59293621028100818  0.59820128398348882  0.60359571967304326
  0.60896319995947079  0.61431561372699239  0.61970132331795580  0.62521334452407917
  0.63086988654067655  0.63644727136347912  0.64174272871469407  0.64690448152722191
  0.65247608265533941  0.65794118561346793  0.66346683070317913  0.66888297876888159
  0.67422986764722048  0.67952490437000634  0.68468991387222156  0.68955427547596393
  0.69395314505417560  0.69839778809146547  0.70296705621350120  0.70754894890376752
  0.71195480697215086  0.71655638124519394  0.72107237934922019  0.72547038248661833
  0.72986488338958422  0.73428399499488939  0.73874071776979899  0.74323108645839930
  0.74772696093397795  0.75235644516357103  0.75744338538135370  0.76249524947247194
  0.76764893831511727  0.77299370886768615  0.77862951960065296  0.78424046821446058
  0.78983848861192496  0.79552008826687359  0.80131832061110864  0.80724192289002916
  0.81351501174530538  0.81931635751768206  0.82529754198840211  0.83145993507579086
  0.83779288121520601  0.84446367153342528  0.85130492533427360  0.85822866505841100
  0.86501815477681210  0.87207939821140956  0.88019782365089838  0.88989321172567781
  0.90155569882714692  0.91793610570033979  0.94270875849702274  1.00000000000000000
   5.8182499803306422E-018  -1.0000000000000000     
 T T T T T T T T
  <DiscreteSampler_grid>
  grouped_processes
  1 # 1 for a reference and 2 for a running grid.
  10 # Attribute 'min_bin_probing_points' of the grid.
  1 # Attribute 'grid_mode' of the grid. 1=='default',2=='initialization'
  0.0000000000000000 # Attribute 'small_contrib_threshold' of the grid.
  0.5000000000000000 # Attribute 'damping_power' of the grid.
 # binID   n_entries weight   weight_sqr   abs_weight
    10   10   3.574070161022059E-006   1.815871846956543E-011   3.574070161022059E-006
    11   10   3.574070161022059E-006   1.815871846956543E-011   3.574070161022059E-006
  </DiscreteSampler_grid>
