  0.00991175874148504  0.05283465300785038  0.08185727034809007  0.10431026731687380
  0.12629149037064230  0.14637468078258356  0.16346443600105617  0.17832468113133626
  0.19341461751794267  0.20926809618016692  0.22508019001369359  0.24103942087982230
  0.25645092317237966  0.27047345838898978  0.28403032646830284  0.29690404452547525
  0.30954362494964510  0.32263756849303565  0.33602062025724427  0.34922638299479719
  0.36264044005043367  0.37672622328532862  0.39115734200458041  0.40570417284136373
  0.41966691441569948  0.43193547689992212  0.44312246742293787  0.45360969069960860
  0.46425115999993549  0.47495067961781778  0.48638973664596019  0.49839674357599495
  0.51098655179708308  0.52363990517233239  0.53615482008719362  0.54778523990910555
  0.55865983471399261  0.56943134740984047  0.58062008789361352  0.59215439361611444
  0.60375172232808039  0.61556482709143268  0.62744156015386221  0.63889289010503647
  0.64950850607985933  0.65967585679736862  0.67001167155751518  0.68036541553911301
  0.69013799514643881  0.69931241048304049  0.70854306697169189  0.71811781757370119
  0.72793409978008305  0.73764542248514575  0.74732140604394315  0.75716766263560775
  0.76733998522481217  0.77785764751557829  0.78809866784462534  0.79709911149548340
  0.80492020780657825  0.81265672257523858  0.82116471639059840  0.83042464944208494
  0.83976176240624445  0.84888624002994351  0.85784544898222037  0.86655242770444352
  0.87473067377108304  0.88232355692864783  0.88970718894707945  0.89680266334283476
  0.90355945867242637  0.91024394880323911  0.91690972842635199  0.92313353286664501
  0.92915508183678364  0.93498027106351522  0.94059206089648784  0.94586100822801977
  0.95099314215264641  0.95587077652191976  0.96045528799699864  0.96474942077531478
  0.96877408143592891  0.97259397409753745  0.97631353637535501  0.97957820374381099
  0.98271445065695961  0.98572749146272987  0.98852559512120319  0.99082303808933092
  0.99302655113928873  0.99503729559792009  0.99673675919833704  1.00000000000000000
  0.00880172435843776  0.01756989908185838  0.02789003572288007  0.03942387954175129
  0.04953488715921581  0.06005304746781806  0.06929185458228035  0.07903569220835643
  0.08840803624972172  0.09798855838149147  0.10778033934674972  0.11774980053906152
  0.12778298646808914  0.13772095216019289  0.14792974444688980  0.15818876950253485
  0.16875519571958000  0.17987667237731297  0.19065387050777377  0.20138839820216331
  0.21136264984858791  0.22157205915345962  0.23141413205007511  0.24194144284424982
  0.25344488280034422  0.26556134731101577  0.27830118412701099  0.29068494893691732
  0.30241516202369428  0.31400196677351733  0.32565568090403263  0.33716101856987607
  0.34826679862871368  0.35951339410504440  0.37170519617638759  0.38507951425283865
  0.39877742807586486  0.41180165512216466  0.42333207874475476  0.43380436556832158
  0.44396571876061797  0.45421603756054002  0.46450016927454285  0.47474670607999808
  0.48564687367763681  0.49647009114116269  0.50750329626642099  0.51814400050559950
  0.52831802955745555  0.53857606043583095  0.54894845300859096  0.55921871329252582
  0.56860765121146040  0.57761998405624970  0.58661818088288431  0.59516726271499121
  0.60360415559840308  0.61198442876071102  0.62028763928676900  0.62926231845766212
  0.63903800355469909  0.64877661122089714  0.65848060422579391  0.66827182000395668
  0.67832083376071173  0.68941567669190662  0.70188059631642152  0.71325175271909569
  0.72454001141299984  0.73633921012425541  0.74785274215215392  0.75865248498026105
  0.76935055031774457  0.78052368194638655  0.79233040488298501  0.80369777405797471
  0.81447896063176872  0.82473649184913866  0.83468360590692736  0.84484933288506581
  0.85494976667088607  0.86491257055967530  0.87480093715424112  0.88446423601969393
  0.89362325746749494  0.90236530463801723  0.91110527764211824  0.92016263892324901
  0.93001257718737451  0.94023641322549412  0.95113663265206061  0.96168590223129513
  0.97223207489391306  0.98197687243265053  0.99113873872964020  1.00000000000000000
 -0.00090846489538151  0.00461262756301629  0.00713562746249144  0.00962018909379694
  0.01247677165455107  0.01576927963263702  0.01973075379063757  0.02374973018509545
  0.02785564981745713  0.03234240830698085  0.03727053759154514  0.04273231496437551
  0.04827641300581393  0.05374136054666430  0.05934041251362149  0.06558443493149871
  0.07217950524423646  0.07898252936455914  0.08573429958263017  0.09246606666173895
  0.09975649176980275  0.10734279710614836  0.11493641727051050  0.12266194416560058
  0.13071353559755905  0.13898485652430295  0.14715125985370239  0.15516107431730600
  0.16344913269225053  0.17227937202006913  0.18112872170953181  0.18996537271415412
  0.19874830037607755  0.20764975659283322  0.21719724491679906  0.22721380204871119
  0.23728366924527616  0.24762254614081092  0.25855021755265251  0.26970163004710102
  0.28113468675735920  0.29177930292135285  0.30286148944971519  0.31331730921678430
  0.32400266348900392  0.33564211009560557  0.34699012063903867  0.35844662186913961
  0.36974715779937994  0.38120910765357080  0.39321709849322878  0.40515657680171818
  0.41714438810039800  0.42950661559330627  0.44241305101836159  0.45549047008476534
  0.46807801133353832  0.48015968885386445  0.49176229392889320  0.50330430880966726
  0.51558135056919085  0.52877996360710400  0.54194532777564364  0.55453917369178596
  0.56674496533139229  0.57893951955259570  0.59120356946594399  0.60388367515862029
  0.61679983408668682  0.62974331805314154  0.64283312777075075  0.65577631973540995
  0.66809105746565289  0.68134755459618623  0.69482681439055194  0.70834133481295880
  0.72187493500040145  0.73542032482565767  0.74911193196779469  0.76268977946137495
  0.77606437919051363  0.78999690153074187  0.80482396241498144  0.82020853683684181
  0.83562116968095712  0.84992572569883473  0.86386412821721947  0.87802021223891979
  0.89245286243495137  0.90710237790463077  0.92223633304051100  0.93756089298359246
  0.95325557599903921  0.96894690542566186  0.98451113653722222  1.00000000000000000
 -0.00293965310519516  0.01019746503981330  0.02143124524215853  0.03263631249950220
  0.04364509636686775  0.05486352394325546  0.06631685537754321  0.07766454213716825
  0.08854271899032484  0.09900934989914399  0.10912882902929422  0.11869209103219769
  0.12825175725298008  0.13823243163650917  0.14869431291974372  0.15971464901168722
  0.17145780214228284  0.18319259674903463  0.19411133941004233  0.20473273874008535
  0.21584653051887945  0.22731546165341684  0.23859340133536230  0.25012866364252656
  0.26229428504135033  0.27447741466434783  0.28586853998679473  0.29639036489798315
  0.30651865981140441  0.31713488871416762  0.32827782031359837  0.33943854119235689
  0.35039208701185398  0.36117561146106081  0.37177177329874644  0.38212795544387240
  0.39271872188565932  0.40385057804370306  0.41540787827461878  0.42718107347643486
  0.43888824484658784  0.45059550494705136  0.46261029668570269  0.47450474554282929
  0.48583846865363056  0.49686175853314385  0.50646457071311068  0.51647603621899230
  0.52618796952163427  0.53589646053304474  0.54570031033665289  0.55499744054002453
  0.56425261065883392  0.57362921211180973  0.58297801192799059  0.59249354296137358
  0.60128577691523188  0.60966685437960477  0.61827132458095690  0.62765266550217169
  0.63784759482709452  0.64786376254895739  0.65788232974084182  0.66762197243364962
  0.67742750142879515  0.68719105928506097  0.69766162988859837  0.70762296969880656
  0.71809532205680571  0.72855226124833561  0.73827889339265929  0.74830376715813884
  0.75868116199582047  0.76875887784710439  0.77867009166035539  0.78864562442550412
  0.79907375123616853  0.80951033234028202  0.81975301030327730  0.82987052730565769
  0.84061372201607976  0.85174636222359490  0.86226462068460008  0.87246801563130627
  0.88270464098245704  0.89342877132472365  0.90433675407628256  0.91440868176924917
  0.92443922444358750  0.93425414436354171  0.94424162090269714  0.95467038782589420
  0.96520947284350556  0.97664789624663517  0.98802816641083047  1.00000000000000000
 -0.00190041009843035  0.00934117101411342  0.01931083255990254  0.03043308740965080
  0.04136548324949716  0.05233479754931754  0.06314352468608643  0.07552681599009224
  0.08636454794822460  0.09645306255024247  0.10655912382291544  0.11650325477883752
  0.12588375067931276  0.13503916510274033  0.14439492301696502  0.15528763958907774
  0.16643688139312943  0.17682587239411854  0.18697604706488888  0.19709966528248182
  0.20686329585175903  0.21587442898613213  0.22522028354114806  0.23544205844526558
  0.24592283056571182  0.25544688934601589  0.26433295246337057  0.27334146727100650
  0.28390410667170346  0.29497858157485185  0.30665831442441555  0.31844613854649334
  0.32839825368454584  0.33959595126541153  0.35084610076741446  0.36160508171338657
  0.37191430769021971  0.38238791369541569  0.39209843979616676  0.40166531940613170
  0.41152799033469739  0.42251358202192008  0.43383709382854807  0.44489233037467851
  0.45577741028815427  0.46687331826577311  0.47748197894317129  0.48782374672337731
  0.49814463303276640  0.50849091881694775  0.51858392961445199  0.52868362740100749
  0.53877125747805565  0.54904414298181015  0.55929512345723553  0.56962609980068102
  0.58039335514021706  0.59168958099014513  0.60359429863806724  0.61582012721412527
  0.62776483030679542  0.63906220811660730  0.64988371857186511  0.66010163012870582
  0.67007946610954849  0.67995838917547635  0.69029192758495983  0.70144695807059210
  0.71292013836670742  0.72367258913460575  0.73403698315007504  0.74478584248399404
  0.75534863924056850  0.76560382239580171  0.77560355489872546  0.78649915804118875
  0.79751685049324916  0.80881016910062986  0.82037837598402907  0.83152780784410563
  0.84249231231911004  0.85343491640558200  0.86448390017799748  0.87541750868219859
  0.88630282359113233  0.89698128706650659  0.90638299963364111  0.91516722506924730
  0.92429417647075796  0.93417143515778023  0.94480285426031263  0.95549105824911440
  0.96680567333699885  0.97800344789039018  0.98897110535964816  1.00000000000000000
 -0.00225906225813831  0.00908619508841042  0.01856854309046533  0.02979384162702803
  0.03896479057998153  0.04801822851841599  0.05712091605508541  0.06709566345688854
  0.07744412592810196  0.08777272434934841  0.09846718434703573  0.10973362849288963
  0.12124061737915652  0.13185109844639090  0.14156245882118770  0.15085294059904408
  0.16008579136453852  0.16986275669260928  0.17973234694988904  0.18974596931682425
  0.20022375052037686  0.21139670971377753  0.22299000288106371  0.23451590315017262
  0.24570698045588368  0.25725326067940929  0.26902983972521949  0.28133246088084435
  0.29375527392617451  0.30579183968658530  0.31727849853400220  0.32810152577318885
  0.33867314210517768  0.34923338479037386  0.35989069611702418  0.37068472277681686
  0.38182883174556037  0.39313004962844761  0.40385612604421300  0.41381856558010915
  0.42379022767135749  0.43419652796580133  0.44462653285467296  0.45353265802186477
  0.46191674575770120  0.46989112586220505  0.47852893066402274  0.48801607816174192
  0.49891645343734053  0.51144365745492315  0.52403460106441335  0.53547024308446201
  0.54678403465293690  0.55826766800821515  0.56881373439440119  0.57864211037803925
  0.58825030746242279  0.59814024232090601  0.60832362091380787  0.61824088116934717
  0.62828684106343835  0.63858307129514147  0.64903352343455112  0.65895222105346585
  0.66845144150710456  0.67773069419502974  0.68732270069454982  0.69742144895122626
  0.70843542230104517  0.72026193318282028  0.73213704137765756  0.74378268108202306
  0.75536595587793509  0.76714979209272927  0.77891930942564636  0.79073195489055204
  0.80321994741418457  0.81484191513910276  0.82572105029718756  0.83623643442650020
  0.84693303269949594  0.85805109376399957  0.86940910483647682  0.88052551559265668
  0.89069890760726245  0.90117722262282496  0.91155650549902079  0.92169270846262930
  0.93088285098750589  0.94017324772931166  0.94943262087703084  0.95857048919796828
  0.96841604390423974  0.97803076144389123  0.98904401857563706  1.00000000000000000
 -0.00241224133391027  0.00891141470973250  0.01859521035508484  0.02829097723776943
  0.03771297503822085  0.04783497074578222  0.05787794309701093  0.06716932849008854
  0.07584551386957795  0.08450248795748719  0.09390457745337198  0.10407158878802900
  0.11440020092056376  0.12448517649370829  0.13467001002508697  0.14450937757079518
  0.15458668523177771  0.16455133706606270  0.17408130045471837  0.18353100760536936
  0.19388454754072232  0.20511047664765805  0.21621942646888831  0.22742054281275623
  0.23911001777873561  0.25078197448200829  0.26221876263115562  0.27294582631654724
  0.28315459484379479  0.29300274506433149  0.30211078522641849  0.31133426824354254
  0.32041189144826754  0.32984990068672904  0.33925137292130869  0.34853162936942750
  0.35788582831698795  0.36754992573354317  0.37769345269177701  0.38963532601701800
  0.40142730830386442  0.41203655074701306  0.42253654862362294  0.43224774159768137
  0.44332646143943200  0.45406825539552076  0.46498889813600253  0.47592186250262347
  0.48705676207192816  0.49884169936600403  0.50960159097121904  0.52059573786730506
  0.53177867393916489  0.54336533950154142  0.55429139221429280  0.56497249203481559
  0.57619275253197721  0.58769952073579679  0.59948932504282826  0.61110317958306737
  0.62249944033829641  0.63400531411443017  0.64582115738962353  0.65772445454148898
  0.66983843974910873  0.68158881025326623  0.69334865553916536  0.70506324367638862
  0.71714847532317216  0.72844715911561930  0.73931284491056481  0.74989147348851815
  0.76024103153568967  0.77084913204384764  0.78193442350158116  0.79293297479831637
  0.80308033591120964  0.81248958291003137  0.82148518873971910  0.83018312367241653
  0.83861381906364874  0.84703641488294124  0.85626374740539413  0.86630548469900159
  0.87749689059434344  0.88981084623391804  0.90208614765834660  0.91388134158749501
  0.92557681726553787  0.93719301994757254  0.94839340817348261  0.95922961055266731
  0.96994706034706724  0.98023002152320138  0.99031084151509052  1.00000000000000000
 -0.00210108283173162  0.00861878833470955  0.01754710598232492  0.02663747719065584
  0.03619338115317872  0.04572258024878947  0.05750558299838093  0.06831345864487297
  0.07925668744107620  0.09068752355095708  0.10238363850773614  0.11291951055438558
  0.12259052987320034  0.13171029788929081  0.14038443601236483  0.14926690166265030
  0.15863118700756790  0.16897522569292098  0.17963140609398959  0.19098734448305529
  0.20386766297546874  0.21579456536201483  0.22725859686076386  0.23777286028842815
  0.24849923302420338  0.25948639300015264  0.27018449571575182  0.28112902950074781
  0.29275095463480177  0.30551009373909588  0.31845078752908801  0.33048045495595035
  0.34131123703820748  0.35198065492958192  0.36194761265697595  0.37192535828652784
  0.38171934435142585  0.39163522080802815  0.40192305889895868  0.41292511937104187
  0.42382887081257070  0.43501195599580772  0.44674024716355770  0.45898093480238566
  0.47077464610711789  0.48221442368261197  0.49367778147156949  0.50442960892721622
  0.51448913270382146  0.52449847942738004  0.53508183736953197  0.54604538876071573
  0.55701376660574464  0.56728704914527861  0.57748794562770955  0.58844657954580271
  0.60023952214618326  0.61187321832459529  0.62284174809500925  0.63448127781066288
  0.64635636983678268  0.65708209404139484  0.66695251692097524  0.67674019853889877
  0.68682312078581376  0.69685071747153238  0.70737543266143432  0.71743283049424611
  0.72770141933923982  0.73943576598828165  0.75084495827287046  0.76201942819904789
  0.77230454964044237  0.78189205126538741  0.79186992078078489  0.80201175199614871
  0.81211858215369548  0.82226171931616543  0.83189587463530501  0.84129933464158146
  0.85042784386250736  0.86008041343241348  0.87041886862494755  0.88117932645154806
  0.89167107838158688  0.90204818774665063  0.91200349156953997  0.92233221609863025
  0.93268820295597965  0.94330350306474309  0.95384248377989023  0.96316991099689708
  0.97257361779429419  0.98188276041146227  0.99106191963863322  1.00000000000000000
  0.00393243478646955  0.03577731620543024  0.05028865962547362  0.06078951201088423
  0.06994357641348582  0.07846834591038859  0.08636925295120373  0.09354599944677915
  0.10060323073377801  0.10754377439548597  0.11430208943912397  0.12091451552951202
  0.12742560219178575  0.13449864832165248  0.14129498320914524  0.14813590292890233
  0.15486590585799995  0.16155026001379486  0.16835204559277653  0.17534665811749531
  0.18244408381207966  0.18925713520772736  0.19511086241800760  0.20128774952960160
  0.20794842744918174  0.21435646464791194  0.22042675168063713  0.22636147373357290
  0.23228143950088787  0.23821073904386703  0.24423448954039717  0.25032957924524618
  0.25641503102287760  0.26251183362373021  0.26867927482751963  0.27492860094253313
  0.28126793154520618  0.28750917952739885  0.29373412901406842  0.29969854425228243
  0.30546731592386278  0.31119318386656064  0.31702195104987130  0.32314705814184991
  0.32928795626993873  0.33527420997790841  0.34128885465112141  0.34753150450401160
  0.35430506983726984  0.36183241913975756  0.36965446135164587  0.37703771804126152
  0.38388236041625717  0.39035126831815703  0.39672240747005849  0.40358806604836717
  0.41038629347789313  0.41713990837140158  0.42400767904585956  0.43115736373870850
  0.43808984853760286  0.44488343461662005  0.45161742949191547  0.45889916511198209
  0.46682322981630109  0.47514245771066588  0.48361478722361761  0.49211966317732952
  0.50089719158515889  0.51016205391767100  0.51955341720364601  0.52870569249634281
  0.53764941043895131  0.54632913389288440  0.55494734611068153  0.56398248799952166
  0.57337884972993147  0.58290672608067318  0.59298916621080411  0.60353867053778221
  0.61419737251822371  0.62520707351231575  0.63626636262811020  0.64739373941636147
  0.65909922024527534  0.67124621591911782  0.68505471104990878  0.69923774495655955
  0.71539654638003980  0.73460479478792429  0.75700858312620845  0.77931362033106522
  0.80447816296525199  0.83585697443884366  0.87923316451930267  1.00000000000000000
 -0.02157861867005888  0.13440953036605505  0.17234327432116686  0.19535439324883808
  0.21340245153758275  0.22793650524209999  0.24052545778131793  0.25183037890316917
  0.26154421017398050  0.27059426358796640  0.27867037409548012  0.28613797309601235
  0.29327192632353805  0.29998682929868237  0.30657858327803894  0.31299587404114937
  0.31934487329672484  0.32572731974028252  0.33219095779459357  0.33874844875829874
  0.34533629086946088  0.35188171841402549  0.35858827514332764  0.36528543380716438
  0.37172382125882941  0.37788140981522372  0.38405776177217876  0.39009654466107446
  0.39601872256072340  0.40189725540797111  0.40773255158994465  0.41352257986508301
  0.41931105797077312  0.42499823460404695  0.43061397559199477  0.43641013898433983
  0.44193863833715685  0.44754101437724497  0.45294181690152202  0.45820549169861097
  0.46335139819465215  0.46861542169618303  0.47412769349094613  0.47960158725932389
  0.48469088002121530  0.48941986073778848  0.49399677346048143  0.49841928454764034
  0.50305333557940102  0.50769570589317714  0.51242798515512189  0.51721547750838737
  0.52208257174107597  0.52718384166717713  0.53187249832059602  0.53645998330182898
  0.54124516090616726  0.54643791479381221  0.55214860830912071  0.55804668881710984
  0.56370621483391070  0.56863615023928460  0.57344332989142854  0.57828348357998549
  0.58304215468783926  0.58783328987318417  0.59279132747168450  0.59796963008348647
  0.60356609162341712  0.60940579300911413  0.61504597619619950  0.62014644629796833
  0.62524681397473036  0.63061013535786148  0.63619538934057052  0.64208609891737289
  0.64846767674556960  0.65541533482676506  0.66268875407236361  0.67012463435498648
  0.67788552324268625  0.68560937653277909  0.69364930090211263  0.70101721073396694
  0.70823877212424613  0.71542324519546585  0.72286476098637353  0.73130283726821177
  0.74085099086024098  0.75144051842498460  0.76376106102084496  0.77873245824554405
  0.79823056652930835  0.82296462137810367  0.86354279678517876  1.00000000000000000
   1.1781398990230376E-056  -1.0000000000000000     
 T T T T T T T T T T T T T T T T F F F F T T T T F F F F T T T T F F F F T T T T F F F F T T T T T T T T T T T T T T F T T T T T T T T T T T T T T T T T T T T T F F F F T T T T F F F F T T T T F F F F T T T T F F F F T T T T T T F F T T T T T T F T T T T T
  <DiscreteSampler_grid>
  grouped_processes
  1 # 1 for a reference and 2 for a running grid.
  10 # Attribute 'min_bin_probing_points' of the grid.
  1 # Attribute 'grid_mode' of the grid. 1=='default',2=='initialization'
  0.0000000000000000 # Attribute 'small_contrib_threshold' of the grid.
  0.5000000000000000 # Attribute 'damping_power' of the grid.
 # binID   n_entries weight   weight_sqr   abs_weight
    10   10   1.371761527422098E-044   4.578255113209899E-088   1.371761527422098E-044
    11   10   1.371761527422098E-044   4.578255113209890E-088   1.371761527422098E-044
  </DiscreteSampler_grid>
