 -0.00044360521341870  0.00767139654052863  0.01728746105701833  0.02778890508208640
  0.03857956198195601  0.04965075005891454  0.06034982813692303  0.07127351169593461
  0.08182466722119956  0.09226338836294633  0.10347379882253879  0.11382690851183774
  0.12346175564174254  0.13300115090876211  0.14290583124717079  0.15299970645353586
  0.16296778985252533  0.17274505997802206  0.18212595727563982  0.19122659742924783
  0.20009978851527846  0.20861162570144173  0.21687587643600140  0.22505032797132690
  0.23319317029854253  0.24133374581361372  0.24948278843720195  0.25753552303281219
  0.26582693544474895  0.27394805129094346  0.28264452716971672  0.29129607489549780
  0.29982396347336127  0.30820009170239104  0.31636651220180861  0.32484908656826539
  0.33351698162306742  0.34217103505559959  0.35067472048176707  0.35903744445382768
  0.36723245720480924  0.37524506907627159  0.38326740810322574  0.39125638916805733
  0.39918471202218037  0.40747742895478123  0.41576930666736800  0.42406525337748735
  0.43236362212231277  0.44058547359067068  0.44864959026642887  0.45662484531080710
  0.46465556018704718  0.47289015008359597  0.48131647321845589  0.48989242546485662
  0.49849513510788573  0.50718245255445848  0.51616826021967854  0.52515322849932222
  0.53403134105457883  0.54312919690344941  0.55240172469136972  0.56174308689774233
  0.57110271642856325  0.58073523968069640  0.59027895789085005  0.59965844499827115
  0.60894232989614316  0.61823792358076923  0.62753305746858834  0.63706927613502173
  0.64693474450672539  0.65697688264378484  0.66715205205360939  0.67744329826139149
  0.68762123460294033  0.69794976540421161  0.70835527173117574  0.71906359799194342
  0.73013519482239952  0.74156375879311787  0.75339731916197639  0.76557714201852467
  0.77773261847019215  0.78993588217074229  0.80312134339652430  0.81704871933543177
  0.83106949502734018  0.84555529134347795  0.86089236423317772  0.88002029796177184
  0.90079713785133941  0.92491109991513876  0.95930214926059187  1.00000000000000000
 -0.00283145789152493  0.01008076954906728  0.02063725798781215  0.03087324506748994
  0.04154165054982996  0.05221249629707637  0.06280084456125602  0.07289941420506521
  0.08301420541685420  0.09361919028624779  0.10468785612772519  0.11589449608424886
  0.12733740305258220  0.13894049206965678  0.15018414544712044  0.16094259145537593
  0.17105904359835308  0.18089409222040920  0.19073544603065715  0.20060513621723888
  0.21015502057186142  0.21986055376776040  0.22921394681344742  0.23981803580887301
  0.25063895074139808  0.26096756771622653  0.27132576668702030  0.28133435033628684
  0.29099530757288417  0.30041314162776156  0.30964312429458224  0.31914858567750992
  0.32880756045241094  0.33894775035001246  0.34935018607108853  0.35962311339829406
  0.36998138665404023  0.38072106880061940  0.39170264337863775  0.40249310994202903
  0.41325630166259231  0.42485520696846141  0.43708601712733985  0.44904710490917177
  0.46042026849454393  0.47247055821584771  0.48407618137200414  0.49547472160972778
  0.50718329119225380  0.51909488664673942  0.53002698342099497  0.54064736168951377
  0.55179501649596308  0.56329625240099201  0.57435790983806168  0.58523625375747002
  0.59594961893565146  0.60687639118935888  0.61765169861994640  0.62855957218550118
  0.63962536189137242  0.65075219364110504  0.66177879656325067  0.67234716886483037
  0.68265794231689192  0.69313577690832118  0.70364724321358529  0.71393009303063126
  0.72388149534969626  0.73384722264134228  0.74412324905883398  0.75435819740192955
  0.76438303314835421  0.77433159425755449  0.78391096281261741  0.79337814747084001
  0.80283055054462005  0.81235144219436994  0.82192104629738716  0.83155196212612104
  0.84176621804611029  0.85288167991365083  0.86354425008074298  0.87414918130072372
  0.88412028885636718  0.89353253626706564  0.90316320401160499  0.91300635647727924
  0.92383179468967602  0.93488207692803216  0.94590831894414706  0.95704255597697974
  0.96813467313189316  0.97916864892710254  0.98961770417453598  1.00000000000000000
 -0.00736486264013255  0.05487893169748551  0.08828898848836698  0.11171114137233928
  0.12948135098691946  0.14495110782434567  0.15984909138096559  0.17410544431452432
  0.18757830101368933  0.20023100327483584  0.21202857947855608  0.22305436233632281
  0.23411606909948854  0.24509053570458603  0.25550250170835420  0.26498328740097926
  0.27429582300881261  0.28389260464098687  0.29331959227371446  0.30230919958295710
  0.31097864955607063  0.31967150298505070  0.32839156902492650  0.33676542918350744
  0.34464947727352724  0.35219576076345571  0.35952491262334940  0.36685543711073954
  0.37438195420252418  0.38178770112212768  0.38901008354876770  0.39594479498001506
  0.40291708042844165  0.40979763058473717  0.41668307806785509  0.42373917050581478
  0.43088030462898830  0.43819723008807782  0.44614125944666289  0.45405814630076496
  0.46180385668382135  0.46936716472742074  0.47683726842683205  0.48405284535459581
  0.49087096938318220  0.49791643655561574  0.50439856478473344  0.51057502867382865
  0.51675974279525438  0.52339053972444294  0.53035582558548822  0.53700715528869147
  0.54348035345831680  0.54991714736620323  0.55637398158836171  0.56332048835001147
  0.57092779855421405  0.57895858497043196  0.58671174322936515  0.59396727707279573
  0.60107822750201401  0.60815728768852917  0.61521762702083660  0.62200881801925845
  0.62876744127548667  0.63572179772427373  0.64257929080024423  0.65030932202755032
  0.65823029484126072  0.66610545124786635  0.67379911553344030  0.68128858403841963
  0.68864095153918081  0.69593404025576222  0.70326164855520734  0.71081736127630124
  0.71848127675492324  0.72617602868649678  0.73400097913828277  0.74214200739536662
  0.75111523499588551  0.76131302832090308  0.77215043702168729  0.78267994455734702
  0.79334766367053156  0.80408995524129212  0.81466928546035156  0.82532013531031378
  0.83685916633400170  0.84949969725649721  0.86258903329104974  0.87686125969653950
  0.89332577190011719  0.91437044949916846  0.94227970672989336  1.00000000000000000
 -0.02129410070361533  0.12607994018650096  0.16076180009205185  0.18269486562705978
  0.19988561309585356  0.21417076256104839  0.22673994788221258  0.23752031392443962
  0.24711011664618671  0.25620835963370830  0.26461732408557748  0.27285202918534129
  0.28072889728576472  0.28866726538773257  0.29696135760609732  0.30554700103984167
  0.31356681699334005  0.32107765678108069  0.32811130137049482  0.33490602368802025
  0.34148663997093576  0.34800388173623975  0.35447722760515155  0.36080282554715359
  0.36706912914226353  0.37346187772245948  0.37955020210462925  0.38518990759650190
  0.39076009026039210  0.39639209864822328  0.40209904499985566  0.40781521284484745
  0.41324586540715041  0.41855095503157430  0.42389282122913541  0.42899669240000449
  0.43402355269538068  0.43903789888080808  0.44416644284212392  0.44932628240308203
  0.45463697076485671  0.46002580467021453  0.46537045530023002  0.47062248049629424
  0.47582709178648713  0.48087873807885279  0.48571616980401955  0.49075807014315898
  0.49575370415082942  0.50089801470256545  0.50605792480261280  0.51117368040907596
  0.51630757361216040  0.52149608750194665  0.52686566810463398  0.53226382876961020
  0.53761038277621465  0.54292662517345847  0.54819153069300763  0.55346964403189070
  0.55894026946576314  0.56458324852890374  0.57047015048883631  0.57622997957071420
  0.58186504814570628  0.58749960736402129  0.59332080197204740  0.59914070384197360
  0.60554670168093983  0.61244727139112398  0.61927157446761982  0.62601782884022794
  0.63262080227258510  0.63921758059028677  0.64592962585692781  0.65261903586248249
  0.65928902997731031  0.66610188411529314  0.67329415305109175  0.68094565049501266
  0.68925127082851434  0.69794290106600543  0.70645085094697169  0.71500063037497597
  0.72365245960736502  0.73263207249587903  0.74143667061981966  0.75068122136333426
  0.76092981557666484  0.77252878416849480  0.78581260314367518  0.80069466576003645
  0.81867779538079877  0.84176174413047644  0.87774564969779489  1.00000000000000000
   1.6945394016255731E-009  -1.0000000000000000     
 T T T T T T T T
  <DiscreteSampler_grid>
  grouped_processes
  1 # 1 for a reference and 2 for a running grid.
  10 # Attribute 'min_bin_probing_points' of the grid.
  1 # Attribute 'grid_mode' of the grid. 1=='default',2=='initialization'
  0.0000000000000000 # Attribute 'small_contrib_threshold' of the grid.
  0.5000000000000000 # Attribute 'damping_power' of the grid.
 # binID   n_entries weight   weight_sqr   abs_weight
    10   10   7.039730933308405E+003   1.129031318385185E+008   7.039730933308405E+003
    11   10   7.039730933308405E+003   1.129031318385185E+008   7.039730933308405E+003
  </DiscreteSampler_grid>
