 -0.00020540540314525  0.00633716811360961  0.01634287305545970  0.02728356406585954
  0.03866142661516653  0.04957039107059143  0.06036488555244818  0.07130738905900341
  0.08223501395659377  0.09287434776203490  0.10312235220735055  0.11288741223301274
  0.12242028906410929  0.13187422378725619  0.14130706644507196  0.15078788673352647
  0.15994807968860567  0.16882357857992872  0.17781521132518727  0.18671390903814303
  0.19561820505022934  0.20445505365956088  0.21335603733891378  0.22213152756946963
  0.23104677990027908  0.24007780727386993  0.24916118511294069  0.25832017792677331
  0.26729576227281743  0.27621900880044548  0.28485886475199274  0.29329359420359941
  0.30168415824867439  0.30995245193762150  0.31831411627283240  0.32666931330058352
  0.33494257735223182  0.34313245146111537  0.35115928195962720  0.35917806412383990
  0.36731699913283783  0.37549308272054455  0.38358052933470094  0.39153886000396981
  0.39949558484455527  0.40753570962751379  0.41543672273748922  0.42340102276945440
  0.43140484503837634  0.43968687838466025  0.44817647598511839  0.45657617478228973
  0.46499643296927684  0.47343210820629933  0.48185968547440150  0.49031532629268787
  0.49881759535873504  0.50740971379996813  0.51614818178583333  0.52505233471993906
  0.53401449947346069  0.54292811974863342  0.55165366735765620  0.56033559059086235
  0.56912917113962336  0.57810125896717246  0.58717698056609091  0.59640774219625303
  0.60581224348420393  0.61512613652158266  0.62447636009689633  0.63421692544413111
  0.64455566828235566  0.65469401798554150  0.66476207057746006  0.67491516831593756
  0.68537665968759764  0.69622935350711457  0.70736617253924672  0.71885224495548450
  0.73035466829885298  0.74193811665092835  0.75379011065402879  0.76605704620214554
  0.77858402817968275  0.79140649963399812  0.80479720937552424  0.81890118391468170
  0.83374490353177233  0.84953176888471460  0.86682249450184101  0.88476519125422781
  0.90492105417567548  0.92962771171292957  0.96110795475125088  1.00000000000000000
 -0.00210196225247393  0.00851419477488900  0.01744755584991930  0.02683497703638996
  0.03641131266889153  0.04685706992291775  0.05848903035568757  0.07054463677342757
  0.08244452150964263  0.09479010397635887  0.10643719569508758  0.11808755380385322
  0.12902018536557236  0.13990811250739255  0.15038259252663119  0.16089492163513897
  0.17123028279054825  0.18171057712305400  0.19204684383328643  0.20240724810986557
  0.21235394506249639  0.22224331070591000  0.23167426480993095  0.24058566978889842
  0.24930179982270051  0.25904017376262056  0.26875012045875840  0.27907112813130630
  0.28883377743433908  0.29966749456973490  0.31022134781869398  0.32009823777477664
  0.32970318603711568  0.33974432457452380  0.34984348554226657  0.36015973179228583
  0.37089355668988910  0.38212482320734631  0.39399874167576449  0.40593394637263064
  0.41794639179620402  0.42872081254648264  0.43957453971285254  0.45053307253360769
  0.46128905800285663  0.47179260773412585  0.48213015379999119  0.49273188070566593
  0.50353308634861138  0.51460766658373402  0.52565757538331426  0.53686327486664898
  0.54753219399551523  0.55768229762736332  0.56768859320084608  0.57732416693984523
  0.58775705177522475  0.59770646680724193  0.60802042407435564  0.61813868610483003
  0.62853248993758970  0.63899219999874446  0.64912646805490859  0.65904630360189620
  0.66907398784889272  0.67926496516943413  0.68964072252711361  0.70033694294487436
  0.71141397662088812  0.72273876382191182  0.73402346197975543  0.74542319301351501
  0.75634401667592022  0.76756336007280834  0.77853556974626470  0.78966704297751233
  0.80065550352153014  0.81121298398293584  0.82135056324517053  0.83124215907509780
  0.84155411787206136  0.85199196843376046  0.86264505133025104  0.87334351215003991
  0.88398597290403857  0.89431229373613597  0.90524888021979999  0.91648486880595048
  0.92711275021646056  0.93762935171977180  0.94838159534311028  0.95887152309657309
  0.96901627698349280  0.97903420235572747  0.98962024745559007  1.00000000000000000
 -0.01026528584372559  0.06412862076077519  0.10298737851231106  0.13027090596332661
  0.15160322689228872  0.17107387262813287  0.18957933299777158  0.20649813355170912
  0.22210104437384212  0.23715425946533050  0.25165527088041711  0.26532900795565745
  0.27783283573318829  0.28947577131205232  0.30104922515704446  0.31248137763389289
  0.32372557677292219  0.33483414649280036  0.34604094444264977  0.35701577927585132
  0.36762665620908469  0.37778116333674366  0.38742585683980746  0.39662780347215792
  0.40547647874544301  0.41421210417033755  0.42292326315644280  0.43143967239913039
  0.43986520727066597  0.44835559210020853  0.45672181027424158  0.46531425228579887
  0.47393466718289184  0.48232391551844478  0.49065088035054638  0.49874789114882123
  0.50688841083214120  0.51496457757424630  0.52290565578154991  0.53089440578163916
  0.53878495389553449  0.54704705428925893  0.55556891837697642  0.56375763405382928
  0.57153116706320661  0.57936762520223684  0.58720897986380516  0.59475337532995010
  0.60215053296968057  0.60916099336943119  0.61594811397522098  0.62281549019088500
  0.62985562772567638  0.63700485965596265  0.64396180881382603  0.65070815307667962
  0.65731100153011823  0.66396568499710573  0.67089532722410550  0.67807823755503915
  0.68536534677129635  0.69273990036812050  0.70048068722832779  0.70816208789101975
  0.71540461498591668  0.72295246552761228  0.73022318092371830  0.73715794422995051
  0.74392447948069518  0.75074218837200457  0.75773690965743956  0.76481860950786240
  0.77192823233052865  0.77908620988933419  0.78634359962862732  0.79385578355762842
  0.80148206613337514  0.80907158463418338  0.81674395916862041  0.82445650603462184
  0.83224504722445503  0.84029985430645648  0.84825490692539307  0.85614617026722284
  0.86398736077423210  0.87210848444976075  0.88060506539834726  0.88951298806494383
  0.89872936830456895  0.90838284423528792  0.91864420746924969  0.92968169480302176
  0.94120941532771962  0.95440039066298865  0.97220148023609299  1.00000000000000000
 -0.02179139975974115  0.14091988939036040  0.19166161315573696  0.22569988184989767
  0.25269878784025751  0.27607366152120516  0.29611903170806964  0.31455758966022501
  0.33146738689418070  0.34736194476138565  0.36178800609281825  0.37527650951873232
  0.38827300694953737  0.40108463385238757  0.41358067478999211  0.42537291323201981
  0.43639710149170308  0.44672440948224723  0.45669546088697510  0.46618543285413833
  0.47524351567208545  0.48397614647798648  0.49280344263270609  0.50131603632520971
  0.50941397318681825  0.51715813943011080  0.52445428493662805  0.53152774536654401
  0.53858661861995749  0.54554360250323530  0.55222014212636394  0.55871192529955993
  0.56512260462514541  0.57148511281986580  0.57783287075720635  0.58417598497265977
  0.59054174274263793  0.59678424247703921  0.60292465630563574  0.60878631805790173
  0.61454708726974649  0.62028232370346137  0.62589177778804417  0.63146730317982058
  0.63698468877620285  0.64251325963839589  0.64801895213223548  0.65335065248324453
  0.65883781936058006  0.66409071372209660  0.66956337341090744  0.67495408216998298
  0.68027349001999649  0.68553540753695397  0.69071032033693291  0.69580414191744500
  0.70086309511213563  0.70587090576636069  0.71084820732475895  0.71577240799618647
  0.72070948251539890  0.72578718347288995  0.73089603213908050  0.73595859139241504
  0.74095259240284894  0.74583493067859674  0.75067955851100621  0.75575919679999859
  0.76098882974093518  0.76621142968129774  0.77129222957036581  0.77640459812523288
  0.78150197991183223  0.78657091815423807  0.79173929308110491  0.79697274046739064
  0.80219997552168443  0.80736092924110126  0.81248660064368372  0.81764878991399537
  0.82284553286824569  0.82826820847896498  0.83396809723793197  0.83988045229933794
  0.84593721533810728  0.85197962709458730  0.85846085240648340  0.86518917772500858
  0.87222617545219605  0.87997140153182107  0.88876199807063805  0.89850634220380354
  0.90996805357579247  0.92425986475712585  0.94717845054022087  1.00000000000000000
   1.5178403751637625E-007  -1.0000000000000000     
 T T T T T T T T
  <DiscreteSampler_grid>
  grouped_processes
  1 # 1 for a reference and 2 for a running grid.
  10 # Attribute 'min_bin_probing_points' of the grid.
  1 # Attribute 'grid_mode' of the grid. 1=='default',2=='initialization'
  0.0000000000000000 # Attribute 'small_contrib_threshold' of the grid.
  0.5000000000000000 # Attribute 'damping_power' of the grid.
 # binID   n_entries weight   weight_sqr   abs_weight
    10   10   1.703986443193724E+004   1.074434755699072E+009   1.703986443193724E+004
    11   10   1.703986443193724E+004   1.074434755699072E+009   1.703986443193724E+004
  </DiscreteSampler_grid>
