 -0.00013718623418724  0.00606434887555603  0.01636383894009364  0.02775765729357601
  0.03938374663273074  0.05066826441079342  0.06176127436737756  0.07250629875261939
  0.08329236769836008  0.09415542494688878  0.10467608182194996  0.11478218873818428
  0.12465693860695250  0.13435826826020725  0.14408898287966299  0.15395840055737783
  0.16393749508396052  0.17366187970168187  0.18300034686027350  0.19219728709271655
  0.20135572654876990  0.21039698713890942  0.21932324143801704  0.22803607854307426
  0.23681318704450577  0.24560146983546949  0.25435170092704423  0.26311973314399723
  0.27166039626483585  0.28017691359060998  0.28851203669968184  0.29670150283117153
  0.30481465361555732  0.31283515739468265  0.32104525815009916  0.32927052947365537
  0.33748657096350149  0.34566489911804937  0.35390575378775435  0.36220991910740713
  0.37044633356569229  0.37858017842488689  0.38658886190735148  0.39510989171653349
  0.40360424426193159  0.41219351356499356  0.42075138525019162  0.42926894744829280
  0.43777028593502304  0.44627225551136973  0.45478985036482500  0.46330663066374006
  0.47186880215952332  0.48047683685691533  0.48924337997902156  0.49812195540112592
  0.50700261551911363  0.51590859648371257  0.52476894541245489  0.53385772673200937
  0.54298394061886524  0.55201195905366562  0.56093191567795098  0.56992357154841877
  0.57900513689006050  0.58803395931658464  0.59721936763996453  0.60657140187764658
  0.61600561717187230  0.62548565821011703  0.63498182011288673  0.64458518361458284
  0.65433418837773161  0.66417692186084376  0.67401602101014280  0.68380556627981803
  0.69390432260009383  0.70395898470218310  0.71396594473515063  0.72430731538457294
  0.73515655276765735  0.74636777889346528  0.75802940470248714  0.76982859751465904
  0.78182886805447849  0.79404108513045291  0.80702049402696441  0.82109166112132170
  0.83618822351404698  0.85207938703003261  0.86872633731194182  0.88616991320025273
  0.90638772490740283  0.93146849150551392  0.96204780712707927  1.00000000000000000
 -0.00235047655051887  0.00924868118913848  0.01938915144955032  0.02941439903606313
  0.03940734797830905  0.04990162537508851  0.06089507866349718  0.07150034661753159
  0.08216094743557091  0.09223496380859032  0.10196385074343312  0.11162746209405545
  0.12158180829078040  0.13184297236194542  0.14251443146707976  0.15319310010473502
  0.16380996238760509  0.17402876197466519  0.18390101651556728  0.19392910982835340
  0.20431692861948211  0.21508587194166137  0.22622720159672402  0.23713690770720644
  0.24785323324731431  0.25849796895408528  0.26906930344748459  0.27949280863538201
  0.28998235307384984  0.30085568262292600  0.31223294776535010  0.32342242679561278
  0.33484548078349713  0.34671660365448059  0.35811035980304301  0.36809393279898700
  0.37832087330515313  0.38842318276717769  0.39838160458149863  0.40767778203833033
  0.41748006217336908  0.42777492034124026  0.43792599921268272  0.44803274255134201
  0.45834852064204185  0.46912622539463583  0.48018387400816798  0.49090601650853349
  0.50142166042419456  0.51163188932245607  0.52177234746654400  0.53168755609777529
  0.54152573524845093  0.55157096256954818  0.56203697268094921  0.57270694384727161
  0.58324880764954989  0.59394020708311723  0.60492701616951627  0.61617971512215630
  0.62759590580071645  0.63875871410571727  0.64932442785744671  0.65949213319484079
  0.66963488779449354  0.68013982592289624  0.69081281614528833  0.70146013911674010
  0.71228803913484406  0.72336866388897103  0.73432810994294662  0.74492165709697833
  0.75570588551344020  0.76630891649356792  0.77691349317527203  0.78745731598656088
  0.79776170206539732  0.80795604717885017  0.81848859084559578  0.82938754747626442
  0.83997461383313310  0.85032446596789979  0.86070353248620235  0.87110412008444726
  0.88134796537001059  0.89172642840655103  0.90215194221499861  0.91285724203195440
  0.92349652803938020  0.93443740069134762  0.94524880935546463  0.95621336380532806
  0.96700133479742734  0.97794634403589453  0.98896859336674769  1.00000000000000000
 -0.00885768295769389  0.05305344540283115  0.08584174445124276  0.11102653410779526
  0.13223875417853254  0.15071276357764252  0.16759845787143979  0.18320176014313774
  0.19732514111103591  0.21006711714369361  0.22185712360373366  0.23305635898544602
  0.24385781845624593  0.25479251581363660  0.26575525211568224  0.27642764451919688
  0.28666418707682390  0.29688235889740799  0.30727446639954387  0.31738381043678127
  0.32708901062768581  0.33644481558661082  0.34577275959852594  0.35503928610598068
  0.36413678330949045  0.37314500368991083  0.38248846650579865  0.39201783337452795
  0.40131283855463989  0.41030964288878374  0.41913875563759867  0.42784902352166121
  0.43648800431228146  0.44510948586485932  0.45358236787700973  0.46199141191475940
  0.47039094030944162  0.47876314267754372  0.48669115362854970  0.49447892342795979
  0.50202664984987688  0.50929721791426497  0.51649046206040561  0.52368457308141414
  0.53079870831013631  0.53778412447146107  0.54479697101186830  0.55198632738937958
  0.55927041628773588  0.56653527920076985  0.57369120581057020  0.58107834400405955
  0.58915619251895290  0.59764033064180999  0.60577497271758407  0.61368638156221544
  0.62160761057628211  0.62927148757270468  0.63658826187200290  0.64397953321245016
  0.65088984295427821  0.65796639340128571  0.66518961755727368  0.67274343514041368
  0.68037156181249880  0.68817259936068131  0.69637021912321517  0.70451496087843202
  0.71280480204666719  0.72118167440750269  0.72952375801265912  0.73773912263632524
  0.74597721910423753  0.75413968706928902  0.76185203602055485  0.76975731203135367
  0.77778688949056052  0.78593764138075761  0.79423187376439142  0.80262791137621847
  0.81113637112560211  0.82000245332002997  0.82912229803069037  0.83846615782079514
  0.84805324591364795  0.85788391043652235  0.86804456615103520  0.87847225532253725
  0.88923315520432911  0.89994248667552679  0.91103693665017882  0.92288105754569560
  0.93610204904583705  0.95149039184446382  0.97238314713420027  1.00000000000000000
 -0.01931528780424323  0.12023307315614931  0.16255458293184297  0.19024250278047616
  0.21156524621638176  0.22958263559379369  0.24573990349385669  0.26195585715696501
  0.27762236456765138  0.29196045202476872  0.30501217531077968  0.31702838281433648
  0.32818159060818342  0.33878891642692005  0.34896693349964414  0.35897722594236992
  0.36873944758027216  0.37856136645316241  0.38828008225065186  0.39754521681035282
  0.40641663845432191  0.41513919638764479  0.42371213706877070  0.43210990996375914
  0.44034898790800986  0.44839133440667933  0.45658790943946992  0.46515111856047164
  0.47391535739896790  0.48228396685362168  0.49024969782490097  0.49819053485684600
  0.50594109750063276  0.51368904331554388  0.52108925589679955  0.52785772763718264
  0.53449699172344722  0.54108493838933269  0.54757640382515060  0.55401729577808356
  0.56035952158485014  0.56655787124113810  0.57260964615635135  0.57853668582015261
  0.58439852486229205  0.59025567838142934  0.59620410350844988  0.60202075411195477
  0.60791057594465081  0.61373153824551874  0.61949668619011300  0.62531838479882307
  0.63129017606144378  0.63732166430287418  0.64345036916341325  0.64934832445358126
  0.65509640971266314  0.66075046423346129  0.66632524868493648  0.67179209470161727
  0.67709667872676849  0.68240004079150451  0.68779793056282867  0.69336385764216890
  0.69893447326493874  0.70435480521698779  0.70996838188436728  0.71597085333774158
  0.72207727521820220  0.72817727380767339  0.73426414345495217  0.74033637066704516
  0.74637040581948000  0.75235147745536790  0.75826487590216607  0.76429208252824543
  0.77044529080279922  0.77677103872641717  0.78318204171342465  0.78960992218409232
  0.79614847687703238  0.80282675666662895  0.80954610635080426  0.81679783975616027
  0.82424567785974034  0.83190723596431748  0.83966270632943851  0.84769369828066110
  0.85615975771479491  0.86524136710030175  0.87491664050575779  0.88571622823743668
  0.89775130421941074  0.91378476423047761  0.93835058601234711  1.00000000000000000
   1.9057641582673637E-007  -1.0000000000000000     
 T T T T T T T T
  <DiscreteSampler_grid>
  grouped_processes
  1 # 1 for a reference and 2 for a running grid.
  10 # Attribute 'min_bin_probing_points' of the grid.
  1 # Attribute 'grid_mode' of the grid. 1=='default',2=='initialization'
  0.0000000000000000 # Attribute 'small_contrib_threshold' of the grid.
  0.5000000000000000 # Attribute 'damping_power' of the grid.
 # binID   n_entries weight   weight_sqr   abs_weight
    10   10   4.483568638840507E+003   7.964002848163573E+007   4.483568638840507E+003
    11   10   4.483568638840507E+003   7.964002848163573E+007   4.483568638840507E+003
  </DiscreteSampler_grid>
