 -0.00031243039496454  0.00690600745583893  0.01685093455681422  0.02781083642714014
  0.03911089650075451  0.05043923133840194  0.06171864316965391  0.07266143565422821
  0.08346645660691682  0.09414126020355536  0.10433937631181281  0.11429661844907853
  0.12382436273843150  0.13308200298329267  0.14215311861867422  0.15136390846240613
  0.16071550502703955  0.17015977197051202  0.17999395200738008  0.18966080717148712
  0.19873925980017715  0.20762562390889461  0.21647301171259667  0.22492693951849579
  0.23316425242945144  0.24136308959482675  0.24963979719970969  0.25784864312373562
  0.26618005015192292  0.27470658925427061  0.28327835755205810  0.29207584988326479
  0.30086625910726489  0.30944942309910994  0.31789405086806999  0.32618100884913004
  0.33433186461286979  0.34268892483267527  0.35110155161570700  0.35955576258665073
  0.36806958948102242  0.37664019212190686  0.38525906253859094  0.39385102253003790
  0.40244288535559852  0.41100145157543483  0.41934651553896124  0.42751621815157292
  0.43586019725412706  0.44465631776299319  0.45346457027035919  0.46229113869733762
  0.47127358201216624  0.48040344265918639  0.48960195477375612  0.49875533496812885
  0.50777719814840283  0.51665200021790836  0.52552189937145566  0.53437796640676438
  0.54313165333555391  0.55173155977287025  0.56031307702374888  0.56924707409155884
  0.57817058198336124  0.58720362463854103  0.59621908041689486  0.60512773789938645
  0.61391774529539844  0.62267547390355338  0.63157540408872281  0.64082015664262404
  0.65041958154692370  0.66034732057010381  0.67052539229339625  0.68083727106696468
  0.69112780725166789  0.70149274830139352  0.71209899903505569  0.72283208709452829
  0.73374371188395904  0.74491731531199756  0.75631932060671092  0.76756462452831420
  0.77937483874285385  0.79300793390446966  0.80712434587768611  0.82151525662398384
  0.83608957772406023  0.85155554314023063  0.86950049435486165  0.88782330905572149
  0.90783013888386821  0.93096536178461931  0.96240865554125987  1.00000000000000000
 -0.00175654883131075  0.01128364016035027  0.02250205206548533  0.03272626744803500
  0.04279935777781960  0.05244333744243792  0.06231376801453306  0.07253518325579567
  0.08351926381877398  0.09480494216080747  0.10582489079898945  0.11653510630207427
  0.12705103692612610  0.13808080631869576  0.14869145349485813  0.15955178783405613
  0.17081026798579818  0.18197818767086346  0.19231646366996147  0.20190976628257723
  0.21181744421784571  0.22168285862448470  0.23121833361766991  0.24040828150166213
  0.24963498526131236  0.25912696862287860  0.26803410874479133  0.27743463837952387
  0.28742068877342108  0.29818937132261092  0.30915533823058344  0.31959602516024821
  0.32959980005753403  0.33944297122272771  0.34928525152998979  0.35929841309249139
  0.36961753965402611  0.38042506813359794  0.39154710377854096  0.40219085397917265
  0.41252682054920042  0.42306813813771732  0.43344878618493105  0.44336748641978069
  0.45268836727889972  0.46212212084296200  0.47163997810235625  0.48116568592296544
  0.49017008035394705  0.49889091036133598  0.50806867947123846  0.51770346666407563
  0.52781247223425098  0.53769520036096941  0.54778739550134459  0.55845310221762079
  0.56887200494616375  0.57858250408893075  0.58842389933862660  0.59855924320932741
  0.60990246952240934  0.62164131968183245  0.63302533078845202  0.64418864561470601
  0.65527607483269812  0.66633807463370420  0.67697002284355667  0.68784536125879792
  0.69982507317435483  0.71244018426940392  0.72508682045721673  0.73718111218625193
  0.74864885371525747  0.75972929364951158  0.77064256116845820  0.78195462340075295
  0.79340325469031814  0.80423199697585779  0.81504814873521125  0.82524400990017910
  0.83557559532402248  0.84536223486552831  0.85523601592481191  0.86537005115514054
  0.87615957096464503  0.88717128459629413  0.89891605162539678  0.91019255784968289
  0.92105970902496359  0.93144224965986400  0.94222497279717543  0.95312887022633419
  0.96488153363465279  0.97662440884266699  0.98843619343456712  1.00000000000000000
 -0.00936032756146000  0.05930631081494828  0.09468661861359082  0.12132782209625713
  0.14179408367851520  0.16056785427670817  0.17853761481472505  0.19522384880393195
  0.21028623307730623  0.22406440165338048  0.23660244973149991  0.24829311926991343
  0.26106165173140700  0.27383079272536626  0.28602409227431341  0.29700437252773332
  0.30737517331230624  0.31680326696838756  0.32648048955594661  0.33568743935035966
  0.34526741283273682  0.35461229781959247  0.36265451232782381  0.37051403841360836
  0.37833093398642925  0.38638491124336538  0.39426083198609924  0.40207984182440187
  0.40984330410747710  0.41787718744161895  0.42645947170869469  0.43498807026144909
  0.44327939828645901  0.45138442354063046  0.45948345540262009  0.46748845422843593
  0.47530326433956693  0.48314360139697560  0.49118931669466998  0.49918948961661774
  0.50689812160464731  0.51441963940740132  0.52183123129575015  0.52896271339534351
  0.53607275977333679  0.54304418855921988  0.55005223545821125  0.55721751336167835
  0.56443785432680393  0.57109483088750157  0.57751913309837533  0.58408238059434125
  0.59114103524630168  0.59797461765875048  0.60469980527638645  0.61157888518402803
  0.61845571071633920  0.62607638545714150  0.63472293068119312  0.64377397899501154
  0.65235537130993249  0.66047387324457874  0.66836002944753037  0.67509198157142047
  0.68187588688490830  0.68858710877512697  0.69516723690152638  0.70192781716699559
  0.70867419089762307  0.71534338673384401  0.72201198948527967  0.72876476020205849
  0.73575363686739292  0.74300982768622514  0.75054636916002970  0.75855981625994418
  0.76678686225840198  0.77457924454940452  0.78203232412924839  0.78969686015544915
  0.79808056147818007  0.80675969114179003  0.81563886398573460  0.82481427395881346
  0.83424771082412696  0.84370218197322544  0.85329423350043709  0.86327427974712256
  0.87364410947379401  0.88443395638379418  0.89623609610253796  0.90957813690806322
  0.92399911400056955  0.94034508092931823  0.96267746366184348  1.00000000000000000
 -0.01954187403938491  0.13852082984755082  0.18558162536519107  0.21501140294147544
  0.23770374856870916  0.25577058622093635  0.27136415902680977  0.28647867475044386
  0.30114788259923958  0.31528435769687718  0.32866409065695690  0.34059753220925448
  0.35159671603690129  0.36224899056020377  0.37249962780283102  0.38227342184460850
  0.39188508250633647  0.40130756495906239  0.41007967252625777  0.41837245713339605
  0.42637942797104078  0.43418510388283188  0.44195501318974384  0.44973973243686349
  0.45739467103831905  0.46462531147888414  0.47142560806626543  0.47807806621025106
  0.48473220643093956  0.49148219362033757  0.49813225765388131  0.50461377982863920
  0.51095249757479921  0.51735347044682956  0.52370093675861384  0.52992529634212837
  0.53595150441684825  0.54196490482218695  0.54793777498471496  0.55392555870864824
  0.55981320584943806  0.56548042147600031  0.57088155216296299  0.57626331686130439
  0.58160333037157441  0.58708886658680270  0.59264559341495426  0.59816327332431962
  0.60366445560385951  0.60912601124133081  0.61451672691380521  0.61983942367614131
  0.62504509194864366  0.63054844861235504  0.63592378376469405  0.64146646271770857
  0.64704036681226473  0.65244106587736417  0.65775325207112489  0.66312500455403389
  0.66839944178332411  0.67333862819289236  0.67823140347437250  0.68298487094138172
  0.68759183725018969  0.69229306062404605  0.69694056322946007  0.70167411413200642
  0.70653332452317852  0.71144594577695275  0.71651771187360180  0.72153318963765001
  0.72625627955010141  0.73160704721330339  0.73738805039705302  0.74327372363178212
  0.74938278578248030  0.75577469568028344  0.76230660494417846  0.76892799935485545
  0.77566422337323904  0.78257381781087765  0.78960090308199382  0.79666700699169568
  0.80404645084862802  0.81184236628913897  0.82005761294777479  0.82864297928692743
  0.83788140749513562  0.84778091468880357  0.85858783433587749  0.87066615028552741
  0.88486128219227422  0.90283202813402708  0.93069274186406070  1.00000000000000000
   2.0095361512918417E-008  -1.0000000000000000     
 T T T T T T T T
  <DiscreteSampler_grid>
  grouped_processes
  1 # 1 for a reference and 2 for a running grid.
  10 # Attribute 'min_bin_probing_points' of the grid.
  1 # Attribute 'grid_mode' of the grid. 1=='default',2=='initialization'
  0.0000000000000000 # Attribute 'small_contrib_threshold' of the grid.
  0.5000000000000000 # Attribute 'damping_power' of the grid.
 # binID   n_entries weight   weight_sqr   abs_weight
    10   10   8.168391653972709E+003   2.261370201582491E+008   8.168391653972709E+003
    11   10   8.168391653972709E+003   2.261370201582491E+008   8.168391653972709E+003
  </DiscreteSampler_grid>
