 -0.00027396034062969  0.00662093753714357  0.01647663707018242  0.02686805749312132
  0.03765450143288818  0.04805919257414058  0.05876186613100277  0.06892908039329117
  0.07902480545077874  0.08877252672575617  0.09862500248910783  0.10858829484301415
  0.11875307969010172  0.12890164045930946  0.13865155573061619  0.14792647607697687
  0.15701812923263783  0.16602365102273353  0.17512412935980762  0.18425988745810973
  0.19318316315181011  0.20202059485803753  0.21051761662304833  0.21887459043472182
  0.22705255605555713  0.23532031722021840  0.24372321773085620  0.25193291660294098
  0.26045356566932548  0.26938434824877855  0.27822362998048394  0.28704183646481757
  0.29585958668942564  0.30457740819383994  0.31396788548847293  0.32322827511454227
  0.33224326220486328  0.34074563842249644  0.34894393965833564  0.35711885436506124
  0.36524868834282953  0.37329737755755071  0.38136670255831845  0.38942186362877029
  0.39718061504151775  0.40484541273526453  0.41270950352768049  0.42061446293736160
  0.42863965159088813  0.43667257264333886  0.44463350112995381  0.45241360874921532
  0.46005079600698895  0.46785543625432224  0.47585802975518088  0.48401494347124807
  0.49226206685698870  0.50059261152069068  0.50928723591507985  0.51827314947588288
  0.52731278768697121  0.53619581005702444  0.54492340758248226  0.55392546530623810
  0.56306151144750338  0.57225847684181486  0.58141548633197349  0.59045583146711977
  0.59964158481464680  0.60938192314435879  0.61941905647738971  0.62966530912059659
  0.64002612878322640  0.65030391592514147  0.66108975612335319  0.67184599516868715
  0.68260575037545212  0.69338662747102653  0.70419798031598979  0.71536868379860852
  0.72756728362122658  0.73973967000652407  0.75177462926192251  0.76408552554000642
  0.77757922473995988  0.79155535736841254  0.80588276615111243  0.82019375616498402
  0.83508701452273326  0.85118343085043835  0.86871077916145434  0.88764516676843797
  0.90793416513679182  0.93145169048744059  0.96289071210340049  1.00000000000000000
 -0.00254300453236842  0.01012134618608233  0.02019592295772162  0.02958437413292659
  0.03885129458758072  0.04796175870315957  0.05732791525333084  0.06719896891609102
  0.07715810396119797  0.08711540920320876  0.09778456432452663  0.10941820090316258
  0.12218860363221454  0.13443396458603266  0.14609955532439112  0.15841900409408194
  0.16958902346938282  0.18001693001593769  0.19032032149193032  0.20127025600369572
  0.21194354807526683  0.22296934093672954  0.23420397698751280  0.24634655206176526
  0.25752943790316124  0.26801381637229804  0.27794084526157203  0.28759540517214977
  0.29769781788145477  0.30820467755011677  0.31923679577592656  0.33044306353325359
  0.34135450234726916  0.35229946833648723  0.36283574236015126  0.37324468550509904
  0.38370228887842484  0.39458751592665381  0.40538314229251460  0.41564275588654370
  0.42575967741045939  0.43597690965305569  0.44600837605716748  0.45568297483310882
  0.46560842936610591  0.47542898893851382  0.48622341472243230  0.49698552285186109
  0.51044520403561133  0.52283954338517824  0.53430135884349650  0.54490189827328050
  0.55504597674356826  0.56562360311773063  0.57680111462492545  0.58758472238095905
  0.59797679083489874  0.60826223292190473  0.61853283200222253  0.62805111004937531
  0.63739290619845079  0.64733269207898481  0.65840104551543144  0.66974960965128627
  0.68071728372183060  0.69088553744683034  0.70106579139820435  0.71107550119094354
  0.72102378135432543  0.73079027253827855  0.74072035431820904  0.75072247956020655
  0.76033651508787481  0.76976082559890702  0.77889631743618626  0.78809681857820968
  0.79703977137693471  0.80556953861543656  0.81459181719026730  0.82445163188916815
  0.83473392811400549  0.84595250140715028  0.85786124337139447  0.87058934684516354
  0.88204299268055142  0.89302466534027936  0.90347951698516960  0.91370853838768595
  0.92409444020869647  0.93413754892480827  0.94406124338758124  0.95406622214762793
  0.96458745297557424  0.97606930267419711  0.98786449789916186  1.00000000000000000
 -0.00777456845076330  0.05312430668415442  0.08270181283976245  0.10458045119990413
  0.12297620817865981  0.14137717268684433  0.15826267884092471  0.17279337703651873
  0.18636529111268674  0.19983107771901421  0.21321547982993638  0.22599067689977681
  0.23776245265271870  0.24934055284478440  0.26064056137958524  0.27116878711829001
  0.28100906184277008  0.29065397470768295  0.30026223281612174  0.30957448719256786
  0.31891928787739582  0.32842918667169413  0.33799462642679878  0.34714087997585752
  0.35605122549112495  0.36501174813309062  0.37385975731189092  0.38210006444260852
  0.38970541439628420  0.39738423228500597  0.40544002495652959  0.41337248463453785
  0.42103729765809245  0.42853550807804525  0.43642816585706484  0.44515581572377450
  0.45412434494594689  0.46209798512926020  0.46929757949827722  0.47642501926198694
  0.48357758802591239  0.49073117901098467  0.49768030537644103  0.50439365444258666
  0.51109188451345100  0.51782090429791683  0.52454965065344594  0.53140519886100113
  0.53830385517101176  0.54499848674151341  0.55160155891129325  0.55810737725320214
  0.56455657847032592  0.57104829116481448  0.57755404995125315  0.58398125817258673
  0.59032749857406353  0.59656582529513213  0.60301017665882495  0.60995378683414114
  0.61717058807222502  0.62398451706257707  0.63056434062333711  0.63721902564149902
  0.64405301806293258  0.65183994273255474  0.65979644245740920  0.66768317390396048
  0.67543820405838850  0.68294347636031827  0.69052828966024904  0.69858712190550354
  0.70660076835735031  0.71441904820424973  0.72206818984871157  0.73019021852452637
  0.73917796439786132  0.74817748005834628  0.75600937486228570  0.76396391715146561
  0.77238124892460613  0.78122161374227417  0.79003387820348958  0.79922229110373477
  0.80837276182729345  0.81845847158192131  0.82897555291142022  0.83976007372216566
  0.85087098159559549  0.86269055817151685  0.87534133879100595  0.88896218823146711
  0.90458968499056069  0.92315415191294836  0.94958311822340169  1.00000000000000000
 -0.01492519903020545  0.09235626411813720  0.12866338079452541  0.15144850733961085
  0.16910652581919230  0.18630204710906498  0.20247039392237129  0.21600725222190248
  0.22805807992975452  0.23915652635025078  0.24984259132126410  0.26047995703613064
  0.27045800131007602  0.27960721328746130  0.28801338557842859  0.29582473702108164
  0.30282808239395675  0.30978425863405545  0.31670032732265835  0.32368850617899375
  0.33063897783020957  0.33746402982803769  0.34405453532886532  0.35060026348993295
  0.35723908967623563  0.36421486236227163  0.37136937496368194  0.37789229919696127
  0.38402096287578746  0.39012528861667373  0.39619005764721149  0.40201047022212394
  0.40782744468950871  0.41367831257669158  0.41965723417724649  0.42550772679325760
  0.43102081351956217  0.43641329536437384  0.44181185638871773  0.44730178021070216
  0.45289373489327134  0.45846844972708639  0.46433831069088444  0.47027181751723929
  0.47619569005786605  0.48202426275076066  0.48777417316066113  0.49352396990117531
  0.49931991380536961  0.50551806281126910  0.51181433283626254  0.51795491562688356
  0.52397409282101692  0.52981747845563443  0.53566893869486798  0.54157061166093035
  0.54740950693326351  0.55338971249298674  0.55977847684034565  0.56621012304316676
  0.57267169429993137  0.57906404431820924  0.58530506258699777  0.59137219144382036
  0.59750934817713186  0.60379959831928021  0.61002651198360525  0.61623897152555396
  0.62250502501039617  0.62898598031355801  0.63579147695436111  0.64301668489366437
  0.65068910507791811  0.65878119803768165  0.66667964463428009  0.67449644237299022
  0.68233892208470381  0.69027536290631542  0.69814154105998560  0.70585756500130836
  0.71352184382136430  0.72113482814314156  0.72930182401871069  0.73801929467558525
  0.74743210878030397  0.75718876130699597  0.76697255792470553  0.77790501696590175
  0.79028039141530160  0.80305946510862658  0.81686564916387261  0.83247846447818141
  0.85085114080393121  0.87438691478418451  0.91113867063447807  1.00000000000000000
   3.6631669719543145E-009  -1.0000000000000000     
 T T T T T T T T
  <DiscreteSampler_grid>
  grouped_processes
  1 # 1 for a reference and 2 for a running grid.
  10 # Attribute 'min_bin_probing_points' of the grid.
  1 # Attribute 'grid_mode' of the grid. 1=='default',2=='initialization'
  0.0000000000000000 # Attribute 'small_contrib_threshold' of the grid.
  0.5000000000000000 # Attribute 'damping_power' of the grid.
 # binID   n_entries weight   weight_sqr   abs_weight
    10   10   6.976474662270397E+003   1.959574385972174E+008   6.976474662270397E+003
    11   10   6.976474662270397E+003   1.959574385972174E+008   6.976474662270397E+003
  </DiscreteSampler_grid>
