 -0.00032239569640968  0.00692518189090465  0.01715569524084356  0.02807612765770025
  0.03909503538214146  0.05028265538094399  0.06163910077487720  0.07276503953166719
  0.08347815953699235  0.09427849409530444  0.10507856486800572  0.11530364705363691
  0.12529855798832859  0.13491781116587989  0.14453461767157100  0.15400650210211572
  0.16318963559215294  0.17247248354591521  0.18181370467688196  0.19111049067180252
  0.20028443935772330  0.20953091267065227  0.21897674231969588  0.22819963833942880
  0.23723299932792477  0.24622468330206967  0.25512783691806945  0.26383824969572323
  0.27237596390778362  0.28087146633168680  0.28930509315368125  0.29777548146490540
  0.30631687795302676  0.31481836746110758  0.32329931995137223  0.33166546007414288
  0.33992355667244928  0.34823225173288769  0.35663595109064866  0.36493911152960512
  0.37309895056598119  0.38116605583671309  0.38904553232171579  0.39699925562610594
  0.40512004430405890  0.41333432804045117  0.42157032997085753  0.42980537383600798
  0.43803763340190988  0.44624739663407098  0.45440279974817038  0.46242699585918418
  0.47023563932894386  0.47841127478850803  0.48682819978823433  0.49530758686885945
  0.50377625048764596  0.51223340663581496  0.52077902636870876  0.52941594244292067
  0.53808378039938298  0.54672836430207561  0.55535572586858606  0.56408893001470606
  0.57322708671848488  0.58237650078792103  0.59159839960673799  0.60077378207355370
  0.61001263715129739  0.61937075251983909  0.62877064543161187  0.63827668533598114
  0.64788282905587657  0.65772546249882635  0.66780615404049504  0.67806436685379723
  0.68841077304798348  0.69875742192686352  0.70909115790766053  0.71964191558640700
  0.73039139264674846  0.74137154438831621  0.75248853130204174  0.76375182088821003
  0.77553459144948989  0.78794182539419089  0.80171698128278257  0.81600020651723926
  0.83083901599761956  0.84659721945422028  0.86371403719725826  0.88265243777913327
  0.90243509052826565  0.92593363008635055  0.96025858973384381  1.00000000000000000
 -0.00249146492768686  0.00933417101385811  0.01972945693603734  0.02933557590402492
  0.03927100257832186  0.04917067794935977  0.05919233458926849  0.06917975129283011
  0.07896605642880442  0.08936945400934962  0.09976374076740326  0.11047640972165372
  0.12093672095535908  0.13174182652317573  0.14254697274259007  0.15381130000649176
  0.16470194191227108  0.17578385922035855  0.18691039197113848  0.19809012854063973
  0.20933920786360491  0.22021891400378102  0.23060851458496801  0.24060797835998698
  0.25081597937374334  0.26163032210473697  0.27240522936346356  0.28321674583095208
  0.29371971474562947  0.30433441337577805  0.31494028936874591  0.32560204246626206
  0.33610821938227997  0.34674681374318361  0.35768098234375578  0.36841730091256963
  0.37860340955191085  0.38798166748541102  0.39774952434916411  0.40743696942801710
  0.41748141029850816  0.42782693623777607  0.43840179240279203  0.44949865809528178
  0.46037708882770662  0.47091464277322825  0.48174630220836662  0.49283280517739786
  0.50357169806264634  0.51397609410173017  0.52463834898624895  0.53585993228468098
  0.54669695287649867  0.55729437284188144  0.56745221947354851  0.57750939228496123
  0.58747613810417210  0.59764206289123600  0.60801059059675766  0.61800905516514215
  0.62787446728697149  0.63833186083670868  0.64884775742524381  0.65903216654680785
  0.66960345513957886  0.68046646335939442  0.69112074260334899  0.70162277564881836
  0.71242950339348377  0.72362558375086683  0.73443966217736090  0.74467514675157209
  0.75518631176853490  0.76589455921058802  0.77616451091599969  0.78621915167850698
  0.79602886412953933  0.80564404063938910  0.81535974105542119  0.82500602414097080
  0.83500077921187199  0.84507188963539570  0.85550796166805920  0.86631966243963066
  0.87747071713598779  0.88862196335299160  0.90000606009912776  0.91166580517187590
  0.92331892449418951  0.93487037513754789  0.94602899351890679  0.95692829324539552
  0.96740801851501701  0.97813368004305090  0.98890177495512732  1.00000000000000000
 -0.00899713207085113  0.06118127913888497  0.09763323837896130  0.12514248489625593
  0.14675044213575850  0.16558668192607379  0.18266389743605485  0.19902941027795437
  0.21461304031617626  0.22961384342222915  0.24336756360989564  0.25634124980348882
  0.26811400336162139  0.27908051025254449  0.28965451230505085  0.30014124134000719
  0.31084717188917216  0.32151735298152800  0.33203077164302786  0.34216850146303601
  0.35207517925049275  0.36185432381137395  0.37160463051283971  0.38086649629885994
  0.38982185372219913  0.39861221443610861  0.40715261999831714  0.41550485019161343
  0.42385627676112253  0.43213377861291141  0.44054898247318858  0.44918986896732183
  0.45767485090041782  0.46653999415215403  0.47519046141386290  0.48349356989531816
  0.49163406290307138  0.49970831478622491  0.50782188100467307  0.51594720540982153
  0.52392312292009180  0.53164101522608864  0.53913756847691174  0.54643963288084418
  0.55350461064477874  0.56084525912562555  0.56783667099368307  0.57480832427651907
  0.58168264128017722  0.58842943680262572  0.59517758252318165  0.60203755378534984
  0.60895979933021482  0.61580252988350426  0.62270714067113953  0.62976786343785152
  0.63697984011424025  0.64414323822249897  0.65135012292573347  0.65870627223598233
  0.66591103228444870  0.67282004483024282  0.67983623051895925  0.68697720882749580
  0.69385683340260107  0.70066771629105451  0.70735034111281347  0.71373162318729055
  0.72004425636320868  0.72630562560217060  0.73270638763918594  0.73931432373563943
  0.74603102649184172  0.75289105558898406  0.75989904095419847  0.76679903187310627
  0.77395519917908384  0.78142490759572814  0.78900754997907785  0.79681727296960525
  0.80474295869056667  0.81294393865238934  0.82156120230509566  0.83052857920342027
  0.83981842241730176  0.84939719210091535  0.85914034353728475  0.86915745955742585
  0.87969019992350284  0.89077636281542705  0.90236385768359528  0.91477790021327088
  0.92850590314477000  0.94388309006126814  0.96466366317390650  1.00000000000000000
 -0.02252591152070553  0.15006726188366623  0.20240783080793773  0.23849170278381404
  0.26716102441958683  0.29014601279950369  0.31013295592385531  0.32867823979836597
  0.34550194025908920  0.36054094958685445  0.37463323388654640  0.38801086316408351
  0.40055898013261360  0.41258763022138523  0.42396668711809188  0.43462573872131166
  0.44480543485699198  0.45456258783078313  0.46385588856171117  0.47271171868634659
  0.48140319729981113  0.49011589678663192  0.49861286246598568  0.50656109514098990
  0.51407199543589432  0.52147189718982845  0.52855774135137779  0.53554262424785892
  0.54238067764051112  0.54897047024180612  0.55546140502177244  0.56189744918108442
  0.56829793682764385  0.57463813494844118  0.58091722389033584  0.58693022580468013
  0.59266475561446752  0.59843183987437343  0.60417285632310169  0.60963254289201996
  0.61490873542355018  0.62011709946063964  0.62526347696085438  0.63032723650008271
  0.63537219015503177  0.64040381955225423  0.64540379508205292  0.65042964145557225
  0.65540738048014802  0.66024675706320080  0.66503193263229721  0.66986771164100922
  0.67477458814109159  0.67983715177496862  0.68471770460567893  0.68963014085378949
  0.69445887209393398  0.69930005243858739  0.70417720793015237  0.70906479895994712
  0.71392258326259816  0.71871958076815479  0.72347612044259402  0.72812204214836840
  0.73286341175478908  0.73763579955364589  0.74240609499338961  0.74717883742795510
  0.75192284377685203  0.75663202197699908  0.76138083004528878  0.76616509970986613
  0.77106877313028110  0.77618082906075192  0.78132908586098837  0.78647387748833553
  0.79158816142150867  0.79668762280773642  0.80177684124712645  0.80693507345475468
  0.81226079618291980  0.81776191954740396  0.82353108098651473  0.82946081310070507
  0.83567179144383852  0.84225432437234060  0.84906869094179360  0.85618082629538961
  0.86370172051563154  0.87156522060049035  0.88011224197207516  0.89027073393881462
  0.90226666837133540  0.91831928619673142  0.94338242126156113  1.00000000000000000
   2.8088942924168174E-008  -1.0000000000000000     
 T T T T T T T T
  <DiscreteSampler_grid>
  grouped_processes
  1 # 1 for a reference and 2 for a running grid.
  10 # Attribute 'min_bin_probing_points' of the grid.
  1 # Attribute 'grid_mode' of the grid. 1=='default',2=='initialization'
  0.0000000000000000 # Attribute 'small_contrib_threshold' of the grid.
  0.5000000000000000 # Attribute 'damping_power' of the grid.
 # binID   n_entries weight   weight_sqr   abs_weight
    10   10   1.977929485812287E+004   1.270695148375706E+009   1.977929485812287E+004
    11   10   1.977929485812287E+004   1.270695148375706E+009   1.977929485812287E+004
  </DiscreteSampler_grid>
