 -0.00013422485971881  0.00591201175373020  0.01613544190344787  0.02726758014092840
  0.03879352290845685  0.05036948970392030  0.06190495851636992  0.07294417626193263
  0.08381557842560861  0.09437617111375420  0.10459447667111815  0.11458289709962927
  0.12461361256405090  0.13451636596628566  0.14417924638207183  0.15389327637348799
  0.16350219438524938  0.17349591935231873  0.18375751209100311  0.19377080195199933
  0.20358045876387687  0.21282347329058085  0.22151642785584719  0.23024169803899927
  0.23873727987096591  0.24703256098858586  0.25524747499556732  0.26359266853082813
  0.27205557318169654  0.28044853673647513  0.28902160920465031  0.29763791998285088
  0.30608691185053855  0.31446274427295273  0.32296647051272553  0.33157024193125839
  0.34014630252263994  0.34866794273772433  0.35710850323535692  0.36526805158747827
  0.37340391534260592  0.38147579753732747  0.38947888028842170  0.39754591113222271
  0.40560753571569907  0.41359406625861184  0.42150336711666775  0.42943358787070685
  0.43745361463732940  0.44551493497717731  0.45353847102500755  0.46144353959811962
  0.46921729346582941  0.47716897276897885  0.48555110461293333  0.49409689861309758
  0.50260091442368016  0.51105785509078439  0.51952671392191918  0.52793641171944206
  0.53661174133896350  0.54558338862565769  0.55453924514885666  0.56341982466114626
  0.57232509886097649  0.58129362809227914  0.59047505875486639  0.59972294152665873
  0.60911628146476815  0.61859725221059525  0.62810843543223382  0.63768577583799502
  0.64730324462326150  0.65717410602278648  0.66725921843197378  0.67751175394116769
  0.68788771559389739  0.69835537776229517  0.70885936881913703  0.71942322341924358
  0.73030855682244422  0.74170875384429513  0.75356460943753745  0.76563634708078621
  0.77782388733518015  0.79011456223953747  0.80317085187309412  0.81749849628348625
  0.83336346779840897  0.85057669576024764  0.86830683750285942  0.88741369344302956
  0.90864129563160190  0.93340562407290462  0.96419027336331231  1.00000000000000000
 -0.00214500106283323  0.00961041207517996  0.01950714886392698  0.03009648168779087
  0.04035887202484390  0.05161175054641733  0.06282821583202908  0.07452145898768341
  0.08601147119752386  0.09746598485980401  0.10805864257252715  0.11837244496452089
  0.12861226610863069  0.13864172707045330  0.14885911102997088  0.15932806958477519
  0.17024139712979200  0.18155765991305678  0.19254716751271447  0.20294702619813845
  0.21312332646497958  0.22315232273746199  0.23312244169642229  0.24318284516630756
  0.25359193655090395  0.26429020095547412  0.27472053290986592  0.28495877468356745
  0.29520589233633171  0.30561222736556420  0.31629526713209888  0.32696967335863997
  0.33768825129004004  0.34822749012157989  0.35885681588848439  0.36960784620191356
  0.38025805194848056  0.39085447814774654  0.40169487227744438  0.41253099030408757
  0.42329745112778311  0.43377730083656857  0.44445067763465090  0.45520166092150632
  0.46627954825796658  0.47720595946675454  0.48769732950912176  0.49778757163501941
  0.50778817704392931  0.51783107397878803  0.52784451965484347  0.53777884491354866
  0.54783584248194828  0.55793301075167534  0.56852509718735889  0.57910564576321977
  0.59037743584483116  0.60156107322571895  0.61231618202883176  0.62275261673815030
  0.63294135571965060  0.64306236982212917  0.65329003595339552  0.66335942001099846
  0.67423095181624637  0.68469841939937381  0.69554599633888248  0.70653666403215820
  0.71702039642536408  0.72738690522897831  0.73733606379443350  0.74724821700458666
  0.75745913471094251  0.76752778361613327  0.77793160888168766  0.78810164446021946
  0.79924072049544792  0.81031848699007980  0.82108802954947924  0.83163216926750405
  0.84231100861892527  0.85307035420925426  0.86375750346302560  0.87446419188447133
  0.88545256233107439  0.89657793784919104  0.90777340694029618  0.91831754039147251
  0.92835085895606573  0.93821121553329712  0.94786927831117973  0.95755309182408643
  0.96771903911710222  0.97836801930257178  0.98937691692951746  1.00000000000000000
 -0.00887065600270072  0.05337398546431615  0.08491045686392147  0.10862501526023823
  0.12881369294969033  0.14657434780651940  0.16314087000123467  0.17864724397395182
  0.19326117995919964  0.20720590813839304  0.22049514940921919  0.23342565984350183
  0.24616649914655411  0.25814183072397368  0.26940710364759279  0.28042374731583808
  0.29133064929973979  0.30196128635425012  0.31249762521487440  0.32282930662714465
  0.33270419644725469  0.34190910750506276  0.35079331089674176  0.35966197931148619
  0.36858000861485596  0.37727812135163236  0.38550040397524826  0.39357357014580757
  0.40165047915282825  0.40971811925819107  0.41762556051613381  0.42515888638667859
  0.43248894432476187  0.43998884993831211  0.44777282565603260  0.45558423106263840
  0.46324749336120596  0.47084616967516069  0.47865133481734340  0.48683504132629951
  0.49502577682331733  0.50267775691017191  0.50962226975821046  0.51690341297076658
  0.52425928908122255  0.53165990468186852  0.53889039687022766  0.54581687285872449
  0.55271289759852849  0.55950966521802503  0.56665633783296809  0.57382344074667035
  0.58105443556450953  0.58846165252928928  0.59591989427146463  0.60352202656508847
  0.61142620525972902  0.61952746318000407  0.62751970665912893  0.63533246700778268
  0.64316584431214907  0.65103878093494305  0.65900919026567462  0.66695522069373991
  0.67456523261223944  0.68200618578873118  0.68941323415298472  0.69701535323189623
  0.70480836611593944  0.71297421632660096  0.72137936593900742  0.72973190390105858
  0.73800001565469997  0.74628120234559248  0.75493059341562030  0.76396506920568441
  0.77302293498291308  0.78180439969983284  0.79052283622336239  0.79953137326242818
  0.80863304844731787  0.81784467717823550  0.82739128332876810  0.83692540144426864
  0.84662956683214474  0.85635410882841034  0.86612288412527372  0.87621480817558051
  0.88669233455879326  0.89758307165115714  0.90919549916007003  0.92192988187282887
  0.93646668857580784  0.95245823171592636  0.97304128512394350  1.00000000000000000
 -0.01935092570557335  0.12103230179188917  0.16456774373119207  0.19121725310430521
  0.21268684168298338  0.23175566794755564  0.24804948145568784  0.26345892778273172
  0.27767016711572495  0.29064065647907411  0.30314824084961650  0.31499091652729194
  0.32600342234471896  0.33684799780177388  0.34774472024017272  0.35811683510722470
  0.36779106644822973  0.37721232690979728  0.38667389206361502  0.39603521088627913
  0.40509587817224790  0.41391282499771831  0.42279564830955607  0.43159849322669869
  0.43993026225095161  0.44769929537342801  0.45539777201261994  0.46316889556300200
  0.47087081084418364  0.47833430281381917  0.48559422612777187  0.49281929725137602
  0.50010759658323278  0.50757660278123140  0.51483947701862209  0.52229598683014089
  0.52989158710380690  0.53735118592674114  0.54458072849214745  0.55157659674431070
  0.55845703160557858  0.56534107297656033  0.57220486783429325  0.57905110456793474
  0.58575767395662715  0.59222980404551173  0.59867364420135338  0.60515308882874053
  0.61163010460747758  0.61796411942573670  0.62413308525014455  0.63017798485856702
  0.63619950486950960  0.64229858101146775  0.64831206955474063  0.65409395954555916
  0.65991669538374897  0.66566936152245026  0.67124633801709876  0.67673677317064107
  0.68219201401858098  0.68761081760373843  0.69282896400372940  0.69810082635089399
  0.70340233605978875  0.70878652576423451  0.71419627976378264  0.71961854110102075
  0.72507361913745638  0.73059342891918355  0.73623600251917154  0.74190232047567151
  0.74752775626896062  0.75338777855812533  0.75937572428919309  0.76549544126879743
  0.77158068148773740  0.77768920756686089  0.78384322772009130  0.79003362959705981
  0.79642576315394209  0.80297518316245065  0.80941162842505332  0.81586977680732653
  0.82241181971904709  0.82906421702294397  0.83628056371402593  0.84461152577242105
  0.85318584926524477  0.86232127510881795  0.87205433653792186  0.88357097855829536
  0.89677477746243683  0.91294436500263021  0.93794758206966122  1.00000000000000000
   1.8835549041279682E-007  -1.0000000000000000     
 T T T T T T T T
  <DiscreteSampler_grid>
  grouped_processes
  1 # 1 for a reference and 2 for a running grid.
  10 # Attribute 'min_bin_probing_points' of the grid.
  1 # Attribute 'grid_mode' of the grid. 1=='default',2=='initialization'
  0.0000000000000000 # Attribute 'small_contrib_threshold' of the grid.
  0.5000000000000000 # Attribute 'damping_power' of the grid.
 # binID   n_entries weight   weight_sqr   abs_weight
    10   10   4.606226557141577E+003   4.478381958484216E+007   4.606226557141577E+003
    11   10   4.606226557141577E+003   4.478381958484216E+007   4.606226557141577E+003
  </DiscreteSampler_grid>
