  0.01037605271357937  0.05039065319032464  0.08151490539668162  0.10627773163462526
  0.12834827002873606  0.14694847031471736  0.16445984406424630  0.18055011148652753
  0.19632677475349750  0.21262317298710720  0.22904441592917804  0.24463289239613115
  0.25895956995537833  0.27246593846338546  0.28502661937350127  0.29704740886076531
  0.30984098264968790  0.32371516899149444  0.33793649375441220  0.35135222647557246
  0.36412975642542994  0.37662768532670715  0.38904861469730401  0.40127677897642744
  0.41320539116013028  0.42493663435028589  0.43610377836204856  0.44766533205860332
  0.45934318271139007  0.47185076312303309  0.48340735120377271  0.49500639045378986
  0.50640836434878012  0.51839654348419961  0.53071818938938442  0.54342637063378640
  0.55645199326699823  0.56968349153815645  0.58290658847187948  0.59601009085116052
  0.60848516581231282  0.62028290904945949  0.63135882353175610  0.64206024929240046
  0.65227486758536479  0.66233285009273390  0.67265392079379138  0.68294097786094787
  0.69290229878833887  0.70279417759300089  0.71330969701955627  0.72405309622276315
  0.73425985772894886  0.74383462205279749  0.75349359959530493  0.76315460502033883
  0.77238754667985776  0.78111635340071539  0.78962794013842785  0.79833214599734659
  0.80719206631280993  0.81610580108422592  0.82506579568002125  0.83376621597036737
  0.84184833328219155  0.85026489332945787  0.85871097252320538  0.86721799517762410
  0.87506044289797957  0.88234637174695929  0.88944465225122071  0.89653263955035822
  0.90357806846405497  0.91051257170798960  0.91714049359939198  0.92348349094249960
  0.92972793750047000  0.93579678653494802  0.94195859449824360  0.94814107820207949
  0.95380983620658188  0.95892371756241457  0.96326705777914723  0.96713045788592411
  0.97087964056039333  0.97446737870527389  0.97793778690094046  0.98086420931348395
  0.98368331704902623  0.98634569121984184  0.98882909005259045  0.99110629352322432
  0.99322946806395573  0.99512415879279636  0.99671540924823576  1.00000000000000000
  0.00826474247142900  0.01963947727666963  0.03196615759864567  0.04439798170392274
  0.05600143775340883  0.06791996347801203  0.07963620304811336  0.09171778857457774
  0.10388478830421938  0.11776015767273393  0.13186258684434449  0.14540179026109931
  0.15813784193717459  0.16968901792260935  0.18101869139286003  0.19196645349407240
  0.20268354494513630  0.21312747200501136  0.22323858252180506  0.23358277109024875
  0.24450328640577026  0.25646601944210728  0.26869420166231106  0.28073290923929523
  0.29264514425794291  0.30442370394890839  0.31631252756564771  0.32759088604540831
  0.33807471699453806  0.34783397229962226  0.35785197963306414  0.36868974919554826
  0.37882850261199408  0.38721118477083311  0.39543254971993202  0.40358472073306306
  0.41206774175340827  0.42091524475637077  0.42932018235537184  0.43764946728586118
  0.44692119163125893  0.45664793073365656  0.46639898439734212  0.47628109673061181
  0.48608231070372632  0.49534693827458831  0.50453201513172119  0.51425477124879448
  0.52480561862004627  0.53552766007319241  0.54579912777002026  0.55553911381619825
  0.56544094150215118  0.57533480434291395  0.58546229163614139  0.59519107684544426
  0.60468574758742433  0.61450680600875573  0.62423442476487168  0.63430207758637591
  0.64400634120773004  0.65355435575664655  0.66309530355167146  0.67341701326155556
  0.68425913503680857  0.69567171540082484  0.70752013070469166  0.71932864780848704
  0.73043174821782741  0.74087513931395099  0.75122577126426360  0.76138884021133824
  0.77111062257295926  0.78064250215594944  0.79048428918839586  0.80087757611495647
  0.81189455417432554  0.82261023617311757  0.83327534938809256  0.84281180209987439
  0.85199787686333350  0.86161585097209381  0.87174896777952593  0.88247081453711429
  0.89380424882846399  0.90527869166448338  0.91691279896432043  0.92762720608736315
  0.93821679069974973  0.94836397112509996  0.95817195752711148  0.96775580164705421
  0.97684876373106833  0.98767733145958325  0.99159937160100897  1.00000000000000000
 -0.00075948250216075  0.00476006680151242  0.00738366944420102  0.00983271460615955
  0.01273032640559784  0.01613668556212734  0.01968373275302437  0.02350449961059195
  0.02780688462908193  0.03239911993266536  0.03738504258984353  0.04252549882643566
  0.04801442768695235  0.05407213332176536  0.06034241629840313  0.06639087382626602
  0.07252698176668972  0.07929732320721494  0.08644699649949497  0.09390641583005191
  0.10136407554087966  0.10930873148273393  0.11775278226585215  0.12631892262931074
  0.13500381876649548  0.14370510174994386  0.15221561489562901  0.16091203829348796
  0.16976980759841923  0.17898885393503400  0.18859158216142749  0.19856126671631946
  0.20821290544327264  0.21774843613759104  0.22748127798325066  0.23729547027586492
  0.24760258235584651  0.25788821267179163  0.26748214387502889  0.27775033832876861
  0.28824291615728004  0.29936798728787267  0.31047658355267149  0.32126137590953968
  0.33188440453688794  0.34248837128376930  0.35347749249894878  0.36489263298991775
  0.37646048381940306  0.38795909785364385  0.39931686019709389  0.41060579616563397
  0.42209518236533611  0.43417598866771678  0.44697090513461757  0.45934658832325931
  0.47187822609116969  0.48467687683735022  0.49744072274819295  0.50932067126328806
  0.51983223474750173  0.53055449592657633  0.54204695377093903  0.55412356109198968
  0.56560265393060627  0.57741965914353988  0.58845995966893672  0.60046366302523169
  0.61369476620880570  0.62739342066641057  0.64092372466765035  0.65440860521853761
  0.66798610323983432  0.68163536915958589  0.69574384856026283  0.70980236467254176
  0.72365815474783257  0.73734826613021565  0.75088833943532918  0.76439386030977596
  0.77804721108117103  0.79194835654810625  0.80635200492190462  0.82123219264150338
  0.83538667108327214  0.84982009077639065  0.86437697064570396  0.87888435845083079
  0.89344034850003662  0.90887356652504148  0.92426118284014069  0.93940705552269477
  0.95408386630800801  0.96881151387489439  0.98414353041482117  1.00000000000000000
 -0.00203789688199422  0.00883831930465282  0.01877521004872280  0.02873050779305840
  0.03895186770405714  0.04865235970451886  0.05798241556439734  0.06735225494548530
  0.07671403402283945  0.08635598968903146  0.09545785974072381  0.10447826780302713
  0.11380333714822514  0.12352314224240679  0.13379742741093398  0.14457776742379994
  0.15547696068143463  0.16709826409443507  0.18014573981077453  0.19352296565061489
  0.20516772065379235  0.21593063135940641  0.22568436675545109  0.23526850465987426
  0.24482297920327589  0.25454559179066610  0.26389787625201255  0.27304649706649214
  0.28245161209824377  0.29228297688405619  0.30282093816585975  0.31355642481439394
  0.32429760844772548  0.33511703766635798  0.34590351709238976  0.35647949038030041
  0.36631068583022663  0.37663816421118129  0.38721827934880643  0.39778827527948168
  0.40755162809944684  0.41733285800888337  0.42790339600087501  0.43848774190841466
  0.44790284098690697  0.45681311957893161  0.46536956681451180  0.47389108141975378
  0.48255481117204790  0.49153039457342362  0.50063214464097061  0.50995512676586330
  0.51953707589751130  0.52969537118539600  0.54108625908697250  0.55324355349921817
  0.56492557130852750  0.57599065500499835  0.58681558986064219  0.59848646632239388
  0.61023553487834137  0.62188001975090768  0.63304567572286496  0.64376287938296872
  0.65426612641757342  0.66460518257805945  0.67536559738895185  0.68694887720698705
  0.69908020621404976  0.71123530946790492  0.72289369897356492  0.73430665702248743
  0.74541343308132801  0.75631710181817413  0.76733832759654796  0.77869658567736277
  0.79084169803616400  0.80306798971582460  0.81485412472019103  0.82629350977650140
  0.83761441983262608  0.84943998307952495  0.86104130292918468  0.87227855214127514
  0.88314003627062487  0.89425610307071901  0.90465612423838659  0.91434124369949388
  0.92391593170468200  0.93384928864393990  0.94425520978050259  0.95482840023845539
  0.96569620617655638  0.97695273334607757  0.98824302912194784  1.00000000000000000
 -0.00178725746026072  0.01308479326756031  0.02582337222081794  0.03932889692639141
  0.05169250025363596  0.06340312928078656  0.07469647198044896  0.08508034266703102
  0.09508746760438951  0.10533061065382475  0.11570554684421010  0.12534523794182659
  0.13488998489124374  0.14463378020684170  0.15497068237236250  0.16618883168259524
  0.17772779213168333  0.18843011060727963  0.19828702741773782  0.20844532219776057
  0.21951480816214722  0.23083625725684123  0.24148705369011159  0.25168401927338918
  0.26253640980346554  0.27394548641343730  0.28590983824400973  0.29718427528900088
  0.30761505262716216  0.31791827200508704  0.32832782778717085  0.33854580480797491
  0.34875853019118513  0.35909184853431703  0.36958623360973253  0.37944788042778915
  0.38919903110577470  0.39903230990547106  0.40782357690815063  0.41660205125742489
  0.42525396762728296  0.43369551188563754  0.44221897687514866  0.45124357301385470
  0.46089677246955568  0.47085809059198064  0.48096098793961756  0.49165003299709475
  0.50261824504818797  0.51355199860480916  0.52498660288917831  0.53696550771303708
  0.54904022086433357  0.56100003847741808  0.57288729243337899  0.58425927575080250
  0.59466492273183569  0.60435028495192589  0.61405153504273557  0.62397949735250358
  0.63421087540469523  0.64491045495763877  0.65635681753800545  0.66829640052486805
  0.67977957290665159  0.69111035499311646  0.70215734237779270  0.71310021602979479
  0.72405932971546305  0.73496035812223026  0.74555412231423213  0.75520032230133471
  0.76470188228865366  0.77457311622052782  0.78489457677786456  0.79516306029270289
  0.80503745574820040  0.81455903188198575  0.82389693174271283  0.83351882729856819
  0.84350171146404596  0.85428461454800508  0.86516478063550251  0.87680519235035426
  0.88817988940500070  0.89915663575602733  0.90957287788520147  0.92015327225152999
  0.93255088793320384  0.94375857396820173  0.95493761399915844  0.96544467441575355
  0.97513810722820882  0.98361702948074659  0.99186435183838040  1.00000000000000000
 -0.00234046287398198  0.00940380704292603  0.01905275867671253  0.02901122232335664
  0.03904525178478854  0.04877076979870003  0.05892880983758976  0.07008015749204800
  0.08201111923852915  0.09266340191853206  0.10340315690917284  0.11449887184330317
  0.12606789049784492  0.13695327798071336  0.14701133697027469  0.15534840486962104
  0.16390704197398237  0.17216177979753394  0.18041235419901777  0.18889250455223416
  0.19792588528327534  0.20644460410902715  0.21598942280575395  0.22670830208685233
  0.23757215218712313  0.24876343518429639  0.25983586667688235  0.27087571844786290
  0.28220475884940194  0.29302144662484197  0.30371645685989612  0.31416679618932192
  0.32496867493478676  0.33632252972683757  0.34859456301555686  0.35987268906464409
  0.37086683944969490  0.38192701155849484  0.39287251891491609  0.40335231574829578
  0.41351491534235796  0.42434463282270607  0.43503726920614372  0.44539866457389676
  0.45550306501340060  0.46619860078229802  0.47680170742011768  0.48677855121730440
  0.49648998365672214  0.50745295069145024  0.51940010626104471  0.53011786790571258
  0.54107695093714725  0.55187178265548220  0.56274558174252931  0.57365804000330667
  0.58505613183294158  0.59692178305752797  0.60829808846227140  0.61913393664099370
  0.62991385066856920  0.64104225475043297  0.65180089561846100  0.66249498977824428
  0.67330654594224204  0.68381939562181426  0.69334415031690788  0.70279454335662839
  0.71299499504433439  0.72367282588238724  0.73376555973167179  0.74341284020037990
  0.75298332908398813  0.76301885188322383  0.77315421275794882  0.78356240075362260
  0.79433471718095661  0.80573789104276261  0.81721204727320740  0.82835713009830836
  0.83910840412827792  0.84921950849435224  0.85921771299169125  0.86934364208228276
  0.87981460789357702  0.89062386214825573  0.90186446737868398  0.91310485714238965
  0.92423290249990919  0.93518412215262692  0.94514424580495415  0.95518981601601216
  0.96635766706913206  0.97803037195192288  0.98902866514664434  1.00000000000000000
 -0.00237378379441060  0.00894874136458542  0.01936188387753558  0.02944895797026283
  0.03952109473335136  0.04932945996802283  0.05891213901349949  0.06854577035231793
  0.07902351274706325  0.09016556141808596  0.10100305223953013  0.11095030186318748
  0.12056439192056205  0.13074969851808643  0.14151386182205988  0.15233811183421497
  0.16315129650419546  0.17475917048416101  0.18705554533715371  0.19853489181345430
  0.20993404709661490  0.22125879645236174  0.23275911006071137  0.24404325750986636
  0.25384038144681714  0.26300956762664007  0.27212559624432087  0.28173861771960879
  0.29195940200639026  0.30236715093073396  0.31277053612146744  0.32375177482214046
  0.33533198401312692  0.34738464394469970  0.35899069217974999  0.36913979979601619
  0.37887450330888583  0.38848814508620888  0.39886718287593420  0.40977465814479402
  0.42115886713912898  0.43301210622293673  0.44507310262447347  0.45744736606172520
  0.46975321345808529  0.48155660389492783  0.49235545322926938  0.50306928715666599
  0.51407818367321556  0.52502872430201564  0.53482724709471963  0.54454172095360243
  0.55519197025356404  0.56651222510592014  0.57680610632090223  0.58740257771727999
  0.59874816023376642  0.60989438352937064  0.62063434997149125  0.63160082994920497
  0.64283429183249585  0.65423221692307110  0.66561882895306246  0.67704878559249249
  0.68772341445303642  0.69775694272399502  0.70772131884111167  0.71841627192551516
  0.72934239016953206  0.73957274604848366  0.74934600064995915  0.75927406841063250
  0.76939904898445521  0.77988757309195855  0.79055334831600632  0.80125474124400309
  0.81145140255223069  0.82114925897892976  0.83080323434944492  0.83983331156986762
  0.84826814773913140  0.85685723162583072  0.86566144931748723  0.87452453716199963
  0.88339586289810679  0.89279119829554754  0.90404797340480381  0.91590298936544778
  0.92634388887221741  0.93633135273424928  0.94728960044329058  0.95935077368633426
  0.96967399198960946  0.97991444401469319  0.98962781670897748  1.00000000000000000
 -0.00191110968932922  0.00840723403052588  0.01712293914744553  0.02712546942446935
  0.03765110710900350  0.04869008865932539  0.05943054119628063  0.07175476353363359
  0.08396377293684089  0.09392302474528383  0.10424920474585522  0.11475727955745020
  0.12466949008603431  0.13433101614082019  0.14419042004118676  0.15476511431945872
  0.16536743350478539  0.17445876387313294  0.18329841118421589  0.19272561427479604
  0.20222435146207068  0.21153091056259138  0.22109851797402175  0.23116585247215690
  0.24169976256976494  0.25198558500322665  0.26192670605694524  0.27186799527223593
  0.28127747788090646  0.29036743522163966  0.29967414885565485  0.30946613399477663
  0.31990789275081066  0.33066257868170795  0.34184146831122547  0.35310143200969557
  0.36481577752435929  0.37694600692565450  0.38936446783867285  0.40120560763879548
  0.41235898392674492  0.42353103518069907  0.43452001991727357  0.44546990353451482
  0.45646314391112125  0.46752582843328039  0.47878864621324385  0.49023089490547545
  0.50137408729497279  0.51146189602047276  0.52116544935342435  0.53106960491036748
  0.54103821757690107  0.55108948952203130  0.56108775398740829  0.57137978718855820
  0.58198671125083434  0.59268567484107582  0.60321010348606263  0.61343172634611765
  0.62372143024642990  0.63497031705491003  0.64705553036066510  0.65902634433788987
  0.67128253299611573  0.68370166027420309  0.69539985423961115  0.70631858060262975
  0.71663524890702812  0.72651999578445681  0.73615861786835080  0.74549522224638909
  0.75539814978093900  0.76594692780542917  0.77727443960198672  0.78852193374219914
  0.79909740137336016  0.80905883068187090  0.81881452300008317  0.82884540926171779
  0.83949391365206716  0.85062422060881948  0.86153933301820251  0.87242190705519718
  0.88312518280798669  0.89447694042975157  0.90494302825610295  0.91551757188964278
  0.92655889557804405  0.93820136286633316  0.95066825603531013  0.96216758621069221
  0.97255985485987562  0.98196095932782235  0.99101709722526521  1.00000000000000000
  0.00389458654175786  0.03479417584494955  0.05067879160924676  0.06245944370518755
  0.07196006322414489  0.08067549645916008  0.08902608267304793  0.09747112430097706
  0.10560245887880038  0.11327485569085002  0.12053105471106124  0.12787539179477109
  0.13550170181981347  0.14315129677757724  0.15062996097042874  0.15785148063593343
  0.16469943254979857  0.17138248483924964  0.17803940429337917  0.18480282666227377
  0.19157541126769601  0.19875063182166905  0.20564424852039195  0.21277795878558717
  0.21989324457572207  0.22701262770895225  0.23382327772169495  0.24032469987494942
  0.24673749876498338  0.25267381506159647  0.25833729823079332  0.26404450869541035
  0.26973506809367043  0.27540611953900618  0.28110712206801486  0.28678586041603904
  0.29246113311922173  0.29834160169033747  0.30451341917824432  0.31088719074834881
  0.31787469113350375  0.32557740082926584  0.33279209338895072  0.33938144812251236
  0.34588380094240367  0.35239441265504179  0.35910848826527642  0.36584810248848493
  0.37273736289297693  0.37961781003533168  0.38631524131142220  0.39284968668711462
  0.39942663892161290  0.40637127183931954  0.41377226658519678  0.42148741505619963
  0.42924236489196255  0.43682340541585779  0.44432516184396681  0.45198454486170297
  0.45986560669786769  0.46809047000079240  0.47660685702006395  0.48529228536076452
  0.49396185927008807  0.50268804221511654  0.51186900675759384  0.52151108747322794
  0.53170287328393795  0.54222890478845431  0.55176686953898346  0.56121780792012987
  0.57059726976962155  0.57982535770163712  0.58871064191449396  0.59754555843584301
  0.60721190672680514  0.61741686082376812  0.62696294201462222  0.63611049065425818
  0.64557449663756050  0.65571689431264590  0.66640152622557969  0.67751642752676877
  0.68965223665634967  0.70283423083137908  0.71797957374271926  0.73324995789653258
  0.74842672133093102  0.76539246177760434  0.78497041082965491  0.80744431572231767
  0.83313832300354362  0.86303939749621084  0.90314101866939478  1.00000000000000000
 -0.02080568517464875  0.14581972577740493  0.20089625588140786  0.23567180647499070
  0.25951134122928310  0.27803181693021789  0.29402066785285946  0.30913215747093897
  0.32220052594686160  0.33352769279104755  0.34397399907237147  0.35398892384068797
  0.36365239101958841  0.37286492057462867  0.38216975851528923  0.39127193335343230
  0.40008465513566716  0.40885877633049472  0.41680153068639275  0.42403464095669230
  0.43096916838950844  0.43795737916033101  0.44473887071481094  0.45148503615120616
  0.45820162850950497  0.46494199364418376  0.47159402331584904  0.47809997481402633
  0.48428005829095105  0.49009770444294098  0.49575697987066542  0.50130143295653218
  0.50675768671665467  0.51250921512044334  0.51823428645297132  0.52386468767416072
  0.52941246880778725  0.53492210136682239  0.54034540491024574  0.54571445332456336
  0.55101299063374531  0.55636927069850217  0.56145536390813955  0.56596392548839769
  0.57025332236364024  0.57453157651987863  0.57886294449635123  0.58323882033465002
  0.58759404648556623  0.59203647257228520  0.59654542812780798  0.60089166595706478
  0.60500198366618596  0.60908756234333472  0.61309248551146145  0.61719268757159707
  0.62151679657714265  0.62610891093174192  0.63115962865909991  0.63634226923003023
  0.64147034832937444  0.64642472287583563  0.65123095588919255  0.65596619039726123
  0.66063702064633811  0.66563080637273997  0.67039333243845389  0.67546621008000229
  0.68043671655052707  0.68540996590341519  0.69051183479062306  0.69584413418951829
  0.70126334445789273  0.70679699943059360  0.71258847465858677  0.71856577771928687
  0.72462628244697158  0.73070886264587165  0.73702036017206474  0.74312626431414108
  0.74946172820581047  0.75610239195582785  0.76285790391108210  0.76978467019675356
  0.77712402973911476  0.78500826757424325  0.79342922644622549  0.80215009892529510
  0.81139744600255326  0.82129292745764759  0.83225660454744821  0.84527656398575668
  0.86131357891697602  0.88339653864955381  0.91832365512416558  1.00000000000000000
   1.7700281050846033E-055  -1.0000000000000000     
 T T T T T T T T T T T T T T T T F F F F F F F F F F F F F F F F F F F F F F F F F F F F F F F F T T T T T T T T T T T T T T T T T T T T T T T T T T T T T T T T F F F F F F F F F F F F F F F F F F F F F F F F F F F F F F F F T T T T T T T T T T T T T T T T
  <DiscreteSampler_grid>
  grouped_processes
  1 # 1 for a reference and 2 for a running grid.
  10 # Attribute 'min_bin_probing_points' of the grid.
  1 # Attribute 'grid_mode' of the grid. 1=='default',2=='initialization'
  0.0000000000000000 # Attribute 'small_contrib_threshold' of the grid.
  0.5000000000000000 # Attribute 'damping_power' of the grid.
 # binID   n_entries weight   weight_sqr   abs_weight
    10   10   7.567203381258441E-045   1.229651321871872E-088   7.567203381258441E-045
    11   10   7.567203381258457E-045   1.229651321871880E-088   7.567203381258457E-045
  </DiscreteSampler_grid>
