 -0.00143782814011800  0.01724908676829997  0.03497768949825946  0.05109909188013764
  0.06552989241791662  0.07886395847202909  0.09178225788481911  0.10420531726897295
  0.11603205976693204  0.12751477632509101  0.13859082206442475  0.14917435375511390
  0.15931272182560105  0.16915423770792026  0.17882561802296781  0.18854399916878847
  0.19804804117531596  0.20733764589284562  0.21654254124990910  0.22561416012733018
  0.23473918489076184  0.24371377217725920  0.25267490383706021  0.26150302788078283
  0.27008129216214632  0.27893150978770787  0.28760660843331143  0.29607351857248343
  0.30432458898496884  0.31238267351829324  0.32045706459845769  0.32850550043015581
  0.33660892551740879  0.34474868215779214  0.35292925121733465  0.36103175594462106
  0.36892360017718273  0.37695782665564698  0.38476784986558904  0.39248605250106222
  0.40013089528693874  0.40774990258281441  0.41537902318250786  0.42309390916779499
  0.43086992354353931  0.43857751280633284  0.44616294245939164  0.45368771159876281
  0.46123806067584661  0.46885017886912905  0.47661298173560129  0.48459838977337677
  0.49257494377183669  0.50040928384333028  0.50821067844373102  0.51608561240298723
  0.52395018884036360  0.53185428211247332  0.53965191895119580  0.54750312332264750
  0.55532417718810956  0.56341496440693217  0.57206511318421960  0.58099845645167814
  0.58987074348436908  0.59887165298716116  0.60790177327970285  0.61694107214627225
  0.62588410812116113  0.63470358085852219  0.64357156810290705  0.65255187442204510
  0.66163123627595011  0.67077210217746941  0.67998118326967238  0.68929340191554078
  0.69859378990291365  0.70799172458355675  0.71789759279840881  0.72803029661466490
  0.73841314835730010  0.74900399543065721  0.75966714018214276  0.77061766040671820
  0.78195925060356108  0.79389688172727391  0.80672697597083642  0.82008438958796792
  0.83403791303364938  0.84903114040813554  0.86567914542748969  0.88396356275283494
  0.90406908145750764  0.92733440398090328  0.95913431194450183  1.00000000000000000
 -0.00189704930922721  0.00948863028993594  0.01954535025200618  0.03020670351998241
  0.04085109586267165  0.05192356893554068  0.06241106388759744  0.07389108037784428
  0.08511910084122093  0.09637934149135330  0.10712811387476232  0.11762682803608154
  0.12826698215962243  0.13896572684499850  0.14967312348549486  0.16036243630716907
  0.17171273988714489  0.18356308180730374  0.19498064991111347  0.20609493684986538
  0.21684906724325911  0.22721628227690149  0.23714080365545448  0.24712794685231995
  0.25779744190986514  0.26841570016798466  0.27888352436600100  0.28923980331805221
  0.29968960275601775  0.31026982150197807  0.32085803783486277  0.33150340113127980
  0.34223279279638968  0.35284881988245748  0.36336194099245250  0.37373384016182487
  0.38413779258205483  0.39454671713047884  0.40538148206231400  0.41639119820130949
  0.42766174522595163  0.43898620543999217  0.45023085053903689  0.46145566307463998
  0.47259644456290606  0.48364973380434689  0.49456690265827952  0.50523590520150574
  0.51555899281509032  0.52563622513315877  0.53568261783107829  0.54576337513342588
  0.55583489252907847  0.56620930897710142  0.57674279768374892  0.58748380277572188
  0.59834917278904420  0.60876000284077403  0.61899818751145042  0.62902941379315547
  0.63885452590832259  0.64876849144989723  0.65846275780284380  0.66822956198222661
  0.67892448472888944  0.68946047894144680  0.70004870864206126  0.71058774298355976
  0.72074099292708527  0.73129861208692903  0.74170590333073982  0.75199014512021856
  0.76178509222804369  0.77178179779405087  0.78235748065108079  0.79335027878542874
  0.80438141206305591  0.81517842417955466  0.82560829508591704  0.83608344736990137
  0.84611276605453867  0.85634862411652934  0.86658669934965582  0.87691355651946923
  0.88779200429697458  0.89866369525034651  0.90940124326341087  0.91985131815145893
  0.92990285685196694  0.93987945913460980  0.94953147931664550  0.95932842830478771
  0.96938292094975897  0.97985750001501615  0.99005634672279985  1.00000000000000000
 -0.01252783265001323  0.06938714397114365  0.10687572564057382  0.13237036826631793
  0.15371107813254462  0.17308901215585332  0.19050824190980584  0.20643035215313352
  0.22118696139225244  0.23521770834088021  0.24869390629060498  0.26115144109051780
  0.27304650121530988  0.28465811732443491  0.29588827787159100  0.30678494185337224
  0.31711644221033647  0.32708800488872902  0.33663236364766957  0.34583647234357517
  0.35485160621457656  0.36371512435495101  0.37266204668105340  0.38112472710996464
  0.38924542972646436  0.39724824219113708  0.40513085610427585  0.41296607878214414
  0.42053514804903486  0.42776885978285273  0.43496292759334737  0.44232264680995281
  0.44972584278822941  0.45695621964612104  0.46428177550635513  0.47173356823365820
  0.47934804995970909  0.48704927059481351  0.49483955571970645  0.50238020707816744
  0.50960673469838069  0.51679182430133019  0.52389208853543001  0.53093606898992929
  0.53803353865264403  0.54492196589194963  0.55159847803119810  0.55821086482571802
  0.56485469357066587  0.57148899845354140  0.57807056178090366  0.58462144433495788
  0.59126342615080341  0.59794475997383556  0.60456631094719560  0.61139930444599544
  0.61816746196326511  0.62503287095030535  0.63189762719182929  0.63877151124854514
  0.64562000338102787  0.65239189602626368  0.65907670348487846  0.66566164542520079
  0.67218995666485315  0.67875694232271433  0.68546602618538977  0.69232186701428633
  0.69931035652943330  0.70636960191986842  0.71363612370460960  0.72108909813652056
  0.72838723195853650  0.73599498137467756  0.74368485689692210  0.75179598061473452
  0.75995840160954409  0.76821776102422568  0.77658400987176890  0.78508728587116083
  0.79369050618828807  0.80235036529049952  0.81115077920944900  0.82009400908664998
  0.82927278500002721  0.83869850695122206  0.84813398460593070  0.85779589452355387
  0.86780257825469298  0.87830773041341015  0.88960448287911331  0.90193978935326624
  0.91591591959734497  0.93260272141030176  0.95615920828280410  1.00000000000000000
 -0.03123823363872453  0.15830716960722388  0.20659786763319712  0.23630791412030824
  0.25998873810825196  0.27927889480945384  0.29579997419234644  0.31052557212187881
  0.32378981647360322  0.33616036201907618  0.34777972995658313  0.35858474242481281
  0.36881594922562588  0.37882976826256765  0.38859999787878280  0.39802644963157113
  0.40689135263048976  0.41548996531041926  0.42370547393192848  0.43156187050109585
  0.43917270665786740  0.44620925741583023  0.45341030373681451  0.46053722504488859
  0.46777581451314199  0.47469221817674295  0.48149493096951212  0.48806138197220422
  0.49444753222351973  0.50094850898354393  0.50742574152397968  0.51381497605058080
  0.52009405272255460  0.52631331424149685  0.53251652719357190  0.53859446688122492
  0.54442602481603253  0.55010022453957308  0.55576904644034697  0.56140700870311022
  0.56704883674207140  0.57273446516597404  0.57829115581407786  0.58365062909167431
  0.58895347042022173  0.59422828616349543  0.59954489090258134  0.60475300698435708
  0.60989163257475809  0.61501287441691166  0.62008959637747951  0.62512392325161370
  0.63014295427138745  0.63511293233495247  0.64014793404428816  0.64525152794810492
  0.65025182285035177  0.65519614011429717  0.66010590553629145  0.66497700359093392
  0.66977854297431394  0.67449400484500432  0.67917213896165596  0.68383978594894923
  0.68848091039426307  0.69325323527554195  0.69814037354148040  0.70301434897960380
  0.70782878361725055  0.71264835077507493  0.71748325240940503  0.72236814378092051
  0.72743395170519765  0.73277993119255302  0.73832519181806944  0.74392709525745704
  0.74955518058438786  0.75525694594450510  0.76103717244838609  0.76687810238840926
  0.77277760760051428  0.77870978780560840  0.78471940615179769  0.79092222374162968
  0.79745846769624051  0.80424682498003119  0.81130456591287770  0.81890688741512085
  0.82692708686036054  0.83584000290667726  0.84629043434253759  0.85839242630088053
  0.87227070430428710  0.88993850549103648  0.91899027327284799  1.00000000000000000
   3.5210451503239529E-009  -1.0000000000000000     
 T T T T T T T T
  <DiscreteSampler_grid>
  grouped_processes
  1 # 1 for a reference and 2 for a running grid.
  10 # Attribute 'min_bin_probing_points' of the grid.
  1 # Attribute 'grid_mode' of the grid. 1=='default',2=='initialization'
  0.0000000000000000 # Attribute 'small_contrib_threshold' of the grid.
  0.5000000000000000 # Attribute 'damping_power' of the grid.
 # binID   n_entries weight   weight_sqr   abs_weight
    10   10   4.417808675553993E+003   3.378341190069738E+007   4.417808675553993E+003
    11   10   4.417808675553993E+003   3.378341190069738E+007   4.417808675553993E+003
  </DiscreteSampler_grid>
