 -0.00009602554314233  0.00088184135547357  0.00196249715663038  0.00351112038686191
  0.00550651390949132  0.00794349574641817  0.01084362062045348  0.01411014404022298
  0.01774533078614359  0.02181503655953070  0.02657280148056043  0.03158745993490676
  0.03658367108564298  0.04195050493116430  0.04769606642977119  0.05379276429000253
  0.06005602529942611  0.06617971370604324  0.07223105673894406  0.07863474514138862
  0.08543462402753005  0.09268165646335177  0.10024378419145460  0.10814181090323041
  0.11639178183627938  0.12518647512149028  0.13411159930532718  0.14317624669972009
  0.15247862663808120  0.16200223394452354  0.17146263701651793  0.18136611519233409
  0.19115107507276841  0.20089569554583850  0.21080057073879654  0.22059022101370190
  0.23008112069136552  0.23941775905773491  0.24904707963533679  0.25910839414108494
  0.26940194199563888  0.27985745018911062  0.29032127813192299  0.30075268351565382
  0.31104584842323685  0.32136605043436356  0.33185503522879811  0.34262806768289655
  0.35355509832916115  0.36449740053444019  0.37614584351526370  0.38804566286283354
  0.40031223021915041  0.41287515539598230  0.42547981210278629  0.43792781484848509
  0.45021327841974368  0.46238587384813262  0.47474954581378304  0.48733767231730835
  0.50011599583714006  0.51312457088292363  0.52636775820963289  0.53975810585509820
  0.55327440680383577  0.56682342979162759  0.58044610972418698  0.59409938902697601
  0.60779826128317982  0.62162715354140652  0.63521487378689523  0.64883757441738321
  0.66273942235253747  0.67692767104249785  0.69125764921892963  0.70574765313536636
  0.72025498786278286  0.73464197061561609  0.74890310297120155  0.76312666856368394
  0.77746727799969573  0.79255398352437012  0.80792595892519947  0.82325974921531409
  0.83838130749893047  0.85318368608751727  0.86698781077989084  0.88110223875899540
  0.89540779588369812  0.90989996754767599  0.92462248905178213  0.93963065790474365
  0.95503636778596157  0.97023679907102944  0.98516855458602703  1.00000000000000000
 -0.00170223577438741  0.00917250659463097  0.01890362957934117  0.02947239849999137
  0.04030460776816022  0.05077406038167656  0.06099501200417949  0.07184035766591572
  0.08298723090092651  0.09315656423011390  0.10273815749935758  0.11245773270356942
  0.12228460896103907  0.13179960097693488  0.14110216747956084  0.15054028204944214
  0.16003941261269572  0.16929711784105533  0.17824403239773637  0.18768955115375829
  0.19727335082893277  0.20662632165528813  0.21537876209574253  0.22403913938199324
  0.23299884586222050  0.24238995557434098  0.25206316741639528  0.26221359257309307
  0.27300781083719516  0.28452069040261874  0.29625423801987966  0.30800331844480522
  0.31986033244055850  0.33192932579809553  0.34440726305239344  0.35622351893292092
  0.36717054670098559  0.37783696763096081  0.38857404614893837  0.39951741311415667
  0.41021381679714380  0.42049927520839286  0.43025031216162657  0.44033028295073118
  0.45075839972843301  0.46133508112268667  0.47209138771931525  0.48263690242100787
  0.49502833357652726  0.50623468649467440  0.51766512733925474  0.52811061201871912
  0.53847773007526656  0.54843463119840719  0.55859302167111113  0.56959438708869226
  0.58119063091005130  0.59261924184513048  0.60370668960200824  0.61510006987467625
  0.62683520509963153  0.63955964675519661  0.65171533107182700  0.66356787957309726
  0.67394310973502303  0.68408394305169729  0.69486599686265860  0.70557206109244464
  0.71594878048522503  0.72645462077149625  0.73776457088061997  0.74940485881753816
  0.76076866302539059  0.77183850808267784  0.78277283783209417  0.79417312913105942
  0.80601097465386984  0.81682844626693762  0.82665036746814979  0.83625027851209621
  0.84597972032558755  0.85584649969116355  0.86604181321278795  0.87589211974431458
  0.88776541376680540  0.89920921827752320  0.91087495237852167  0.92197691565936513
  0.93294724178077171  0.94345783338856692  0.95334167082045285  0.96267881707245773
  0.97184081902090114  0.98124282220292569  0.99062420293159592  1.00000000000000000
 -0.00121448840488376  0.01112016352945225  0.02137662604211965  0.03040606630639690
  0.03907888333136283  0.04726968976703858  0.05501427122780937  0.06228389471601463
  0.06916702890676506  0.07577757308449869  0.08222376766650782  0.08850948606701770
  0.09447882319076659  0.10047897655521289  0.10657470652328600  0.11302034542519873
  0.11968436302230100  0.12634707798129272  0.13286226311104951  0.13934386281731634
  0.14562194901682710  0.15184592340212708  0.15810585325783955  0.16443093046626286
  0.17080510450512137  0.17713651865259372  0.18330320565178090  0.18929607844439020
  0.19520593347556203  0.20099931527163539  0.20717122140047400  0.21365995802688020
  0.22028436822007683  0.22675906693250555  0.23292180724634010  0.23881207173201022
  0.24462821925119985  0.25054988793820993  0.25647138034523170  0.26254415467077125
  0.26872798895846134  0.27490989380216629  0.28093805340130246  0.28723425213314402
  0.29329632077997370  0.29970864279299592  0.30639482523344247  0.31318425501770486
  0.32003407119556637  0.32710472158075343  0.33412777957376943  0.34084079253314087
  0.34717283210983779  0.35337849613447719  0.35967598769470760  0.36605016800596096
  0.37248956933191885  0.37917422480039575  0.38619855211081028  0.39338021615183416
  0.40101239489105339  0.40904645657165051  0.41683265087747068  0.42450294493474799
  0.43236497085076753  0.44077730934718667  0.44940255369782789  0.45790132668260847
  0.46638885926111678  0.47530092613827751  0.48497647495285856  0.49476532861492351
  0.50394086201041044  0.51269282315694897  0.52148325864710054  0.53102068163854488
  0.54066198930371312  0.55097116313991712  0.56159874707563273  0.57365513623155628
  0.58575024200325765  0.59976697059756312  0.61394534208618212  0.62892815025368698
  0.64388756306690376  0.65870426185620179  0.67349330708083510  0.68978911133978160
  0.70808997320263645  0.72852221030890552  0.75185532351020601  0.77758875382538595
  0.80495255733244253  0.83835658707030891  0.88868688326577749  1.00000000000000000
 -0.01930647426758926  0.11287176735962827  0.14964461030789133  0.16927746629043777
  0.18488679956804044  0.19852576257240509  0.21154734025863950  0.22418648898258567
  0.23592193268347925  0.24691714910797558  0.25714213170227840  0.26592308431529144
  0.27431695431788189  0.28233213692213310  0.29069736717615713  0.29873246147560717
  0.30634589883556262  0.31382309166192618  0.32104157167297165  0.32813825000048547
  0.33504381797237148  0.34181076293915091  0.34885244095137313  0.35585426446630392
  0.36275163952634870  0.36936176081481720  0.37565895732597482  0.38185872324800602
  0.38804726137583667  0.39421122037289491  0.40044422471054597  0.40676912739165666
  0.41322318229363098  0.41925883692803828  0.42453888375555116  0.42994437004570912
  0.43547259921028225  0.44094393059555281  0.44641705775807894  0.45178223157654773
  0.45699802771120068  0.46209361179364894  0.46716103955665289  0.47230410533429151
  0.47760044816433028  0.48316048325270194  0.48897852759340271  0.49480631421287763
  0.50051751321574578  0.50589210573802657  0.51110130735043791  0.51607539977801231
  0.52093244250145165  0.52589402493509974  0.53090774894037707  0.53599948356362304
  0.54074125321870969  0.54562744822150444  0.55057101385160889  0.55554571663521279
  0.56062611977468102  0.56703657885241543  0.57364919827949390  0.58009064251414300
  0.58631046768765260  0.59241240083515323  0.59877002963711823  0.60513527237875520
  0.61116338574314333  0.61729436964296103  0.62371215509624744  0.63025002541197062
  0.63673360072429086  0.64325063790714476  0.64975933712802214  0.65636417751012044
  0.66285098011872878  0.66937601717634165  0.67669062778148792  0.68383406072786801
  0.69164015257945310  0.69963389481573057  0.70775532525929064  0.71614339597332977
  0.72487522426561890  0.73420989119673497  0.74456725080486685  0.75595997155245764
  0.76795861513769714  0.78060627761067125  0.79425978054307889  0.80980504570097900
  0.82749806458166897  0.84921000244291001  0.88516153770401018  1.00000000000000000
   4.8833660315442466E-013  -1.0000000000000000     
 T T T T T T T T
  <DiscreteSampler_grid>
  grouped_processes
  1 # 1 for a reference and 2 for a running grid.
  10 # Attribute 'min_bin_probing_points' of the grid.
  1 # Attribute 'grid_mode' of the grid. 1=='default',2=='initialization'
  0.0000000000000000 # Attribute 'small_contrib_threshold' of the grid.
  0.5000000000000000 # Attribute 'damping_power' of the grid.
 # binID   n_entries weight   weight_sqr   abs_weight
    10   10   3.275302285399455E+000   1.470007379335432E+001   3.275302285399455E+000
    11   10   3.275302285399455E+000   1.470007379335432E+001   3.275302285399455E+000
  </DiscreteSampler_grid>
