  0.00298495560367610  0.01256594703578167  0.02318891434351404  0.03338043599172805
  0.04276328843169720  0.05166887061502997  0.06019609033050793  0.06933708214528600
  0.07826503433917517  0.08474742228162624  0.09154433864183587  0.09795812139550726
  0.10559667468304910  0.11629850576953757  0.12667478655866071  0.13518595906072148
  0.14400107703096107  0.15326007253933080  0.16305860198739489  0.17325191693922914
  0.18350779107304407  0.19410004586938778  0.20587819446433606  0.21901475172334212
  0.23322200923469308  0.24702637188895929  0.26002457957161812  0.27321543683011706
  0.28551010381722075  0.29769338469886558  0.30945855726681010  0.32265108361423672
  0.33585436299070826  0.34941450424088411  0.36287118733095086  0.37493713945162405
  0.38395033232903586  0.39329877903041072  0.40208611340219375  0.41434722872485241
  0.42527854553421590  0.43574650212317534  0.44566831068254797  0.45639139013812569
  0.46772179514223300  0.47895937709576214  0.48854242879688131  0.49748873840552060
  0.50582685321322474  0.51478246440904463  0.52432735627743332  0.53298881060643011
  0.54112946160411901  0.54996075891968921  0.55999843398591087  0.57236909924437562
  0.58356805432818826  0.59163654075667771  0.59952323779594430  0.60876639125278698
  0.61987617926373939  0.62968893295356310  0.63737092450209776  0.64539636929501776
  0.65567099410074581  0.66587122076064653  0.67451511632527350  0.68316082033752512
  0.69201644048590683  0.69973473317333434  0.70698801677697820  0.71305558798101931
  0.71968808192357148  0.72718852656590893  0.73727942781984435  0.74907299051192200
  0.75962046568654240  0.77410740445121540  0.78695968829054874  0.79864803237038129
  0.80892460129354338  0.81985555334225235  0.83119323940120882  0.84286843552687674
  0.85489946852752730  0.86656218602461110  0.88006365420551158  0.89396103659505044
  0.90739307277750725  0.92220075152167791  0.93574216386357600  0.94844527135356005
  0.96077950146713431  0.97295601315941127  0.98539398515640075  1.00000000000000000
 -0.00000653836009469  0.00029943782416895  0.00145048999073799  0.00365447301379037
  0.00722117538744096  0.01162934427862474  0.01706531913940353  0.02301054417619463
  0.02981851945061033  0.03788646619334064  0.04618000626953967  0.05512445587947064
  0.06419521038679980  0.07316367495468488  0.08214017409811185  0.09208138465936590
  0.10220244252947534  0.11263728611885800  0.12322200584540857  0.13365309399477923
  0.14348284367525646  0.15281266576118793  0.16253966267812509  0.17319405165211996
  0.18418435271532779  0.19493151377549553  0.20569669142602395  0.21635085788245650
  0.22778973151173615  0.23884659572596262  0.24948718308772214  0.26025235723879314
  0.27143480003099107  0.28244275822459969  0.29282668294274050  0.30313114040576483
  0.31334143942061798  0.32394810993617806  0.33541684735950084  0.34684840931450661
  0.35700129491717680  0.36776469193156724  0.37860165995239325  0.38834641458506580
  0.39789944251083348  0.40832580003551039  0.41977113239493458  0.43069729316788991
  0.44316559599915567  0.45583395809817689  0.46792938473727924  0.48006915835107578
  0.49242539446050360  0.50333520182406466  0.51408646193582608  0.52431809028382848
  0.53452477444900315  0.54542058209378208  0.55694558226750712  0.56918772741534407
  0.58198185658202917  0.59523027888681124  0.60883068275516106  0.62261069781509693
  0.63589120671560495  0.64735467834265781  0.65865800448036171  0.67003442079352626
  0.68130946990707697  0.69361013720316067  0.70441197979023995  0.71490568879314131
  0.72544249704304442  0.73630727667804796  0.74856305095720099  0.76108033917487405
  0.77365110204763166  0.78608938511939130  0.79704917366181993  0.80765201155589483
  0.81832982995137549  0.82918925543690825  0.83995985896956393  0.85135696493912572
  0.86316067133356067  0.87521619761720559  0.88733853209479774  0.89917246941309559
  0.91119089170919587  0.92283252250562442  0.93421788224344426  0.94564076061197633
  0.95782453436239146  0.97259567713637096  0.98642872138165816  1.00000000000000000
 -0.00158400165646588  0.00718269399729605  0.01490172425777734  0.02293737314835431
  0.03250517536809026  0.04267203949575330  0.05185746175355201  0.06037145670561875
  0.06912114682578598  0.07789738029704721  0.08750916529738545  0.09707086476608195
  0.10829939912086817  0.11797502375260042  0.12920394152091805  0.14315251172359381
  0.15586311101667533  0.16694058965050132  0.17835602822238822  0.18923469453775460
  0.19908679675221261  0.21050244300798335  0.22150443475845430  0.23218490756092650
  0.24275273728037289  0.25406528313890464  0.26534226588101228  0.27667848185139682
  0.28861195122837296  0.30086142822457956  0.31160215818464831  0.31977534892143245
  0.32698554269703672  0.33490605246515376  0.34326205955138783  0.35171176973217849
  0.36067083990911564  0.36944498066284642  0.37852299162037728  0.38987139980078761
  0.40114394659650554  0.41128384252863881  0.42221028968501106  0.43256959392363603
  0.44308968038617341  0.45382150047994030  0.46455551482660506  0.47626296112446892
  0.48859289972496650  0.49963756220112882  0.50914376152478624  0.51768806641788168
  0.52612692492561519  0.53542855061588879  0.54635125023612319  0.55693416575014720
  0.56742671746188611  0.57769043083560923  0.58825077708501705  0.59960370435337551
  0.61163200979267951  0.62513984108501142  0.63927905267821805  0.65257983212658321
  0.66532336350650267  0.67733842079056994  0.69148759340335753  0.70620958661485400
  0.71736662720981337  0.72727529483695963  0.73712647988283542  0.74813908397524354
  0.75971644043574738  0.77111875989330514  0.78252588215068852  0.79363030478009000
  0.80473172123779479  0.81632463591180948  0.82879399273823939  0.84071941152163443
  0.85250807221107305  0.86115641361118711  0.86997914653487485  0.87897556710681712
  0.88859424377875962  0.89890090368170472  0.90930090145446785  0.92004105252923640
  0.93218510239568508  0.94218279985395870  0.95225256398582103  0.96226386689011678
  0.97308124899149329  0.98277576752162943  0.99156007207777785  1.00000000000000000
 -0.00086343900378449  0.02399041493793756  0.04219937626891877  0.05813647305910477
  0.07292407036943901  0.08724663488785560  0.10252295616146298  0.11763352399434251
  0.13199662667885204  0.14731850755121823  0.15946265355190783  0.17097878131631894
  0.18264165291572959  0.19602422109732537  0.20889409915229420  0.21878134240906583
  0.22816271044073930  0.23755277209203840  0.24626558716145597  0.25577324952267066
  0.26547096197260150  0.27593278852110070  0.28548251476100583  0.29435447575404278
  0.30318544665192154  0.31283286479955263  0.32245600520665491  0.33164386687807801
  0.34216659666138621  0.35343716809638415  0.36482144953115370  0.37678044820543311
  0.38867588305188766  0.40157078012004432  0.41348531213846040  0.42373306711511188
  0.43301760089990826  0.44310027679667036  0.45286601271533494  0.46226027326561436
  0.47142702426932592  0.48101529576121349  0.49114859847927567  0.50261077159340062
  0.51489000815051367  0.52686912941893571  0.53892432319694628  0.54988404758114084
  0.56039017663966018  0.57320244392807485  0.58542668478569670  0.59730669989265217
  0.60945822367628955  0.62264769107805928  0.63566748664199091  0.64712525432738477
  0.65868048906707632  0.67061359756874594  0.68403087519115802  0.69912601157840670
  0.71165700303266233  0.72329097725377345  0.73348237853536047  0.74538384481580100
  0.75793350227846179  0.76972677161758607  0.78019457758997246  0.79080722088617594
  0.80093932429275605  0.81098733838110060  0.81979637285804396  0.82790233730591978
  0.83609170446056769  0.84441934226736770  0.85369134931866175  0.86333098405709197
  0.87162638701082995  0.88068031962409998  0.89045986620030815  0.90058558951081058
  0.91092512375845436  0.91969918645264093  0.92923546414501090  0.93813114566869060
  0.94486407127229211  0.95269198404315591  0.95846204764679221  0.96330382297293771
  0.96788214413817086  0.97259080278799359  0.97713298429131124  0.98140351094694989
  0.98569952025109520  0.99012170173215019  0.99466875459055915  1.00000000000000000
 -0.00388695222954951  0.01521278363698069  0.02843158230826422  0.04085551873488601
  0.05245250824450787  0.06308595912910761  0.07372522622404629  0.08516455577540445
  0.09748761511964513  0.10996497313220573  0.12096252144377562  0.13147965557418687
  0.14255171102971029  0.15453844061335459  0.16585959685126767  0.17734263023297606
  0.18933878297269915  0.20194386075285534  0.21484935826177615  0.22668079661362173
  0.23599561908096459  0.24550567850826843  0.25453038440921172  0.26190251821485000
  0.26843241812329988  0.27489706490338300  0.28199651429703515  0.29007391164634749
  0.29902582943511363  0.30768092783319140  0.31800049319140533  0.33050945636486556
  0.34048336454955225  0.34994207412617229  0.35980632135915491  0.36947110548106082
  0.37972985350941957  0.38910680406136389  0.39902977595901873  0.41056786990605204
  0.42281201853542988  0.43534208351471654  0.44810936049631644  0.46011214597988376
  0.47085254351548494  0.48172675964406059  0.49284778546488311  0.50469784330028045
  0.51724995244141059  0.52833522500234453  0.53850655663299407  0.54958381172343218
  0.56033360340849614  0.56913604535712614  0.57780365095496700  0.58620410166302728
  0.59546924089974229  0.60591089327563252  0.61575573649030291  0.62587053317431851
  0.63612315784464646  0.64666490691410328  0.65765775024949991  0.66816188128279508
  0.67891419909471151  0.68893411024948659  0.69827856286819856  0.70648672983562011
  0.71502844287663681  0.72432087698166336  0.73450255220575444  0.74363585314961367
  0.75319777636730023  0.76439256632139718  0.77581885921873817  0.78717423967435463
  0.80034183810876891  0.81515405447560063  0.82894425999565013  0.84120453963464747
  0.85234626659465540  0.86396784950723193  0.87338277348738202  0.88172753730125142
  0.88840643629717864  0.89609317829122415  0.90586036976115925  0.91613131106419121
  0.92538070499732339  0.93461023238244978  0.94645098624282264  0.95736527549031680
  0.96745053526312219  0.97765484802217240  0.98863975994333142  1.00000000000000000
  0.18905115372830145  0.42268842711853116  0.46842370943294359  0.48069691224569705
  0.49506418858705614  0.51192507625178274  0.52278157944020009  0.52978922196102785
  0.53602922009201792  0.54158522282477295  0.54704324022982420  0.55305553974217514
  0.55924059156548711  0.56534141528943638  0.57171953841085832  0.57805538175996929
  0.58575269449599132  0.59522317995301322  0.60455399957806322  0.61348688161182574
  0.62202853667683777  0.62993929216358113  0.63717354283180971  0.64399167043928485
  0.64977619669017672  0.65481405045843344  0.65982992363695214  0.66507918032816715
  0.67107355713842687  0.67703370724791134  0.68279942199606813  0.68826114509470471
  0.69387693201555189  0.69932099743506582  0.70472256897808305  0.70944052305086058
  0.71404881647360763  0.71870913047726981  0.72318584966652433  0.72826365073747890
  0.73283275319067864  0.73720027770185181  0.74139292267134971  0.74552129597465711
  0.75009077846052730  0.75513315297163019  0.76024308623575421  0.76518174509118675
  0.77005388172974287  0.77484535609230398  0.77994854449021700  0.78520461386396223
  0.79052674099202069  0.79552631562344267  0.80001224261987680  0.80415551169373156
  0.80800210374898995  0.81161911464327796  0.81451069120128838  0.81751571937439538
  0.82034456017569179  0.82346988807927468  0.82674922373528903  0.83009256213736948
  0.83359155237419791  0.83730174832724003  0.84162342057421602  0.84567109678714913
  0.84899143431561030  0.85221945727669324  0.85578206881879137  0.86016019710897251
  0.86490158934489769  0.86917094607015033  0.87361495116147669  0.87885916925058494
  0.88395779695200338  0.88907888391680789  0.89417215710820230  0.89926199854616973
  0.90450027875737415  0.91001142509324329  0.91546359658199883  0.92091490825649369
  0.92627175670450401  0.93186638207549866  0.93769927139625564  0.94378389985273170
  0.94995954561085094  0.95542887640871310  0.95998229761571852  0.96509505804901141
  0.97081412859450988  0.97794535716608932  0.98795838238096134  1.00000000000000000
 -0.00759241012193398  0.04891525714613219  0.07010853548963530  0.08405276555636264
  0.09426119126493299  0.10285721375135719  0.10930401113177830  0.11523906422699713
  0.12136944808379559  0.12729315156628246  0.13305165559142110  0.13853031049871514
  0.14430439654453434  0.15006443913865311  0.15544278620275720  0.16108188828926942
  0.16654792488375039  0.17158461614115683  0.17650248073921382  0.18190887979111786
  0.18771860134308604  0.19313065698658197  0.19725404322472545  0.20102797865721173
  0.20483049217130134  0.20891191959398736  0.21395507266812280  0.21879962149618287
  0.22315995927353929  0.22726165083056496  0.23150931058178523  0.23723634536516117
  0.24325002490722197  0.24951391048375765  0.25612631868318658  0.26320209454328736
  0.26984644033168964  0.27660968580796058  0.28289807323925431  0.28801530086324401
  0.29413914605747532  0.30157057123351094  0.30835189513719163  0.31455619544917429
  0.32270230929052773  0.32983462020487109  0.33582567530617180  0.34107860257365163
  0.34652926277950535  0.35276189849932882  0.35879574885627108  0.36465855535549113
  0.37021027520707050  0.37517352982451235  0.38032654079361300  0.38555531545496180
  0.39079712626889190  0.39667696044607897  0.40257908965521239  0.40849393530416966
  0.41424922764967248  0.42038378941166943  0.42726297281744546  0.43423909310328634
  0.44232159685650196  0.45159259697053866  0.46113183337098140  0.47085643151402057
  0.48079818446328776  0.49135935489645777  0.50269222479786657  0.51543977269312868
  0.52732569172906540  0.53639029556242301  0.54448476014656377  0.55231416506333497
  0.56055383112806489  0.56915829858701894  0.57755394525919368  0.58615340650635439
  0.59656563913905247  0.60794443602513559  0.61978073633737596  0.63221755779805366
  0.64528304032652795  0.65832395711271963  0.67232412361130645  0.68723858021971429
  0.70320104349313661  0.72080163188824509  0.74068116398385675  0.76225628683683522
  0.78833814310203898  0.82189553653799441  0.86752896178367589  1.00000000000000000
   1.6391375494468109E-002  -1.0000000000000000     
 F F F F F F F F T F F F F F F F F F F F F F F F T F F F F F F F F F F F F F F F T F F F F F F F F F F F F F F F T F F F F F F F
  <DiscreteSampler_grid>
  grouped_processes
  1 # 1 for a reference and 2 for a running grid.
  10 # Attribute 'min_bin_probing_points' of the grid.
  1 # Attribute 'grid_mode' of the grid. 1=='default',2=='initialization'
  0.0000000000000000 # Attribute 'small_contrib_threshold' of the grid.
  0.5000000000000000 # Attribute 'damping_power' of the grid.
 # binID   n_entries weight   weight_sqr   abs_weight
    13   10   3.672305036134880E+004   2.441263727298715E+009   3.672305036134880E+004
    14   10   3.672305036134883E+004   2.441263727298717E+009   3.672305036134883E+004
    16   10   3.353388247359471E+005   2.326131855431581E+011   3.353388247359471E+005
    17   10   3.353388247359472E+005   2.326131855431583E+011   3.353388247359472E+005
  </DiscreteSampler_grid>
