 -0.00008899733564638  0.00089740656374716  0.00198036409263526  0.00353779254834056
  0.00550679529428614  0.00788846012539705  0.01076577201267050  0.01403262046894277
  0.01759460199333074  0.02143472580199927  0.02571800388017887  0.03027560419015047
  0.03506308333043128  0.04027431500127309  0.04588031908512873  0.05161732880344604
  0.05748441654537697  0.06365396408578065  0.07007635268994665  0.07668394348094869
  0.08346414082087580  0.09054332753223202  0.09770820766289925  0.10499069342467625
  0.11229867287867544  0.11985610895816028  0.12764311626216285  0.13552512614919862
  0.14355186683806673  0.15191178166609506  0.16081273430297871  0.16989776739959300
  0.17904826650793579  0.18827529022017997  0.19741527331268380  0.20674346643434593
  0.21636647679879309  0.22646736572549103  0.23679386365242161  0.24716543865194229
  0.25728301958134386  0.26751182928028994  0.27806782092474464  0.28898059145839411
  0.30036196965759798  0.31240864057955525  0.32486048976565690  0.33710971759410852
  0.34904854843765054  0.36056075658441944  0.37236976844341890  0.38438726112517912
  0.39667032631589744  0.40872972569038790  0.42047071832755251  0.43239636808761311
  0.44442421338855903  0.45689720114305993  0.46974345103521004  0.48280029330840174
  0.49583873050664667  0.50889273505412802  0.52211391227861736  0.53553762239693026
  0.54889460110437993  0.56271434766703243  0.57727676667731831  0.59160645998584571
  0.60556403346385013  0.61950513936869356  0.63325464661784359  0.64648322267821889
  0.65971339792380879  0.67295466159471307  0.68615992456588026  0.69939076085219265
  0.71314856641629365  0.72744296697728938  0.74188204813547709  0.75645657374668629
  0.77117470695135004  0.78602037472118458  0.80124519933756688  0.81622185576618334
  0.83124388229993751  0.84644357006518678  0.86183560194526276  0.87748006450408245
  0.89307785752256785  0.90867678170153765  0.92426715303183360  0.93962928199812634
  0.95477640153251431  0.96985335010936591  0.98491674495083537  1.00000000000000000
 -0.00279447845657464  0.01054174285257415  0.02143550256846654  0.03082232531039655
  0.04033320243537872  0.04973238099886727  0.05894834464109774  0.06843121080007598
  0.07724177429116451  0.08816126562764361  0.10008682275461403  0.11206295079550735
  0.12398792926151100  0.13602058476425408  0.14819078804431574  0.16042677894478805
  0.17246601828146865  0.18432841148115559  0.19573200258225676  0.20660903715733600
  0.21724572249611060  0.22776710675716502  0.23825838801837163  0.24854920460167498
  0.25897336399874965  0.26976240570777199  0.28065194228074219  0.29127840983819497
  0.30181833458285706  0.31220513404416744  0.32232355565350995  0.33290635604590163
  0.34439566772492963  0.35618705889434210  0.36799129769655392  0.37952290625948054
  0.39100655110949306  0.40247356227936110  0.41324736773768950  0.42335205613760957
  0.43289153208653341  0.44247867798690760  0.45227375189251212  0.46221124502470123
  0.47226511492757062  0.48285614288156015  0.49358797775346441  0.50374398196533421
  0.51355691181444829  0.52371767993929319  0.53443663436727373  0.54510591004786202
  0.55589136806343376  0.56672193861827824  0.57733308109786041  0.58767505104182483
  0.59779115007671757  0.60763964774186674  0.61685996011105693  0.62600912542452591
  0.63543467338650328  0.64523209830774431  0.65533816035116932  0.66471339216088399
  0.67525308784525206  0.68617759397811129  0.69862349031718474  0.71033225933097388
  0.72162307247841140  0.73212617481680098  0.74248968256153014  0.75294686673147138
  0.76356228534367199  0.77381857826415423  0.78397121183330987  0.79401490884396997
  0.80481813375460587  0.81490682398929837  0.82395869370817565  0.83310405620709216
  0.84276498815742529  0.85225217361850514  0.86145346569449988  0.87047420918902374
  0.88024971932028784  0.89118569318842311  0.90174978869874045  0.91232625948270085
  0.92311417362070947  0.93442635484127556  0.94599089103398470  0.95712728188411389
  0.96745145607337701  0.97790996927201523  0.98880240006821207  1.00000000000000000
 -0.00133275146458574  0.01155939420911756  0.02201269684349089  0.03104171196475795
  0.03934956106115853  0.04727616812435787  0.05492648277951297  0.06259118996276816
  0.07001272300090182  0.07693221656660773  0.08372781751773906  0.09029095744212244
  0.09647036018249887  0.10253815034406367  0.10854336555641234  0.11462343235168333
  0.12094862086048329  0.12745194562684986  0.13403856582319276  0.14052314611580843
  0.14715706393534203  0.15368217142222787  0.16015454928862691  0.16640185436936855
  0.17271588208523261  0.17911962964062306  0.18557542909524014  0.19211287013753689
  0.19873319173100479  0.20551334612762329  0.21181502626894463  0.21790535416770171
  0.22395238428816036  0.23031794786893156  0.23652310949208455  0.24271675697217859
  0.24908076088139783  0.25556431061172546  0.26209047485431869  0.26854881658586544
  0.27483965017988610  0.28102200911079328  0.28721772553263414  0.29345563775111855
  0.29975643297943627  0.30616106513204938  0.31245947983264322  0.31861414257910214
  0.32516689248599007  0.33191521063751178  0.33890097963395549  0.34591220090345587
  0.35297226603795412  0.35997740632753689  0.36678122857250239  0.37352426034422148
  0.38031170707296308  0.38721765071674374  0.39410346572642152  0.40097671754147957
  0.40799929709429678  0.41544552215293801  0.42338367091986268  0.43162989333622304
  0.43968139212211138  0.44745751990414268  0.45526491083912662  0.46359281759418913
  0.47233312737373906  0.48100777928773092  0.48947196424738743  0.49837559904800621
  0.50821355102129528  0.51828107895392994  0.52782251294878502  0.53718832133963379
  0.54702770528188271  0.55755914298517262  0.56844320281437344  0.57963597628769292
  0.59110917048310674  0.60287209051681989  0.61528306343773598  0.62789049983491374
  0.64189569307985439  0.65788695600319813  0.67643275969646854  0.69652347810915283
  0.71689956592987325  0.73813794572848657  0.75951270414165484  0.78139732201377132
  0.80613354725013797  0.83870436709535745  0.88823120021897017  1.00000000000000000
 -0.01468605605609632  0.09209882701347254  0.12849539451850386  0.15415843484797967
  0.17387256512753957  0.18894175716561673  0.20158053926252761  0.21310426254609516
  0.22410075878663360  0.23543856974510630  0.24653639521402484  0.25719838013715018
  0.26707214821315434  0.27605125446296724  0.28448889864589982  0.29253540332464278
  0.30016783771092098  0.30752263889193049  0.31486663738081155  0.32217425877842532
  0.32931783225789812  0.33615606552958976  0.34275176910143929  0.34923013174150902
  0.35560974321476974  0.36210995834398901  0.36853450457484421  0.37482785847268180
  0.38082429372883503  0.38664903092373365  0.39248649247138157  0.39865262593855283
  0.40475381656845888  0.41085502278073610  0.41684323573637805  0.42270858093934094
  0.42857876685897489  0.43439653666749178  0.44017675697486042  0.44614919215646370
  0.45223557445837420  0.45826686334916356  0.46438039891644206  0.47039761896963539
  0.47639176443818487  0.48234771841914909  0.48812958172958232  0.49367944977652395
  0.49899466534396880  0.50411468044941654  0.50940317806147217  0.51494745564370403
  0.52064749411323097  0.52706961033200361  0.53307547945059996  0.53906676600595227
  0.54509092150783822  0.55113096189057931  0.55703797122377097  0.56271414559894040
  0.56833242993794753  0.57414872374501769  0.58024602865734154  0.58650909099442472
  0.59307711816732822  0.59962822523427528  0.60586094258071266  0.61189447337656200
  0.61794400661798454  0.62408059279925754  0.63043539187557218  0.63691728482713739
  0.64347768406802286  0.65036787703808108  0.65761774693674147  0.66526875268116448
  0.67296432601464129  0.68079099016726163  0.68876195825495734  0.69664784642786759
  0.70478389474875014  0.71326320816022781  0.72237029434925992  0.73160010827666699
  0.74170580940656528  0.75190358514261924  0.76430614779679629  0.77575844968018159
  0.78766449518536097  0.80098697000423291  0.81580132854445464  0.83220831520455374
  0.85149046563948771  0.87521668007786790  0.90994543938176620  1.00000000000000000
   2.4318473832468599E-015  -1.0000000000000000     
 T T T T T T T T
  <DiscreteSampler_grid>
  grouped_processes
  1 # 1 for a reference and 2 for a running grid.
  10 # Attribute 'min_bin_probing_points' of the grid.
  1 # Attribute 'grid_mode' of the grid. 1=='default',2=='initialization'
  0.0000000000000000 # Attribute 'small_contrib_threshold' of the grid.
  0.5000000000000000 # Attribute 'damping_power' of the grid.
 # binID   n_entries weight   weight_sqr   abs_weight
    10   10   1.178902625006914E-002   1.971290504435847E-004   1.178902625006914E-002
    11   10   1.178902625006914E-002   1.971290504435847E-004   1.178902625006914E-002
  </DiscreteSampler_grid>
