  0.00008873229780552  0.00153073020434610  0.00256979982461177  0.00340447128332303
  0.00414742895840403  0.00480804965804815  0.00540692818689457  0.00595118147927959
  0.00648720117400319  0.00700325797518881  0.00750921128913928  0.00803252449319558
  0.00854207348436731  0.00904079350227988  0.00955440963317321  0.01005870123968248
  0.01055332132529312  0.01104615163749669  0.01154058486237484  0.01203133441975511
  0.01250188568383409  0.01295498747897769  0.01340318873915061  0.01384727223927351
  0.01428771306326825  0.01471690470107508  0.01514736228144320  0.01557902252147055
  0.01600738569948405  0.01643562874388976  0.01687218680461045  0.01729680431946277
  0.01772184654988115  0.01813873741498113  0.01855423249204907  0.01895662601548028
  0.01934727899644050  0.01973480198768095  0.02012468660469471  0.02052041421392523
  0.02091624848302426  0.02138571222496989  0.02184340345068876  0.02228823356092741
  0.02273145363126851  0.02317811192365097  0.02362575961413947  0.02406911782322127
  0.02454161253258971  0.02502943879117820  0.02549256710283166  0.02594100508363887
  0.02639240684275706  0.02685306863065980  0.02731398803804351  0.02777473137156792
  0.02823911167242040  0.02870487071304733  0.02916101395282275  0.02962398570775591
  0.03009827581715144  0.03056574827427786  0.03101750767110283  0.03146995704508838
  0.03193469581026601  0.03239513088728679  0.03285396903952859  0.03333353251402600
  0.03383664688893699  0.03434915234002762  0.03486700270314880  0.03538578373074962
  0.03590646619715410  0.03643688245086520  0.03698228925304728  0.03753931614314819
  0.03810183631039935  0.03865331776436585  0.03920278305059856  0.03976369163138573
  0.04035907901370072  0.04096710555126170  0.04158825814321519  0.04238254575377350
  0.04321523920938707  0.04407377957397626  0.04504288822910082  0.04614606249372321
  0.04753323568841178  0.04966547372625261  0.05270437483761477  0.05662327818766157
  0.06104056481946214  0.06699017054946781  0.07355542157333542  1.00000000000000000
  0.00770415410584662  0.02070672946590393  0.03523315280989343  0.04683776003960607
  0.05832118910007544  0.06911058230587495  0.07933300350093850  0.08933559107023595
  0.09941542287935190  0.10943442514491018  0.11904805401595185  0.12909808560833741
  0.13870172489152030  0.14847633336547889  0.15792799308860409  0.16801121316415565
  0.17846777950887013  0.18848979745956215  0.19866520861026940  0.20885018492933893
  0.21836600504949030  0.22754253934334823  0.23595888443367716  0.24417955559401006
  0.25254393068923764  0.26108256028283400  0.26986662862591504  0.27874036241940620
  0.28750521809265978  0.29652614825613421  0.30584563582283603  0.31561593810562988
  0.32553515534678018  0.33495970981876932  0.34418292290383229  0.35335182252529401
  0.36223505751860963  0.37124301847042285  0.38012875031506765  0.38855600746055707
  0.39709335582457467  0.40580200038128417  0.41478932772282906  0.42431534036273499
  0.43479467728282928  0.44603798339878209  0.45829859052495348  0.47004400251101536
  0.48166694581895952  0.49323121579793350  0.50394179544584083  0.51427192098438379
  0.52497255959506683  0.53649833685762827  0.54791876310793153  0.55862507513883686
  0.56906025178487940  0.57957395244201426  0.59005916588382623  0.60015098864799821
  0.60976229851999975  0.61956919544232514  0.62988639379168854  0.64109366886829433
  0.65192786387701263  0.66258994921288994  0.67419454541038237  0.68482174021962194
  0.69498538188285675  0.70516705093630683  0.71649824025022879  0.72825188046767753
  0.73919573276415740  0.74972059208758002  0.76036181469094888  0.77047194068983438
  0.78009593914200448  0.78993271102576834  0.80001718802566613  0.81017305072299095
  0.81954214663484659  0.82832384959076411  0.83724421902860557  0.84646900112300527
  0.85606605296488569  0.86566815340242653  0.87593438135595092  0.88687681508380478
  0.89819661499633197  0.90859373618025396  0.91918140026868933  0.93069684308015088
  0.94288793754986988  0.95640727153744765  0.97394395422879498  1.00000000000000000
 -0.00106198789764593  0.00587987175669907  0.00854703444430093  0.01122788538978156
  0.01432850188285656  0.01787635835740718  0.02192158595785162  0.02647098642599831
  0.03107747148300007  0.03626311185850353  0.04158365113103091  0.04698814302844715
  0.05235628912597526  0.05839632489007256  0.06477815766215533  0.07067556051317052
  0.07709576697185780  0.08372677786255021  0.09008625505276388  0.09659264137027872
  0.10353189566928911  0.11055092013429133  0.11744000659011054  0.12481713861080353
  0.13374845899627080  0.14357806179255145  0.15298434347798937  0.16186398263794768
  0.17052868567746884  0.17864793145774172  0.18631248820341209  0.19377671217036796
  0.20174849078667653  0.21054639141873044  0.22006892854973950  0.23136455780931756
  0.24155467361504679  0.25215341511875267  0.26234076686060354  0.27277512536147347
  0.28402522786855278  0.29571521443620719  0.30735552407155986  0.31863838220466356
  0.32950583083553242  0.34017588803551213  0.35087447027672308  0.36145981398553029
  0.37181102707830405  0.38214552009330677  0.39276611308703979  0.40386648258449953
  0.41514159416080665  0.42672610798319377  0.43923880184268410  0.45134146265483482
  0.46331705622115898  0.47555163089253294  0.48804429387587855  0.50023798157299182
  0.51192616143862713  0.52393953832981177  0.53677926044343027  0.55148324246702585
  0.56437309483936593  0.57677829679505399  0.58938626328494692  0.60176021431065352
  0.61387458658826777  0.62552229245390734  0.63670146876090106  0.64846671396251243
  0.66091146675847545  0.67403583445312920  0.68721095172086188  0.70063025858960315
  0.71440921507509680  0.72816268812268548  0.74203247884881951  0.75588160504190671
  0.77048819508211419  0.78531533929352537  0.80028820966212177  0.81495314367216665
  0.82893203965682416  0.84319769771906050  0.85765479854778548  0.87249947543257189
  0.88727905217101433  0.90201344940076333  0.91695683015225149  0.93160305767936102
  0.94783181471938471  0.96458694203576711  0.98177955603664635  1.00000000000000000
 -0.00183014829808980  0.00924511320135600  0.01848425490078923  0.02827250960430739
  0.03814556243604645  0.04779826764506061  0.05729206590907532  0.06689900221951287
  0.07707715113470912  0.08746795606579748  0.09792604506534097  0.10847353785311800
  0.11868671513372656  0.12929095604731286  0.13973242724782670  0.15053417072980729
  0.16160217905440583  0.17240329987997433  0.18314837646660223  0.19362300653302272
  0.20346743838674022  0.21325199863771263  0.22328331507162896  0.23369036002811711
  0.24444087894761374  0.25521891964293397  0.26544825887021783  0.27526877298404351
  0.28517136479583777  0.29641444103271380  0.30799921015491338  0.31900492650157325
  0.32992300307464073  0.34118725823061941  0.35243857858730032  0.36339205427395432
  0.37433075403828608  0.38549376929226187  0.39699630379546574  0.40726185660584957
  0.41763493785145106  0.42807724242027462  0.43848969869248811  0.44741109628004716
  0.45625144053995181  0.46531857002538041  0.47495358591094133  0.48465220341354220
  0.49443865345984056  0.50541106000047809  0.51758227099578036  0.52975888674513472
  0.54166082388452630  0.55329489995474090  0.56451907235702159  0.57533863062758106
  0.58588334746503590  0.59615866668228057  0.60626151729510114  0.61611276584032648
  0.62548412109721141  0.63497315982686586  0.64497866485964661  0.65578950328476382
  0.66746252276529439  0.67959918371935846  0.69127660165479665  0.70202199410707444
  0.71253422490616447  0.72261597074778061  0.73252190117230009  0.74236117451539552
  0.75246773246807697  0.76267873538489606  0.77286409244138810  0.78328243876705450
  0.79402211554815694  0.80487680915721638  0.81592599060101878  0.82751604588536909
  0.83971055870585831  0.85253051092617504  0.86361469920523881  0.87421711369487665
  0.88466504000238488  0.89571042806796264  0.90500247541870216  0.91420937608667263
  0.92389530556280675  0.93306776419392057  0.94222710488410732  0.95145173882977196
  0.96179061028388668  0.97458789108081334  0.98804695772584561  1.00000000000000000
 -0.00271767711304224  0.00970249930350054  0.02049478730294690  0.03227783158913423
  0.04466712870215209  0.05772421828343458  0.07176694315133467  0.08638337873581077
  0.10051568429938178  0.11345654855266467  0.12573258576226248  0.13752481619071508
  0.14903705410554616  0.16072221456981384  0.17281283345830026  0.18454470387771493
  0.19539056328076199  0.20602120514568478  0.21686485603093347  0.22764553730272050
  0.23740751305811178  0.24714813908921918  0.25711285843985959  0.26770498712905755
  0.27896055368301054  0.29094575717036381  0.30455484833724977  0.31768147125765339
  0.32967451215235760  0.34066742358729551  0.35143571701103354  0.36281628057144866
  0.37467542669649284  0.38506209213876347  0.39515254471720829  0.40548486323182065
  0.41583307730175573  0.42572302016622149  0.43581389530809228  0.44744390372096959
  0.45927341672296373  0.47082374526922949  0.48192075088308062  0.49303857476270002
  0.50366856672127214  0.51348499452085117  0.52330771273342369  0.53320457099350715
  0.54326475562532262  0.55309450093658930  0.56230371025578274  0.57152175738998090
  0.58078245361332281  0.58992732900988976  0.59912497514373753  0.60859414832780179
  0.61844873996575844  0.62830528404917285  0.63858989477471861  0.64879637689568181
  0.65884539889469695  0.66850228044019355  0.67813577938972203  0.68836006159760776
  0.69915435460352604  0.70975539639381402  0.71999383888974344  0.73019081485780213
  0.74014269648868469  0.74968160601005118  0.75935175793006071  0.76950944299090906
  0.77951750799007835  0.79013545591866585  0.80019067475805605  0.81030909830910403
  0.81982235978187956  0.82933242680633845  0.83849836093307739  0.84759888780025483
  0.85684302119314437  0.86619184863852039  0.87536925186894143  0.88411556359739663
  0.89289574860253196  0.90201126850159963  0.91138278145635998  0.92099545178194464
  0.93053264574353811  0.94040775506891783  0.95052921918477151  0.96110671239525847
  0.97121484529517754  0.98109643048959938  0.99047404337308387  1.00000000000000000
 -0.00244029747011332  0.01044742243384928  0.02127260522407418  0.03323577391319858
  0.04538284681399148  0.05815225840007144  0.06968884478334798  0.08065039646060115
  0.08988189060942578  0.09850891734729307  0.10813654948745548  0.11789222089922975
  0.12711340930476889  0.13565586693914056  0.14462888470674487  0.15459113048738193
  0.16483520833642390  0.17443111539083470  0.18370443345403284  0.19338956058482984
  0.20357014578966359  0.21393872825671478  0.22428430584585599  0.23421759006602247
  0.24393005067076773  0.25417933460598668  0.26445515191808683  0.27475245146282851
  0.28498123922582824  0.29758451051390261  0.31092605119449201  0.32214133687144714
  0.33218270657631582  0.34197535259754919  0.35149066062744577  0.36073904665374817
  0.36974944634411938  0.37931681741064610  0.39025600277658834  0.40098044061589666
  0.41153267965144585  0.42147774141494576  0.43125581297141879  0.44129143909090701
  0.45166904281267278  0.46253928807753275  0.47419097430165569  0.48592178000410713
  0.49806735563323329  0.50798831513146059  0.51759218972846810  0.52780078017166587
  0.53769889717849251  0.54735029283985237  0.55639551065142934  0.56705018470300184
  0.57892163789755702  0.59028491378008208  0.60131721915604353  0.61297870019920842
  0.62523872757582388  0.63775807371543713  0.65003479305353928  0.66188368184501944
  0.67335293028644805  0.68424908069111046  0.69437944935084706  0.70437447147484766
  0.71514905709993648  0.72647865869991934  0.73730155266847419  0.74784541462200238
  0.75890777738394988  0.77020116705442687  0.78088787551605465  0.79094937175218771
  0.80122531919908813  0.81197247089889535  0.82326498842637474  0.83504933384479985
  0.84690853411070122  0.85834199028091873  0.86932148762903128  0.88011094127612421
  0.89079865684654969  0.90089870695957786  0.91064103715137701  0.92081272837596773
  0.93150779703409636  0.94225577808994976  0.95229835948136643  0.96231637100948186
  0.97210503819052851  0.98144304358334022  0.99059744105155834  1.00000000000000000
 -0.00174168818170276  0.00863642476026780  0.01792778465878741  0.02714372743348056
  0.03729689081140344  0.04743512054435511  0.05773131636701395  0.06754936025058987
  0.07657446892073815  0.08525168019311836  0.09449452480931783  0.10371176551176207
  0.11334693319059652  0.12263174530871258  0.13224969221360311  0.14213795755532291
  0.15264985030996731  0.16233060957938136  0.17195015284284731  0.18054008023312132
  0.18945005628151010  0.19889237760315379  0.20836638882834682  0.21849875379074934
  0.22949459708400990  0.24140487029803831  0.25307215024458057  0.26296845907512506
  0.27268566534587585  0.28270928456087313  0.29301055300959006  0.30341532534114268
  0.31440710459433857  0.32613550553780535  0.33779098749316450  0.34908641236443394
  0.35987084543939069  0.37003040972709184  0.37952956906653901  0.38929121036897602
  0.39915373179391966  0.40987098328665195  0.42061541692816196  0.43095187577645233
  0.44099379895991581  0.45141579734383819  0.46187446859039111  0.47198161125404520
  0.48210040162855350  0.49272209073191481  0.50369230439327284  0.51477735388043422
  0.52661034919188277  0.53906644100941714  0.55109936828234019  0.56317254976409603
  0.57565191617861244  0.58870462035638271  0.60151816429469285  0.61290968374267185
  0.62322885753636792  0.63304740093384915  0.64276379878464962  0.65273543697419278
  0.66313479387777774  0.67398777490592254  0.68520083504301099  0.69651253400254531
  0.70786690730630630  0.71942952742853217  0.73092557130869029  0.74236410518641738
  0.75394792028232416  0.76524392542204611  0.77580255568058620  0.78646218959265934
  0.79718182534058024  0.80847982407793695  0.81915227622414544  0.82936428470868007
  0.83984876619365034  0.85058536947645158  0.86143267679659952  0.87247282959217187
  0.88396567363708733  0.89537167655237171  0.90674068311635736  0.91832513165549923
  0.93019789031881983  0.94185476941372859  0.95285160370960498  0.96308193427596200
  0.97192193855751774  0.98119462866171980  0.99016858955758857  1.00000000000000000
 -0.00242134321039651  0.00912035853386893  0.01941140141842489  0.02969646728746326
  0.04016203448799022  0.05020478220579324  0.05988239729097309  0.06923178445326518
  0.07910215152694677  0.08928529123401355  0.09964643546633715  0.10999188175178314
  0.12053576803586361  0.13059010993460085  0.14078287240587567  0.15115360266823069
  0.16137036681663858  0.17151858177637688  0.18146911769785229  0.19127110789565588
  0.20062615125390704  0.20983000742237429  0.21932365371471380  0.22913750740472688
  0.23931353528824367  0.25008024484553060  0.26153428308126137  0.27378065230340320
  0.28644121878258627  0.29938025809252661  0.31114922593560662  0.32230012320078688
  0.33236595973555555  0.34295123328888849  0.35420604789804039  0.36421401443108115
  0.37399135994949989  0.38392786772671006  0.39475714100627418  0.40482808708801493
  0.41553854394345990  0.42762364198685165  0.44063163507210051  0.45230623723273811
  0.46300377702433415  0.47328371587737988  0.48386139731254468  0.49544658715410184
  0.50794126328941436  0.52068494413697985  0.53322370690797827  0.54493083962392808
  0.55591898613692903  0.56619347917088192  0.57556023517784871  0.58523277646726890
  0.59511333356870677  0.60544749457508107  0.61604031052165831  0.62727265965255152
  0.63897200542444332  0.64987305864931943  0.65972986489118790  0.66942000046357064
  0.67972768830230423  0.69058906125738884  0.70134361578147597  0.71213646805290454
  0.72358426055902614  0.73561925661782834  0.74700642085984326  0.75709311189509387
  0.76645637036925462  0.77639326708127232  0.78685542640318107  0.79715782515050793
  0.80689303654629374  0.81667697020636465  0.82653353878692259  0.83644557821329391
  0.84616052356210159  0.85594465895987781  0.86588424848828105  0.87548957266561878
  0.88459073987663916  0.89363625938549174  0.90274106977183621  0.91211526279164490
  0.92186376507718526  0.93203250362006473  0.94226934878295177  0.95309486519573194
  0.96408850119005718  0.97629487507824808  0.98831287742525520  1.00000000000000000
  0.00515776367271356  0.03472275781486785  0.05432375511909145  0.06711557289806677
  0.07648582128243607  0.08596186244923153  0.09491696019194232  0.10341033536876042
  0.11098733256022859  0.11814682679978017  0.12554241788145448  0.13315066994185168
  0.14082576431581911  0.14745607854786638  0.15349608268383011  0.15934676349105134
  0.16535815092140477  0.17106176011203225  0.17652397922995175  0.18196733999531456
  0.18742522267435591  0.19291826947779339  0.19840305489555232  0.20392560791984615
  0.20930675227713647  0.21422875315096795  0.21921047102172905  0.22407371607347418
  0.22911610101401006  0.23448865140969552  0.23976450848958847  0.24513555989672015
  0.25059572134975944  0.25604988524623890  0.26155248446521462  0.26702991174426727
  0.27260879659685455  0.27873640931052085  0.28489462555492262  0.29057059901102672
  0.29692467587823018  0.30309574711122961  0.30960128011171295  0.31662787672017245
  0.32410670694416327  0.33150509564931785  0.33808281471603219  0.34390181970893174
  0.35003612147918045  0.35632252630673117  0.36243873497473317  0.36852023167901449
  0.37440531104283525  0.38040746363165262  0.38610378760651165  0.39167183024665281
  0.39759980381630011  0.40408732051710905  0.41083581115655698  0.41742976511951874
  0.42491537238224975  0.43281320102593507  0.44076478578073297  0.44849717017278612
  0.45601269477221157  0.46366680811315325  0.47160874614482773  0.47964108764121866
  0.48749930289317850  0.49528947522905098  0.50351820392286384  0.51260384648239765
  0.52215394595880371  0.53171651987996782  0.54148235673408740  0.55105580296944112
  0.56030952374104814  0.56935207436453694  0.57831566713649674  0.58836973941102766
  0.59972709934532897  0.61116818413160101  0.62253105050027069  0.63461552237267727
  0.64796236076244018  0.66055516053695085  0.67388407911672787  0.68881694348378497
  0.70471263962914943  0.72252361322628911  0.74234644432130847  0.76516233164867153
  0.79168221659501892  0.82218959369594857  0.86945930761233114  1.00000000000000000
 -0.02240357474750502  0.13882051995060293  0.17792055490127817  0.20148299140909987
  0.22054542900080434  0.23576032191538054  0.24830725889872074  0.26013933668139277
  0.27070177445549493  0.27983723701107177  0.28812153941930574  0.29619618900861755
  0.30405320630176030  0.31191625416628588  0.31870053702508611  0.32513157739338355
  0.33120387761289244  0.33718822559942396  0.34307487325034036  0.34903083848252203
  0.35498894221105037  0.36100145109951604  0.36705370635426948  0.37321686895988854
  0.37961390143595275  0.38611753174231239  0.39238520810784461  0.39819770707500729
  0.40370974684575156  0.40906377635440688  0.41427343093892760  0.41947493065320562
  0.42478017342450780  0.42999701727826384  0.43526693245083448  0.44022686561220453
  0.44501118298825298  0.44996324746898081  0.45482277633425011  0.46000704184370267
  0.46542809999114848  0.47077402023997228  0.47603979673814545  0.48126738050461260
  0.48611306651049507  0.49116988072500450  0.49619962425568265  0.50162013861288124
  0.50713921859351052  0.51251225309668269  0.51785171296106070  0.52303377941185658
  0.52798486924537280  0.53306018076413475  0.53810899391075739  0.54320872006047138
  0.54865457138310869  0.55401727934564438  0.55943625110154682  0.56463156395762470
  0.56973421438783378  0.57505093578412003  0.58062752735979906  0.58616461553919663
  0.59146204839025751  0.59643858599181221  0.60163915110410193  0.60637442953931897
  0.61094728568130929  0.61560283178903763  0.62002620218271798  0.62464745725634563
  0.62939686886715873  0.63426642100595143  0.63891449673093648  0.64353984187405355
  0.64860518606806772  0.65426780620784208  0.66018685678213374  0.66647571185490251
  0.67366741546657982  0.68142508953897296  0.68861375508866285  0.69708567683629707
  0.70564746389076427  0.71473865992903651  0.72463384218193505  0.73519297797845640
  0.74601036838218659  0.75686697689180327  0.76785849831479180  0.78127817890435391
  0.79940948057514238  0.82474882164664187  0.86419077500159402  1.00000000000000000
   5.1660470034275863E-014  -1.0000000000000000     
 F F F F F F F F T T T T T T T T F F F F F F F F T T T T T T T T F F F F F F F F T T T T T T T T F F F F F F F F T T T T T T T T T T T T F F F F T T T T T T T T F F F F F F F F T T T T T T T T F F F F F F F F T T T T T T T T T T T T F F F F T T T T T T T T
  <DiscreteSampler_grid>
  grouped_processes
  1 # 1 for a reference and 2 for a running grid.
  10 # Attribute 'min_bin_probing_points' of the grid.
  1 # Attribute 'grid_mode' of the grid. 1=='default',2=='initialization'
  0.0000000000000000 # Attribute 'small_contrib_threshold' of the grid.
  0.5000000000000000 # Attribute 'damping_power' of the grid.
 # binID   n_entries weight   weight_sqr   abs_weight
    10   10   5.076631360969543E-002   1.090099751056388E-002   5.076631360969543E-002
    11   10   5.076631360969547E-002   1.090099751056390E-002   5.076631360969547E-002
  </DiscreteSampler_grid>
