 -0.00013907689937521  0.00603485730800774  0.01638011588422966  0.02789778875160141
  0.03964862189707605  0.05115159936562873  0.06262962049301375  0.07395008294205795
  0.08502331309126133  0.09572984280405450  0.10582113227058126  0.11572467093101904
  0.12603683124515919  0.13634116803338048  0.14631104045759818  0.15583376910480154
  0.16512675127606477  0.17441640103574294  0.18372279423587975  0.19317490054797903
  0.20251946165925383  0.21171813787249705  0.22091490577229056  0.22996322743165792
  0.23926272595351697  0.24819204020243452  0.25684879275147576  0.26548675118764098
  0.27424441568614244  0.28309693908509992  0.29153286895695329  0.29967594366314759
  0.30775161462655448  0.31583007656755474  0.32404531305078327  0.33234531535755490
  0.34058639841560934  0.34882497118803796  0.35711491736695994  0.36534985190408292
  0.37350185118608697  0.38145603655411392  0.38937851256710648  0.39773539456174334
  0.40610907997326390  0.41446817858487600  0.42277883877858546  0.43099208114135712
  0.43929548653938855  0.44748020430057595  0.45569179890863409  0.46391314453133486
  0.47196672885035895  0.47993187356681261  0.48786350736043499  0.49582145461311072
  0.50390979916591028  0.51209338891468148  0.52060384627956824  0.52885970891712941
  0.53720635576371645  0.54538106275894283  0.55344119023808347  0.56148857475913472
  0.56964106051329833  0.57790366968874740  0.58616650889354749  0.59471883434816886
  0.60338940464804725  0.61220889797457967  0.62112971656914251  0.63016823014717349
  0.63929889494600745  0.64851183477988239  0.65796797372384186  0.66837483319743130
  0.67920355867792337  0.69007686050340422  0.70081010889933470  0.71144737289270243
  0.72236124707454119  0.73349809648484265  0.74562577251870177  0.75831855239388712
  0.77125252437950220  0.78442666832229113  0.79762523968893917  0.81090710051803438
  0.82671951484038342  0.84370903617229220  0.86100874275983807  0.87923515676344977
  0.90058935524808126  0.92637116980918688  0.96001980293936306  1.00000000000000000
 -0.00251674521915729  0.00946884562424208  0.02043118291103884  0.03159444558946434
  0.04310551218701637  0.05470294660122126  0.06674334108142860  0.08001240713025189
  0.09102508187215286  0.10171157056412071  0.11268507693712179  0.12355329281228412
  0.13324801665144073  0.14194598770847391  0.15121674892818326  0.16119148484738188
  0.17138912644350673  0.18160733357939579  0.19247710251817182  0.20429566739805863
  0.21630919716141292  0.22792504261337546  0.23826406583847001  0.24837033319806850
  0.25910676209352285  0.26981373921244417  0.27974141527236512  0.28919956127774127
  0.29999904178411735  0.31071926147438078  0.32038106630456192  0.32999867046322739
  0.33996877751540688  0.35004708162617015  0.35983768189083293  0.36949372022471394
  0.37972915427205112  0.39009135321349553  0.40024034848740403  0.40947647627365363
  0.41883261432753971  0.42945906185048061  0.43980599381344399  0.45055009447888478
  0.46224059964477932  0.47507367062503003  0.48674319065871263  0.49765912203446028
  0.50802679561677189  0.51794449686090016  0.52764628354172727  0.53724953604346559
  0.54753069989890468  0.55782218515523740  0.56859521024154414  0.57994940075119905
  0.59082607221627570  0.60143523157406187  0.61138002971009398  0.62104965176533988
  0.63090988590820052  0.64075904764148872  0.65114511881971071  0.66178666244790918
  0.67252633303357390  0.68351546993617940  0.69423442123900458  0.70477644201361478
  0.71568926519742593  0.72670718646187416  0.73752853224646442  0.74842046625727432
  0.75969205038515719  0.77051501620056095  0.78055027408505395  0.79014143504032996
  0.79993171062477653  0.80994811791943522  0.82041738724308522  0.83129109338050255
  0.84281929510692422  0.85381077227877600  0.86392834776804217  0.87348274305823248
  0.88338279633956807  0.89331585089288057  0.90328897233588645  0.91297457283572181
  0.92370894135041026  0.93523498126331450  0.94698070465620487  0.95911572820685642
  0.96923258137483814  0.98028245302032824  0.99021904227743174  1.00000000000000000
 -0.01189339101391297  0.07043530997506997  0.10612244063666275  0.13200465067181286
  0.15445921551410616  0.17546558788296551  0.19416304680843888  0.21112103057316034
  0.22622775717871194  0.23918513019763615  0.25141975532885574  0.26344831419271592
  0.27526155424835369  0.28678468933832030  0.29852582688716872  0.31041494260334551
  0.32147615075259622  0.33272060534926734  0.34334893637015712  0.35360746904651241
  0.36389710888839227  0.37400687883913902  0.38382727331711114  0.39342667453437696
  0.40259079615871579  0.41128446776237221  0.41996933464347147  0.42867322199761604
  0.43728166321640732  0.44650602126126021  0.45566271671838887  0.46462935501341962
  0.47351265771282791  0.48236064854020150  0.49123521923427943  0.50002033311732053
  0.50848581659262926  0.51678156883693427  0.52513161852350687  0.53318416514512212
  0.54130254622163654  0.54895402179998720  0.55679166182766848  0.56416458086329679
  0.57153125618499978  0.57820426278411519  0.58542445215035877  0.59276075146748586
  0.60044565667413918  0.60775828589015324  0.61474778150088427  0.62158313548445421
  0.62837988814901469  0.63519699030904875  0.64204947723357275  0.64885416046960254
  0.65544743743933032  0.66218220410236328  0.66910038444031883  0.67704179597592484
  0.68479346970803456  0.69215873147466389  0.69927989377964617  0.70644470353269495
  0.71365296388636790  0.72089804979599925  0.72817700562538157  0.73525998481971855
  0.74229775345569837  0.74919238604662097  0.75661987822482701  0.76411959023929443
  0.77205642634703964  0.78031135415975972  0.78853340251248027  0.79634643651933823
  0.80385211809852175  0.81125580742351211  0.81852381543087938  0.82570930317320845
  0.83284421476018755  0.83997005707276429  0.84715579868948387  0.85475689962757007
  0.86304213874349567  0.87192767972948682  0.88122194787431463  0.89094367408059016
  0.90136685642627368  0.91238251168965778  0.92329312467194435  0.93407620597493912
  0.94578837530964133  0.95897411107880004  0.97559382540149098  1.00000000000000000
 -0.01946214709004835  0.12337798521595619  0.16842092382243118  0.19618305794178953
  0.21828795175284521  0.23769706441797125  0.25486186562170271  0.27087721981692975
  0.28631607731569669  0.30115849648441134  0.31457173001688360  0.32625552912983580
  0.33688304305804412  0.34676544242793267  0.35656375188381140  0.36627213125887320
  0.37585294233704436  0.38521358509401926  0.39400465581516364  0.40242842590514810
  0.41090847867070651  0.41939084476330923  0.42754440657497778  0.43540966340403753
  0.44304420316506660  0.45052307783432116  0.45796420994187870  0.46583187671264714
  0.47362247586065975  0.48144673548474914  0.48938982552620786  0.49747704938776482
  0.50572509426982815  0.51397493561296048  0.52192232873868638  0.52933316772638184
  0.53648039557277016  0.54377870944858819  0.55117721224752791  0.55847201967963833
  0.56543314293224667  0.57211252879696761  0.57859853598849154  0.58543194767163553
  0.59239215298812897  0.59924421849930554  0.60588654707834333  0.61198687997951962
  0.61783669161763033  0.62351445814800122  0.62899552519491686  0.63445612582419542
  0.64012346722031233  0.64583798302080764  0.65122884315361862  0.65624948025445229
  0.66123149604272280  0.66617270899360204  0.67152264390975602  0.67695653186938787
  0.68235425908842462  0.68778828263211955  0.69347814897013005  0.69913380099195210
  0.70466912930669146  0.71024806724863476  0.71586260994303086  0.72154102681356891
  0.72747485654118926  0.73327904048508774  0.73914344960109801  0.74497623334287810
  0.75079312775340845  0.75629833321588369  0.76177588732643153  0.76729140852542232
  0.77278352434599284  0.77820409536651280  0.78363457884968390  0.78920498095008151
  0.79490948722277333  0.80073494540729051  0.80654103704150337  0.81237317303717604
  0.81891552466429363  0.82599352355696543  0.83342652390577032  0.84160553425133677
  0.84968559387134202  0.85869131154519163  0.86891981030741716  0.88075219137464100
  0.89452940563881056  0.91174979496830955  0.93932277418167054  1.00000000000000000
   3.4390123667171797E-007  -1.0000000000000000     
 T T T T T T T T
  <DiscreteSampler_grid>
  grouped_processes
  1 # 1 for a reference and 2 for a running grid.
  10 # Attribute 'min_bin_probing_points' of the grid.
  1 # Attribute 'grid_mode' of the grid. 1=='default',2=='initialization'
  0.0000000000000000 # Attribute 'small_contrib_threshold' of the grid.
  0.5000000000000000 # Attribute 'damping_power' of the grid.
 # binID   n_entries weight   weight_sqr   abs_weight
    10   10   2.988561326575677E+003   3.030167737796681E+007   2.988561326575677E+003
    11   10   2.988561326575677E+003   3.030167737796681E+007   2.988561326575677E+003
  </DiscreteSampler_grid>
