 -0.00083862858014690  0.00437123033620857  0.00676256825320871  0.00920999156377515
  0.01189045697067457  0.01495214619229023  0.01833852528685554  0.02196623469325992
  0.02571719214694838  0.02983227647960544  0.03457577486985296  0.03953969318920092
  0.04460201983376308  0.04980963059698545  0.05520883299216126  0.06089300670042167
  0.06680134933917384  0.07298276843237597  0.07962359304814151  0.08633433575504995
  0.09309333031960929  0.09976858117458440  0.10655551501630782  0.11362819971306823
  0.12112548856424483  0.12904543106407321  0.13709644716977326  0.14531447696782349
  0.15392632658012093  0.16245783337864336  0.17130832384341207  0.18027010928520937
  0.18969581557199364  0.19962185265457769  0.20976872140791306  0.22009778781774275
  0.23017825667491110  0.24003767234728488  0.25025331976309800  0.26063123310568942
  0.27115955888668125  0.28183257446940724  0.29252256052770587  0.30326556321231751
  0.31426767542769274  0.32531457002799941  0.33662137216980054  0.34804048487623401
  0.35986359457568690  0.37201126347359770  0.38421963442622792  0.39633308761136415
  0.40844181139837726  0.42076625465247242  0.43337425388444961  0.44626625456371521
  0.45972982347572139  0.47352625699900253  0.48734077349418531  0.50115407600931039
  0.51485493076109490  0.52868084588126407  0.54283493655550241  0.55709235904806764
  0.57103514094040497  0.58526895550443669  0.59919203313438352  0.61287786492445784
  0.62641223251084543  0.63963073591996733  0.65259191843346098  0.66587736385058427
  0.67902505733753282  0.69194063822272256  0.70503276193550402  0.71831543958927879
  0.73164304346112530  0.74488474302453223  0.75805201617655349  0.77132241602137797
  0.78428377786766423  0.79734926859701827  0.81042380397707248  0.82367446234485864
  0.83696374231553172  0.85040889571705214  0.86436473037878758  0.87833665749345158
  0.89193889331977905  0.90637074864303724  0.92139835769351219  0.93653897706634437
  0.95207972319699663  0.96784431711996455  0.98381952734858868  1.00000000000000000
 -0.00238295083074907  0.01006303666529807  0.02029555625358935  0.03044004541045552
  0.04094337969625277  0.05079154829087529  0.06048558314510388  0.06995643278118285
  0.07965547274444491  0.08968769743634714  0.09956991489100281  0.10954698362344342
  0.11951298169484902  0.12960705256895549  0.14024052998517042  0.15127714626880556
  0.16240589797639512  0.17333517628292247  0.18394498970408962  0.19444250912433017
  0.20519977790772145  0.21675178225718136  0.22832064874873567  0.23937814145104847
  0.25019318782826278  0.25975783585046325  0.26954803660602950  0.27918852675085909
  0.28911600658065928  0.29936217661771880  0.31014893489875217  0.32146907367561295
  0.33327727984772976  0.34446866698724610  0.35567935374002319  0.36663807758416739
  0.37728764601008546  0.38773470623922485  0.39867781165871546  0.41028915998936172
  0.42225042275646596  0.43364860391943677  0.44495065520525262  0.45607065198564661
  0.46712379161447709  0.47797042136575496  0.48835935556755922  0.49822655344367678
  0.50813089758567409  0.51846148533462211  0.52921225322609755  0.53949389232239486
  0.54958840860106262  0.55975876525357415  0.57008269404203815  0.58007169018685112
  0.59004782243793141  0.59966987704389174  0.60933261992334475  0.61930980981019079
  0.63057166347273030  0.64259437345175807  0.65502801685430290  0.66684240430331299
  0.67805100359267867  0.68872789980481153  0.69918431853135965  0.70966407856169478
  0.72003421323266925  0.73035589303472992  0.74049019362407720  0.75083872935389673
  0.76112344945199262  0.77119623950410154  0.78114022320355214  0.79127527198233127
  0.80142556297207546  0.81150179696153579  0.82149047471777814  0.83201329332147178
  0.84293917958491160  0.85407024499277806  0.86461099911446893  0.87495471982309625
  0.88503630554662882  0.89517428450832937  0.90504337416441905  0.91490221271794336
  0.92524932988669595  0.93585129673765133  0.94676900100634431  0.95785508642118766
  0.96877090148737399  0.97949704128410953  0.98991857663832938  1.00000000000000000
  0.00615321330694421  0.01730821146558081  0.02818381756892770  0.03781797191276586
  0.04641537665591264  0.05441458814687256  0.06227969272029797  0.07014797305690237
  0.07800455067634904  0.08563506196574847  0.09291255806186975  0.09989511428997788
  0.10664669172752669  0.11335108836051126  0.12008417918368738  0.12692911073437049
  0.13350700197854806  0.14001772697642328  0.14625848587552295  0.15268096106283530
  0.15891940780433869  0.16524366975473431  0.17179675421613130  0.17838384954989994
  0.18500012358992854  0.19165708128615275  0.19830241082476571  0.20508629975370332
  0.21217421099658185  0.21953051884925973  0.22657629705136220  0.23293894439126483
  0.23894164186618927  0.24505568439949479  0.25137619858941007  0.25777487040096336
  0.26413463532660031  0.27040580462763880  0.27663370176730834  0.28279985452062928
  0.28881396052544733  0.29462691849839384  0.30018874726847450  0.30592393307352028
  0.31193463098136864  0.31821709663329611  0.32455631971726812  0.33066356837482003
  0.33671406074986387  0.34303720923466846  0.34953903818820609  0.35641725455211676
  0.36382496992450025  0.37136242645996331  0.37897687293503668  0.38666735330915508
  0.39421235919306674  0.40218342486123210  0.41027492422977274  0.41845621099637748
  0.42648821081173777  0.43438452008617140  0.44237544886388358  0.45043162969872291
  0.45843064695334734  0.46626625975739849  0.47435516044119175  0.48303261068310638
  0.49146251002686558  0.49970656405067859  0.50796897603339852  0.51632696135730238
  0.52556509861894496  0.53566629506615193  0.54647515766905397  0.55759799135711219
  0.56874798597708209  0.57985611471825749  0.59105808517074565  0.60250962889057080
  0.61422264200104504  0.62586051942492316  0.63830925884296885  0.65134990028164896
  0.66504819762013945  0.67985124821165599  0.69533438662693847  0.71138796123768411
  0.72840492448368721  0.74649360063248571  0.76659860112879619  0.78762146701354141
  0.81162442773494181  0.84088505611077002  0.88569709142134423  1.00000000000000000
 -0.01566118076881708  0.10006970161909022  0.14111944388323217  0.16696127687662723
  0.18689274347881343  0.20346979721517017  0.21845298710245054  0.23174179248561624
  0.24333969350825396  0.25392561611832887  0.26384114639355410  0.27332806110205532
  0.28195973931774837  0.29023826704972194  0.29821336459315922  0.30595721931762199
  0.31362133617014515  0.32109770841772356  0.32854984584546881  0.33590950256675112
  0.34293005033653762  0.35022662805256821  0.35731944335240345  0.36414182148324226
  0.37066946991384175  0.37698366933784111  0.38327190553630364  0.38963677286232762
  0.39612350189398132  0.40281774149248656  0.40963313917375643  0.41681223702621167
  0.42286869467884497  0.42903108452370642  0.43497138099352439  0.44059562685345871
  0.44600522964575290  0.45128403178858240  0.45644990381106637  0.46145305936521702
  0.46632367604941316  0.47130809565404169  0.47635965622221926  0.48138616761100728
  0.48636585827712442  0.49132702366676523  0.49631517031131117  0.50107917859773810
  0.50637059731522893  0.51160465180742221  0.51697879841933336  0.52241294828509155
  0.52779869647580246  0.53312831913294101  0.53839290138438756  0.54372691612994739
  0.54930420389171875  0.55485965625445444  0.56057077511139297  0.56619835318385492
  0.57172143901403705  0.57741520670497315  0.58290127567741779  0.58852767321571020
  0.59406454335097836  0.59959149189992544  0.60523456355271132  0.61107489405585480
  0.61706015707067396  0.62325349380116657  0.62980160079486303  0.63655093774254357
  0.64342558548191231  0.65001001143623316  0.65681919492777152  0.66377219187254977
  0.67068943430010930  0.67758304892662025  0.68476457580352978  0.69214241774524299
  0.69949186895643589  0.70680072093357149  0.71430330281816545  0.72212106518754982
  0.73056677401142012  0.74003733343252598  0.75019091950746064  0.76168653223497929
  0.77465208235581118  0.78921578935566750  0.80542344202155758  0.82326219313807170
  0.84341333364853988  0.86806771999060672  0.90789388622089662  1.00000000000000000
   1.1230697026009666E-010  -1.0000000000000000     
 T T T T F F F F F F F F T T T T T T T T F F F F F F F F T T T T
  <DiscreteSampler_grid>
  grouped_processes
  1 # 1 for a reference and 2 for a running grid.
  10 # Attribute 'min_bin_probing_points' of the grid.
  1 # Attribute 'grid_mode' of the grid. 1=='default',2=='initialization'
  0.0000000000000000 # Attribute 'small_contrib_threshold' of the grid.
  0.5000000000000000 # Attribute 'damping_power' of the grid.
 # binID   n_entries weight   weight_sqr   abs_weight
    10   10   1.541556389321423E+005   2.437574781919132E+010   1.541556389321423E+005
    11   10   1.541556389321423E+005   2.437574781919132E+010   1.541556389321423E+005
  </DiscreteSampler_grid>
