 -0.00013500289407194  0.00582433953769091  0.01605972646151419  0.02721029941098776
  0.03897745800473511  0.05142835700109991  0.06253800264712821  0.07301390095400637
  0.08406107828669754  0.09513064280371510  0.10568556927726004  0.11584435582398511
  0.12570134917893688  0.13526416473038733  0.14454461850897410  0.15365283739186952
  0.16268629364496373  0.17171823897020125  0.18057853517441225  0.18935323077614624
  0.19808911006322896  0.20673773030355688  0.21546799938117681  0.22429599913207499
  0.23337336266395342  0.24294242853933520  0.25197146518890973  0.26101649755909628
  0.27015381874956390  0.27933299833340269  0.28841972283093459  0.29704811848957519
  0.30557960548660024  0.31403434637586702  0.32252826143862467  0.33118063912063089
  0.33966764836514401  0.34800627736464301  0.35639461649639220  0.36473248269318759
  0.37296161910215020  0.38113184195589261  0.38937144205893215  0.39766855841467430
  0.40614608951183478  0.41463254529936089  0.42321940302470140  0.43193435939633673
  0.44079808073677301  0.44985311566343067  0.45871653306845267  0.46747023050241104
  0.47603795918427416  0.48457998826401394  0.49314641031179240  0.50173138803941986
  0.51047317725629304  0.51909911902425943  0.52775146199457024  0.53672071328759796
  0.54590044842023655  0.55511401160553797  0.56431929141336790  0.57325810005850963
  0.58228868903906272  0.59145684500545681  0.60066857954151587  0.60984015118164769
  0.61897466133247714  0.62808959069931058  0.63692107718741764  0.64586725833673608
  0.65490437452469330  0.66433827505346665  0.67421220543215554  0.68422079421289383
  0.69415609803991885  0.70416365926068081  0.71427698812699592  0.72468455477957938
  0.73559360614573999  0.74702764802801003  0.75858408046512460  0.77050730478031315
  0.78236842971596732  0.79460207777435798  0.80707984621843165  0.82065063543602579
  0.83531410244789550  0.85014091698380212  0.86546284673386420  0.88194392590665138
  0.90222513313193065  0.92762378553852987  0.96023084218834964  1.00000000000000000
 -0.00309592610276554  0.01095653276354982  0.02219549951520713  0.03275398993165671
  0.04346145708074064  0.05435863061194560  0.06524173499876587  0.07574100058637595
  0.08651545894579743  0.09797908205178216  0.10964572543979041  0.12133511227097596
  0.13318144862032538  0.14501988791942777  0.15601122268163872  0.16661151086599429
  0.17661236280334328  0.18646837638884706  0.19627288017698691  0.20622436038927167
  0.21657239506620926  0.22695233371339565  0.23753923184903303  0.24828370471909006
  0.25872043654706994  0.26944651758884552  0.27961747548007676  0.28974389177923182
  0.29972189765148549  0.30936129366639775  0.31855371065262017  0.32744045852539116
  0.33703502863508478  0.34703184023659966  0.35690450370874227  0.36651335621426540
  0.37627859455732560  0.38784758758707966  0.39850951106127230  0.40853546387560619
  0.41853955668951337  0.43013251388167206  0.44170878272873837  0.45325859449408790
  0.46476615860674952  0.47714806999369147  0.48849519958266713  0.50023287972388719
  0.51249958502306570  0.52387614694188522  0.53410732207449008  0.54437559507765509
  0.55537377284893097  0.56675264287623672  0.57780699864847940  0.58870397422461629
  0.59967655200037528  0.61061295621061096  0.62138749489674627  0.63222411754165131
  0.64314803034754997  0.65393641014366011  0.66443982238116805  0.67464912808911570
  0.68482846263667418  0.69519984026496451  0.70557100731923839  0.71580592511935648
  0.72604663920098456  0.73646843661410422  0.74744314509050025  0.75798975194766494
  0.76832642439454191  0.77823532563400943  0.78789971615144661  0.79750247734677104
  0.80729647070382193  0.81711848965043066  0.82691200183056646  0.83653488011691879
  0.84740097805506498  0.85802030647906702  0.86813598482525167  0.87855126255740668
  0.88823022380130212  0.89775830502262455  0.90736929435829783  0.91700183345668196
  0.92750609643645321  0.93829483229123622  0.94935379397394604  0.96026423427767182
  0.97036859038210077  0.98051614127674336  0.99007202407311823  1.00000000000000000
 -0.00975135180278063  0.06383149669504495  0.10191619089002028  0.12770166797713606
  0.14837646375455790  0.16764291855618169  0.18529135989498705  0.20122611244141575
  0.21578164452011186  0.22942757881356143  0.24273178793440123  0.25596266818914026
  0.26888404125116455  0.28151346251297660  0.29292194489321938  0.30375298682293839
  0.31468501332017290  0.32561808574736945  0.33592194326066382  0.34537732408079674
  0.35475148714448207  0.36397505174241984  0.37293633578503921  0.38122183392894565
  0.38919319119481244  0.39738910335101857  0.40577345040092283  0.41413546952012864
  0.42233705256583293  0.43059751692651099  0.43904382515200879  0.44793755584432887
  0.45680631174314862  0.46549867706770054  0.47419831946356183  0.48263006650218548
  0.49062611296060993  0.49849977637880610  0.50584841606014164  0.51274231205291554
  0.51969346227743396  0.52679521902837922  0.53405970144456993  0.54141471425758003
  0.54891489170308794  0.55651201211809798  0.56414227220228297  0.57242922033559906
  0.58046515648422170  0.58779081367056096  0.59451639121216437  0.60101317243380747
  0.60786994825331198  0.61518356068599833  0.62288370169316210  0.63058358535793402
  0.63802189254872754  0.64523211971573879  0.65252183009469966  0.66014304027714210
  0.66759026585636472  0.67440106449878001  0.68127983432989903  0.68802367693052258
  0.69457494042086421  0.70146266713758698  0.70836348341776934  0.71531644488253410
  0.72220650184563284  0.72895292900172093  0.73594696935599235  0.74296636095611190
  0.75045503969200900  0.75857306528502055  0.76676793971772039  0.77473242003822795
  0.78252021233717128  0.79039995098762172  0.79907489966824596  0.80797571954999903
  0.81701262324518376  0.82567316190058337  0.83463362614695769  0.84339106143587883
  0.85175667808810351  0.85995934248765715  0.86842675506146816  0.87754883402494532
  0.88715035014253230  0.89705081417785970  0.90764075076693429  0.91946973661052978
  0.93248816711069715  0.94726601516231113  0.96706756759182899  1.00000000000000000
 -0.01862899471049655  0.10878701710603489  0.14316825103350364  0.16442926141998571
  0.18227240714806345  0.19756734467613968  0.21119624818752905  0.22359358394752976
  0.23434017296236845  0.24383000846158095  0.25280814668840718  0.26155062220512343
  0.26990100294782365  0.27801914709227460  0.28568974356040150  0.29367641345391754
  0.30173333058838125  0.30971507722601266  0.31703752890253140  0.32399149221078349
  0.33087558978404774  0.33792020145374507  0.34518036924040418  0.35250404393844664
  0.35960406504770498  0.36648091118270743  0.37328266316748349  0.37952215050815152
  0.38522304176738176  0.39106653709271155  0.39698412273257716  0.40308468353012433
  0.40898084692747400  0.41480208981529171  0.42040271767072268  0.42564354288620626
  0.43070951205984032  0.43565238582511656  0.44073504684580433  0.44610984313845375
  0.45162724051337400  0.45718882120808813  0.46256035483123392  0.46779172497451593
  0.47299706953129572  0.47816298564422194  0.48341626721034842  0.48872491373492272
  0.49395742431246514  0.49907445033225822  0.50411759318875649  0.50923927332344743
  0.51455051369405824  0.52015961950951672  0.52596596260856610  0.53158993766850715
  0.53676674987562878  0.54206073924980891  0.54751095891549928  0.55319200512515865
  0.55900283622311353  0.56498970647185365  0.57098545219356434  0.57684799774468898
  0.58277538319584221  0.58887737371186510  0.59515937379131290  0.60136307182676252
  0.60847817636363200  0.61576397401195726  0.62317044753590822  0.63037908682506294
  0.63751674380514889  0.64471640536536234  0.65188517074164998  0.65897424421172479
  0.66618712144433712  0.67371600466268800  0.68154658042867211  0.68991834800414431
  0.69908441253381004  0.70857426590466543  0.71822175228503371  0.72792574388186349
  0.73726480112153370  0.74664823361941646  0.75640852218985022  0.76675591864261161
  0.77830875854517489  0.79125522185721209  0.80533142771340949  0.82066602633986252
  0.83871040861397250  0.86052623770390313  0.89369942275359993  1.00000000000000000
   2.5572370007515251E-007  -1.0000000000000000     
 T T T T T T T T
  <DiscreteSampler_grid>
  grouped_processes
  1 # 1 for a reference and 2 for a running grid.
  10 # Attribute 'min_bin_probing_points' of the grid.
  1 # Attribute 'grid_mode' of the grid. 1=='default',2=='initialization'
  0.0000000000000000 # Attribute 'small_contrib_threshold' of the grid.
  0.5000000000000000 # Attribute 'damping_power' of the grid.
 # binID   n_entries weight   weight_sqr   abs_weight
    10   10   4.218623119059733E+003   5.718292322639696E+007   4.218623119059733E+003
    11   10   4.218623119059733E+003   5.718292322639696E+007   4.218623119059733E+003
  </DiscreteSampler_grid>
