 -0.00028141343413054  0.00691496713724094  0.01714915083362832  0.02823474841730089
  0.03913108216759847  0.04990036363457667  0.06043976549404273  0.07086906165683318
  0.08132735121003336  0.09179301564305170  0.10201071970525775  0.11187685108222302
  0.12137874436206972  0.13065133263972503  0.13976834467535945  0.14887914838435751
  0.15798995454793840  0.16706595828322277  0.17610731507677563  0.18516854721243226
  0.19388241915500709  0.20244391681926180  0.21098601517140139  0.21970286838388758
  0.22845512672378906  0.23711128306867635  0.24584822286567920  0.25449295883558004
  0.26329957508425089  0.27224696220912148  0.28096510692040327  0.28989091870509875
  0.29884563850351487  0.30777520120180196  0.31644991793819566  0.32510250911131955
  0.33368085398607289  0.34206498283087911  0.35036356586944611  0.35855395270503498
  0.36654234167809363  0.37434876898863895  0.38205312980648537  0.38971409370219395
  0.39746316223318956  0.40540177123897614  0.41366817586401017  0.42195754042132011
  0.43017556211681884  0.43863268610402267  0.44708661921315246  0.45544284091173842
  0.46376256130195126  0.47205398131257631  0.48050591603489701  0.48913764490285971
  0.49792195998730071  0.50671813524839315  0.51544242365971149  0.52411129657755751
  0.53280577517310901  0.54142599416401016  0.55034749735222954  0.55944562526825292
  0.56881709201100350  0.57835235888917569  0.58784871911417003  0.59723399232083196
  0.60649434328803398  0.61579979185174782  0.62519450971988277  0.63469294760374084
  0.64421167098649734  0.65367116122701685  0.66337827920741632  0.67334326989696724
  0.68345111324589392  0.69350280295471434  0.70348353371302996  0.71369269852182182
  0.72468846206275561  0.73602115878555108  0.74766490489991988  0.75948000325407250
  0.77193157902532528  0.78510930907043086  0.79888115575204410  0.81349568310607945
  0.82831068569183508  0.84367012312983758  0.86185099629240214  0.88260115138541739
  0.90417273619400107  0.92958968727532287  0.96251108731890700  1.00000000000000000
 -0.00205035516050873  0.00950122231050695  0.01900036776723307  0.02925256567241528
  0.03982387935472803  0.05029275079020991  0.06075353256595493  0.07203242496286286
  0.08354127596582819  0.09414560120707970  0.10432138924387764  0.11453778754451135
  0.12481498617432536  0.13495490997556420  0.14500536443075390  0.15528957898428281
  0.16579187054504926  0.17663930472923103  0.18766509922316610  0.19873429995070263
  0.20954502949113357  0.22103529704552630  0.23198838888830284  0.24267294966512523
  0.25303730811720365  0.26302818857670424  0.27328275154213433  0.28321655198729240
  0.29344050714426417  0.30382340067162916  0.31459917931729131  0.32520266055586666
  0.33615530063633259  0.34638550925294770  0.35647387279042092  0.36469221448342559
  0.37346248277850608  0.38269078205881457  0.39214656290738720  0.40131566737813668
  0.40991187872512613  0.41981764126080656  0.43167965641962464  0.44444099193660469
  0.45705096129526207  0.46898237835595008  0.48076088300605352  0.49286272213969834
  0.50494697389947740  0.51557421668235071  0.52573986549011342  0.53590061375278841
  0.54613291179036727  0.55641327612169034  0.56719784970795339  0.57791134720551085
  0.58853061842412646  0.59896964463842273  0.61014670571820262  0.62181866178215450
  0.63520043181572672  0.64813667235981387  0.65931801925684252  0.67085564787382845
  0.68255929918204861  0.69345190379036004  0.70347150833323802  0.71323682420374168
  0.72278757163424134  0.73220983342156853  0.74156548782621001  0.75095863441391630
  0.76022511583506769  0.76947852635399894  0.77981335888931635  0.79050273310675179
  0.80124363005404498  0.81202871729800463  0.82322091645553874  0.83400372343686058
  0.84389849732159250  0.85359471499435935  0.86354523322191745  0.87419575526652060
  0.88529346396424824  0.89697140456255287  0.90894927483572907  0.92034036204251812
  0.93083316574457209  0.94135095586904749  0.95144109756019346  0.96140040796206216
  0.97100022473459069  0.98055739058979841  0.99030641698721078  1.00000000000000000
 -0.00940895150012935  0.05731378683739496  0.09044520245565665  0.11436012918975433
  0.13502239608547942  0.15367936795672854  0.17120106475458635  0.18648862197376997
  0.20184385513835679  0.21656795612127902  0.22970509698297531  0.24152985608682709
  0.25219910227333697  0.26215720406015647  0.27183017990430525  0.28163170218293748
  0.29134052695084689  0.30050652271527228  0.30947032318776052  0.31848815678211090
  0.32737791017205592  0.33615824711428383  0.34498969140681124  0.35417770776859026
  0.36416086022685795  0.37478566533860080  0.38337732305605993  0.39244218186347746
  0.40049991024910181  0.40777095467515873  0.41484458535177826  0.42165025814871265
  0.42832979874428895  0.43513492214020411  0.44223361790277982  0.44954301284198583
  0.45683465437009363  0.46440468040361765  0.47219458196654945  0.47988562749831465
  0.48772100654633738  0.49562395962065320  0.50311843131509870  0.51036714124730553
  0.51755860412202392  0.52466405946500305  0.53172771114033157  0.53858821760803510
  0.54493921304137172  0.55097179587804179  0.55696794142527728  0.56320956362207830
  0.56963755798070292  0.57609501347088177  0.58254731359828105  0.58912544641831777
  0.59588613132183788  0.60258364290108302  0.60950726819866519  0.61667564333056057
  0.62384917526056505  0.63113215003235723  0.63842344109568949  0.64558587837537751
  0.65262501858243216  0.65949646687454555  0.66653012897356589  0.67372933403759738
  0.68119778860543168  0.68880298859399613  0.69658187317432008  0.70440184864394362
  0.71204179497494902  0.71957722014459646  0.72720852002891867  0.73516591776264728
  0.74353540212725455  0.75212607773891171  0.76110686675371519  0.77026090808634806
  0.77970376582994483  0.78934166797577821  0.79854460918479475  0.80769850050241154
  0.81707572255867633  0.82655546495539478  0.83631704902533455  0.84631370291208852
  0.85710141958441033  0.86879963892830303  0.88139183048267700  0.89518285936682429
  0.91027770023622612  0.92746462460730761  0.95041919279537923  1.00000000000000000
 -0.01478017931125984  0.09448313142952741  0.13152615763787945  0.15530128920501865
  0.17418169057492308  0.18983196270790212  0.20382991863933292  0.21645804357855714
  0.22744153402134906  0.23862700304792134  0.24906539930401841  0.25905880653325447
  0.26821726696267167  0.27728632409862441  0.28608663256512867  0.29444042591363068
  0.30244809383282506  0.31019989772627748  0.31849779336145484  0.32664576304374687
  0.33451853301688261  0.34211854271657804  0.34943395702144314  0.35677031653723756
  0.36374204851488723  0.37077553765334281  0.37761022308263492  0.38433414769866520
  0.39096589137530613  0.39736942242771123  0.40354953362454205  0.40965939264659157
  0.41580409516906536  0.42202675660884903  0.42813941535662264  0.43404036712929328
  0.43979367314793344  0.44530039047997083  0.45072057910244545  0.45611856419378377
  0.46197229937069917  0.46806603310018036  0.47409996443381214  0.48000460105953097
  0.48583307979146201  0.49163338999025069  0.49767706182216709  0.50301627199881793
  0.50836362975958416  0.51385068517172150  0.51936901196881724  0.52481577570402194
  0.53013590144666423  0.53531473904971028  0.54037809580856089  0.54538892835048303
  0.55049117859348939  0.55572217717151073  0.56106136715390564  0.56666104233341896
  0.57266627765897926  0.57884337419362264  0.58524147235412904  0.59148452229565696
  0.59739876824751093  0.60310504786697561  0.60867499826728355  0.61434552198298942
  0.62023639225160354  0.62625681841007963  0.63235386226352985  0.63860264137380185
  0.64511823548783542  0.65209527294514602  0.65952397299270327  0.66688794184527989
  0.67456045619037897  0.68231741782432231  0.69040138497482317  0.69882694004127799
  0.70755881271993259  0.71654401577945781  0.72580175839860950  0.73496519584361986
  0.74405022880906435  0.75379263837617705  0.76414236011904724  0.77464528583392245
  0.78553630238895467  0.79794799967093888  0.81211217349185139  0.82816294396859425
  0.84771282552435090  0.87228821765941655  0.91071641990362606  1.00000000000000000
   1.6596974360678002E-009  -1.0000000000000000     
 T T T T T T T T
  <DiscreteSampler_grid>
  grouped_processes
  1 # 1 for a reference and 2 for a running grid.
  10 # Attribute 'min_bin_probing_points' of the grid.
  1 # Attribute 'grid_mode' of the grid. 1=='default',2=='initialization'
  0.0000000000000000 # Attribute 'small_contrib_threshold' of the grid.
  0.5000000000000000 # Attribute 'damping_power' of the grid.
 # binID   n_entries weight   weight_sqr   abs_weight
    10   10   6.024982396262995E+003   1.077119709264016E+008   6.024982396262995E+003
    11   10   6.024982396262995E+003   1.077119709264016E+008   6.024982396262995E+003
  </DiscreteSampler_grid>
