 -0.00139158387912254  0.01726738779849741  0.03543359663829421  0.05171075033744449
  0.06618755077493707  0.07947547001600255  0.09213387157282796  0.10406606169024116
  0.11558812737972844  0.12696460449569907  0.13830950781330772  0.14942394469954848
  0.16029308732633085  0.17086559299151849  0.18118903224501509  0.19123184093989931
  0.20105135189519877  0.21056520536751877  0.21998725290330681  0.22900558871938809
  0.23822694621412027  0.24718842951191980  0.25595328010181134  0.26447730766575045
  0.27295265992340978  0.28152083630258284  0.28999450961449902  0.29835778144728148
  0.30655253703122193  0.31453371355221393  0.32263871162955715  0.33090714100092405
  0.33919181734908743  0.34739372197242435  0.35550799778491288  0.36357402526277693
  0.37164779125668884  0.37967365732329078  0.38763479330931661  0.39559351371365464
  0.40349338873741158  0.41130885937110551  0.41908172425603046  0.42691777470965153
  0.43480967114761226  0.44270904032285546  0.45065700756725841  0.45857228779724923
  0.46642411106799697  0.47428349131548253  0.48212074049668990  0.48988563642412786
  0.49763029470808096  0.50567495095382176  0.51370489991347124  0.52169217861502359
  0.52971537890665388  0.53774077705986234  0.54565222464689056  0.55342779871417080
  0.56122317407149436  0.56919340459861079  0.57721502134349834  0.58541969068950050
  0.59380656774334417  0.60226953182886578  0.61080049938323711  0.61938614470392062
  0.62798165289770558  0.63664241265742427  0.64538371098272329  0.65420493817851599
  0.66312526157987062  0.67212065995357051  0.68112652585106126  0.69017713901853495
  0.69925632836096119  0.70889966434713469  0.71879009139868288  0.72893824974558552
  0.73934577811875568  0.74993979661941201  0.76078954939893539  0.77186871833895820
  0.78350099986626820  0.79576133079260858  0.80829037721264685  0.82120536387381105
  0.83449475953648311  0.84896687201767140  0.86558017272983334  0.88292276913596801
  0.90227722532240362  0.92513189211564595  0.95754338335249600  1.00000000000000000
 -0.00241349230245821  0.00947367700013575  0.01932255494823429  0.03052671301099456
  0.04112675914416495  0.05251517395947063  0.06354768287026516  0.07461745890128381
  0.08525425524527996  0.09584174658332049  0.10634322203691100  0.11673750126739557
  0.12724696043071299  0.13795182044260726  0.14840143915853810  0.15864487647624484
  0.16897434123365543  0.17934102354643022  0.18960958956557109  0.19977679884166791
  0.20976010358183902  0.22021497067989437  0.23055827144368138  0.24095503162139226
  0.25153955066226735  0.26216137180211202  0.27273031700576533  0.28309587876469416
  0.29347651624981602  0.30407953578800129  0.31451504100437289  0.32498215273016778
  0.33553781749690259  0.34610139344326218  0.35663281702978794  0.36707465414769269
  0.37778655283926227  0.38859643606576777  0.39919037993946527  0.40989907840589113
  0.42046652365577170  0.43129533063488040  0.44216415694941080  0.45295229287661237
  0.46369299065300373  0.47424498638807733  0.48460741202857172  0.49452294266831354
  0.50455231627366182  0.51443150808473093  0.52449582206344991  0.53421228990093161
  0.54395685082117284  0.55362703041616745  0.56376780461175247  0.57363752491525732
  0.58329000019193977  0.59297249551402598  0.60295083920030990  0.61331343041738662
  0.62405455868740900  0.63519254710555917  0.64648090785568579  0.65761765116073867
  0.66844383588312317  0.67902387652803686  0.68938719476054466  0.69967702708710511
  0.71012026346755996  0.72075483960225595  0.73145075211027910  0.74191769720736533
  0.75211032397408162  0.76240734638758156  0.77256863272082077  0.78267447391672906
  0.79277178290040284  0.80311803073697263  0.81364878911998584  0.82432419275507773
  0.83516604471400413  0.84609019552948350  0.85693812207631992  0.86773189813333795
  0.87852773672042217  0.88934144852345454  0.90060964826501688  0.91230273733903389
  0.92337671655106968  0.93371585621847930  0.94441312648654419  0.95534047913672315
  0.96616916596654268  0.97673962311749907  0.98804779392567832  1.00000000000000000
 -0.01464342450601733  0.07602773305718771  0.11391164746293045  0.14084726053203980
  0.16326535657321964  0.18272593955486657  0.20004640521341244  0.21711522262411992
  0.23360163388360683  0.24860406160925694  0.26212430950261340  0.27478457131008055
  0.28673595474220998  0.29846912982545898  0.30978462098215043  0.32101682095119483
  0.33217926402395903  0.34279475028844203  0.35299748559642230  0.36288669504175969
  0.37230811666181168  0.38163718651028683  0.39051726894699407  0.39929703190212990
  0.40790560499972600  0.41644422032354173  0.42497535936901276  0.43356856819935324
  0.44184200988162370  0.44969662391492848  0.45752391961645461  0.46531386116683582
  0.47316824641850169  0.48103407403067711  0.48891413248547533  0.49671941750484555
  0.50426251318483728  0.51161550181328563  0.51882217789451701  0.52597813797058834
  0.53310433473221264  0.54028285996439684  0.54735302881064907  0.55425629335239091
  0.56113248372096269  0.56808717181355695  0.57512866369618365  0.58213367215255785
  0.58905155088918415  0.59595451140367406  0.60279822425135565  0.60962765904304905
  0.61659062000934606  0.62363107269355700  0.63066724142403774  0.63775955805292828
  0.64473714246409286  0.65129793498863242  0.65770783273994082  0.66411931907383559
  0.67053950903439119  0.67701691499716643  0.68354166968759000  0.69002521515038207
  0.69632407142148600  0.70252493336554622  0.70884032128395247  0.71551886261238440
  0.72228769384463420  0.72912014792478697  0.73608580544518598  0.74322519797312625
  0.75028565145056181  0.75743186721650990  0.76461917163859205  0.77192199425585573
  0.77942009738116347  0.78715423499477355  0.79502874503402565  0.80289321603386687
  0.81071754957109654  0.81851995228726693  0.82640395291096680  0.83454298385763637
  0.84295562179779204  0.85161016124045219  0.86067704973111681  0.87015647386033745
  0.88026144658582550  0.89109185678826774  0.90256264594618463  0.91466871657610216
  0.92772135639758524  0.94304126853607606  0.96459446979042129  1.00000000000000000
 -0.03359821719758015  0.17212576801228691  0.22708834442417183  0.26189097842239734
  0.28928091908762466  0.31323572794759968  0.33399151424474155  0.35246209283399499
  0.36875092853580899  0.38413834533537655  0.39866511159152118  0.41142644097010278
  0.42338125822126577  0.43479380786456695  0.44584555038756324  0.45617235292979791
  0.46574730002172782  0.47474214456837183  0.48341017284774868  0.49184674588358851
  0.50010546865072625  0.50810384881826598  0.51587619676493135  0.52337344248453554
  0.53049014335180200  0.53742821731549373  0.54418822644923059  0.55082043809486925
  0.55728472439742749  0.56367054644484849  0.56983992407184769  0.57587081845260324
  0.58172789141969650  0.58738448027922041  0.59298291952657056  0.59862142000875229
  0.60423463715359482  0.60978424963180122  0.61524270784141744  0.62057936991582474
  0.62587223907427370  0.63097417075158235  0.63608412133635350  0.64107862116585423
  0.64611529495942210  0.65118905232182112  0.65620201358486896  0.66111918959249805
  0.66598720289983160  0.67084239534290124  0.67566241152450157  0.68041577271217313
  0.68512567615840125  0.68987931658666257  0.69460696503703401  0.69933705669937329
  0.70414799161096353  0.70891474090293882  0.71360485042692112  0.71824473750937301
  0.72288122743566030  0.72751226327648166  0.73202932412069011  0.73644683573249103
  0.74089135996323230  0.74533960213916750  0.74976217808782986  0.75406468641567981
  0.75843149527058606  0.76284788117761415  0.76729925280312050  0.77176041847567767
  0.77624058209960500  0.78071422571034454  0.78523372341995934  0.78981153408888205
  0.79461596058610007  0.79949445235995842  0.80434918643740261  0.80926916832576257
  0.81434336386082573  0.81959656402973247  0.82500841567050220  0.83055676520557187
  0.83632757569281724  0.84239003890778219  0.84876486548866503  0.85555671277385659
  0.86287069982041242  0.87070525477115157  0.87917592768557473  0.88873506127130464
  0.90010582634082914  0.91481575206203436  0.93823227415323274  1.00000000000000000
   2.9818845364302409E-008  -1.0000000000000000     
 T T T T T T T T
  <DiscreteSampler_grid>
  grouped_processes
  1 # 1 for a reference and 2 for a running grid.
  10 # Attribute 'min_bin_probing_points' of the grid.
  1 # Attribute 'grid_mode' of the grid. 1=='default',2=='initialization'
  0.0000000000000000 # Attribute 'small_contrib_threshold' of the grid.
  0.5000000000000000 # Attribute 'damping_power' of the grid.
 # binID   n_entries weight   weight_sqr   abs_weight
    10   10   2.042236314323509E+004   1.560373076079656E+009   2.042236314323509E+004
    11   10   2.042236314323509E+004   1.560373076079656E+009   2.042236314323509E+004
  </DiscreteSampler_grid>
