  0.00893436837810529  0.01719443358228514  0.02829342948024954  0.03998080446357271
  0.05136427222674755  0.06260892364951462  0.07339571194858990  0.08420599472356446
  0.09510573222104624  0.10566123182305419  0.11568312197099617  0.12587473396607993
  0.13753640716805007  0.14893201502601847  0.15944816387725522  0.16954213959214251
  0.18010162445373495  0.19043359784036917  0.20067871639534815  0.21113836089764695
  0.22151362657251319  0.23171648130835978  0.24193549300292669  0.25236687893243165
  0.26322369500727405  0.27391172323803414  0.28406481878503648  0.29415407636337498
  0.30456192698951023  0.31549708225010997  0.32621416844168788  0.33703702491571180
  0.34792130044891523  0.35869905832411531  0.36937058376643966  0.38022683856304984
  0.39142925202650453  0.40236890645230405  0.41296263514204601  0.42360141094961240
  0.43403170434101224  0.44447750095203287  0.45499983944301214  0.46632494640558170
  0.47810938601780650  0.48997752969223135  0.50137771690854294  0.51192899931886748
  0.52213837114281891  0.53217233279000553  0.54198663498637145  0.55157137446534255
  0.56160516067326272  0.57238700802464260  0.58316135834915628  0.59310675957873482
  0.60308211469576833  0.61361518500800949  0.62451406766027795  0.63427965180137658
  0.64375239187917532  0.65335604313681450  0.66325330282356609  0.67322761609079040
  0.68338654583963476  0.69355364360364646  0.70380824087724492  0.71357832298413448
  0.72288529331119344  0.73215098706018233  0.74175306029266197  0.75181214359774240
  0.76232449459156504  0.77243003295412449  0.78212238604205908  0.79157799888704683
  0.80110882594667465  0.81082419688460794  0.82058521126517647  0.83030860353768499
  0.84022514203164622  0.85014335992720280  0.85987582328362622  0.86956222656702797
  0.87974901966378416  0.89046367075482846  0.90134256677035696  0.91191803045269670
  0.92222768533509580  0.93242937541315862  0.94257601560527737  0.95286700983137318
  0.96357794761516147  0.97495646911118850  0.98683738204398830  1.00000000000000000
 -0.00088017770112666  0.00457025138182992  0.00707654843694989  0.00983036331477835
  0.01284270945863670  0.01607452669312906  0.01950032940591173  0.02376384768212850
  0.02816602256744246  0.03270702005590463  0.03766121880182374  0.04302970403630115
  0.04859334721210628  0.05434342705049214  0.06060414278934019  0.06695869356445618
  0.07346886831565611  0.08036926237566518  0.08723591412367121  0.09415364155449693
  0.10135031559904262  0.10895027549068652  0.11675721326742899  0.12467994938389695
  0.13282622851023099  0.14124348748982779  0.14984350797273860  0.15851613095583628
  0.16710340057822803  0.17560053964891606  0.18432271255828803  0.19346588737060161
  0.20270117008186067  0.21216986537738228  0.22157571946315521  0.23102186346257580
  0.24098206008220127  0.25091860883987405  0.26090792392217776  0.27091001091753869
  0.28085536185681825  0.29108769481111796  0.30199755665277844  0.31328180658082394
  0.32480970220418537  0.33659550411981787  0.34828746621111445  0.36000261751842022
  0.37177890883735576  0.38359795121702200  0.39503341750984433  0.40643020526747453
  0.41808286857005172  0.42963097689682700  0.44125842551421929  0.45300265084584973
  0.46599881489997513  0.47800652404093691  0.48975103270225440  0.50143003034964817
  0.51343372780316487  0.52587028906461375  0.53810982266585061  0.54993940327397706
  0.56192772397031188  0.57441479701399012  0.58726431370415777  0.59980338632370467
  0.61254308231059917  0.62515027866568396  0.63808917745557436  0.65144700278156875
  0.66494970076635262  0.67820338140906045  0.69208838236767534  0.70605675605253904
  0.71993577071091086  0.73371506955826016  0.74747393387936834  0.76135131935262512
  0.77584983616930958  0.79052934116905815  0.80564128841893923  0.82091580047174439
  0.83625149965708689  0.85192373663479026  0.86852941210901835  0.88490733007383648
  0.90075976831437932  0.91593503642966900  0.93056753752218402  0.94463788268200355
  0.95839982420212722  0.97210623976132182  0.98597628637927603  1.00000000000000000
 -0.00227411082812269  0.00972014334177275  0.01991433509798043  0.03014744933595146
  0.04009486958198655  0.05143058279990826  0.06257278856920778  0.07293859689046901
  0.08333310750282713  0.09428580570437339  0.10541590807984909  0.11594535156091308
  0.12609349484164059  0.13535818208033384  0.14439466656123720  0.15366715661786154
  0.16338980383492310  0.17304736927475456  0.18275903132681565  0.19323252476293376
  0.20452210681005425  0.21537095590923142  0.22615904495927283  0.23720053141156505
  0.24813260375707491  0.25849177107457166  0.26849317714382720  0.27861518097100429
  0.28911511161949460  0.29983692852303084  0.31104583092004195  0.32288778960361336
  0.33500443835600313  0.34703794349240807  0.35938517166677458  0.37189510134734577
  0.38391985164525633  0.39533694820061566  0.40710991804881247  0.41832737562938449
  0.42854196775571535  0.43851734580684565  0.44884468641558561  0.45956012360194953
  0.47011685231553046  0.48040029657326272  0.49057460946116466  0.50092555471766853
  0.51164330241596256  0.52242786514757300  0.53295453226705436  0.54335786306381484
  0.55366524346018331  0.56455727412192636  0.57565500750482024  0.58689199981323381
  0.59672813130577596  0.60655797314133886  0.61640399235658483  0.62610504829095293
  0.63542712464193463  0.64501066379441641  0.65521937553004883  0.66568123380629551
  0.67597780156964316  0.68580704146063209  0.69536033075185777  0.70513030592194315
  0.71577081338272319  0.72691833888108626  0.73811202003131215  0.74906269621491028
  0.76065718976223706  0.77153895455137844  0.78144645675956481  0.79134683280976792
  0.80156832098630804  0.81207697963375458  0.82239606502709095  0.83247996676673885
  0.84319596169178268  0.85397733650330043  0.86530566522859120  0.87641515647585211
  0.88772204305521485  0.89864827408043868  0.90937220791567264  0.91996359294851515
  0.93004960839297779  0.94013204996465494  0.95013802252487878  0.96038277847141851
  0.97056858109085464  0.98020857415299445  0.99006567400934176  1.00000000000000000
 -0.00170075837327384  0.00840969755044406  0.01788460179187187  0.02844174571833222
  0.03918686157318858  0.04940621107414658  0.05935293358938229  0.06869841607919291
  0.07788684354387690  0.08705104137128844  0.09646828862366807  0.10631932636531535
  0.11628216696259451  0.12630921012696347  0.13660844520105134  0.14694111546082009
  0.15730168628313090  0.16730987836530037  0.17783745691860292  0.18833559794003227
  0.20012026235500738  0.21193407374638440  0.22402580137025654  0.23614052650821105
  0.24842699408242974  0.25996346296976774  0.27114948703550007  0.28173065452063772
  0.29219419227911114  0.30177015491824777  0.31131816265879286  0.32022541350964906
  0.32993771219446449  0.33981325230332510  0.35010800979892143  0.36048516965016680
  0.37123808966852195  0.38208161782123268  0.39299228668372094  0.40435464643765523
  0.41572167703700463  0.42657157613854585  0.43708820516197061  0.44826198266796602
  0.45971288222258472  0.47112866956817157  0.48266034260555107  0.49445005899035127
  0.50494944723052226  0.51571629929717666  0.52665395575076523  0.53843030215741827
  0.54985697468360806  0.56152710184148391  0.57264647820229231  0.58331278909805906
  0.59370267073224092  0.60429318442919511  0.61536421346232317  0.62633500892452676
  0.63718230636074336  0.64763026941009172  0.65809936887527232  0.66901581677002275
  0.68042390367641736  0.69175131017314784  0.70278116632227638  0.71393166109104578
  0.72538688494614056  0.73631413174455129  0.74682257839972888  0.75738695578738346
  0.76788462183988582  0.77811785243453613  0.78803059842762513  0.79776763320812349
  0.80767335223119863  0.81795661929880503  0.82881543806921765  0.83971061470317743
  0.85028758409349081  0.86085355314679934  0.87122470265841068  0.88182123587391981
  0.89246500771393500  0.90289823834364913  0.91335588978190663  0.92364563712645031
  0.93400309957469607  0.94372739118409699  0.95319685132473964  0.96281067522312191
  0.97207609671850581  0.98159444299983878  0.99059957580245661  1.00000000000000000
 -0.00253408881574464  0.00976347891328758  0.02018416629393790  0.03166387410316414
  0.04318415057079743  0.05553755655222344  0.06711792235938968  0.07826294124027061
  0.08927809569425846  0.09993927098233486  0.10995657765921943  0.11924286284973692
  0.12852916651565136  0.13808640020646842  0.14794508733613737  0.15783885535391670
  0.16772711517436981  0.17754844252960728  0.18736687856915241  0.19749709389798895
  0.20778633191536539  0.21818046571134983  0.22864463878875055  0.23972642004200692
  0.25086708362813376  0.26264508542462806  0.27406119057988537  0.28570318746366369
  0.29682989085276679  0.30796385253768482  0.31912050429662325  0.32997921153179322
  0.34059850480401122  0.35092801791008221  0.36184719183528691  0.37334144782948031
  0.38501302934219195  0.39649111020480454  0.40671045449124810  0.41690695079879408
  0.42699704823067097  0.43724835491305442  0.44736223396523928  0.45746922358772374
  0.46764808782194106  0.47766160441340999  0.48782865263617697  0.49862002475338418
  0.50986639769525088  0.52068296487956078  0.53088718700973747  0.54086627954596267
  0.55031302945056937  0.55938293399260330  0.56866889589627800  0.57860360005570932
  0.58890797397547845  0.59912389376274078  0.60961908769408280  0.62033616706514894
  0.63072842608562241  0.64064495359146401  0.64998680398313868  0.65875593086196216
  0.66762115311498815  0.67694130490195759  0.68687708879535703  0.69773217383008113
  0.70859511619026738  0.71955229402672816  0.73031996581751213  0.74070278781899002
  0.75108492961718565  0.76232925168136656  0.77377603642747528  0.78555175372519681
  0.79711545928487382  0.80819892997427623  0.81923313352801741  0.82986310240089567
  0.84141858721150697  0.85308067336362392  0.86454449976201087  0.87564615119050504
  0.88651785802637961  0.89728789330064851  0.90793179297297466  0.91877455396240126
  0.92961083196417504  0.94048081365765579  0.95048950771804064  0.96008204930007279
  0.96992890322266345  0.97981144907380580  0.99009460728882548  1.00000000000000000
  0.00342735818504986  0.03506757948705810  0.05053296191662802  0.06149867035432276
  0.07118514333646619  0.08042758520230549  0.08908874460815581  0.09710887270738500
  0.10468466896528315  0.11188050661192629  0.11882975676192545  0.12567355833682944
  0.13260265793392795  0.13953520576008263  0.14636556257892885  0.15303093803430937
  0.15931990232726911  0.16570500238192223  0.17217565271656091  0.17876639952359169
  0.18532083357445867  0.19175287709777328  0.19816423054605628  0.20466068272979612
  0.21121915320190413  0.21773987720192894  0.22388949240782344  0.23003889371893724
  0.23630359807068119  0.24275613928401374  0.24912108037396283  0.25532672278036500
  0.26152367678276944  0.26771871394761432  0.27381628618676951  0.27983110690526652
  0.28583030933566667  0.29180005445542351  0.29755646500564831  0.30324792076007873
  0.30906990359215714  0.31480490426864782  0.32069839647770915  0.32664606601394791
  0.33261225783623333  0.33883938101285604  0.34533814662976564  0.35190342952202686
  0.35838567185809872  0.36503567704676571  0.37135704414740572  0.37794155377117350
  0.38433996806815696  0.39106229169502554  0.39772203767511694  0.40442218289565390
  0.41115619435249368  0.41813477860805348  0.42522200423010009  0.43227759654387649
  0.43957409555109517  0.44741505149610977  0.45554461000362867  0.46364058080272136
  0.47170932004636756  0.47982208671767484  0.48804041405051779  0.49650947343509289
  0.50515705553777257  0.51362702768884072  0.52242472990220012  0.53125189374902970
  0.54028726490214418  0.54972888409873943  0.55939514187239625  0.56915688752605686
  0.57907629402206118  0.58901419373018338  0.59885569754596457  0.60936217667676629
  0.62059982395423696  0.63210547815177631  0.64391394139970759  0.65565573425816670
  0.66794696211271265  0.68102071254642382  0.69447373752003660  0.70873899873187496
  0.72444863153941519  0.74117554735231761  0.76085082042808494  0.78432262122630358
  0.81023982451985288  0.84313181512551905  0.89210158305858756  1.00000000000000000
 -0.01618693817921891  0.10046322124162504  0.14033486001124476  0.16704916774430104
  0.18774697404224863  0.20448745431867019  0.21860967589248473  0.23115027414394557
  0.24304203022375989  0.25388489173384798  0.26357606257608257  0.27294523255895764
  0.28199029978865425  0.29092911027866386  0.29877441702348506  0.30633185954579667
  0.31359607336322970  0.32056506743419355  0.32752639412597739  0.33441463279594347
  0.34122044779224214  0.34810999622294214  0.35488932958252828  0.36144903182839278
  0.36772618387645201  0.37389346921973432  0.37988397340939367  0.38571077086675520
  0.39147787166315312  0.39717903256968573  0.40278348844678447  0.40835770989640768
  0.41387178376568290  0.41930628942816528  0.42480730436421321  0.43027040184097592
  0.43567720513892788  0.44101764370749758  0.44648283589010485  0.45197002476399850
  0.45757933067587114  0.46335708148138194  0.46928455792433316  0.47498724762562922
  0.48069984736441368  0.48651078608616127  0.49230612547144381  0.49811615095272732
  0.50394989768677145  0.50982284114286536  0.51534244576855759  0.52113000658180086
  0.52688494823061305  0.53259554173796653  0.53839684102750174  0.54418495377910736
  0.54973476251438558  0.55558250603935677  0.56156385329861580  0.56764825494245130
  0.57369790280687749  0.57987864967608549  0.58605746030699390  0.59225466960781281
  0.59851252021758072  0.60468401049889997  0.61067537593214993  0.61658590403509039
  0.62242023505626731  0.62828000650273530  0.63407747884828236  0.64010786061651825
  0.64629688720994449  0.65269190912684671  0.65911515490249939  0.66567206427283154
  0.67241227746796173  0.67940984552639405  0.68671643815522942  0.69400848258234316
  0.70131056910098599  0.70878593232111387  0.71686792322723059  0.72530234588582920
  0.73445735247587296  0.74436598986781255  0.75505925966468568  0.76637164678595993
  0.77829097930447966  0.79076370803837759  0.80486074025707788  0.82197021574172247
  0.84370303025991011  0.86958398320188313  0.90592845778601772  1.00000000000000000
   1.6808316898275760E-035  -1.0000000000000000     
 T T T T T T T T T T T T T T T T T T T T F T T F F T T F T T T T
  <DiscreteSampler_grid>
  grouped_processes
  1 # 1 for a reference and 2 for a running grid.
  10 # Attribute 'min_bin_probing_points' of the grid.
  1 # Attribute 'grid_mode' of the grid. 1=='default',2=='initialization'
  0.0000000000000000 # Attribute 'small_contrib_threshold' of the grid.
  0.5000000000000000 # Attribute 'damping_power' of the grid.
 # binID   n_entries weight   weight_sqr   abs_weight
    10   10   9.755955606195870E-022   1.255873206679297E-042   9.755955606195870E-022
    11   10   9.755955606195868E-022   1.255873206679297E-042   9.755955606195868E-022
  </DiscreteSampler_grid>
