 -0.00030896766885966  0.00685922411229133  0.01707978079698053  0.02805329086737237
  0.03905562301612216  0.05026792194308721  0.06164127188386542  0.07274751741414780
  0.08352288702635217  0.09440563565087065  0.10520749213267330  0.11529873021949398
  0.12519447434595291  0.13475490892871267  0.14440360115301543  0.15388234332374773
  0.16310357036006426  0.17244523040070617  0.18187930301542798  0.19122727597864964
  0.20056143692763370  0.20995778892813718  0.21932433908510723  0.22857973602172948
  0.23764827463803950  0.24661242115906198  0.25546092292606770  0.26415249693184695
  0.27277774270111105  0.28127825837024656  0.28967184320188305  0.29809757399541359
  0.30658298746307999  0.31511940455893761  0.32358665204841536  0.33191959482825489
  0.34018756505087328  0.34849922525547422  0.35686684664893836  0.36516879449198941
  0.37326742983980965  0.38130190307532003  0.38920338530196358  0.39715918110459941
  0.40529233073613913  0.41349460676860200  0.42172624312004614  0.42996238392401964
  0.43816366508655574  0.44629902065289301  0.45435025061937195  0.46231526292293679
  0.47026610453898016  0.47851167863043764  0.48694885279946248  0.49543737211500410
  0.50393439198333345  0.51248384235653022  0.52103970019858969  0.52960702104131063
  0.53822609276437505  0.54687457093054348  0.55556167362192965  0.56437016352592706
  0.57348316858755177  0.58260071393020674  0.59178034866666762  0.60090455736833304
  0.61008064200778489  0.61936230667340442  0.62868561602218931  0.63810055396996124
  0.64759791336345640  0.65739417353062557  0.66750499405812502  0.67777200507477953
  0.68804618878641866  0.69831689699731148  0.70857582891135129  0.71906870335710948
  0.72977117758670496  0.74072325844853482  0.75185635443954779  0.76316936481670206
  0.77510068868527715  0.78766290060022481  0.80135166672480784  0.81553618584954934
  0.83029406541417505  0.84602084495121910  0.86314427713704922  0.88200699441813413
  0.90172522119547127  0.92522404542414627  0.95979191961728705  1.00000000000000000
 -0.00250388925135743  0.00943787912664251  0.01990758027723692  0.02958848187293742
  0.03956874288357725  0.04943546430093616  0.05938731319748224  0.06934322082191891
  0.07907892693814925  0.08943231657093538  0.09970719805425067  0.11039296427645336
  0.12077941475315292  0.13153071536478797  0.14217799449196880  0.15344805858920887
  0.16429361467566822  0.17541141568941648  0.18657871911545049  0.19767803700674683
  0.20881457072545812  0.21955317863875815  0.22985539098385790  0.23979182269210153
  0.24988782483502198  0.26075064117195307  0.27154024071552585  0.28238065363415521
  0.29288092278547034  0.30347483483280141  0.31412678249398435  0.32486918033229911
  0.33542715803738155  0.34599311992841641  0.35683975753783526  0.36751870107592505
  0.37776911996538615  0.38710543830238081  0.39682102090539462  0.40645060731374927
  0.41644943283509789  0.42676774224578901  0.43724562789445820  0.44823188879640052
  0.45914876183778419  0.46973575243864846  0.48056162224996479  0.49168936401656949
  0.50251318333165773  0.51294487274872846  0.52364192981510349  0.53500485280104826
  0.54590211005653022  0.55655557608564643  0.56676878849882095  0.57688803221200580
  0.58689871461980048  0.59708090866965036  0.60746159835724856  0.61743997383567084
  0.62730930812056407  0.63781614112348572  0.64844242367372440  0.65864730455321130
  0.66912448988736983  0.67985369209274982  0.69039520051747316  0.70080683761118256
  0.71153301126672297  0.72272907536944309  0.73362792891941764  0.74390577687522030
  0.75442966734500638  0.76519818672531492  0.77546535696480268  0.78556089723159406
  0.79544174245381882  0.80512548999473921  0.81492790706939910  0.82463083391078840
  0.83469376474121515  0.84483613734253382  0.85531865779176508  0.86614789311372675
  0.87729586583299923  0.88846214344063390  0.89986904681836011  0.91156509458189561
  0.92329581730833676  0.93492708444604045  0.94609864278060085  0.95697538878561272
  0.96743543365541806  0.97817513868950345  0.98892860344508904  1.00000000000000000
 -0.00948242290186788  0.06142009599588062  0.09797350758129830  0.12553645181047177
  0.14720879900235614  0.16622411073667101  0.18353977446952990  0.20005623158027455
  0.21568939305194262  0.23064090535321979  0.24444118397099066  0.25747658219779684
  0.26934617871768590  0.28032668522066689  0.29095523027899800  0.30149080743311163
  0.31224222728883999  0.32305969151043906  0.33374287216399012  0.34405065141045732
  0.35399955670868888  0.36373500637107847  0.37346686292748266  0.38260700470887971
  0.39158339441971107  0.40033317554780745  0.40886252902628045  0.41727744998875677
  0.42565863396100145  0.43394080102100968  0.44234211831060549  0.45090690723177701
  0.45941625227959254  0.46838698206435425  0.47714358518749639  0.48540575255908425
  0.49351631749725938  0.50158717920278717  0.50969504286841505  0.51779968936920440
  0.52572486839953703  0.53338429932700115  0.54082711232519354  0.54806391554250511
  0.55518972084860918  0.56254696964830653  0.56948152947146713  0.57647484259177739
  0.58333634518286648  0.59008259953485442  0.59680451215512265  0.60366006635515690
  0.61056568625514074  0.61746881668021936  0.62451152006658739  0.63173968689062965
  0.63901853781849405  0.64622832734348090  0.65347946258824741  0.66085222681418543
  0.66803079609545257  0.67477465062175790  0.68174118587234789  0.68881720199900442
  0.69566063898161257  0.70255570806618428  0.70920893256104434  0.71555056691823904
  0.72183422923486107  0.72805849419687840  0.73451262725096655  0.74110965618031832
  0.74783002278255306  0.75467096148455681  0.76162429629458850  0.76849316521846123
  0.77571388547091358  0.78318808081285407  0.79074966406079616  0.79854499934827095
  0.80642815412757329  0.81460009032700376  0.82318118844690291  0.83211940318704403
  0.84142446852359198  0.85097889354311174  0.86067763753984416  0.87065929087409477
  0.88115372496952982  0.89213233083255394  0.90357568857732451  0.91583782387338852
  0.92940561025257407  0.94468921034111097  0.96535815452274976  1.00000000000000000
 -0.02249510237471604  0.14965041724427972  0.20180959447175428  0.23789005297070584
  0.26665555219830084  0.28976768472582992  0.30992286985489315  0.32853307420104816
  0.34539930712551731  0.36050430763397368  0.37463993164214276  0.38809965957135983
  0.40074277657965979  0.41288370277419512  0.42437065578809624  0.43513215981726361
  0.44537820983197940  0.45518607392095722  0.46452893708580006  0.47346410604835648
  0.48226836507956777  0.49106995456431141  0.49956091747731918  0.50744153301124262
  0.51497810367699259  0.52235916897645496  0.52943888197316247  0.53643878622515728
  0.54327423157477073  0.54987559198836666  0.55635943722702907  0.56278545717168538
  0.56918432387733930  0.57550825251113580  0.58176046308113749  0.58774851346399104
  0.59351449409500212  0.59931544003321224  0.60503382316697774  0.61051407618399944
  0.61583952633190497  0.62110464556625566  0.62628039734143948  0.63133982959267132
  0.63638646836961243  0.64141002870933561  0.64642479279657905  0.65146015636378796
  0.65644436637470227  0.66132286606414226  0.66616333350176538  0.67103110515703757
  0.67593983317916495  0.68100048144400327  0.68587419673442562  0.69082944808247904
  0.69567625207653105  0.70052248080471502  0.70539541227133895  0.71026734098240962
  0.71511415686447455  0.71992686475117185  0.72469588408522845  0.72937785706048208
  0.73411536785411458  0.73887262617294480  0.74363817458153914  0.74840821485147901
  0.75314306027746980  0.75783927176905763  0.76257229693475015  0.76736150676539927
  0.77227531479054123  0.77745057164769338  0.78258699797205378  0.78774142173988015
  0.79287269257917936  0.79799377512650893  0.80309604959322012  0.80826738091280792
  0.81362790254126804  0.81919173471287565  0.82494778058248397  0.83085371013156506
  0.83704544835017136  0.84357267004767189  0.85034302066119094  0.85744166707156888
  0.86493421489653000  0.87269779275729042  0.88119624973872734  0.89116480151702893
  0.90307330160457233  0.91890054396490561  0.94391557399596615  1.00000000000000000
   3.1815840109120502E-008  -1.0000000000000000     
 T T T T T T T T
  <DiscreteSampler_grid>
  grouped_processes
  1 # 1 for a reference and 2 for a running grid.
  10 # Attribute 'min_bin_probing_points' of the grid.
  1 # Attribute 'grid_mode' of the grid. 1=='default',2=='initialization'
  0.0000000000000000 # Attribute 'small_contrib_threshold' of the grid.
  0.5000000000000000 # Attribute 'damping_power' of the grid.
 # binID   n_entries weight   weight_sqr   abs_weight
    10   10   1.953954832178182E+004   1.252939658757972E+009   1.953954832178182E+004
    11   10   1.953954832178182E+004   1.252939658757972E+009   1.953954832178182E+004
  </DiscreteSampler_grid>
