 -0.00002559649671792  0.00040130021615209  0.00122182806137784  0.00260293390840315
  0.00445229751902443  0.00683225710897364  0.00986531691470069  0.01332801815222086
  0.01712421470799868  0.02118177705466580  0.02563125086100964  0.03073532035730806
  0.03628225788475283  0.04201355094752188  0.04748133220907979  0.05304862236841233
  0.05877342465834563  0.06485359613295756  0.07147209189975116  0.07837743543957042
  0.08543204585957244  0.09278308497549366  0.10016290306021641  0.10768982531648477
  0.11562526732899148  0.12423665025892500  0.13346783812047616  0.14294766725105834
  0.15230873984583224  0.16164848355826819  0.17120812637226046  0.18129382912799022
  0.19192495451588515  0.20267556982016988  0.21379802813233720  0.22486023199556593
  0.23581901753374565  0.24666977586031233  0.25778408876286002  0.26949276196045346
  0.28143968788231766  0.29329601796159804  0.30504655923217983  0.31659200075894856
  0.32775523679568119  0.33898410593368522  0.35025499771267121  0.36170634483410619
  0.37331791428945632  0.38506976045350599  0.39698155870726232  0.40918097921926566
  0.42166826195648444  0.43414163196807137  0.44716610198902379  0.46030423390311109
  0.47332622353123782  0.48674780667873874  0.50063663214494958  0.51450136403390501
  0.52824112760002806  0.54314612498491111  0.55830368396816743  0.57331285841807200
  0.58831517903711628  0.60197612375962839  0.61592332816678519  0.63001836173311077
  0.64400037256352816  0.65767894177069708  0.67110199999493081  0.68476732661711237
  0.69852818282228613  0.71224383992391804  0.72570644382267779  0.73882660932108579
  0.75188956843773957  0.76459216726015089  0.77779036056460393  0.79113338797649857
  0.80466811095247015  0.81840357786826701  0.83178608217001981  0.84523332326949152
  0.85859650599366699  0.87153598450674796  0.88420908038406776  0.89689641644638640
  0.90966612964865379  0.92219940506220610  0.93490128212886847  0.94750344402906073
  0.96030789517678328  0.97332842557813348  0.98652508228999203  1.00000000000000000
 -0.00218481695816696  0.00868079357507285  0.01819266614446167  0.02843469557134107
  0.03908182889069468  0.04977596471572416  0.06021960247016617  0.07128790678105759
  0.08202114282725971  0.09238201579449766  0.10242041061965240  0.11292646876954773
  0.12330106447464285  0.13264653419967387  0.14177813733017908  0.15118483940724356
  0.16109155592835020  0.17113968874842497  0.18090848917263652  0.19052377722621572
  0.20022157267273044  0.21020170813848876  0.22055909518889993  0.23110354548582820
  0.24210393292880278  0.25368974635985692  0.26536443101952617  0.27640600813478888
  0.28699987342301508  0.29795451817803764  0.30935930802940187  0.32103065613339565
  0.33278745113240471  0.34466861989314901  0.35666321430609393  0.36787379229899725
  0.37872127248466392  0.38887398253822236  0.39864532622073506  0.40890779578280589
  0.41918047299298156  0.42876118843771827  0.43811348407119444  0.44796923640440567
  0.45824445172198619  0.46908711458584396  0.48016480455061245  0.49135983782554310
  0.50220408264307537  0.51228394769197272  0.52231341600782533  0.53240326877719457
  0.54234343956034003  0.55193902663729577  0.56183032844165592  0.57149007322101997
  0.58124062904437090  0.59059386370809530  0.59959174925511405  0.60877987636214637
  0.61854018484475415  0.62914541564021376  0.64052393572364019  0.65204248872191028
  0.66326295441528271  0.67375008814692972  0.68367460539922953  0.69376938706044267
  0.70403348301741653  0.71443263297650006  0.72473995016513337  0.73591980125196832
  0.74788654907663421  0.75973496417783704  0.77139048651710163  0.78295328179756751
  0.79444532632215314  0.80582529479051712  0.81621687784794161  0.82555328336755696
  0.83515236857492892  0.84465526008807623  0.85398415477871659  0.86325394117284182
  0.87299206798596796  0.88410683281010705  0.89615587522906881  0.90820285117388011
  0.92011910895650739  0.93227102362063152  0.94476802769522172  0.95730497548950877
  0.96793741994063842  0.97851472509030324  0.98896132268169668  1.00000000000000000
 -0.00178400305401046  0.00801272183855896  0.01569764828182236  0.02270226500345098
  0.02903908580430767  0.03502636240149311  0.04089138033550098  0.04653055202463784
  0.05198505147157690  0.05739283322757031  0.06254565823460942  0.06743234700606689
  0.07202599667397733  0.07704133120903378  0.08196642790545304  0.08689828922693973
  0.09175935869197958  0.09662721211228788  0.10152210688823969  0.10640295957743734
  0.11127512641146110  0.11618662842103179  0.12132724742148160  0.12631799873397043
  0.13121277973371717  0.13604243997443680  0.14085004555590874  0.14564357031891589
  0.15051225414428299  0.15548825269389749  0.16060353907135111  0.16592919587233446
  0.17147496331665746  0.17712114137073726  0.18283499718329094  0.18857555999870168
  0.19453115741064220  0.20042481032410450  0.20629561917053957  0.21203882950741104
  0.21764029981354074  0.22325179995836070  0.22887182397459502  0.23439068413741748
  0.23991785441320523  0.24546869760502685  0.25099731174319534  0.25634016514584773
  0.26191634376665085  0.26770999850608901  0.27367298377543914  0.28000210044201185
  0.28647132306064177  0.29306367906411762  0.29967431324207439  0.30602702252255737
  0.31243392404436443  0.31902217485415507  0.32587225677416698  0.33306155524841752
  0.34050872055943820  0.34781677028647723  0.35525763965568308  0.36318734667337715
  0.37113418549672722  0.38002095274383918  0.38944334620188542  0.39905198390274016
  0.40875653302705645  0.41871606214262735  0.42862450896047949  0.43880630306244550
  0.44905673662748913  0.45971935678969272  0.47079289839445254  0.48205300517797312
  0.49348890378671423  0.50533888297468010  0.51819309413663195  0.53114226147498300
  0.54416710166684990  0.55717940028041379  0.56985107496387510  0.58272323086913347
  0.59670126596809081  0.61258689808486677  0.62934175815014448  0.64698917753330498
  0.66653886250144811  0.68893067914204897  0.71327494128162860  0.74093943174667820
  0.77581027820729065  0.81946404850643317  0.88047707112822848  1.00000000000000000
 -0.01748741818470309  0.10212099760994513  0.13683301199426384  0.15809431770707388
  0.17569407778348323  0.19115199322049542  0.20466824803511627  0.21651716522237094
  0.22802498170832494  0.24004069951494877  0.25184734456638902  0.26323798917255714
  0.27329343855946536  0.28223595152188330  0.29051795204258624  0.29838318489545329
  0.30602686242670318  0.31397093405101800  0.32217794677409989  0.33037883432206910
  0.33819523953174147  0.34560229373294205  0.35277734859680826  0.35989639164751169
  0.36721272021414048  0.37468797917456564  0.38152562934396700  0.38812892646822972
  0.39454482838174687  0.40084608460508603  0.40710907190271550  0.41329279916243866
  0.41921050546491195  0.42486020114690287  0.43052321162528645  0.43621696017116240
  0.44195027000685183  0.44790960752698611  0.45356772780204624  0.45936405389722601
  0.46472837151979324  0.47004710647605830  0.47546534215860986  0.48100595409765490
  0.48650077202564285  0.49197361085078151  0.49740304706004423  0.50275203092820397
  0.50819680701763981  0.51357107930990942  0.51891925405186956  0.52424141517225709
  0.52982080010158861  0.53581694685172343  0.54169354239331724  0.54731778521244201
  0.55287373131505446  0.55844509713982970  0.56404798053371619  0.56973251072112874
  0.57550121730782400  0.58135142353582081  0.58730545912296284  0.59326505668127660
  0.59912358673047472  0.60501737841806424  0.61069353184180108  0.61644112984167632
  0.62219598817626454  0.62811712920139451  0.63425532281198027  0.64054567577505384
  0.64668786234996845  0.65267768462161413  0.65868071955147900  0.66480011369973580
  0.67136615220503215  0.67820991880966852  0.68532295902430662  0.69332557690102348
  0.70194097760549834  0.71061972313740596  0.71987426647816222  0.72922603408367026
  0.73865608792368453  0.74859747040389080  0.75943777725195394  0.77124974299060156
  0.78408966109353528  0.79768331865419229  0.81129735177828344  0.82497888372573391
  0.84065515457815676  0.86048836953533192  0.89435418635704522  1.00000000000000000
   2.7365314246091915E-010  -1.0000000000000000     
 T T T T T T T T
  <DiscreteSampler_grid>
  grouped_processes
  1 # 1 for a reference and 2 for a running grid.
  10 # Attribute 'min_bin_probing_points' of the grid.
  1 # Attribute 'grid_mode' of the grid. 1=='default',2=='initialization'
  0.0000000000000000 # Attribute 'small_contrib_threshold' of the grid.
  0.5000000000000000 # Attribute 'damping_power' of the grid.
 # binID   n_entries weight   weight_sqr   abs_weight
    10   10   6.547120829846710E+001   8.681407579868279E+003   6.547120829846710E+001
    11   10   6.547120829846710E+001   8.681407579868279E+003   6.547120829846710E+001
  </DiscreteSampler_grid>
