  0.00898113883031025  0.01737142019036275  0.02827219217673365  0.03917971206138748
  0.04936966357319721  0.05978754774503826  0.07049110972123156  0.08121262988138579
  0.09127515260815693  0.10099883566909852  0.11026854964884329  0.11943656325716669
  0.12879744391878661  0.13846172550682689  0.14847110165744257  0.15854496033636545
  0.16910703180709791  0.18055304745898562  0.19190442931064844  0.20307132053666038
  0.21421523769729001  0.22510376003616417  0.23571045506709848  0.24607317820629521
  0.25655769639530446  0.26720709711540030  0.27772029422244787  0.28818343782646677
  0.29850054068770915  0.30906718036578562  0.32006540375342130  0.33058949409323096
  0.34081720936746901  0.35109299817751238  0.36172524606364326  0.37282950132441156
  0.38372344699361410  0.39478736692914540  0.40550510800468587  0.41606990784641112
  0.42652443559664410  0.43669764127120636  0.44645710537712552  0.45589092839338685
  0.46516934776559138  0.47446693302819992  0.48406457585098506  0.49366381139396814
  0.50353859061300732  0.51342287820627919  0.52315379475562707  0.53288997273465621
  0.54299338246836149  0.55326166264774257  0.56364045080909853  0.57401432803380292
  0.58450818408390892  0.59544680228835767  0.60627244862476559  0.61719869268006344
  0.62803240528568205  0.63875989313599635  0.64919763686381482  0.65937405856001885
  0.66950986216393804  0.67975744343956113  0.69028514778501382  0.70135399961671929
  0.71287416416903193  0.72425783830958601  0.73540198413206836  0.74589455912521141
  0.75634900141824202  0.76666536234665295  0.77691029475819051  0.78692989516660916
  0.79713534702009659  0.80765875888252858  0.81826228285312597  0.82900747050657853
  0.84028232068714259  0.85209095410342495  0.86378076647335345  0.87569009373834994
  0.88655433492611602  0.89713373949463637  0.90758266888493455  0.91788324992934711
  0.92833609418668173  0.93897352791042776  0.95086189890112627  0.96236992916136777
  0.97250215833089138  0.98257638447632978  0.99095309738819215  1.00000000000000000
 -0.00083648158386801  0.00459103482883632  0.00710215596172660  0.00965713390777297
  0.01245569778010680  0.01582302513441734  0.01954246618945075  0.02340434155401770
  0.02750723149336443  0.03211284038843656  0.03700730939695200  0.04200068819582588
  0.04742435558941641  0.05320971192519138  0.05915812678162089  0.06551690883691626
  0.07188222507896093  0.07828702096461460  0.08476077720027873  0.09155618826424677
  0.09891145769229463  0.10682225632432543  0.11483898610042041  0.12276766611450977
  0.13085230131760506  0.13914765157403630  0.14756714559507145  0.15599964408297223
  0.16438533430627794  0.17277865108469193  0.18109748364439215  0.18933941066122853
  0.19768043323845100  0.20642060714016675  0.21562891127708250  0.22532312450551317
  0.23534532815405487  0.24568395954771122  0.25607978218665750  0.26613622492237010
  0.27608743026154070  0.28610950303656646  0.29608265015906332  0.30642059121217796
  0.31765039409953483  0.32959930007728194  0.34184980099277362  0.35470800094948873
  0.36777726512057907  0.38123787597129977  0.39465717056682337  0.40770246515068459
  0.42031929095577075  0.43267242005086226  0.44481205763040627  0.45644111010025890
  0.46786835816739075  0.47948583728624045  0.49163299557194784  0.50418479805611516
  0.51687086900514523  0.52956161401853941  0.54206821487655421  0.55457278279980360
  0.56707389458402591  0.57955587689167087  0.59191744698653559  0.60412352181259976
  0.61614721397325445  0.62834944217523847  0.64130065941264369  0.65445800014741173
  0.66748158546428504  0.68172230863170313  0.69650100917651658  0.71136643338953820
  0.72631101619773275  0.74130036561346357  0.75555920571756818  0.76919307922809332
  0.78269607370558703  0.79651668626119265  0.81083636021637673  0.82572626609273458
  0.84060106366135245  0.85537997415286737  0.87008425223117036  0.88476856260159120
  0.89945321296478753  0.91373760563141526  0.92771275041403956  0.94168875095574534
  0.95581880256816232  0.97020668220159123  0.98492022798084733  1.00000000000000000
 -0.00293730212267587  0.01057837044372205  0.02157200556493785  0.03269917048595970
  0.04417329853164095  0.05536284237991840  0.06648183081112431  0.07726712231740411
  0.08829848363939498  0.10005639392449847  0.11169397739029645  0.12327032300905252
  0.13442372917538217  0.14544225709661762  0.15566137543828582  0.16554997984847819
  0.17623616340990228  0.18772294331721145  0.19929813509327932  0.21034054104074065
  0.22122414945734051  0.23175701528938206  0.24211031965522983  0.25265460428309694
  0.26318018275887772  0.27401295553748295  0.28508365460809559  0.29676154110575959
  0.30850771195367954  0.31942061517005893  0.32925821967799629  0.33895918176523959
  0.34866903631500579  0.35834007219233760  0.36732683859881671  0.37659859983978528
  0.38618752532465533  0.39601185832077707  0.40586576323124413  0.41602678155581746
  0.42655463038491798  0.43711192856251480  0.44775008102799302  0.45818451449426084
  0.46801299207996133  0.47779769207568379  0.48784336714125687  0.49784578251273703
  0.50822952616063388  0.51894400768229909  0.52933712431597024  0.53964286522333527
  0.54999978071138655  0.56052919951193847  0.57078839902543510  0.58090152584711519
  0.59150343512739978  0.60252276781410852  0.61313640380251611  0.62330298465458744
  0.63324109204805534  0.64274633880753096  0.65215860669882908  0.66183646449605482
  0.67179132591873536  0.68226012201236064  0.69274128810463254  0.70311881571061430
  0.71333691647695119  0.72313161731472742  0.73315025404211909  0.74336907947921882
  0.75379740020455688  0.76437699371873891  0.77486044781692842  0.78534947275399836
  0.79539057646012701  0.80537708802309627  0.81553741220632270  0.82609792390959969
  0.83674896865459147  0.84745037618755958  0.85915905074068855  0.87159582129426683
  0.88370589221589591  0.89505802589529582  0.90534884523402104  0.91523047587499118
  0.92537815212534269  0.93588358165264240  0.94631823265684445  0.95649078524120934
  0.96704760431008974  0.97812426542593700  0.98897794581530163  1.00000000000000000
 -0.00252946399286083  0.00889256478167505  0.01898013910609655  0.02940983942441100
  0.04012362305476801  0.05036697851824894  0.06028224013773279  0.06987383753362361
  0.07916093490975791  0.08847785095230015  0.09776445264982597  0.10785180917155145
  0.11817716677258325  0.12813363619231774  0.13813937519432870  0.14778358153402937
  0.15768066973711595  0.16736195047563374  0.17755023781011800  0.18796374990888276
  0.19867594741439873  0.20940690284681729  0.22028096624388843  0.23106719830323424
  0.24182678046857015  0.25270389835327783  0.26409107099484153  0.27578225974772258
  0.28756925711938891  0.29895038678367858  0.30986525669316523  0.32080755149625401
  0.33190408395664756  0.34289805858831235  0.35347151891384104  0.36432827973460213
  0.37563909342943430  0.38756464674889657  0.40034682040691716  0.41435057214475901
  0.42693163140345758  0.43897536477373283  0.45063352472226675  0.46196933489129177
  0.47353394117697445  0.48540242217298291  0.49682034835160838  0.50833710049272329
  0.51937029936787882  0.52992166096289850  0.54047495386326649  0.55138292671776046
  0.56273789448199119  0.57198145232068842  0.58036466081250782  0.58905762792314786
  0.59816837547552426  0.60779162713212631  0.61753476156535247  0.62770490745227303
  0.63860130976174512  0.64994660759882628  0.66109735269754011  0.67163245400923766
  0.68159708121722951  0.69147725591347686  0.70152385713522247  0.71170632013026514
  0.72182011649228828  0.73163808834091726  0.74125724846630603  0.75122176628528925
  0.76158039463318683  0.77198788065778456  0.78228767100086261  0.79304057647101911
  0.80481637155578500  0.81665904593395722  0.82759918383522557  0.83781017055578488
  0.84765581832873138  0.85778791523986486  0.86805399521954341  0.87810598024102182
  0.88813276199216307  0.89865983028401775  0.90999610944475406  0.92247208907234413
  0.93475305047790047  0.94551438734217330  0.95489170602626594  0.96400159292415832
  0.97319142026935623  0.98264425084017604  0.99127641128996558  1.00000000000000000
 -0.00249601336008617  0.00929703248392967  0.01919396443410815  0.03070339046215845
  0.04164668897644606  0.05212422514202770  0.06196099904623496  0.07225933620039467
  0.08262346314594567  0.09306277016812368  0.10365383485688820  0.11461686774952623
  0.12548720186831847  0.13635337037507850  0.14739029961368177  0.15945237551159502
  0.17199067064007870  0.18453978938953350  0.19717167474221600  0.20947849040752642
  0.22081748591811876  0.23188089884583632  0.24210606774117749  0.25283290182045975
  0.26325728984174229  0.27378765873530569  0.28411873108167024  0.29470078123571136
  0.30578134836350807  0.31676800032241009  0.32730133394737737  0.33755563682901130
  0.34752315469100947  0.35726282515566826  0.36681053511698913  0.37637373055180257
  0.38629503329679599  0.39674809287280688  0.40778817399826134  0.41930813970280506
  0.43064773426174213  0.44161825738452254  0.45215045213128213  0.46231869160118716
  0.47212553840492799  0.48211514810912171  0.49228465684742534  0.50277402058065057
  0.51377277894124329  0.52513410191388965  0.53670900619544937  0.54798306622091808
  0.55913011974294491  0.57009712580203897  0.58099753157411416  0.59218148894774603
  0.60322131773079535  0.61339280567769083  0.62316254222144252  0.63297167021498602
  0.64264467862286268  0.65248530681551820  0.66232450586225033  0.67227746388213927
  0.68235535220041954  0.69239104185106848  0.70225353758115905  0.71184241775311674
  0.72090023846545925  0.72978157662210108  0.73873599562754333  0.74770031553481231
  0.75662776794305819  0.76568794576837673  0.77497155410101159  0.78446998977670690
  0.79401183818619914  0.80389650528906431  0.81375958355550226  0.82561561111715731
  0.83627109202497585  0.84665283485129350  0.85669366847685291  0.86722081546803764
  0.87806326627712339  0.88904097592804621  0.89965694741900526  0.91046285807343841
  0.92042576639651319  0.93103469224606128  0.94159048749732832  0.95257500066125622
  0.96333947116234586  0.97480708149674355  0.98712910943349985  1.00000000000000000
  0.00596836513954653  0.03525650060660463  0.05147076380094727  0.06354424209368259
  0.07433222377006211  0.08416986160936589  0.09330234338423141  0.10186155887060404
  0.10997964189743364  0.11788384985868307  0.12555832364697297  0.13313637387859967
  0.14075965329832546  0.14811307623247608  0.15520139376474992  0.16212078774533364
  0.16885503129380811  0.17554215446800439  0.18240503359588281  0.18900346421108513
  0.19517344787895577  0.20105698854872320  0.20681303957405073  0.21307045834838706
  0.21962557435437910  0.22626692111757557  0.23294105953030914  0.23966082227612401
  0.24644272728303798  0.25347486721217399  0.26088728545528606  0.26829713886583950
  0.27522271153975691  0.28191658154807986  0.28863347164555458  0.29517713504736237
  0.30165169734038583  0.30805510693733229  0.31441045905925896  0.32102117798238117
  0.32747023851162860  0.33408690750412684  0.34088975367750968  0.34784148996644265
  0.35485391899765234  0.36164885377245393  0.36834032891126683  0.37527954675127034
  0.38241807480875228  0.38950240465329317  0.39639700789682358  0.40358688918387320
  0.41085504149956065  0.41859584406231792  0.42640532492101108  0.43406724228919269
  0.44158636485891284  0.44901983246974769  0.45651366404382066  0.46416393839700526
  0.47200542049368338  0.48012097227206768  0.48846463056969841  0.49688038729347744
  0.50544771842736280  0.51392438909354110  0.52218632867402859  0.53042834150707052
  0.53896552255350627  0.54785854540117596  0.55691138961696740  0.56568647858047783
  0.57445092114105278  0.58309803503663638  0.59219401455729559  0.60169342636751888
  0.61148326633749572  0.62139026399714348  0.63151837258049759  0.64169661775196130
  0.65194586154422629  0.66236114923472034  0.67329794877781768  0.68485783097052189
  0.69733149975943487  0.71107604374622835  0.72575523330615443  0.74116094868270321
  0.75713735736458854  0.77344677354550451  0.79066850570460312  0.80998481534263922
  0.83352814763509642  0.86302582513111181  0.90405297059313661  1.00000000000000000
 -0.01659044037459348  0.14263148711307277  0.19769580946501922  0.23102236825627859
  0.25439977985982087  0.27503004380623947  0.29312772209584281  0.30833983148259153
  0.32141288999604040  0.33427659930410580  0.34543086523366701  0.35565634234624188
  0.36471762121954182  0.37338715036100517  0.38163842478085452  0.38950334362738726
  0.39724020968926244  0.40496651526273353  0.41259654558505027  0.42011911464847362
  0.42739752866169090  0.43452145273568199  0.44130740728341378  0.44803654361464468
  0.45464645261553327  0.46121831203314506  0.46738798230146461  0.47351682636568321
  0.47938178588735364  0.48495468928706292  0.49048702217166890  0.49586629651867065
  0.50122522849412166  0.50630016519183807  0.51136484628012580  0.51638708920357212
  0.52126349772860925  0.52604136660590861  0.53070686833557645  0.53530353235465189
  0.54000588572542985  0.54493694394655012  0.55003737138289543  0.55505296224494383
  0.56006851417313464  0.56488261183975352  0.56986993683286757  0.57484789144730220
  0.57981874947451661  0.58474120140322605  0.58959431093283998  0.59448553205938037
  0.59942863813508052  0.60452686962760094  0.60938614294878213  0.61414672608193177
  0.61887281947836226  0.62369346456046704  0.62864174068583190  0.63360032495472940
  0.63843396981112466  0.64312178520104413  0.64783972957602531  0.65273243457996188
  0.65758173727237967  0.66241569640292675  0.66746739166889224  0.67257866628732477
  0.67793804988754802  0.68337376818009288  0.68885324711221685  0.69439001266143940
  0.69990604924645194  0.70548278023116373  0.71119716560426105  0.71727052360908139
  0.72346070309632537  0.72959679473052352  0.73570207709978719  0.74178738994266913
  0.74811768016733726  0.75481562995147733  0.76178150875748751  0.76891984379737754
  0.77633626309072501  0.78416251910200419  0.79261924788000659  0.80192044992086697
  0.81193417953383884  0.82274354250520454  0.83475350448918684  0.84856927428787376
  0.86493426135631468  0.88661066786114051  0.91999819219011525  1.00000000000000000
   3.9923420064963301E-034  -1.0000000000000000     
 T T T T F F F F F F F F T T T T T T T T F F F F F F F F T T T T
  <DiscreteSampler_grid>
  grouped_processes
  1 # 1 for a reference and 2 for a running grid.
  10 # Attribute 'min_bin_probing_points' of the grid.
  1 # Attribute 'grid_mode' of the grid. 1=='default',2=='initialization'
  0.0000000000000000 # Attribute 'small_contrib_threshold' of the grid.
  0.5000000000000000 # Attribute 'damping_power' of the grid.
 # binID   n_entries weight   weight_sqr   abs_weight
    10   10   1.449220934630113E-021   2.939287102933827E-042   1.449220934630113E-021
    11   10   1.449220934630112E-021   2.939287102933824E-042   1.449220934630112E-021
  </DiscreteSampler_grid>
