 -0.00033062969076828  0.00709683001763699  0.01729652284980904  0.02829982455793787
  0.03974059851430782  0.05072521360540454  0.06165596667770192  0.07293185263396269
  0.08408563704127617  0.09502677424718953  0.10552271251642911  0.11565500457185278
  0.12562884786383466  0.13549339377423864  0.14527386230312977  0.15499074853210135
  0.16464189082638225  0.17420924912151317  0.18345306843508782  0.19248876906898219
  0.20146955256572743  0.21034753645149887  0.21920653167848347  0.22785440875155694
  0.23631823819377434  0.24485419420330126  0.25354735290122071  0.26229688569693660
  0.27092116092796670  0.27951685746994942  0.28814057579056207  0.29680185544845616
  0.30548836017500880  0.31411271285528913  0.32266956945828557  0.33112531189012373
  0.33943188821366060  0.34760538549261255  0.35571269697792646  0.36382955428046931
  0.37215040472465388  0.38048624233505796  0.38879637054930644  0.39688233107325060
  0.40492508005367489  0.41298526087926918  0.42108813972855225  0.42930975988884384
  0.43759200881438398  0.44611651790196216  0.45454892791645995  0.46285660385987026
  0.47119498381702701  0.47971127691230198  0.48843932797001371  0.49727121651706524
  0.50603435474596747  0.51471711441485835  0.52339490857986104  0.53203701042370877
  0.54076062690543147  0.54964443544843244  0.55852827918149006  0.56749774495160865
  0.57651655542397462  0.58553514580933208  0.59446431295850100  0.60341566013260961
  0.61254542102629017  0.62183319595290254  0.63125369984059709  0.64056666136058482
  0.64993546975143490  0.65947548298080538  0.66940062582088866  0.67982316903848172
  0.69021117233779194  0.70068628025121404  0.71116264013569563  0.72196326818398660
  0.73307558025595776  0.74438039766810904  0.75590414792622240  0.76760332783460949
  0.77961940119116202  0.79268693986815519  0.80635973269805883  0.82039098351927953
  0.83477180027046671  0.85003334616183235  0.86752210631493187  0.88614483544120703
  0.90632362917377618  0.92994014735683561  0.96184902828455310  1.00000000000000000
 -0.00240517175631797  0.00960613796084803  0.01978997638859021  0.03051310050857504
  0.04139992316243320  0.05184280895711423  0.06241340838421311  0.07281975440796656
  0.08340869698758163  0.09390626236886736  0.10426537671240839  0.11445620802964218
  0.12452284241431258  0.13452728745111039  0.14455556546707243  0.15450788940884791
  0.16443963076115206  0.17416456400104324  0.18357454022312500  0.19320488994423046
  0.20327737540630603  0.21366620602670486  0.22449440146589983  0.23537841049177022
  0.24631488319749326  0.25687902702634718  0.26726563053535973  0.27775972735724624
  0.28804099748348422  0.29845505349608004  0.30900164914006245  0.31950197379629341
  0.32993914889806081  0.34001610245559866  0.34982001300503274  0.35960291492793500
  0.36937643360644895  0.37945296378523585  0.38966352299356244  0.40014704680001156
  0.41127423723687073  0.42214701890096223  0.43294427331993213  0.44333707190901062
  0.45346030107629448  0.46374562455518514  0.47398687388353705  0.48411621149037554
  0.49414121179167592  0.50447355792799864  0.51514990072548805  0.52609671692808457
  0.53727375310121961  0.54811964065129126  0.55887552379308580  0.56974981118687373
  0.58092006638935145  0.59201845054107971  0.60312878752695631  0.61428375664153745
  0.62545509748804184  0.63645015937724159  0.64718109445536554  0.65812525812724831
  0.66901100453000040  0.67984758055478711  0.69064253223212457  0.70151025303228287
  0.71207206817887991  0.72223966903620440  0.73242461491328359  0.74276173608380824
  0.75313080449549652  0.76345487844845261  0.77410955232883016  0.78507302901076848
  0.79603492075023852  0.80693394641436700  0.81770467676618219  0.82834670070403327
  0.83915316866771883  0.84978957449760018  0.86037837530835037  0.87065733606969442
  0.88134808362545136  0.89257559330434499  0.90387817186523045  0.91544299844415855
  0.92685976223363542  0.93800323275335007  0.94831812005555871  0.95859824505905089
  0.96880000244278142  0.97921592010543301  0.98977514895329521  1.00000000000000000
 -0.00956280759085188  0.06305377071564863  0.10004943966638635  0.12784639641149551
  0.14933074772170202  0.16822208806938152  0.18569450450168723  0.20201814651525110
  0.21749066383747190  0.23214757409199563  0.24639927422746011  0.25988640231992960
  0.27275178657851129  0.28501452986079812  0.29642449200571186  0.30738379217970774
  0.31759197520303778  0.32752213483736636  0.33709255083680201  0.34643177234667610
  0.35560081448277370  0.36475262934174629  0.37366288711485224  0.38275899754392284
  0.39173468922115329  0.40075451548686791  0.40965575544345545  0.41830256592216003
  0.42690055101889557  0.43530688801216466  0.44357176552832123  0.45166090275653120
  0.45967722032714553  0.46765001938685696  0.47545035700547206  0.48296233571838215
  0.49014806768459118  0.49722852253826072  0.50454930302001344  0.51223211979733985
  0.52002730501806071  0.52755369650700634  0.53483119328100581  0.54192637777508024
  0.54886024044537662  0.55583424036009166  0.56277972809184462  0.56973704319143992
  0.57676882744819136  0.58395143264200711  0.59152537570566199  0.59914192925575371
  0.60669581845940890  0.61410159705128209  0.62132416449235972  0.62843065902023620
  0.63555052698129100  0.64274758195294035  0.64989075549462283  0.65686125451280120
  0.66373507481236349  0.67059004406858802  0.67740399316570443  0.68435039101002626
  0.69131030867727883  0.69839912999004150  0.70552627274067325  0.71252237345659053
  0.71940049910655857  0.72630009430642128  0.73330377280042969  0.74044097785769614
  0.74763582730047085  0.75471137227638863  0.76178026365223128  0.76898582561129003
  0.77614818607856439  0.78329235032473787  0.79039754588848421  0.79794245865784141
  0.80576317569140765  0.81371043700959622  0.82204425671893022  0.83045390486279458
  0.83904083192710666  0.84798391167029208  0.85748234552753166  0.86707850618056093
  0.87711696012709917  0.88703589465856347  0.89764876841099273  0.91011178202756271
  0.92395428967446280  0.94051138676389245  0.96371441201389918  1.00000000000000000
 -0.02293786658942957  0.15128549278416201  0.20498693556899050  0.24074226590841497
  0.26953856958436867  0.29307002916220998  0.31321296271740895  0.33114116839950797
  0.34777929795888129  0.36274721708414653  0.37699538087392542  0.39088591503987541
  0.40367175077175266  0.41551776912756394  0.42689030604673051  0.43770519446532291
  0.44795020373839645  0.45762942045640342  0.46687833992194672  0.47584680674862162
  0.48445503002746598  0.49270322720211529  0.50076155860825233  0.50849683282738289
  0.51585264249612617  0.52277708302137305  0.52940091659264632  0.53602517279747930
  0.54280844619744206  0.54964601677690861  0.55628820312473104  0.56262786351114569
  0.56866543841045314  0.57456017412489602  0.58039386346815369  0.58607958128119297
  0.59172182895404335  0.59739728746554288  0.60306962590206559  0.60836492844801715
  0.61353356011180682  0.61872112115026912  0.62398913579836168  0.62934282905722883
  0.63477901853998919  0.64022733209976646  0.64565732352536065  0.65098989777646998
  0.65608387446081784  0.66107368916625830  0.66597537777638638  0.67083108888395893
  0.67565281140635836  0.68047955389306680  0.68543279367306797  0.69029003798477662
  0.69499360636859864  0.69961843125519441  0.70419466968020561  0.70874249836960401
  0.71324437440519017  0.71771628221925476  0.72218356759089852  0.72668964002731440
  0.73129690322447616  0.73594210981845753  0.74054275325446939  0.74516188205230327
  0.74984367252883544  0.75460502666439788  0.75942624534583247  0.76426653083497031
  0.76913186595127669  0.77403406303151212  0.77893736199735353  0.78380688871532633
  0.78871463559839816  0.79377858762841524  0.79903078887337953  0.80432109112210026
  0.80964695004317755  0.81533702755305271  0.82143763015801752  0.82770116534739135
  0.83419922486817477  0.84095489896119491  0.84798846303881403  0.85516782826208593
  0.86277110015796732  0.87079566004643649  0.87972680251358670  0.88969058448360439
  0.90116714925204766  0.91680474434358228  0.94214441419656625  1.00000000000000000
   2.7985356886869691E-008  -1.0000000000000000     
 T T T T T T T T
  <DiscreteSampler_grid>
  grouped_processes
  1 # 1 for a reference and 2 for a running grid.
  10 # Attribute 'min_bin_probing_points' of the grid.
  1 # Attribute 'grid_mode' of the grid. 1=='default',2=='initialization'
  0.0000000000000000 # Attribute 'small_contrib_threshold' of the grid.
  0.5000000000000000 # Attribute 'damping_power' of the grid.
 # binID   n_entries weight   weight_sqr   abs_weight
    10   10   2.212544497698743E+004   7.791221674292245E+008   2.212544497698743E+004
    11   10   2.212544497698743E+004   7.791221674292245E+008   2.212544497698743E+004
  </DiscreteSampler_grid>
