 -0.00029633690293546  0.00678194057460390  0.01644059926440818  0.02702578320609227
  0.03821508615246519  0.04913908680462058  0.06055585126527697  0.07141443636985789
  0.08260699187267299  0.09334022449811955  0.10328946829691875  0.11321929204751045
  0.12347366138100042  0.13404254008393288  0.14439439622574662  0.15403250569439270
  0.16328019143355341  0.17233990850179737  0.18105172600420491  0.18959145284107146
  0.19807790587717622  0.20652317056276598  0.21477696709943378  0.22299740778644167
  0.23163745915874281  0.24025198679499479  0.24883649840046720  0.25706248019358591
  0.26548399214715390  0.27404682642084016  0.28270702072713949  0.29128760629889194
  0.29962530610654059  0.30762164087620875  0.31621161009909893  0.32504632875513845
  0.33387038682385106  0.34248101777506318  0.35083367371392393  0.35902440295711729
  0.36715954779952437  0.37540143407941984  0.38381044105942175  0.39210311575532225
  0.40047428224806247  0.40882409054007346  0.41716958431600232  0.42551522265626679
  0.43388716871336508  0.44231321713777577  0.45072755869969128  0.45899476567207514
  0.46729589741574978  0.47550274700003831  0.48400541764897853  0.49267825538975030
  0.50134016126448755  0.51018211380917289  0.51964133974128024  0.52907782986760465
  0.53868585792613322  0.54820580079701187  0.55748565252273885  0.56645939284075231
  0.57527451686833098  0.58446066979379152  0.59369066655021963  0.60293941477775781
  0.61236618867134696  0.62202274966625293  0.63150120046113911  0.64106078087426799
  0.65074341860596518  0.66050532329669520  0.67037504170014039  0.68034849437056444
  0.69023514431024480  0.70020942271918640  0.71002861594313726  0.72069798050783107
  0.73197669067383087  0.74338479112096034  0.75488278988072444  0.76677210956261910
  0.77911529923291389  0.79193800487116417  0.80523749681685541  0.81858816663113243
  0.83206812517948858  0.84650410461346426  0.86266128923723961  0.88135382931081607
  0.90143347063850543  0.92574987400441555  0.96087757173703858  1.00000000000000000
 -0.00288272520517721  0.01076747525452356  0.02170936352080665  0.03203016184584339
  0.04266983078169501  0.05340624681681796  0.06413996892595195  0.07437819076684260
  0.08476428004966226  0.09583089923464659  0.10739112708519877  0.11877488009056131
  0.13041183372102244  0.14207016884336132  0.15334963292674736  0.16392670138125026
  0.17381092173101431  0.18352504064801614  0.19343133075800931  0.20342810702470740
  0.21344733734101465  0.22297845942515471  0.23267493229299060  0.24324404150372367
  0.25394732005192400  0.26455731548262573  0.27477094849855366  0.28481047363699380
  0.29438325649446356  0.30364401979690753  0.31258810732363701  0.32173648175878744
  0.33113118032078448  0.34125961005558814  0.35168655957527972  0.36194495843384300
  0.37220949939151049  0.38299869672074427  0.39416690578324942  0.40484731683859382
  0.41532831094331690  0.42669725855128215  0.43870118383677847  0.45052682193254195
  0.46176578428328530  0.47407683020548141  0.48548681684550876  0.49703414588175665
  0.50889978674087943  0.52079984938611201  0.53167163411639107  0.54220274084560816
  0.55324998323812791  0.56455629718627287  0.57547724428238545  0.58629855313157109
  0.59711482874141353  0.60820043846011596  0.61917634849171121  0.63026601764832813
  0.64134645749602837  0.65228648276583368  0.66303602982259280  0.67341482757337456
  0.68382702976973442  0.69445206812583804  0.70503701652052275  0.71540272384040504
  0.72553995326957232  0.73578485083533995  0.74621882039344289  0.75650995235421026
  0.76661068779667207  0.77657454195932707  0.78603356191634044  0.79550340574425971
  0.80499439561380792  0.81452843398215402  0.82387942502461797  0.83344405702947999
  0.84377452975033218  0.85477812433620182  0.86498123676108574  0.87537894353180845
  0.88526648204392799  0.89480112387222654  0.90454991842580412  0.91440144646808785
  0.92516605289587883  0.93613775680648503  0.94702363502363540  0.95795350964684756
  0.96880762551763810  0.97957037525501534  0.98979264477806317  1.00000000000000000
 -0.00818622587033261  0.05689216669141415  0.09150902846129756  0.11570561540062216
  0.13400609682985851  0.15028454155471202  0.16606810910287773  0.18119118944755100
  0.19539846642352390  0.20843695999160658  0.22040961838988515  0.23191617197880054
  0.24352476788173963  0.25472024596940507  0.26528354209173532  0.27519047099177879
  0.28525262699957488  0.29520809916078411  0.30475386391402298  0.31392901388362521
  0.32289085365920800  0.33199706177552663  0.34065316341629404  0.34900646536915031
  0.35690640955965303  0.36454094040183743  0.37217076187980430  0.37987985441458477
  0.38759611655399423  0.39521153858120378  0.40257238378331134  0.40979515847321851
  0.41707422630690028  0.42441281666585573  0.43174855225349168  0.43926401459186154
  0.44724966229482233  0.45561292528447500  0.46383132011145056  0.47208299150367056
  0.47956195925974260  0.48658753974937530  0.49368110492291889  0.50070782461807906
  0.50740064519504868  0.51383826360055429  0.52016240947680603  0.52649295137980945
  0.53314965648016033  0.54025057838633828  0.54742964513079651  0.55448751777785865
  0.56103753203543483  0.56796502551665962  0.57514276250909058  0.58278044898904613
  0.59020865857367066  0.59771759511022715  0.60510989543691673  0.61249012385069423
  0.61979064965338693  0.62704761223300998  0.63405498938426730  0.64083949601187062
  0.64781506571882519  0.65499068437602603  0.66241425534635057  0.67020067710047748
  0.67775085722768114  0.68569801698618282  0.69291027914705583  0.69986695488302086
  0.70704050481621827  0.71432104755103765  0.72176402297821063  0.72914475372790244
  0.73654305808773790  0.74391900683252565  0.75200307273017575  0.76134063360822624
  0.77112850246571341  0.78086959401456635  0.79095345627602454  0.80154570654929669
  0.81193698458468044  0.82156054109051246  0.83128223956287173  0.84211099684445567
  0.85351172342575654  0.86500765638935229  0.87688844788070530  0.89032766085836690
  0.90631571793961041  0.92532341781707383  0.95098447319149448  1.00000000000000000
 -0.02050960493307564  0.12003280168386218  0.15492034404571042  0.17636454943233196
  0.19396604500476702  0.20858756301598400  0.22156192109492420  0.23275319485213461
  0.24242064557409138  0.25157786884670025  0.26014414849823386  0.26846487341964892
  0.27639914873630289  0.28428551399937829  0.29218196096714494  0.30074234186870930
  0.30895102621575976  0.31663534039092184  0.32377065493330676  0.33067935009948685
  0.33745974233920162  0.34424391109532465  0.35102096252619908  0.35757687701018492
  0.36392528601867113  0.37043967527606064  0.37691596867008054  0.38265006638098609
  0.38828469955844763  0.39396466338883096  0.39966600544046565  0.40552830888344293
  0.41106114141408162  0.41651217731602319  0.42187736714338725  0.42702538377155119
  0.43208044866941092  0.43711654860591459  0.44222530034646307  0.44738783143328342
  0.45269332504559617  0.45812873742954158  0.46354884453440864  0.46891436102115119
  0.47428093752683953  0.47953350476497669  0.48457566196281038  0.48971798102929415
  0.49474963165613139  0.49993311205586277  0.50507159960926618  0.51022414601360455
  0.51543672902548732  0.52069506012224587  0.52621410295026894  0.53176699864205990
  0.53728044509025497  0.54278137273631877  0.54822909771932615  0.55367557376151499
  0.55921848647345773  0.56497581700794630  0.57094935455755114  0.57678680711721764
  0.58259000535259076  0.58850129448430122  0.59453093247214139  0.60042321169866053
  0.60712906825183088  0.61429144373533873  0.62138603837442563  0.62833507382141773
  0.63507076426346420  0.64181050367679504  0.64860349267243278  0.65535081793982131
  0.66213604249848490  0.66912687741339127  0.67643783265820068  0.68421236389007389
  0.69267139719472415  0.70144950239289783  0.71012922437253234  0.71898642987053529
  0.72809192709688242  0.73712235916285307  0.74615412650191848  0.75572831394310536
  0.76633064170375098  0.77845635033701610  0.79190400066975819  0.80686008224325945
  0.82463596036822517  0.84741502337481411  0.88245676748764168  1.00000000000000000
   6.7165195047620926E-009  -1.0000000000000000     
 T T T T T T T T
  <DiscreteSampler_grid>
  grouped_processes
  1 # 1 for a reference and 2 for a running grid.
  10 # Attribute 'min_bin_probing_points' of the grid.
  1 # Attribute 'grid_mode' of the grid. 1=='default',2=='initialization'
  0.0000000000000000 # Attribute 'small_contrib_threshold' of the grid.
  0.5000000000000000 # Attribute 'damping_power' of the grid.
 # binID   n_entries weight   weight_sqr   abs_weight
    10   10   6.050840458110089E+003   9.227208529639600E+007   6.050840458110089E+003
    11   10   6.050840458110089E+003   9.227208529639600E+007   6.050840458110089E+003
  </DiscreteSampler_grid>
