 -0.00014379338933450  0.00587588960973038  0.01608518589154322  0.02716764011866405
  0.03871563689207614  0.05114774343349680  0.06255420256976273  0.07279839634982316
  0.08367906934255386  0.09493399151846807  0.10552376027297247  0.11575333794621538
  0.12559368600507431  0.13517153412136268  0.14446579962779318  0.15356553735872455
  0.16262433448917191  0.17166307510450379  0.18061564165168095  0.18941734609212296
  0.19819153904532821  0.20688105396939063  0.21555486422358527  0.22447270003563369
  0.23355217402610751  0.24283404671680964  0.25188428169976829  0.26083134622049836
  0.26990815476755742  0.27913886675859151  0.28823011424496287  0.29686516959433812
  0.30541647121416915  0.31386941740132041  0.32234078260055954  0.33100287835085768
  0.33954341055292464  0.34793091716985897  0.35632453236730260  0.36467419608953328
  0.37294857326830932  0.38117179193499801  0.38931217915973193  0.39740535391763693
  0.40592836409531347  0.41451777293723335  0.42311043084570782  0.43155692082949293
  0.44010509787802177  0.44921478447214080  0.45812490673355477  0.46684340084003478
  0.47552805996284658  0.48423141820561777  0.49288296080158928  0.50146142236835101
  0.51022022127255051  0.51887444866953181  0.52760114151308879  0.53650687963189791
  0.54557544475826314  0.55476262454853076  0.56404056149856363  0.57301458266823768
  0.58208578053052884  0.59132516022097370  0.60060423744030456  0.60981866345852154
  0.61898561534368113  0.62813005299169178  0.63701407116332942  0.64596776096833375
  0.65488679704060282  0.66422646212908865  0.67411863912993042  0.68418523100066309
  0.69414913643373866  0.70420991861013016  0.71435611900588181  0.72470885838614185
  0.73556017137863461  0.74702965445354019  0.75864418484982421  0.77060057582730879
  0.78253341104421892  0.79477384158711406  0.80710370247938046  0.82058148493482275
  0.83529985435454457  0.85018217811753727  0.86554332773206966  0.88208280922725379
  0.90223536738845111  0.92745447297877592  0.96016006024873823  1.00000000000000000
 -0.00308287271724223  0.01091864048030016  0.02213878307810423  0.03268372390846519
  0.04337169088954186  0.05424248046864002  0.06510882547133426  0.07560179811264202
  0.08635452548637862  0.09778513576196721  0.10943367937753036  0.12111044797380091
  0.13294730275572736  0.14478607399379939  0.15581876893743157  0.16644345650731815
  0.17642821556542287  0.18627365230523388  0.19608026395505637  0.20601453027565317
  0.21633772685528374  0.22662324379619195  0.23712747392733957  0.24782685772973023
  0.25827393597710807  0.26897501614549718  0.27917317282909127  0.28931586829325812
  0.29936219155800736  0.30903638635269604  0.31823948005964386  0.32711188670306407
  0.33670846463500870  0.34670191605712863  0.35660115818198618  0.36623052743108248
  0.37603279361383746  0.38757038514484060  0.39827794605064620  0.40832188679848808
  0.41833912746201352  0.42994688022847788  0.44155780101120395  0.45312667373617765
  0.46463453263885190  0.47699901159436253  0.48835555643300044  0.50007735169942780
  0.51232668113240487  0.52373150701136573  0.53396348054928078  0.54423636180431001
  0.55525541675129719  0.56668343951131850  0.57775601947059252  0.58864548784905701
  0.59958980251510152  0.61051290693439331  0.62129503311290246  0.63214964805948859
  0.64310030704525423  0.65391613747682487  0.66444254940941161  0.67465836376851662
  0.68482309022700250  0.69517101447480767  0.70552571053493707  0.71575935381175415
  0.72599907739216352  0.73640596219895871  0.74737098665367618  0.75790487572665877
  0.76822855919057675  0.77812455223556365  0.78777763868509643  0.79737373146228219
  0.80717314824579511  0.81700232041830800  0.82679521542685541  0.83640377539439725
  0.84727866681994923  0.85793019209390742  0.86805200593071352  0.87848828089639353
  0.88817183660279175  0.89770133260319673  0.90730728160480800  0.91695256602574304
  0.92743201170441347  0.93821716090926977  0.94927210283533681  0.96017509015654001
  0.97032263491580373  0.98047228054826918  0.99005048232085713  1.00000000000000000
 -0.00970014895548046  0.06347623170437960  0.10137384699425510  0.12708669426281666
  0.14761545577052013  0.16673829407175011  0.18430261180098390  0.20020758080824003
  0.21476909243332587  0.22839970390127354  0.24165138757098956  0.25484149714657189
  0.26772551666634303  0.28029221080028410  0.29169619241711198  0.30245705676528628
  0.31329208637627082  0.32413734714540382  0.33446401734799536  0.34388303654496100
  0.35319655708816572  0.36238616095263865  0.37130988746533267  0.37964788567640007
  0.38759291104037064  0.39572764118669634  0.40406785279376273  0.41239225839383320
  0.42053251860027646  0.42872271135119550  0.43702105985451201  0.44577060920766959
  0.45466116842637422  0.46331928620111629  0.47198723490403821  0.48053554456951764
  0.48853444633493986  0.49640262285682152  0.50384243569297094  0.51073061389516550
  0.51762467462704376  0.52464087015947902  0.53184776236431075  0.53914033064580769
  0.54656076477819970  0.55413158852534505  0.56165082530530641  0.56984357358384274
  0.57783685572382826  0.58539897586823519  0.59219464492997820  0.59869354799581120
  0.60547675620643959  0.61273709760702511  0.62040479228356660  0.62811945184401419
  0.63558541294400306  0.64276087106174018  0.64995802654718560  0.65759548802418499
  0.66507957627853143  0.67194181453949375  0.67875847479379015  0.68558419423208139
  0.69226028670674289  0.69912393526001082  0.70601781904585503  0.71294064525198653
  0.71982760812599167  0.72660608978570262  0.73358383584551623  0.74066955747024310
  0.74802572358322728  0.75591899185330258  0.76407029431776929  0.77214886548096739
  0.78003566432766691  0.78784678628823224  0.79646190567743347  0.80535378574318828
  0.81467603255106924  0.82335274610483411  0.83235473713625086  0.84116544977424512
  0.84963756887405406  0.85796595503816964  0.86650240605571427  0.87567138080278428
  0.88534318047609462  0.89533708114774679  0.90595780627330869  0.91793627238127318
  0.93112579961611885  0.94613110855326310  0.96626367885838615  1.00000000000000000
 -0.01874719972329469  0.10946246791397202  0.14385138136543990  0.16508157421529318
  0.18290892968364256  0.19813156523601400  0.21171673829709170  0.22404289091622970
  0.23471184056524746  0.24417409640869536  0.25314403498149751  0.26188423449101916
  0.27021647671861615  0.27833460352818540  0.28599355161070283  0.29401033049413006
  0.30206637854900215  0.31002705900866839  0.31733831407784341  0.32429333851393827
  0.33118417390966248  0.33822973777430215  0.34547778538052032  0.35277526683618160
  0.35984991508765823  0.36670469646671622  0.37347528887637121  0.37967696578615923
  0.38536762499626487  0.39119781820311056  0.39710279610675997  0.40318679860266249
  0.40906449128320305  0.41487272384157053  0.42046930164303714  0.42571001285908028
  0.43077887364163736  0.43573384755489208  0.44081771714831630  0.44620191310830942
  0.45171661801555385  0.45726992208458778  0.46263762751210896  0.46787510776262109
  0.47308521793128444  0.47825027465550529  0.48349668356935982  0.48880004071518790
  0.49402910201112721  0.49914920931581497  0.50419217062433752  0.50930832987529684
  0.51461143279603416  0.52021576844523021  0.52603511294388994  0.53166447774247771
  0.53684364099699911  0.54213786096337202  0.54758632807414109  0.55325811217648357
  0.55905574893993093  0.56502718954289433  0.57102322846128850  0.57688080059232372
  0.58279708968615829  0.58887870721202173  0.59514827780604407  0.60132050046049867
  0.60841039763015314  0.61566168702634183  0.62302784809558209  0.63022189736041989
  0.63734720414559110  0.64453436173624412  0.65170208080564740  0.65879259069197982
  0.66599776324329441  0.67351501912162026  0.68132795454645867  0.68966684498938491
  0.69878806667605808  0.70823350160599241  0.71782835272169287  0.72747700123221415
  0.73680926103039279  0.74614762495423603  0.75586438530212008  0.76618849113026721
  0.77769193605224263  0.79059401148881070  0.80460443771985057  0.81990271980469331
  0.83795396871496808  0.85978585922028772  0.89302437881037144  1.00000000000000000
   2.2216704112006427E-007  -1.0000000000000000     
 T T T T T T T T
  <DiscreteSampler_grid>
  grouped_processes
  1 # 1 for a reference and 2 for a running grid.
  10 # Attribute 'min_bin_probing_points' of the grid.
  1 # Attribute 'grid_mode' of the grid. 1=='default',2=='initialization'
  0.0000000000000000 # Attribute 'small_contrib_threshold' of the grid.
  0.5000000000000000 # Attribute 'damping_power' of the grid.
 # binID   n_entries weight   weight_sqr   abs_weight
    10   10   4.309001798547083E+003   5.859840833856098E+007   4.309001798547083E+003
    11   10   4.309001798547083E+003   5.859840833856098E+007   4.309001798547083E+003
  </DiscreteSampler_grid>
