 -0.00046692979852164  0.00757557480229937  0.01726275977326110  0.02778636966986088
  0.03825371708698836  0.04875890435562004  0.05956681452710919  0.06985559752488461
  0.08027623221929908  0.09067246684010952  0.10075413459572072  0.11093242496487574
  0.12107252621960124  0.13106731532306437  0.14054310478434792  0.14967975701529534
  0.15864037803057501  0.16773379789537282  0.17661355397797210  0.18546634042202020
  0.19425996635006737  0.20295439808877891  0.21152731337100339  0.22004414936520378
  0.22840782006481833  0.23660536757516562  0.24480708281622712  0.25295393761260365
  0.26122508095152852  0.26975049774324017  0.27834182590242246  0.28716836945048463
  0.29597000032505588  0.30441254881964491  0.31255002839887441  0.32094101909920653
  0.32957260231840718  0.33816789456347573  0.34661703159867446  0.35476972219619540
  0.36266909253815244  0.37065107710871126  0.37884776332455611  0.38716326375456039
  0.39557085584934515  0.40399751513149817  0.41243794901191083  0.42078366407599671
  0.42902953910548536  0.43743914142313423  0.44597396939702416  0.45460409079812569
  0.46331714024195381  0.47204322580044322  0.48071299538754536  0.48943727288592176
  0.49796829756221200  0.50647158153087513  0.51489865521402112  0.52312923782641718
  0.53151006881211593  0.54008512811175946  0.54898044350305386  0.55791291237362095
  0.56670945357520530  0.57550050020839860  0.58446558471824095  0.59367276977832895
  0.60290404290621169  0.61218531051702707  0.62152611527735036  0.63122892527843266
  0.64135019896456180  0.65174848124628326  0.66251747295311136  0.67313135447314343
  0.68376313802193112  0.69457203881123408  0.70569999450303156  0.71673947789544357
  0.72780146334467188  0.73919955783297431  0.75100607727604796  0.76314028285345947
  0.77564145761262115  0.78822212352244003  0.80157927042018629  0.81554028475243356
  0.83004173669153358  0.84526391068442130  0.86149642698532136  0.88014327912968671
  0.90094305278145881  0.92393799700302581  0.95862806978583526  1.00000000000000000
 -0.00172494363267899  0.01027535362375755  0.02192211355273566  0.03345852109088336
  0.04436932603267852  0.05470643983975508  0.06460744890391755  0.07371334534272381
  0.08233172612838292  0.09115923086406594  0.10045926653939423  0.11054729498091860
  0.12087366147580658  0.13160899275819968  0.14335455975513112  0.15355211948134762
  0.16368256194739184  0.17439676864711692  0.18569471333159399  0.19617067807202515
  0.20653740040051954  0.21733402588026202  0.22866943276377696  0.23931172784698240
  0.24951580153463235  0.26002915116273184  0.27124480290933817  0.28297482685734793
  0.29512010677021189  0.30760536696284718  0.31876230846541381  0.32945072718677326
  0.34058208940230161  0.35182595966444852  0.36279521320521207  0.37392881962924640
  0.38495971590064915  0.39539396470354710  0.40509379685904223  0.41453425738474031
  0.42369281065693243  0.43224624200721778  0.44120628761264125  0.45049842782063360
  0.45962124536274845  0.46875879928972325  0.47823117764085327  0.48844646067406533
  0.49922729082942480  0.50983000127173539  0.52044483103940242  0.53176004609793903
  0.54315197747533606  0.55406205543679732  0.56534327134707729  0.57667102932001957
  0.58808511112229667  0.59950583813910885  0.61060501655944344  0.62170581563510874
  0.63248006829148284  0.64352142406244850  0.65525950277855294  0.66680816203396676
  0.67781098939646478  0.68819752063410911  0.69851381383231226  0.70879255756544046
  0.71830652128960359  0.72801500152015231  0.73845941190808040  0.74865501026539738
  0.75866404510949081  0.76846918334927883  0.77836394753021398  0.78827382491644638
  0.79806926784225451  0.80817719956998135  0.81833736408458613  0.82844716707744870
  0.83824115433265844  0.84815259824621314  0.85846974022850930  0.86888611085005485
  0.87935933840495129  0.89006826577692877  0.90099798503887074  0.91296421318073795
  0.92419191803130418  0.93491075297789650  0.94579691298534718  0.95699963879081951
  0.96860733394881482  0.97900709684426668  0.98976735585095510  1.00000000000000000
 -0.00575512459339199  0.05016520803193043  0.08129982124693323  0.10461530504021166
  0.12297181291097449  0.13937083841209494  0.15474549701001952  0.16873729651689534
  0.18102506483494410  0.19329262094750224  0.20498521063795569  0.21641870246925474
  0.22742119884420245  0.23812941762471310  0.24856460878633385  0.25875528508418266
  0.26861324964341449  0.27806063800315151  0.28686889911274938  0.29584571565789675
  0.30501735538002650  0.31416707879226569  0.32317214316039838  0.33261658331001009
  0.34197752455710695  0.35109206610758048  0.35943125973057483  0.36726538598048797
  0.37468544917356117  0.38189734159208122  0.38915645593859383  0.39673735529974813
  0.40428820693768874  0.41161573778834687  0.41874297001347915  0.42567177288609576
  0.43258097329283246  0.43989486969059088  0.44766130119658570  0.45520824584218395
  0.46292629447543565  0.47093957668923186  0.47935520280964972  0.48694159596555009
  0.49412964998005687  0.50115382060721836  0.50817637425169360  0.51528108143039231
  0.52244441256109597  0.52958907888213136  0.53664355884760351  0.54353036734218418
  0.55037368910738038  0.55716390908932756  0.56404921052628143  0.57112381710708260
  0.57818919217519116  0.58524376284132140  0.59253363829285444  0.60004910595190319
  0.60792620157941502  0.61694371772204037  0.62564913816111789  0.63380382937454394
  0.64177753183709985  0.64975879133584791  0.65775090237087486  0.66572359059490782
  0.67339455644150958  0.68048859795415551  0.68760010902736279  0.69433944900109623
  0.70105482384284901  0.70774694358378099  0.71441727170312852  0.72121188852052420
  0.72843785754702639  0.73586291051041153  0.74326450496697527  0.75089430244494559
  0.75915886455418347  0.76790596666204258  0.77680154052389461  0.78587330474200423
  0.79537564095127844  0.80558489136687339  0.81638518871527543  0.82754786142076753
  0.83919447552531756  0.85125313901045863  0.86466302418214547  0.87926395675128599
  0.89676500951386839  0.91743060724936909  0.94686207738429362  1.00000000000000000
 -0.01576721822660822  0.09607225377288042  0.13339469705147472  0.15776095377892604
  0.17667627431888969  0.19318445894679120  0.20777794720952583  0.22018450872274986
  0.23152915767152130  0.24180743267400884  0.25117249268007047  0.25993718604879323
  0.26863210594608838  0.27735929365751522  0.28589584754243380  0.29417538704537888
  0.30227174102743531  0.31026367884326578  0.31816415244182333  0.32596954974002346
  0.33364991214844342  0.34108801595014948  0.34827966461957865  0.35536052552681119
  0.36279911374351975  0.37010844056336356  0.37680948627166749  0.38313194279287888
  0.38934014286538221  0.39560517502949133  0.40172127802003760  0.40780699033661483
  0.41397193037373592  0.42011868000349101  0.42626177652905101  0.43233874508993136
  0.43805468442002476  0.44372797153740318  0.44932823064438726  0.45489630507759055
  0.46072404353517005  0.46662766439604891  0.47248198386974993  0.47815991630500954
  0.48368611814272328  0.48923426472142834  0.49482437087753162  0.50046716263124391
  0.50658636946248126  0.51250044581826470  0.51822208026866501  0.52379771805413688
  0.52927600796477781  0.53483731217334418  0.54054161040333226  0.54607311897606314
  0.55171590518349101  0.55732596847625815  0.56282126945811128  0.56810711765915334
  0.57340316531363922  0.57887843783304571  0.58439048402802474  0.58988427966966073
  0.59527672903635698  0.60070760807034884  0.60660374379181159  0.61264717896549870
  0.61858423208507118  0.62450290379952267  0.63063400484602383  0.63702562025019727
  0.64357909971002814  0.65044581473506180  0.65762790988065634  0.66462150662898511
  0.67158685092913173  0.67851644316466964  0.68576152024104875  0.69370468938167185
  0.70213300495802611  0.71063841720861243  0.71911289764072184  0.72769446303974483
  0.73694646998017488  0.74721625004497205  0.75796501135582639  0.76964909067325615
  0.78178898724412338  0.79493470481342321  0.80933963192345537  0.82595828360485768
  0.84594661754071332  0.87258222369054883  0.91081249413297216  1.00000000000000000
   5.6784385382183588E-010  -1.0000000000000000     
 T T T T T T T T
  <DiscreteSampler_grid>
  grouped_processes
  1 # 1 for a reference and 2 for a running grid.
  10 # Attribute 'min_bin_probing_points' of the grid.
  1 # Attribute 'grid_mode' of the grid. 1=='default',2=='initialization'
  0.0000000000000000 # Attribute 'small_contrib_threshold' of the grid.
  0.5000000000000000 # Attribute 'damping_power' of the grid.
 # binID   n_entries weight   weight_sqr   abs_weight
    10   10   1.329230246763423E+004   2.691694451087091E+008   1.329230246763423E+004
    11   10   1.329230246763423E+004   2.691694451087091E+008   1.329230246763423E+004
  </DiscreteSampler_grid>
