 -0.00020442401012845  0.00633055732895796  0.01641207644470226  0.02729963965400354
  0.03823215004579585  0.04944443013070810  0.06071071621290869  0.07188811608645421
  0.08301165219038113  0.09388779962707132  0.10442860249848027  0.11487656619152760
  0.12476897509581403  0.13431531867125468  0.14382927287586092  0.15320560887852180
  0.16244611121087582  0.17126746056554287  0.17995747903295137  0.18861503740008523
  0.19746402482081077  0.20606614194998232  0.21500281263802312  0.22394880641872431
  0.23345422992049972  0.24313163795336776  0.25264150105785155  0.26200021436706444
  0.27108888673521542  0.28019333119699236  0.28907207436395044  0.29787626976244658
  0.30683112929879819  0.31561631268000978  0.32445857718095578  0.33356277473026891
  0.34275636354065414  0.35176642374192024  0.36060166624520962  0.36936883349974570
  0.37828802745067536  0.38724166345293898  0.39621962559634866  0.40510511480189054
  0.41392067265719601  0.42279718237786246  0.43167066936213033  0.43941314158702149
  0.44735589443721113  0.45518791664228542  0.46291926505889863  0.47063484120405508
  0.47828060022419172  0.48580886192170969  0.49332527338765203  0.50093263764432949
  0.50859341012440695  0.51630635443645356  0.52416268587615245  0.53222331007915580
  0.54044184195123446  0.54879201746307937  0.55703917119681523  0.56531140293027449
  0.57386847011928888  0.58273457501187442  0.59159362496004975  0.60047786334611897
  0.60941557948818803  0.61837115743721205  0.62783426069083537  0.63784166081980298
  0.64799644508223109  0.65831466007319206  0.66806098880450593  0.67785682216140086
  0.68778339781635844  0.69796256824351655  0.70841875622725214  0.71882502606458110
  0.72942253593433726  0.74003983103254511  0.75120997723334582  0.76291511948611046
  0.77532649916670726  0.78855582596472074  0.80200290454505463  0.81590099016588047
  0.83054359552043977  0.84650958484807604  0.86369037601319509  0.88189339006689926
  0.90195237116595273  0.92570431048363444  0.96069944569437038  1.00000000000000000
 -0.00251612241609195  0.00996662990173439  0.02105084592260292  0.03174679276129827
  0.04298775810001043  0.05366594216979645  0.06432191661150963  0.07496717182172138
  0.08569609799147633  0.09729256644142119  0.10986916973222499  0.12347420348269911
  0.13733528015954341  0.15055568742329217  0.16266088581192228  0.17370243122495557
  0.18494122880215397  0.19601138575912538  0.20745876583268261  0.21818641682307205
  0.22860979424573441  0.23782506085350286  0.24607673350872003  0.25454632388862147
  0.26330558245084867  0.27258995117524398  0.28206111736204714  0.29161692915877796
  0.30125513585335589  0.31105842591403710  0.32131263970361107  0.33178171344999430
  0.34213981206400296  0.35277941361955550  0.36446354411429110  0.37611103094052434
  0.38637650132713297  0.39627867306049158  0.40678352272596030  0.41731362699588842
  0.42711661172563831  0.43675566303767233  0.44640057167941977  0.45586753388031276
  0.46482000976293175  0.47370570347634788  0.48357932027869083  0.49308871136583510
  0.50211554375161316  0.51187207758659636  0.52188554158862432  0.53200809982292785
  0.54176589949375620  0.55159720946348401  0.56155927360881863  0.57137557535589145
  0.58078882184563607  0.59007470359650682  0.59924506694227753  0.60867280040940364
  0.61861033069165916  0.62905247159728128  0.64053279846921429  0.65160663662548401
  0.66236466839797237  0.67305403350681992  0.68372327752992301  0.69451848557445905
  0.70556055082468572  0.71681702800482083  0.72836028185883317  0.74067914529547318
  0.75253890209466856  0.76416219388789230  0.77545072582211316  0.78650292401639443
  0.79668361067979954  0.80565376444554715  0.81448146353670692  0.82313714046058284
  0.83191734546203089  0.84116475188292739  0.85080829047123507  0.86122164336203533
  0.87264146821572108  0.88453711651518852  0.89750011922593786  0.91092732500956120
  0.92328000829464207  0.93511535107713240  0.94639006390306479  0.95754989665936974
  0.96818329351510446  0.97882704153383826  0.98930061060550756  1.00000000000000000
 -0.00828479669807918  0.05838796023346753  0.09345615640900490  0.11917771630897099
  0.14000459906872376  0.15795561453619417  0.17403472977525636  0.18906485187290434
  0.20352334559646346  0.21763950346904123  0.23108217172752948  0.24376968049756106
  0.25638935115003064  0.26925395528480517  0.28133911561630870  0.29364585615010763
  0.30654422068864168  0.31827704528310075  0.32923213738247120  0.34019284807840056
  0.35102751475075389  0.36098416370410957  0.36997070173415952  0.37905141272952420
  0.38835315670776926  0.39745117590431778  0.40574013779484280  0.41399724945580707
  0.42232708711959716  0.43073029256804457  0.43904990747048750  0.44764310907921084
  0.45622793217779245  0.46511477783403382  0.47410845366319537  0.48258038540761117
  0.49023794806611393  0.49835544060977804  0.50609455588558017  0.51358114477402039
  0.52147469386849621  0.52916624722507943  0.53647601377704424  0.54425204569658359
  0.55228552158863009  0.56022919221650191  0.56808763769784576  0.57588175124661745
  0.58359560060034354  0.59155283858533469  0.59932404810599615  0.60673477996745762
  0.61391830498112043  0.62087605132467283  0.62792043391018970  0.63520156437649022
  0.64252964184163541  0.64979152746808566  0.65698032158221398  0.66411214254373030
  0.67095661691243280  0.67716845836188477  0.68351894179776107  0.68993112668947321
  0.69664393307053196  0.70340431789206292  0.71044558693793491  0.71787413321969784
  0.72559694878265824  0.73320503461699260  0.74087190561664862  0.74858719907191162
  0.75646793229152509  0.76420552640431560  0.77154332281009619  0.77872553332813277
  0.78610433663372825  0.79366258267842105  0.80130170685333557  0.80905460179203992
  0.81693577802420669  0.82519650624159635  0.83363867951240556  0.84204051033195859
  0.85063085100537827  0.85947962186046678  0.86894168563390795  0.87862219513122763
  0.88825309624671178  0.89828616269082329  0.90908509039963759  0.92108618292804467
  0.93466558135977440  0.95036103229876234  0.97073211804680226  1.00000000000000000
 -0.02177142630861612  0.14006574519775003  0.19475000507113677  0.22865765963145818
  0.25555384219292859  0.27854909657076032  0.29905881504296383  0.31870223176702001
  0.33731481922376633  0.35494861601978861  0.37085837479935274  0.38505244745282258
  0.39847583767157324  0.41160371559857806  0.42484264593202936  0.43723059427222633
  0.44819453494208494  0.45847059754460934  0.46876619977390488  0.47879653145936635
  0.48806433562114149  0.49689535930755552  0.50515422840686330  0.51293548961853686
  0.52057602805661141  0.52810669642065722  0.53546981058034182  0.54266442271427417
  0.54923169845998610  0.55575380499609406  0.56226394311797601  0.56846599912518836
  0.57466787423759935  0.58089943451440273  0.58694890839390390  0.59290485222653388
  0.59880565730287050  0.60447137659714434  0.60997131667436943  0.61544945884376956
  0.62104076568397226  0.62658512941564481  0.63214929493968108  0.63751228223254464
  0.64276047757095278  0.64778047534335303  0.65270890432041728  0.65757851728116712
  0.66244430708865387  0.66735655441756669  0.67231050289679262  0.67723180404251693
  0.68196433181586125  0.68660721700286564  0.69132519400195558  0.69621749346753181
  0.70126228803286783  0.70625120854133083  0.71104901344531268  0.71568651327508137
  0.72041536212403989  0.72520845481037266  0.72983151797096113  0.73416161556994719
  0.73851821640157855  0.74307625317934400  0.74778629062745483  0.75253454668072906
  0.75722672502254607  0.76179452533077718  0.76640756728961745  0.77092562776837092
  0.77579746898162716  0.78061569354686222  0.78541207185850681  0.79042426982345004
  0.79571102282203665  0.80112212740208488  0.80649985587265638  0.81188205391806845
  0.81754582663568398  0.82357646551458286  0.82960560308456188  0.83553698004430266
  0.84158485858113941  0.84779910929822022  0.85459082109534179  0.86225874715001927
  0.87030084491945126  0.87876975958640213  0.88765011973060681  0.89754087614392974
  0.90939051268196280  0.92478716672539840  0.94843378576264581  1.00000000000000000
   1.8145869491385298E-007  -1.0000000000000000     
 T T T T T T T T
  <DiscreteSampler_grid>
  grouped_processes
  1 # 1 for a reference and 2 for a running grid.
  10 # Attribute 'min_bin_probing_points' of the grid.
  1 # Attribute 'grid_mode' of the grid. 1=='default',2=='initialization'
  0.0000000000000000 # Attribute 'small_contrib_threshold' of the grid.
  0.5000000000000000 # Attribute 'damping_power' of the grid.
 # binID   n_entries weight   weight_sqr   abs_weight
    10   10   3.272982094634067E+003   4.479991135504207E+007   3.272982094634067E+003
    11   10   3.272982094634067E+003   4.479991135504207E+007   3.272982094634067E+003
  </DiscreteSampler_grid>
