 -0.00005333842944215  0.00062734592294725  0.00160330156606895  0.00312792758868909
  0.00514070082004736  0.00756345715962662  0.01044389037637812  0.01388195642062849
  0.01774698039642778  0.02198607833652276  0.02653051412652976  0.03136873248644823
  0.03662796909466645  0.04208306836573662  0.04777077287771839  0.05391786841447076
  0.06036353556580001  0.06655667578309048  0.07292436048532433  0.07964866171220485
  0.08673976575643387  0.09396661433943082  0.10142682299834833  0.10913627364156692
  0.11703226790644181  0.12550364664381819  0.13422346930372295  0.14319466195816000
  0.15232260457179353  0.16172885467148035  0.17126494925587657  0.18096845647846596
  0.19077777741281932  0.20103375778818497  0.21173187762863499  0.22272876491887039
  0.23371779126277725  0.24470043489429963  0.25586211866217456  0.26711276231516407
  0.27839347417226717  0.28963696349744927  0.30102492693627730  0.31282205916702527
  0.32432810981132676  0.33558565882955765  0.34711033826035370  0.35868256483678335
  0.37034571377081782  0.38215014382844187  0.39404910421491934  0.40615941901823865
  0.41858325243115857  0.43101618891485888  0.44338859687990811  0.45564926849717236
  0.46812578623521456  0.48103110870135807  0.49439378291716740  0.50811777805637071
  0.52207904557884710  0.53601226063701957  0.54989934141271213  0.56364124051733266
  0.57750503312599843  0.59210176438427042  0.60720306080826947  0.62195257217061128
  0.63629561718081418  0.65019794561640853  0.66379502638298027  0.67781506346500275
  0.69179202448108745  0.70552504244454750  0.71907846288005761  0.73254878039020455
  0.74597933466167587  0.75917571153453123  0.77249541844608072  0.78586029333345819
  0.79952959817392344  0.81351066606787559  0.82749689807333093  0.84137245000856176
  0.85499021739477576  0.86814288627493430  0.88109359113660313  0.89406200958459148
  0.90707121068155383  0.91995548085490375  0.93291758253792145  0.94587764198382118
  0.95906969299362843  0.97249817845421271  0.98612716508093778  1.00000000000000000
 -0.00216310010911366  0.00865875453593155  0.01808948525959967  0.02811590779252683
  0.03856346396691281  0.04922130025894182  0.05949156148269065  0.07058134740787120
  0.08138777029672821  0.09202109263836304  0.10241639703895825  0.11329695348028866
  0.12406786848341905  0.13367151320910950  0.14306913228989834  0.15258731534318445
  0.16249003316285440  0.17242260777780785  0.18199653798973225  0.19138142877003492
  0.20080545177177717  0.21043781383729623  0.22035365726831954  0.23048397240691942
  0.24122032841414975  0.25259681161271119  0.26405095031173348  0.27519875593020182
  0.28617238599313999  0.29738243782294199  0.30894040655167565  0.32072747374889093
  0.33240519993041950  0.34384226134222018  0.35559082109613832  0.36645075247405545
  0.37708398281890954  0.38710239633138038  0.39692457484269311  0.40722268759518571
  0.41743649330904875  0.42705694597529031  0.43629682002767711  0.44603453907680585
  0.45616321740739074  0.46673227583761367  0.47757307059651422  0.48894946645877563
  0.50028740588207588  0.51080842889211198  0.52124014143805564  0.53173746622058482
  0.54202404584135044  0.55197869539939226  0.56221428591732558  0.57186040254687776
  0.58184810243317830  0.59142268565790190  0.60066245696720078  0.60981575479858707
  0.61937832353766276  0.62981865432222151  0.64149967918830364  0.65297811362533176
  0.66419344859956353  0.67489262411200879  0.68485063119769463  0.69505657007893051
  0.70520584606838710  0.71551395829582820  0.72575088134075882  0.73682688717345157
  0.74889641912990579  0.76073246360292401  0.77252401051887554  0.78420667890754980
  0.79589228952229041  0.80737357345021621  0.81776056096469685  0.82709335171299125
  0.83687040281082459  0.84667807541756390  0.85629259892811638  0.86584890044615326
  0.87590334170426620  0.88723916082091825  0.89932848076241600  0.91113031843683645
  0.92276382646908206  0.93459508880484277  0.94654496636604035  0.95859358189456545
  0.96885645107572183  0.97921927476216375  0.98937890195563782  1.00000000000000000
 -0.00240816554541474  0.01190543329385140  0.02266021504100886  0.03228872775038463
  0.04086492279129522  0.04844589790277703  0.05601927918498573  0.06337481614842211
  0.07035548990864317  0.07701316913790551  0.08336371226609428  0.08955572562519515
  0.09570643937398372  0.10184265506377745  0.10792944204037881  0.11389002215859625
  0.11982870098622807  0.12591020598262065  0.13213251531918463  0.13852600813244895
  0.14483982794928479  0.15093697896210509  0.15669173641671791  0.16243277892340263
  0.16823881774069380  0.17453194822510382  0.18076528045597726  0.18690734655318392
  0.19310951714466010  0.19941681869690472  0.20591656637964553  0.21251234160842111
  0.21875645927974494  0.22516629532721516  0.23120499505802117  0.23717400859409832
  0.24329107306017367  0.24930699064041839  0.25506525061792512  0.26070816914041256
  0.26640089443645681  0.27214058416341647  0.27799908231765197  0.28387232220388592
  0.28978298573528488  0.29581783492916369  0.30191408896762234  0.30812867210526113
  0.31455720318333441  0.32121679638618111  0.32805106284396485  0.33484916346884530
  0.34159903574322109  0.34830033971286128  0.35509590626388421  0.36226368684286653
  0.36951966335025166  0.37705952710781576  0.38487813503483465  0.39293947307909066
  0.40089596308519626  0.40884943232629406  0.41711721288369341  0.42540994431578960
  0.43397051706652873  0.44302076711638144  0.45241616466744283  0.46193604474974193
  0.47136816282377381  0.48062907412535882  0.48964878900998571  0.49883609813017160
  0.50827015420208899  0.51789822559070309  0.52758127024380819  0.53757364284446074
  0.54816671627866997  0.55907537894737391  0.56988743867109259  0.58065964526930058
  0.59128754105526438  0.60158440290380033  0.61309236257024469  0.62577314004194351
  0.63960058100773376  0.65376052582483968  0.66880059552004600  0.68516453327721938
  0.70331729381509422  0.72386881544989201  0.74586459337127153  0.77050734956243550
  0.80083206812283381  0.83755209279943355  0.89200370654420957  1.00000000000000000
 -0.01852711885788267  0.10826584358025031  0.14396065552783874  0.16568726143438639
  0.18275230617033975  0.19816420521195943  0.21155585508659761  0.22327563432865791
  0.23480650126674710  0.24638872902199679  0.25749552006891624  0.26809969866933070
  0.27772846033035381  0.28657708902759871  0.29479796102912553  0.30253105339449782
  0.31007156580218637  0.31791762261863360  0.32595713256150000  0.33408961035389573
  0.34191140058456904  0.34922467486348202  0.35625515073687236  0.36318457788866149
  0.37018602028013858  0.37733644802529165  0.38392371137946191  0.39051535607933208
  0.39679781450261586  0.40289760767980143  0.40893918371590904  0.41485770204760547
  0.42054902464848098  0.42606050026283959  0.43158700142900802  0.43718646443700332
  0.44282196759198350  0.44861852911374422  0.45427573317682657  0.45999485010830454
  0.46538329866790951  0.47063503030095222  0.47600463266125914  0.48143858554202112
  0.48681921478056073  0.49218049416376863  0.49750601654330123  0.50273017224399053
  0.50799171577429736  0.51328717211123642  0.51852746325568533  0.52370339390432274
  0.52910246993860854  0.53478519394003543  0.54039052768113061  0.54584618915970529
  0.55126668425740866  0.55673691861225849  0.56226570843160506  0.56793226954326304
  0.57367029475427600  0.57941293326475518  0.58527469099883300  0.59122702429214768
  0.59704010313865874  0.60290211009669215  0.60861248281945268  0.61441576357444250
  0.62025490523246729  0.62615188469903227  0.63211180787230548  0.63827135181181360
  0.64448340118703817  0.65048982541226519  0.65658073253869320  0.66264293690121590
  0.66913252583327243  0.67602235563471280  0.68289034615802402  0.69056980661876044
  0.69887570771943219  0.70733310373591252  0.71621616653585596  0.72533885967909661
  0.73457648315358437  0.74413275043198157  0.75454454783483393  0.76579033681162456
  0.77800419425192735  0.79103987052397584  0.80455339053090280  0.81863501399520300
  0.83432709369157265  0.85454398989529778  0.88756079199863225  1.00000000000000000
   6.4236817759053861E-012  -1.0000000000000000     
 T T T T T T T T
  <DiscreteSampler_grid>
  grouped_processes
  1 # 1 for a reference and 2 for a running grid.
  10 # Attribute 'min_bin_probing_points' of the grid.
  1 # Attribute 'grid_mode' of the grid. 1=='default',2=='initialization'
  0.0000000000000000 # Attribute 'small_contrib_threshold' of the grid.
  0.5000000000000000 # Attribute 'damping_power' of the grid.
 # binID   n_entries weight   weight_sqr   abs_weight
    10   10   8.554495208239066E+000   1.058913306198440E+002   8.554495208239066E+000
    11   10   8.554495208239066E+000   1.058913306198440E+002   8.554495208239066E+000
  </DiscreteSampler_grid>
