 -0.00043693397540958  0.00770123377576055  0.01797251124308633  0.02890679701674425
  0.03959202549526641  0.05098383458872718  0.06227909059548038  0.07323216551371460
  0.08425672282078132  0.09440529536236929  0.10393168585698587  0.11436228090728028
  0.12517688928125856  0.13488988663197812  0.14363667820130574  0.15220679292443318
  0.16064941611713560  0.16981989387130672  0.17893278762256243  0.18800919429510449
  0.19730457971713949  0.20669539919428670  0.21599110406732192  0.22511068017787747
  0.23388002431303279  0.24265559729963690  0.25135596653070225  0.26003174526724682
  0.26881273386865501  0.27753191059110843  0.28611260459664600  0.29465866682399167
  0.30309984816360491  0.31136057649971643  0.31947970960874650  0.32750430246838352
  0.33553525230483144  0.34370727892503228  0.35192603989736349  0.36000663485721990
  0.36794118122425856  0.37596310301520464  0.38492346598917021  0.39363911136081081
  0.40213008636181746  0.41054603474104412  0.41889248118285644  0.42734225707356477
  0.43597068770795672  0.44480234671884650  0.45408724961100533  0.46314674797652061
  0.47204543053344178  0.48062287908393736  0.48915903296974600  0.49781530557476117
  0.50652385387197840  0.51521104027405085  0.52377457171730391  0.53218557090062746
  0.54069495660366951  0.54914501082850975  0.55761065199560433  0.56623292920234325
  0.57485433454750945  0.58335881066079953  0.59243712694446204  0.60158159037015768
  0.61093233097578981  0.62043001197407621  0.62992638999965467  0.63978158743705049
  0.65004117917366888  0.66037802968657999  0.67086047467457655  0.68150713245442895
  0.69222803951175249  0.70373971547401493  0.71522343964514778  0.72680733091332594
  0.73834857286627598  0.74974071117567354  0.76107297180244826  0.77254772831899976
  0.78461952108730981  0.79752625164690916  0.81101593495554658  0.82495589999827701
  0.83918677001224928  0.85406006807123769  0.87075348972692013  0.88898931335896381
  0.90837274336328511  0.93039174161106608  0.96189545196644954  1.00000000000000000
 -0.00206307541505867  0.00914669412832980  0.01934599784963904  0.02948790900381174
  0.03989072458113823  0.05032333318085160  0.06068351885685908  0.07117821132551033
  0.08120419877301163  0.09098816730965129  0.10105994275126438  0.11195402949677040
  0.12278143775867445  0.13400378564289711  0.14510645691336108  0.15667690755405864
  0.16753499509187636  0.17800693750172625  0.18776509882304612  0.19705284693899947
  0.20669935093169256  0.21646312974529860  0.22638602147289064  0.23659172280535826
  0.24714777019378875  0.25790056304028025  0.26838269473735737  0.27865802952281388
  0.28894511134407269  0.30027391397372200  0.31166367911327431  0.32244891493668248
  0.33252062959196826  0.34193493991304358  0.35148438267335652  0.36124620568240673
  0.37127052050536641  0.38133229845156652  0.39174930391274476  0.40307354485786145
  0.41517364492951503  0.42706460023810483  0.43871881543838165  0.44973533975431268
  0.46069061886008028  0.47090726775978575  0.48080930276719830  0.49023262799113354
  0.49934577746755582  0.50874827371475495  0.51870388305639137  0.53053843375570842
  0.54301119233190032  0.55535246438573027  0.56802836749919405  0.58071275673542400
  0.59166449398305399  0.60168251730216238  0.61197873687971471  0.62240147639590726
  0.63253362487015341  0.64254466487350692  0.65263349469123544  0.66277434931529278
  0.67277018680980583  0.68236763783216003  0.69190003088766017  0.70139485516925770
  0.71246893494406094  0.72478751473887482  0.73543709779804922  0.74531917770244505
  0.75490476122413419  0.76402834057562463  0.77287745255579698  0.78132845115563188
  0.78985233717108749  0.79872589123819593  0.80763234234571712  0.81709615484221587
  0.82715955652430007  0.83744936962836980  0.84751049029873016  0.85841816179154451
  0.87115483671397698  0.88284960553328129  0.89406911080282803  0.90496650974231729
  0.91596509242104740  0.92807762223436396  0.93992960732412334  0.95133999695477611
  0.96304741634159907  0.97571531736179884  0.98794100161758402  1.00000000000000000
 -0.00712955885265052  0.05809087909715934  0.09405038840551078  0.11936075369042388
  0.14044553817565794  0.15871332330912719  0.17516137752099417  0.19006415610563973
  0.20445611753566040  0.21757631954850409  0.23013697527940086  0.24256894475746005
  0.25427299111682838  0.26561956955287103  0.27701744929295635  0.28898051293703580
  0.29970281363827139  0.30998774678704699  0.32009391531485509  0.32976655473443417
  0.33980227941278118  0.34950725636056451  0.35935746152328063  0.36893320705358951
  0.37760250450522648  0.38593211436965691  0.39409122796561391  0.40235999527608979
  0.41066668444756455  0.41864237050578157  0.42643253627947980  0.43417212234494351
  0.44200984810429400  0.45006966878036814  0.45785921273402136  0.46546827297667098
  0.47311938287188032  0.48120672571029438  0.48969752139590089  0.49800285566925984
  0.50569741545812863  0.51299361505956509  0.52025641521659549  0.52765611258325207
  0.53517244487809013  0.54284054473469634  0.54987348038497463  0.55697073430244215
  0.56400050123633272  0.57116218218669690  0.57829344415813155  0.58533309229255137
  0.59237562508037667  0.59953480633236023  0.60697384088382789  0.61480805146118600
  0.62273341373453883  0.63022716528191081  0.63780582963597376  0.64545354796019017
  0.65291795809682618  0.66020704659422003  0.66729898399500853  0.67417667335599596
  0.68108486797105083  0.68817138215587670  0.69526348397685067  0.70224287623465886
  0.70918075792811619  0.71634139953408349  0.72397773509091001  0.73171021644102796
  0.73964587407097981  0.74729798211888820  0.75479653575966354  0.76210168885288043
  0.76944697742552337  0.77654638767900042  0.78346153530266915  0.79052173301281847
  0.79779828426296429  0.80534994852807396  0.81312358306311061  0.82138939099578678
  0.82970035452857693  0.83873006383068871  0.84886776162565369  0.85965556754949990
  0.87072240997651429  0.88195003510260539  0.89323604957119040  0.90529649670676438
  0.91855746439454922  0.93491763188290755  0.95848532687275922  1.00000000000000000
 -0.02229824478354287  0.15482115867531060  0.20759968056666858  0.24275620226584768
  0.27021959221097241  0.29419994697868823  0.31540566057875213  0.33380084063414411
  0.35032730339142010  0.36541357839989663  0.37933231481918667  0.39233547344068620
  0.40461165459791337  0.41606676043979335  0.42646146347719527  0.43609468921240180
  0.44509469948399855  0.45374750923272428  0.46204746543679653  0.47008752846403445
  0.47802541248437458  0.48591312325892794  0.49358960747230535  0.50102290270919891
  0.50821538558370227  0.51521091981403244  0.52217099341176543  0.52920096969378927
  0.53620138064262324  0.54297850026664363  0.54944259741095025  0.55574460139751403
  0.56219849314823922  0.56843060494495967  0.57467701171433305  0.58059722763340904
  0.58644433583611777  0.59231753171509804  0.59813450320466433  0.60387630974300976
  0.60946600774372606  0.61504081910557928  0.62062216331556730  0.62587305442375862
  0.63082649593872531  0.63562127216527953  0.64050413880379187  0.64549321240048319
  0.65048249941442593  0.65546076457777647  0.66029346283465506  0.66515347745355669
  0.67005418375899173  0.67496571028997887  0.67984195603937259  0.68457126272413349
  0.68904915892209384  0.69341308438175220  0.69767111482176625  0.70186472144893586
  0.70620300040858519  0.71043104841523674  0.71479625057055662  0.71924132255820750
  0.72363043107880953  0.72804944803875926  0.73250801367438090  0.73704831416188876
  0.74157402033363795  0.74610428274092788  0.75079937939148222  0.75563672121221614
  0.76048984674664455  0.76515703056233308  0.76982535924184947  0.77466092866166614
  0.77993366830685518  0.78516093453888758  0.79048229042794493  0.79589613953409577
  0.80140691340637671  0.80716905263420891  0.81334190313391330  0.81989561003856093
  0.82664325254376192  0.83352243241154278  0.84081372325726023  0.84834693806158135
  0.85636784030263180  0.86482605278638003  0.87427446132464481  0.88535733156808016
  0.89858413789094660  0.91519978358404197  0.94065847379098777  1.00000000000000000
   4.4861072699261376E-008  -1.0000000000000000     
 T T T T T F F T
  <DiscreteSampler_grid>
  grouped_processes
  1 # 1 for a reference and 2 for a running grid.
  10 # Attribute 'min_bin_probing_points' of the grid.
  1 # Attribute 'grid_mode' of the grid. 1=='default',2=='initialization'
  0.0000000000000000 # Attribute 'small_contrib_threshold' of the grid.
  0.5000000000000000 # Attribute 'damping_power' of the grid.
 # binID   n_entries weight   weight_sqr   abs_weight
    10   10   2.273656866929314E+004   1.583659882940920E+009   2.273656866929314E+004
    11   10   2.273656866929314E+004   1.583659882940920E+009   2.273656866929314E+004
  </DiscreteSampler_grid>
