 -0.00045786546059939  0.00775671214343284  0.01803259940950089  0.02870857510521243
  0.03948802479324739  0.05015005687173288  0.06072861089277071  0.07152940548591398
  0.08229118187040280  0.09267570036993079  0.10329261492408912  0.11380842429611264
  0.12364893401155737  0.13299638996996654  0.14213793566518068  0.15114631024923425
  0.16015662063239175  0.16946128737965158  0.17871045920641337  0.18797048076198308
  0.19736786829276753  0.20653547285910701  0.21569046113457307  0.22484687820862162
  0.23410593946851713  0.24333071823416413  0.25254674554723960  0.26161551586199339
  0.27090808392293603  0.27982143935182219  0.28870100952111771  0.29763232542600826
  0.30629676269836531  0.31477391298885216  0.32324527758817911  0.33169817517439237
  0.34008924705758847  0.34850447033143162  0.35712105790249726  0.36569808097002637
  0.37407349585282262  0.38199820268795176  0.38955502551604826  0.39695679814664436
  0.40441240586835198  0.41205454751905790  0.41988161287223330  0.42783160793196107
  0.43586954489859608  0.44392522801362688  0.45185672866705445  0.45982179368528625
  0.46785837793388807  0.47598727086900416  0.48425704035439954  0.49258544851659875
  0.50091884607487469  0.50914201712288165  0.51716401956339320  0.52512127819301047
  0.53306369513954877  0.54097495999397982  0.54912720835033613  0.55749111336444723
  0.56602365863865689  0.57468845541852254  0.58347661070559753  0.59244253485415377
  0.60167100354171565  0.61093357839042362  0.62010395597877277  0.62955847491895323
  0.63924356939837534  0.64915578524444351  0.65932281523954206  0.66931917092010829
  0.67992886838646804  0.69084732502540691  0.70215884515970406  0.71390494221281553
  0.72576111921841524  0.73785514010103470  0.74989865583346449  0.76217295632787596
  0.77478261236314361  0.78777656310334487  0.80190767861186396  0.81681120578349176
  0.83246710950071312  0.84860989791352393  0.86581755059295884  0.88488780144766188
  0.90496905919399628  0.92862769639628884  0.96193167661707935  1.00000000000000000
 -0.00235014066177338  0.01005958683153713  0.02090770712507053  0.03165321387773078
  0.04259239957043855  0.05301169572840200  0.06335545320283573  0.07355538250744841
  0.08376986591081764  0.09344973066968146  0.10284512923540877  0.11209715159836348
  0.12139556116125282  0.13048279015178346  0.13924965964912567  0.14814075502134461
  0.15756904906939173  0.16734842255414090  0.17732433491861180  0.18755341292546523
  0.19822961617942286  0.20901914470487154  0.21984390130798917  0.23059393490406402
  0.24141614921936913  0.25180753677574080  0.26202821426617567  0.27231854503019010
  0.28270967919795026  0.29266804938853325  0.30200904393589589  0.31149729684264660
  0.32044116888489421  0.32966759662060502  0.33915202740321121  0.34920776367063411
  0.35949534139407646  0.37005346742752793  0.38056340797384697  0.39135350656772150
  0.40222875941160163  0.41330393491570860  0.42591543433574647  0.43852075397866153
  0.45046269869526251  0.46196543601406131  0.47334008738902728  0.48496542481373345
  0.49621859476111063  0.50612576889371230  0.51537810354808078  0.52469216262887086
  0.53455437195614652  0.54435511347885313  0.55410612935513515  0.56369494915186114
  0.57442535174621867  0.58490416527151023  0.59530286314257208  0.60557001081536010
  0.61537669784576887  0.62505278804626208  0.63503117889090910  0.64477430543936709
  0.65528886632064010  0.66553812892932429  0.67654069286018459  0.68761460472252933
  0.69812778037752654  0.70843086089286467  0.71850897071871789  0.72856827527894397
  0.73886467685405677  0.74921103278532974  0.75995880579986164  0.77093763519717295
  0.78207197015815266  0.79310950860907192  0.80403138275733088  0.81493256347638532
  0.82607825694608661  0.83729625768268701  0.84854326133707658  0.85986965219835465
  0.87138732648587069  0.88288981527526511  0.89444051948478387  0.90615977411294391
  0.91785318470265331  0.92934190032689401  0.94063388379020163  0.95201325802752945
  0.96361540804947832  0.97561894661312720  0.98777679296524235  1.00000000000000000
 -0.00735752270435358  0.05260523213660711  0.08280570135225492  0.10652032420538445
  0.12669117818496786  0.14417974262911781  0.16018966202090310  0.17551330506129634
  0.19047560015061749  0.20458822403962948  0.21736091657500181  0.22878742889346251
  0.23929558737917295  0.24945718183820284  0.25943890271272563  0.26920512015005860
  0.27830018122103645  0.28736671257038149  0.29629256052823982  0.30488425399679536
  0.31314879562285447  0.32115584057488633  0.32912348046561385  0.33717545110268987
  0.34542472961615067  0.35397826137512317  0.36283767121640942  0.37144650803836898
  0.37967707348168761  0.38782131648089496  0.39565963000990412  0.40327596311427971
  0.41085696747909561  0.41826163471028360  0.42524194684458960  0.43202717444880201
  0.43916045131364667  0.44641945938928124  0.45376618209362474  0.46071470434884387
  0.46728954676870776  0.47395652436426083  0.48098046022579327  0.48825447150112333
  0.49540789537439900  0.50202494074613202  0.50811521181085673  0.51397842716012254
  0.51986838693816884  0.52595380565926642  0.53228460509304576  0.53864653666992113
  0.54488904286761430  0.55100450559602587  0.55708788361696859  0.56341319081843788
  0.57019723762792285  0.57727968199582169  0.58425786202091579  0.59128537410414883
  0.59798828568636042  0.60475197132168290  0.61165250450373976  0.61866161105011308
  0.62561127020264373  0.63258576778228770  0.63964601524172671  0.64681195466644437
  0.65415707245041854  0.66161951893309245  0.66907306980140069  0.67654880727889788
  0.68400816112428497  0.69154315123016541  0.69927167779238564  0.70713094915668306
  0.71537567965692705  0.72393833362217874  0.73277891354902347  0.74176176079572276
  0.75090515890640652  0.76026535296278119  0.77014831571166431  0.77948568878024593
  0.78929855084662037  0.79923135620388375  0.80946171052902249  0.82042460970100539
  0.83195773102042003  0.84495480428293568  0.85861842649356390  0.87378695031861964
  0.89060848289228345  0.91132673086272187  0.94082464421005785  1.00000000000000000
 -0.01580052247839335  0.09792198678317464  0.13944626468750065  0.16312155921044447
  0.18187409924346576  0.19707309263478551  0.21051250866938359  0.22338359426369425
  0.23524207022339910  0.24594838680713077  0.25593654555282086  0.26557890072542956
  0.27468028403961492  0.28305138723684509  0.29126998448313596  0.29911679690192983
  0.30696940230037184  0.31473694354481335  0.32245873049186408  0.33033594115784110
  0.33770518187144671  0.34488008477302917  0.35174052613085494  0.35825346919924889
  0.36458787472717807  0.37094610530476568  0.37715715951459666  0.38304601923004228
  0.38885385222185670  0.39472798154500738  0.40071978445081724  0.40677792925107292
  0.41274010614530726  0.41860815224926201  0.42438345343373357  0.43000322330200658
  0.43566880205233594  0.44127556401532342  0.44686499174023908  0.45257820916765579
  0.45808627922354389  0.46354766385684609  0.46892572310137220  0.47430112762488830
  0.47977608196119853  0.48539304990495868  0.49096224757124152  0.49644976828607218
  0.50202129720373323  0.50760088556676819  0.51324285221424226  0.51894388501910438
  0.52443712554991284  0.52982174952329386  0.53511237570268355  0.54031133278083376
  0.54574040750389041  0.55141592612275936  0.55717494170682735  0.56307450766034028
  0.56922980194222705  0.57551399986130558  0.58196602691581978  0.58806613768652072
  0.59369488706666196  0.59923922688686160  0.60463227839802169  0.61017402999921044
  0.61584836812291455  0.62154112834482456  0.62732922495403565  0.63331300662961576
  0.63940422856004886  0.64591595289723491  0.65305653792480367  0.66041955226827964
  0.66773735636345077  0.67508216772429086  0.68235973693577934  0.69014195950679647
  0.69859843731218407  0.70730271262546540  0.71599886546457536  0.72469265772169067
  0.73390404704899581  0.74376674546985277  0.75434021944149754  0.76567751934482930
  0.77798616969585943  0.79153982702665793  0.80709241048446823  0.82508490266472945
  0.84603281834026267  0.87225340429033937  0.91079386513732341  1.00000000000000000
   3.9042061341022797E-010  -1.0000000000000000     
 T T T T T T T T
  <DiscreteSampler_grid>
  grouped_processes
  1 # 1 for a reference and 2 for a running grid.
  10 # Attribute 'min_bin_probing_points' of the grid.
  1 # Attribute 'grid_mode' of the grid. 1=='default',2=='initialization'
  0.0000000000000000 # Attribute 'small_contrib_threshold' of the grid.
  0.5000000000000000 # Attribute 'damping_power' of the grid.
 # binID   n_entries weight   weight_sqr   abs_weight
    10   10   6.541089263864686E+003   1.172133005151784E+008   6.541089263864686E+003
    11   10   6.541089263864686E+003   1.172133005151784E+008   6.541089263864686E+003
  </DiscreteSampler_grid>
