 -0.00013608345934862  0.00590226004519972  0.01607078757954394  0.02713205637421582
  0.03837715888394194  0.04907303970924518  0.05973066355617750  0.07039385474470768
  0.08106287531456159  0.09164977702122122  0.10178893364415367  0.11175758605696298
  0.12168092486443918  0.13127780315228846  0.14076463313375678  0.15047522546126171
  0.15963930145776153  0.16879132149634285  0.17847854575552338  0.18822170489813428
  0.19776976549695741  0.20704582071287353  0.21634976402386724  0.22544066977323834
  0.23437107044569641  0.24327635572563003  0.25202640046035096  0.26096096384501161
  0.26989070151780759  0.27884017258431476  0.28762485823479250  0.29661800910910929
  0.30541353181591346  0.31398344898927344  0.32225893753301815  0.33033124270913300
  0.33829821402826799  0.34623784356298465  0.35412150178515639  0.36193090001893730
  0.36969413695711389  0.37740803703798442  0.38515943139555953  0.39309171238478413
  0.40096674771339652  0.40875365275787240  0.41619479650638436  0.42360766344202266
  0.43114174626972862  0.43914529587203327  0.44717358018781944  0.45510483463422036
  0.46301554404983342  0.47090752128443125  0.47872665982279461  0.48675093550372633
  0.49520882541404954  0.50359690399250112  0.51209534638449028  0.52062524668065935
  0.52915158144792085  0.53768677678275401  0.54623447278070747  0.55496593700828756
  0.56372574896017358  0.57259997267964824  0.58151493943474364  0.59062454467857806
  0.60008847204198890  0.60944178660696746  0.61899974822732673  0.62859371844606982
  0.63824463550884725  0.64786904344964269  0.65738661040991775  0.66771018198710042
  0.67816784673973518  0.68869379499129069  0.69925075670830517  0.70980671252528593
  0.72033860638177316  0.73225034216094742  0.74454798631458996  0.75753408817976564
  0.77111729670898943  0.78485077287984251  0.79860913484029450  0.81411443693748975
  0.83013697967714983  0.84685734301007398  0.86454622837701700  0.88313142908707787
  0.90384466447477962  0.92860164738652307  0.96018397696832447  1.00000000000000000
 -0.00176612685335348  0.00949017866803394  0.01980866918642249  0.03042238617506078
  0.04129674352979096  0.05199592110770054  0.06281655680835692  0.07415330227903133
  0.08571411464531858  0.09687458259426536  0.10823351479544466  0.11977444364710438
  0.13091833156248148  0.14167627107069453  0.15231940078487707  0.16256725939886058
  0.17261265673306017  0.18272006394596801  0.19292401850862562  0.20299533765416894
  0.21347340181368296  0.22361514696311766  0.23348716002366271  0.24315241394460144
  0.25334879936806842  0.26451845119642631  0.27496843602647453  0.28500115586703567
  0.29457014736540882  0.30413643270051910  0.31405085293180324  0.32476652502334807
  0.33581923091657967  0.34676773034711933  0.35769143071485610  0.36766098810152004
  0.37771626976015393  0.38752432221478755  0.39793925029494837  0.40934139239473710
  0.42048973580239446  0.43238322292582937  0.44359113158766766  0.45512684988410090
  0.46615879448183517  0.47740934308504412  0.48833326959649759  0.49923704211569969
  0.51085585441851233  0.52231278573128193  0.53379592601091497  0.54514749486939063
  0.55651192918480208  0.56791509330402346  0.57870850044663225  0.58853625449695190
  0.59778738431123579  0.60680919002181244  0.61568124449553507  0.62490485704433352
  0.63480809764790980  0.64512783345777702  0.65602782295649520  0.66676901651742082
  0.67804106270026021  0.68972307733347493  0.70148402297034562  0.71286428625724985
  0.72327770737862451  0.73357774493997219  0.74427899403124376  0.75433967737282015
  0.76387114333167716  0.77345212410311492  0.78260935720860070  0.79188597719682352
  0.80136842419238763  0.81138162877951436  0.82154017069288143  0.83181167180895466
  0.84175673454791977  0.85212514918821836  0.86372653612822914  0.87553421426454126
  0.88666314403113855  0.89767961916393912  0.90836834120932153  0.91912064623180367
  0.92901485604866874  0.93883805650054253  0.94869951020408727  0.95826866329315119
  0.96830025525011532  0.97794488879829033  0.98896603182174225  1.00000000000000000
 -0.00824008112420026  0.04961279094146027  0.07792675941848663  0.09991882096859413
  0.11873561272494945  0.13675476438984974  0.15297438553065146  0.16789105685216210
  0.18233096770903232  0.19610640407211280  0.20877312748485699  0.22018837152311196
  0.23086129590524543  0.24101934562531971  0.25084190962790470  0.26073642090820859
  0.27086164910815741  0.28087280014231847  0.29059521075055411  0.29997448228289714
  0.30929552610207661  0.31887020943916750  0.32864026130765339  0.33822283406684889
  0.34732755498414331  0.35605391545243326  0.36462261028418808  0.37294010479457984
  0.38070649494519232  0.38812334171060420  0.39567544813705435  0.40323492898414620
  0.41069630802284879  0.41783078645985366  0.42462776961847443  0.43133703920159089
  0.43813911310008979  0.44532523994880674  0.45266744283553212  0.46002321344155389
  0.46736860710717404  0.47468965147141506  0.48186006424518035  0.48921290106760412
  0.49676230948033873  0.50404461049402194  0.51122226339261156  0.51815286914599945
  0.52546043589574831  0.53263240109913268  0.53972100496898423  0.54685167907781673
  0.55409158082661503  0.56142354552906637  0.56877467757388811  0.57616638941248965
  0.58349194113521530  0.59045984016941766  0.59717937096542983  0.60412919651202535
  0.61168760746887763  0.61963736244941070  0.62757562648347909  0.63525674159581336
  0.64300351936182565  0.65112718599228925  0.65972191547430359  0.66786010989416822
  0.67558946372988138  0.68302934404455939  0.69082718562218526  0.69908687185699192
  0.70764056262498898  0.71641042136404731  0.72539222081491295  0.73490907750940959
  0.74476734640323583  0.75403811247079866  0.76252160876215014  0.77084224858162442
  0.77934763909675908  0.78836602695650460  0.79774920126144655  0.80711445318726693
  0.81707434592394135  0.82802410688123640  0.83960971385191652  0.85161052862762621
  0.86380809823864790  0.87608425586947880  0.88841774129851558  0.90211166253975550
  0.91807014649376162  0.93725708027805565  0.96230732293192056  1.00000000000000000
 -0.01476269443294800  0.08657159791207594  0.12408744064000085  0.14766848682692729
  0.16566298420780232  0.18186039185992667  0.19586341925024647  0.20830236035775906
  0.22003705982187161  0.23138227210064757  0.24159085604737834  0.25142604573489274
  0.26126565473303059  0.27077672361312621  0.27987207278079534  0.28907578270773471
  0.29789549167844331  0.30628724948212827  0.31437401143188759  0.32202496448027890
  0.32972302755645072  0.33690919394093544  0.34355108101508980  0.34997094899992925
  0.35615370090151138  0.36220247890730090  0.36822180722040698  0.37434810071711533
  0.38005157866211964  0.38570482799742628  0.39142152060537216  0.39727063928850243
  0.40323809184154408  0.40915069955521371  0.41491059743450048  0.42059250672948312
  0.42625797595766252  0.43197839715534170  0.43786543833043839  0.44388415395440378
  0.44986539923327845  0.45569722142028812  0.46162639464957322  0.46771389072108260
  0.47390307419775357  0.47973473329905530  0.48543814509178995  0.49101425074061456
  0.49660854002125931  0.50216900733485903  0.50769933255984334  0.51313335890695178
  0.51853595551706388  0.52407748008198529  0.52981865949444529  0.53574228802888979
  0.54189346171397756  0.54793490096090547  0.55408441597348945  0.56004304548208894
  0.56606572212404827  0.57264692771366965  0.57928834708885646  0.58570089832924999
  0.59189036864054467  0.59800061645991232  0.60413463353634600  0.61039678267309494
  0.61684415062918674  0.62340047379875696  0.63049834866893661  0.63763780931860181
  0.64526400582257515  0.65352247046216061  0.66217226485043379  0.67081828257009923
  0.67927082764600732  0.68775100567041680  0.69565857200880077  0.70392659416791215
  0.71217989348080202  0.72041697613218747  0.72925452151118941  0.73844323573146964
  0.74786907197369401  0.75767819473826314  0.76730362616064685  0.77813158543558436
  0.78980474519211641  0.80346321121389674  0.81810461287300063  0.83370640042998512
  0.85213737934835532  0.87568357550671971  0.91349365320403630  1.00000000000000000
   1.1975706669254889E-007  -1.0000000000000000     
 T T T T T T T T
  <DiscreteSampler_grid>
  grouped_processes
  1 # 1 for a reference and 2 for a running grid.
  10 # Attribute 'min_bin_probing_points' of the grid.
  1 # Attribute 'grid_mode' of the grid. 1=='default',2=='initialization'
  0.0000000000000000 # Attribute 'small_contrib_threshold' of the grid.
  0.5000000000000000 # Attribute 'damping_power' of the grid.
 # binID   n_entries weight   weight_sqr   abs_weight
    10   10   7.490581421633365E+003   2.454929951656435E+008   7.490581421633365E+003
    11   10   7.490581421633365E+003   2.454929951656435E+008   7.490581421633365E+003
  </DiscreteSampler_grid>
