 -0.00013069775178396  0.00576067261122055  0.01580475497421268  0.02720217666023911
  0.03861599050170289  0.04953835369866791  0.06090158383077447  0.07230868338509368
  0.08322101568522393  0.09407655363855885  0.10476657448094087  0.11508509329655425
  0.12535801210732855  0.13567677840890860  0.14581048032849031  0.15580552746368576
  0.16562319838471787  0.17517601853798939  0.18426697232391168  0.19330750325307630
  0.20230837267554191  0.21112348943001591  0.21976728690723152  0.22840125503020900
  0.23698201362483565  0.24559174405942502  0.25405376891434217  0.26308869908712446
  0.27188837469697469  0.28053008209073654  0.28909884994944263  0.29770904941545856
  0.30622552630244004  0.31463070481001171  0.32287606191601326  0.33087060507392646
  0.33876388011265968  0.34680405268500036  0.35471019665753384  0.36268969204287393
  0.37057809233636918  0.37825377578170660  0.38606351803442396  0.39422622081617248
  0.40259317981501885  0.41103158983842908  0.41940459689756682  0.42757174058930020
  0.43594337323911875  0.44436397585076587  0.45264668989299012  0.46085237814763153
  0.46891690975978600  0.47683117101254247  0.48475719562019559  0.49281767573284696
  0.50095932383715547  0.50919106523305757  0.51769953649512201  0.52635473172865777
  0.53519127767895114  0.54403236003474742  0.55275497079952551  0.56146938650336775
  0.57018031327057039  0.57907383758403164  0.58801703010017559  0.59728608118401116
  0.60677612110490642  0.61630272872868308  0.62585383896512714  0.63500500196303900
  0.64424785634081116  0.65367885844010731  0.66365282633588429  0.67406034894327183
  0.68475107881933339  0.69583440708325028  0.70681069922788831  0.71800715527159775
  0.72922786096555081  0.74078297608024146  0.75286641005855426  0.76515871982866712
  0.77781214519319564  0.79073419047309945  0.80424034758520224  0.81843422111349606
  0.83381851242594718  0.85043493063673370  0.86774757929988722  0.88592804290397364
  0.90571642972267719  0.93124502519743058  0.96278445534917989  1.00000000000000000
 -0.00268495597557709  0.01151833313069277  0.02285139114663895  0.03471490490599607
  0.04660172152416264  0.05874781327562939  0.07079894953129180  0.08316336040523487
  0.09529316839268376  0.10726995166091510  0.11985473840135109  0.13149311215873152
  0.14279240258775042  0.15379713244409535  0.16482072823994340  0.17585316293460340
  0.18653303059709767  0.19641055804888294  0.20631125346195406  0.21634750594999419
  0.22630060974930588  0.23599221412075327  0.24589215011564838  0.25693611605232719
  0.26853689567766192  0.27880770545138067  0.28895512391385814  0.30028573026378369
  0.31203411346894450  0.32314674657901060  0.33391863995470511  0.34477680447446102
  0.35577148894734523  0.36627965779232785  0.37638194708216771  0.38662224491419478
  0.39780338834527429  0.40999822700685873  0.42242755425761669  0.43435863035726352
  0.44548987702684512  0.45592785011808479  0.46543641592557777  0.47418708794536113
  0.48345437198517066  0.49297704213123844  0.50259178045138886  0.51189449077122495
  0.52125829735595186  0.53146428719923244  0.54220403629908975  0.55267542682104165
  0.56333464786271081  0.57461592737165823  0.58574628605554546  0.59603900044805780
  0.60614330622999701  0.61665621946651350  0.62733978979709781  0.63791576994825971
  0.64820546311458371  0.65817083630627982  0.66785424873541055  0.67740421187096933
  0.68707480192803405  0.69655674985855331  0.70604424332327276  0.71573943426678721
  0.72555931486576064  0.73517359174812558  0.74467955665307228  0.75425608578014558
  0.76370101321279837  0.77341337589225012  0.78312101572551052  0.79245285900041629
  0.80236157079856418  0.81255837491398120  0.82266854562686720  0.83239154306101260
  0.84347843389180077  0.85425429069003622  0.86625136034086436  0.87823842820556530
  0.88900702486776040  0.90036080631582571  0.91058877340771283  0.92060021621119736
  0.93029593821794387  0.94021400603288752  0.95084858689011431  0.96112132801829575
  0.97100367999067594  0.98063958967418652  0.99025923032055108  1.00000000000000000
 -0.01050540465542728  0.06683171463531312  0.10904410353164855  0.13919258873135459
  0.16318237891046986  0.18274560501984230  0.20073226477152648  0.21695202285044102
  0.23215456516491248  0.24748080113941895  0.26168297598004536  0.27625986672970371
  0.29148019226535610  0.30454272056713855  0.31714534084601054  0.32910509489891748
  0.33982922115603420  0.34973816735590352  0.36002061961337517  0.37039557659121525
  0.37977927667421202  0.38827803026607211  0.39704777931444030  0.40592057739570386
  0.41468368344966111  0.42348846277137708  0.43250739053463966  0.44232232377232689
  0.45284859044105075  0.46343297917504733  0.47375388923304657  0.48383960745912186
  0.49373358743243051  0.50290139284744462  0.51062182477876250  0.51862001337108787
  0.52662279690463365  0.53480153026858857  0.54306745324193850  0.55085710907906793
  0.55829701892509509  0.56562025715379960  0.57298082094508385  0.58042204949234666
  0.58809896001529982  0.59607955273746238  0.60441722454856905  0.61345261742334223
  0.62295707501161490  0.63208975161586478  0.64127672018978710  0.64928345444577840
  0.65617382849548822  0.66293770181631118  0.66954305922139112  0.67611726219682433
  0.68281993025418208  0.68971986591634937  0.69667797671225928  0.70372539831572334
  0.71029464034088741  0.71728084816807813  0.72408261468068258  0.73078219425740099
  0.73729714036669591  0.74389223312388164  0.75049811451931425  0.75648862702074449
  0.76259414669382453  0.76864862919046739  0.77506675697121197  0.78152201471877247
  0.78785393066658160  0.79431733935852600  0.80104364836324371  0.80786831089628719
  0.81514063682002857  0.82285364196759303  0.83042835917662561  0.83791132655049039
  0.84560256675128986  0.85339613269221704  0.86101353460050334  0.86841577447229734
  0.87586856140483449  0.88343452191396266  0.89152451811418632  0.90031268276724263
  0.90953918833636893  0.91888837706124926  0.92908952972135284  0.93982417002305763
  0.95143961582139047  0.96412713523460536  0.97935943154088245  1.00000000000000000
 -0.02214351946046079  0.13490383344312354  0.18046130373507757  0.21406948974231385
  0.24254073626040337  0.26630766291440222  0.28569904525901468  0.30383822777033309
  0.32094570667706557  0.33752857651072471  0.35365085707288463  0.36817607982009670
  0.38201494406637215  0.39531160494186118  0.40713483196127914  0.41825941399690109
  0.42866849241848659  0.43838994275787529  0.44760580226517571  0.45691696890678968
  0.46642337540031825  0.47636847725151898  0.48573581923319015  0.49446467395922389
  0.50297227727178984  0.51228366413398241  0.52093621013053515  0.52937583121451870
  0.53754423506722693  0.54576677709467680  0.55405179982571784  0.56194895380266174
  0.56915724306289361  0.57598220837846481  0.58286452679256395  0.58977920745105805
  0.59658735929155382  0.60324542134542736  0.60933123131874090  0.61544341569080763
  0.62160051369872649  0.62784625821619278  0.63400049663890479  0.64003493320051907
  0.64596908221231120  0.65184811887674787  0.65767790041502006  0.66338113261989229
  0.66890947658562594  0.67449265463396624  0.68009528480720460  0.68567067184815078
  0.69119608882026173  0.69657807979823805  0.70185111526376665  0.70700156097524947
  0.71207538215195387  0.71715203864909149  0.72218731382138279  0.72710204615967755
  0.73180593491283041  0.73643509860164913  0.74105983726585201  0.74586226746914719
  0.75067564018669075  0.75521119636729506  0.75978437585299030  0.76441096263069430
  0.76914965327990414  0.77405042476800301  0.77900806210229989  0.78391298658288200
  0.78874374143666193  0.79350082733481997  0.79833017684438368  0.80325673377669637
  0.80833159765780738  0.81349129256271391  0.81863113437792134  0.82390127258466883
  0.82931891729688967  0.83481013690727957  0.84046970899432993  0.84596699196925040
  0.85146844461868132  0.85741174764950057  0.86395412412632000  0.87102873183777030
  0.87907443871611224  0.88763498676053221  0.89648797046407103  0.90616154598387655
  0.91726076305465110  0.93078438347031600  0.95321648382079260  1.00000000000000000
   3.0432863753635706E-006  -1.0000000000000000     
 T T T T T T T T
  <DiscreteSampler_grid>
  grouped_processes
  1 # 1 for a reference and 2 for a running grid.
  10 # Attribute 'min_bin_probing_points' of the grid.
  1 # Attribute 'grid_mode' of the grid. 1=='default',2=='initialization'
  0.0000000000000000 # Attribute 'small_contrib_threshold' of the grid.
  0.5000000000000000 # Attribute 'damping_power' of the grid.
 # binID   n_entries weight   weight_sqr   abs_weight
    10   10   1.181818024838293E+004   5.401655960228894E+008   1.181818024838293E+004
    11   10   1.181818024838293E+004   5.401655960228894E+008   1.181818024838293E+004
  </DiscreteSampler_grid>
