 -0.00045063131794306  0.00763012199373190  0.01754972575689095  0.02820549790465219
  0.03911551284686646  0.04975278348029445  0.06039339865495615  0.07088197277225920
  0.08163543865923600  0.09243465925339091  0.10310900655751058  0.11330331106879060
  0.12280621123839112  0.13224786849522796  0.14182652363607196  0.15146323197817116
  0.16093108056934630  0.17043145938387502  0.17963746116880089  0.18858418211331257
  0.19745564935249618  0.20669296485814648  0.21609223603384489  0.22561839793697025
  0.23504450454268633  0.24425805450114946  0.25329743334269950  0.26226748916981929
  0.27096482382196618  0.27919103362511305  0.28717832542726607  0.29508082167291200
  0.30296841260808688  0.31093390490461076  0.31910228250457667  0.32744243670128703
  0.33577865992638484  0.34404524459475366  0.35245718679290799  0.36124278413403854
  0.36990305485676483  0.37871604811964182  0.38747819075326395  0.39601105209092136
  0.40453295302429815  0.41309212163952175  0.42154514989164099  0.42986289928854682
  0.43812841528274088  0.44639597741513143  0.45464453806436322  0.46266509238174597
  0.47112851558770813  0.47965405699850228  0.48815963816448271  0.49661224677991550
  0.50507350938494366  0.51371424371855179  0.52253743323683111  0.53155116033415961
  0.54057929586029518  0.54979086186846338  0.55922566826124176  0.56878399917905365
  0.57827676102946113  0.58774353695257431  0.59708375848802742  0.60642732193613180
  0.61594572922202850  0.62555511438797773  0.63534786647947206  0.64517012224752457
  0.65515258802301968  0.66539160768740935  0.67592601314143319  0.68658434488860054
  0.69704574332893465  0.70720995770117645  0.71723723758237623  0.72741360490187124
  0.73798976277148376  0.74896776406899213  0.76045782899024705  0.77217766422579015
  0.78408009652330735  0.79615414252013916  0.80872138530023097  0.82193003875001336
  0.83548194952744892  0.84952965134817160  0.86603727828084820  0.88439584111380798
  0.90472888244831828  0.92748774035449744  0.96050333785985842  1.00000000000000000
 -0.00208874085229914  0.00949936179155582  0.01984399189621059  0.02993514285146606
  0.03990990397574109  0.04923298738297122  0.05818078608884333  0.06731675844048979
  0.07666460686947037  0.08641930513394748  0.09638138732900353  0.10606359536501274
  0.11582919392287573  0.12572148113114592  0.13580423094099467  0.14609220322655594
  0.15629343060564871  0.16618048226706034  0.17653488238365286  0.18684917176093499
  0.19742504063822391  0.20820683834355833  0.21916686676646577  0.23013900684648264
  0.24117759146914378  0.25141573648285481  0.26070266521722346  0.26981652327035160
  0.27945396120044408  0.28952170468680488  0.29956629481220498  0.30913416548397549
  0.31946714215135202  0.33017952587351485  0.34022102439963819  0.35005963974216658
  0.36088956675957862  0.37259654958889860  0.38393057449687168  0.39525359638260643
  0.40746401989466602  0.41993414944831048  0.43223231374576998  0.44517726083043091
  0.45813927940558186  0.46949286192357614  0.48044868643199340  0.49151459411104520
  0.50240160900487529  0.51236981770240209  0.52222743117234660  0.53201239375595100
  0.54166383273934116  0.55094184709489791  0.56072647993396119  0.57120658560747617
  0.58202049176902382  0.59210119705555986  0.60187138339916646  0.61174207293686367
  0.62147320112225579  0.63106516123525480  0.64030837167865795  0.64980082902837311
  0.65979106415443567  0.66997789550986853  0.68040691887752791  0.69154007643359827
  0.70375227096317361  0.71561821299428785  0.72725704826514947  0.73934757678752072
  0.75173694881870545  0.76401337229470567  0.77580477933068548  0.78707609026082415
  0.79894997436533655  0.81030982277473873  0.82150651630755722  0.83241881997557754
  0.84364116689070989  0.85428895515150183  0.86417657838671647  0.87458238130675214
  0.88491604735587115  0.89499046365105073  0.90447091171482141  0.91439532912402854
  0.92515252046361340  0.93613950674392876  0.94671829385811257  0.95790318362333826
  0.96944129915203814  0.98050198513251741  0.99011678168719697  1.00000000000000000
 -0.00823407426459658  0.05802260472100959  0.09182240981489101  0.11705264425154253
  0.13617779589921308  0.15287738628464689  0.16888565323969093  0.18448099782394378
  0.20016134768971039  0.21513670793431788  0.22882065053791817  0.24161438182843670
  0.25346902935049731  0.26504869534624176  0.27635214818916548  0.28771863832226657
  0.29861784454842638  0.30917242994107802  0.31892869388444400  0.32833092149067600
  0.33777945113172103  0.34668333240694504  0.35505439474622535  0.36325784627939695
  0.37157847126689586  0.38037622515460839  0.39007951294737608  0.39938593323852761
  0.40817881978554615  0.41674314114698141  0.42504898870448743  0.43300126872779565
  0.44058883547754524  0.44787999250096222  0.45520499517000429  0.46288795281845818
  0.47082404702921304  0.47867711731919727  0.48619698801413547  0.49331055463425966
  0.50055130797384983  0.50803938588594910  0.51558737788904563  0.52291507211879806
  0.53038380776925564  0.53773279170208943  0.54487313864666631  0.55186640322485858
  0.55907072566169391  0.56670700777873573  0.57394920753096168  0.58108307142010818
  0.58813604838512312  0.59527920668544687  0.60250168774878576  0.60984198686681446
  0.61726031142423599  0.62468245675354128  0.63209968338230038  0.63938546644323757
  0.64652352471665309  0.65311070679672001  0.65956595533971152  0.66602705927259120
  0.67299203259595097  0.68038039251365179  0.68787102721660554  0.69553010007709348
  0.70264269273711388  0.70959566136547703  0.71660877438769399  0.72377669188751870
  0.73101736837583986  0.73820135690005195  0.74545450338297159  0.75251779696970011
  0.75931395502188426  0.76634492270938270  0.77373854267963227  0.78158682966241089
  0.78977879495485881  0.79830444555899960  0.80715738587910058  0.81615273876392247
  0.82534995827716418  0.83505387232906991  0.84494319171706012  0.85529428606835423
  0.86577278918783340  0.87654312675501667  0.88838128398904936  0.90119512310029704
  0.91580510133592730  0.93292141992909983  0.95710992734640710  1.00000000000000000
 -0.02228457287774998  0.15164005971083483  0.20651611387159230  0.24153049394162918
  0.27035821272154492  0.29281962092562008  0.31153002811395381  0.32807223980545192
  0.34364028414729875  0.35867092408407847  0.37406062010254937  0.38749251039518595
  0.39969799757477320  0.41107828711393746  0.42177173060171130  0.43208555708388918
  0.44187960812292243  0.45098525919275428  0.45966980171871757  0.46814047962393124
  0.47648200679943237  0.48453802077471925  0.49228885882795353  0.49985056750737311
  0.50737078053685403  0.51499962585870240  0.52269654182264058  0.53026563388371706
  0.53748398299894384  0.54424387187820022  0.55071649758153618  0.55714951562949233
  0.56361445096804508  0.57017952363750590  0.57652555405586492  0.58256348944926029
  0.58850534691000445  0.59404701343424193  0.59960915055950526  0.60511937106700364
  0.61056129560594263  0.61597602887674030  0.62127677275774562  0.62626945422418390
  0.63106748025729231  0.63610513070581987  0.64126476496522788  0.64640440915824415
  0.65127979284359550  0.65593153139512250  0.66068692184468281  0.66554003403541340
  0.67029797118874301  0.67493900715724187  0.67951733890382893  0.68403553719037413
  0.68847750455527956  0.69293959545287409  0.69738815123377362  0.70187813107932340
  0.70636631154987406  0.71069500947424913  0.71513759732682436  0.71956623164622202
  0.72415224623416830  0.72892901661939624  0.73379491458941171  0.73861418628997022
  0.74327103043709231  0.74782926283466233  0.75247270794223220  0.75746140404665030
  0.76248410783785947  0.76756448731333071  0.77270499513928903  0.77785684885289907
  0.78310532637224217  0.78849603295038517  0.79389629522225791  0.79922063983720038
  0.80457157793244838  0.81014077697646136  0.81598116284991984  0.82202012707979233
  0.82800588458595881  0.83397445729141650  0.84063130091414373  0.84762485600122806
  0.85512858067554354  0.86430812799728429  0.87434579831212644  0.88553775297217541
  0.89881563147358534  0.91528016657209554  0.94006128906806463  1.00000000000000000
   4.5224026667566601E-008  -1.0000000000000000     
 T T T T T T T T
  <DiscreteSampler_grid>
  grouped_processes
  1 # 1 for a reference and 2 for a running grid.
  10 # Attribute 'min_bin_probing_points' of the grid.
  1 # Attribute 'grid_mode' of the grid. 1=='default',2=='initialization'
  0.0000000000000000 # Attribute 'small_contrib_threshold' of the grid.
  0.5000000000000000 # Attribute 'damping_power' of the grid.
 # binID   n_entries weight   weight_sqr   abs_weight
    10   10   3.223021193542215E+004   4.017876453689524E+009   3.223021193542215E+004
    11   10   3.223021193542215E+004   4.017876453689524E+009   3.223021193542215E+004
  </DiscreteSampler_grid>
