 -0.00047183019816172  0.00792980668831368  0.01781266374769161  0.02868407642486545
  0.03967982295455205  0.05114563421873798  0.06195077790666430  0.07281998323826382
  0.08343513112779777  0.09366848171070749  0.10365025914964654  0.11369192178900313
  0.12343491913413517  0.13303713129513062  0.14263086156669624  0.15244090459139420
  0.16235617479620881  0.17226700621022328  0.18137168480702065  0.19009294019747255
  0.19881346615243453  0.20748537172779377  0.21617311796513436  0.22527646087288034
  0.23435843381418431  0.24303681506093366  0.25148476657646551  0.26001483843247120
  0.26906176996997316  0.27828760270266761  0.28764447281397149  0.29680312745085230
  0.30564728325514229  0.31422154700464311  0.32298161130100028  0.33201504574334090
  0.34106132418323271  0.34995383187759826  0.35849494561075829  0.36695111476648928
  0.37556622520143013  0.38423346411194109  0.39289523623400935  0.40142263124770883
  0.40983150081429398  0.41819198293390225  0.42650361892862204  0.43468520363219565
  0.44277263111305298  0.45080818792576560  0.45877814810124024  0.46691648747411851
  0.47518612432385027  0.48350815437374539  0.49191124856540086  0.50048164368355386
  0.50868393160594505  0.51686564126068946  0.52503686209078571  0.53320089071082766
  0.54154066304690929  0.55015599657632963  0.55898735205262173  0.56793880750919667
  0.57656649956414385  0.58518692909939074  0.59368784055111867  0.60220918313706651
  0.61082616350470798  0.61942357829423034  0.62806435975553576  0.63762204802111755
  0.64744036684387996  0.65744363192284228  0.66749613615034520  0.67765412023525229
  0.68803042099230760  0.69845151263447547  0.70896991071210880  0.71970565223067817
  0.73065982370917948  0.74167919594996545  0.75298736449149606  0.76468651289355594
  0.77643716187088929  0.78828334863766969  0.80173733249827839  0.81579061270188080
  0.83037342406851211  0.84507469889200160  0.86115520139383839  0.87970116719153757
  0.89992585463303343  0.92326919425066778  0.95666900188743842  1.00000000000000000
 -0.00237263987017928  0.01011240130780767  0.02034293804546913  0.02997471037226315
  0.03980396518271594  0.05032489314645041  0.06157975831032493  0.07132636368622937
  0.08148616070895384  0.09221637414993591  0.10254896013145361  0.11286499364200769
  0.12254520706536116  0.13625586609752108  0.14959843846463305  0.16217054967982031
  0.17285193521220779  0.18291365028708018  0.19226723288693673  0.20146207549414871
  0.21063426562141405  0.21961676867462657  0.22849336652461003  0.23791475649612273
  0.24767122810831324  0.25839253008570140  0.26938747976525412  0.28069803598957854
  0.29196020660377936  0.30392587357062212  0.31578276084010870  0.32782788832307524
  0.33890473956575462  0.34950955015565033  0.36017839566757454  0.37080867682692109
  0.38115426052365997  0.39143179191560123  0.40211849403611438  0.41324600659499244
  0.42434589199320483  0.43505369687369577  0.44593948057109328  0.45688787841841444
  0.46743642043546407  0.47761420576887281  0.48742301585720743  0.49706061716651262
  0.50666249150901554  0.51631480243908567  0.52635966551160018  0.53700522687428975
  0.54751560274062216  0.55777642914305003  0.56792613221616928  0.57823777630959672
  0.58908933693451604  0.60013362971076845  0.61180351617181739  0.62351112162683053
  0.63479311889438994  0.64540089576278215  0.65634135661208914  0.66709445931422573
  0.67748992341071024  0.68789010774552406  0.69833913541187442  0.70796940873604730
  0.71702269329639334  0.72585846982454272  0.73617546630614805  0.74610385045759153
  0.75650262859721273  0.76656910994700544  0.77817143083128093  0.79016334501875718
  0.80156276053252384  0.81266026725494045  0.82390227579748931  0.83484169982393674
  0.84577851690541261  0.85641839187973590  0.86641783783161408  0.87626458349739833
  0.88559474544206984  0.89516664975540616  0.90532804104510012  0.91576332578104647
  0.92680472034201700  0.93806673996972390  0.95000784562288731  0.96121444579508364
  0.97105031911169803  0.98104418849832409  0.99048211262015706  1.00000000000000000
 -0.00784949047777773  0.05381568228494681  0.08669401349065686  0.11135229758547911
  0.13133878665273971  0.14767666579800467  0.16112005010760766  0.17378965534604754
  0.18591858237539732  0.19762928545134853  0.20909980329830749  0.22079032229216880
  0.23222804894789614  0.24307740356618415  0.25327223458319004  0.26303199158858986
  0.27235338753282473  0.28124615573371137  0.28994906434442030  0.29853262416030008
  0.30691185896961798  0.31531181779919715  0.32373252542026959  0.33214273218302431
  0.34063524679876300  0.34906497228144245  0.35719008069878638  0.36485487163088037
  0.37235459014698302  0.37990866982343385  0.38739635637363301  0.39474279137225454
  0.40213305777034059  0.40976186174076040  0.41742068734494042  0.42479709631365625
  0.43197976276380257  0.43920945735853867  0.44633191811816464  0.45350588550693310
  0.46068712248118487  0.46783730463935508  0.47485609005185270  0.48222422944662796
  0.48967958930120847  0.49709867884467535  0.50437932661613538  0.51144015318245473
  0.51840497587454715  0.52541545132202283  0.53251549018341704  0.53971290499617586
  0.54638928057958214  0.55283786399922819  0.55915742193683182  0.56547779509687124
  0.57181170815765270  0.57829954606096690  0.58486779132325328  0.59139333588328191
  0.59785288370909107  0.60432129928280509  0.61077157982975117  0.61720682727513776
  0.62383838764637056  0.63076710031352601  0.63789021535073287  0.64504517972831565
  0.65224934867293249  0.65945303738617733  0.66656807410216989  0.67469141666282895
  0.68327588358016100  0.69180518314176276  0.70035097620097730  0.70876129454551262
  0.71712576932817595  0.72552845842693192  0.73380408340707248  0.74201476533370103
  0.75045601501187065  0.75914190759015931  0.76805715440305444  0.77710711741050875
  0.78625791865875083  0.79610340974534455  0.80725103675331400  0.81983443637833819
  0.83319478120381452  0.84655755859484194  0.86024748118161198  0.87500658719480096
  0.89099134576746253  0.91226956609495902  0.94182654498611673  1.00000000000000000
 -0.02173657845824883  0.12622518882061723  0.16619510801534523  0.18739935019126028
  0.20268184569258299  0.21557471246456372  0.22689886385771840  0.23715007205915797
  0.24637237583832636  0.25539012941038536  0.26415214349711730  0.27281158755378521
  0.28175151361055290  0.29060923829069207  0.29883497119746022  0.30702888033133791
  0.31507808105773899  0.32292931921265933  0.33073339284537201  0.33802985370449989
  0.34512773085482651  0.35210125415711641  0.35872856433180023  0.36508968575561312
  0.37139581353016543  0.37756788449723028  0.38355486609042083  0.38946061835445839
  0.39534831167270795  0.40107251534790178  0.40679041231579127  0.41241701339554454
  0.41789230206995576  0.42336569917148842  0.42892972231234372  0.43466073228210422
  0.44029503762192929  0.44576487820317579  0.45102461392570004  0.45611453344736375
  0.46128962906809889  0.46667730962658627  0.47217774704753585  0.47772909606732356
  0.48335398271532987  0.48895825608857063  0.49446012074898482  0.50007628937064297
  0.50595251937211860  0.51189676235625092  0.51762859116309712  0.52309738315504628
  0.52840895842294411  0.53362972354651383  0.53891122685701409  0.54406453519652997
  0.54900196343273777  0.55405781856192271  0.55938644919342506  0.56479312132084902
  0.57004470277667452  0.57510736478173141  0.58024742068101631  0.58542269015231296
  0.59063545586681188  0.59590665800072562  0.60102696263652955  0.60653185983813085
  0.61220827090456509  0.61805735522275607  0.62395561655665854  0.62992725785575632
  0.63603672475465034  0.64230500467458596  0.64864736535103662  0.65478805033491250
  0.66081322782341390  0.66701675579889297  0.67357412524205273  0.68050319646011481
  0.68769033995509454  0.69527846223656065  0.70305517844296839  0.71113088886351405
  0.71980126305887593  0.72856009956064127  0.73773152975508638  0.74746491598546527
  0.75823823714767769  0.77051447123756867  0.78428835753991388  0.79952298952210188
  0.81723912979186208  0.83998686545370382  0.87793036937952518  1.00000000000000000
   1.6930539835891776E-009  -1.0000000000000000     
 T T T T T T T T
  <DiscreteSampler_grid>
  grouped_processes
  1 # 1 for a reference and 2 for a running grid.
  10 # Attribute 'min_bin_probing_points' of the grid.
  1 # Attribute 'grid_mode' of the grid. 1=='default',2=='initialization'
  0.0000000000000000 # Attribute 'small_contrib_threshold' of the grid.
  0.5000000000000000 # Attribute 'damping_power' of the grid.
 # binID   n_entries weight   weight_sqr   abs_weight
    10   10   1.631056280060328E+004   8.537500751849370E+008   1.631056280060328E+004
    11   10   1.631056280060328E+004   8.537500751849370E+008   1.631056280060328E+004
  </DiscreteSampler_grid>
