 -0.00009080072788345  0.00080861097244799  0.00185436802372429  0.00335616526863714
  0.00533677214477429  0.00779850239678420  0.01069089082533743  0.01401317863838741
  0.01765913743028216  0.02187478316605303  0.02669416219551586  0.03156873995332916
  0.03666961469562890  0.04204013176623132  0.04769568037244778  0.05370228906947121
  0.05978213966705578  0.06579549191380707  0.07186937167053119  0.07834783497623703
  0.08512410999049562  0.09231486491452097  0.09988233769210968  0.10763348862580693
  0.11575870753792293  0.12429060700349263  0.13280332338839079  0.14177736785091394
  0.15090783531404711  0.15998558108842031  0.16971133647067488  0.17955130362697838
  0.18897474686245064  0.19900604918886866  0.20894203473492545  0.21861166073717236
  0.22835558493539995  0.23820215459320218  0.24825345910427049  0.25857007754922107
  0.26912409510501328  0.27982158459271095  0.29053053994634159  0.30117905267470868
  0.31165786801796236  0.32215660837251625  0.33384663874202192  0.34505826896986302
  0.35639801851704761  0.36803591912140438  0.37959884877806610  0.39184903975276608
  0.40447150142450422  0.41700612432985229  0.42935458409818361  0.44151898395782702
  0.45335900739963597  0.46546535576033038  0.47772451925802378  0.48984817972152411
  0.50245556163932370  0.51547780817949096  0.52838719101954801  0.54125128010103640
  0.55491668850219378  0.56835729830791482  0.58191350331951053  0.59573198293596497
  0.60970798593630471  0.62345938341053619  0.63709769440575093  0.65088351022967483
  0.66484018172215931  0.67897333211540922  0.69327638999003460  0.70767145908741724
  0.72207846800260178  0.73634722920738827  0.75045420347805469  0.76464385267389745
  0.77991974091487204  0.79525375845410928  0.81070611923847424  0.82590183205227763
  0.84067293095680073  0.85522123473285749  0.86895096627151169  0.88283257673955251
  0.89687398711242516  0.91116246099464115  0.92591706734575152  0.94076222932323295
  0.95579307593954377  0.97068766187024891  0.98538100156429476  1.00000000000000000
 -0.00166292649674735  0.00905822394307157  0.01859278706450634  0.02880537558860982
  0.03926828137680437  0.04965880835442817  0.05986265266264547  0.07049036269358569
  0.08145589598703866  0.09128830726566557  0.10046148468586251  0.10962063777334986
  0.11890166323809108  0.12801730681577808  0.13693174045830900  0.14610277150581344
  0.15542579198258083  0.16451117382399805  0.17353738520289819  0.18303964773956860
  0.19255455051631518  0.20160199889863786  0.21028961328070467  0.21910193470826908
  0.22819600681197327  0.23775914700445788  0.24743652357370627  0.25768351817721097
  0.26866770216113650  0.28052908929917397  0.29262398380762294  0.30472567835179609
  0.31714076656029189  0.32918841324492532  0.34161805641099385  0.35362980163580093
  0.36514549929236267  0.37623296969519976  0.38732936530889689  0.39859005350620108
  0.40959235883903300  0.42007801563669961  0.42969787046443403  0.43975285976309142
  0.45029714342922988  0.46096609718457937  0.47181625584440390  0.48239109862856377
  0.49511576199413482  0.50621059969976190  0.51741784793955137  0.52764781456483434
  0.53782345209092453  0.54778296515705094  0.55807817812083860  0.56897626206531560
  0.58008006278407565  0.59075046127286257  0.60143010951211540  0.61210383382445677
  0.62338834270600019  0.63639196226149453  0.64959963502238094  0.66179099411064657
  0.67257152636747886  0.68289886636629227  0.69330473863577169  0.70359416154992227
  0.71379610919611380  0.72419143864229629  0.73543895036969154  0.74692651435143864
  0.75820713361255099  0.76907036833266096  0.78016172202756418  0.79147447976509056
  0.80387195359782015  0.81493899608048392  0.82485142501434539  0.83441683241945164
  0.84411235982390065  0.85397577916033984  0.86403848989288667  0.87400224382170200
  0.88493334519033873  0.89619567121169141  0.90761437187746874  0.91911415978310773
  0.93097574026100249  0.94191582882965919  0.95217673717863638  0.96183685090913185
  0.97133673284218280  0.98096315567858061  0.99046937643904898  1.00000000000000000
 -0.00168033482111171  0.01091856667276705  0.02111151240392325  0.03029864493379881
  0.03908451500813502  0.04735937331646276  0.05527201483941299  0.06278319529632335
  0.06987869450320347  0.07670289213747036  0.08327870071512897  0.08950703321781352
  0.09548793549882680  0.10152182873355277  0.10753600027620137  0.11376764825643225
  0.12018865052284169  0.12669637137051470  0.13302483932013542  0.13934768099001310
  0.14552609111045156  0.15167280046577797  0.15783330796291617  0.16404751105325147
  0.17035623208325018  0.17668832388772143  0.18287975507340984  0.18891009397243275
  0.19500253115824592  0.20093402309155819  0.20731184463233948  0.21401463463565784
  0.22089011711973378  0.22765207737514984  0.23406109731325739  0.24010458717023347
  0.24607180733481790  0.25211000431352310  0.25817534700967704  0.26440361082035613
  0.27076958351859515  0.27739139562838089  0.28371680542612743  0.29017691605797574
  0.29654851741358029  0.30299113160147401  0.30979540184079468  0.31672538409071205
  0.32365172123607783  0.33074950480442639  0.33782565594494096  0.34455217095582008
  0.35109304551321940  0.35743180253793255  0.36386804837890369  0.37023539208564132
  0.37674429135596849  0.38376946526607536  0.39091285479482063  0.39836666884236444
  0.40606544628737090  0.41385608338254676  0.42143652260056397  0.42898168107499929
  0.43679322877167681  0.44516698143490296  0.45356674472238157  0.46186059719237710
  0.47034691650780841  0.47918098435508016  0.48866636225414384  0.49835650787447805
  0.50745797830243311  0.51627064626845409  0.52527442624600074  0.53484628809948132
  0.54473078793292573  0.55511509950107496  0.56649486749051192  0.57931745366916343
  0.59173767125620336  0.60463509391705095  0.61778973624507838  0.63120277687935766
  0.64485528791587554  0.65918106524924691  0.67395840897499359  0.69023141578952851
  0.70844171539993506  0.72906065007759857  0.75214779156806921  0.77804657556912149
  0.80629533895119343  0.84083733182940334  0.89088897972144054  1.00000000000000000
 -0.01925243064252391  0.11160646156162539  0.14789224357342437  0.16813094419798019
  0.18391940181586741  0.19766022805595043  0.21078004102234160  0.22350791427941311
  0.23541127396482053  0.24683814794145428  0.25728905527450696  0.26655430882577086
  0.27489889367070219  0.28303935304704048  0.29157316140552664  0.30000554095514831
  0.30778454427031504  0.31513956357265582  0.32231997794603312  0.32937189195402555
  0.33636398904069564  0.34320866344165124  0.35013825836454066  0.35712778314402333
  0.36393649513196624  0.37048170496211785  0.37680734172628294  0.38304687412185029
  0.38928085143824553  0.39540701439616283  0.40157425824857462  0.40781914045402129
  0.41440542510434286  0.42023358333937888  0.42585340255596615  0.43147248960158163
  0.43713505262310537  0.44282659065395208  0.44848554493474962  0.45410736701464738
  0.45954352705255747  0.46474170467773523  0.46989142022570762  0.47504947653266721
  0.48044455564179783  0.48607454815357332  0.49184137576711251  0.49753904042831304
  0.50312467383313741  0.50829298123590483  0.51355701301539136  0.51854400229813324
  0.52340392340962749  0.52840165182894949  0.53347063265248451  0.53863060146073849
  0.54360339553097481  0.54848648199351124  0.55328245036543777  0.55800534976115235
  0.56340135866800944  0.56947156430263390  0.57588003580450964  0.58215371199340515
  0.58812629712243469  0.59398383465680138  0.59998580531406931  0.60613943542307647
  0.61227688731293473  0.61849986236886845  0.62494005531661767  0.63147214947830699
  0.63789718439157894  0.64443048300747574  0.65095546485665390  0.65756066805196955
  0.66408176850024692  0.67070370125276502  0.67780007077798199  0.68480493339308102
  0.69261238567953110  0.70067928900226673  0.70888267046562592  0.71739395965186026
  0.72628204788624184  0.73573615822189675  0.74614495996273367  0.75743124384792693
  0.76912775237094522  0.78148449991919244  0.79488048680745016  0.81026840637660624
  0.82852896086898309  0.85008499058081421  0.88697937408743655  1.00000000000000000
   1.1364667639331892E-012  -1.0000000000000000     
 T T T T T T T T
  <DiscreteSampler_grid>
  grouped_processes
  1 # 1 for a reference and 2 for a running grid.
  10 # Attribute 'min_bin_probing_points' of the grid.
  1 # Attribute 'grid_mode' of the grid. 1=='default',2=='initialization'
  0.0000000000000000 # Attribute 'small_contrib_threshold' of the grid.
  0.5000000000000000 # Attribute 'damping_power' of the grid.
 # binID   n_entries weight   weight_sqr   abs_weight
    10   10   4.428862085032119E+000   2.719130087161577E+001   4.428862085032119E+000
    11   10   4.428862085032119E+000   2.719130087161577E+001   4.428862085032119E+000
  </DiscreteSampler_grid>
