 -0.00008346528626411  0.00079922527501361  0.00183696248381873  0.00334091666460823
  0.00526114375344331  0.00766888903344403  0.01049781040909203  0.01377704777548970
  0.01739793315815700  0.02143083458729961  0.02578384292031768  0.03030012806483079
  0.03519261810658528  0.04050517615306029  0.04602192929621558  0.05167967082127761
  0.05759516467448002  0.06377078154167681  0.07013897809244829  0.07658596179256440
  0.08319920633437040  0.09003265850739467  0.09707480030905068  0.10433215414523871
  0.11185041053588066  0.11955874441459551  0.12753715882650885  0.13561366074872427
  0.14404862451252734  0.15273912550457766  0.16170192602781169  0.17082907786374463
  0.18003565677849542  0.18927425139699530  0.19857401271100100  0.20820327376303099
  0.21831075528213112  0.22850627706180254  0.23884177477001198  0.24922085247752093
  0.25936091398294780  0.26967107694853215  0.28050448644672421  0.29195252046013526
  0.30405436660484453  0.31631464802458870  0.32831455947499572  0.34003013310337926
  0.35165437711524700  0.36329004367917844  0.37530467418189623  0.38737839702994181
  0.39946474387151976  0.41131125587155115  0.42323850383271755  0.43536159989939421
  0.44743805246906304  0.45968104144773914  0.47249568182820673  0.48555755927709421
  0.49867561377159070  0.51185646123763129  0.52499571783578547  0.53816182045369299
  0.55207387898852334  0.56613649590789672  0.58036303464116779  0.59445833124902658
  0.60842615214805595  0.62233080105720684  0.63603955706002291  0.64897675101958807
  0.66191997561815019  0.67480347255800155  0.68751322312143359  0.70024544416608914
  0.71390715075371614  0.72830603005021100  0.74273650967068028  0.75733428610093356
  0.77199116759543340  0.78644670952439588  0.80094975854488992  0.81511632487703156
  0.82957422760913768  0.84460387334252862  0.86027376080395013  0.87601275150583313
  0.89180830409722356  0.90760454025686665  0.92334828674572389  0.93903516622531036
  0.95439168051310341  0.96966305113242057  0.98488910114152262  1.00000000000000000
 -0.00275095408189386  0.01069645308653117  0.02170169702599096  0.03119129848042887
  0.04092679287538162  0.05040332881568298  0.05973891893124915  0.06922639538550715
  0.07823856728882354  0.08940102120704004  0.10133862634751728  0.11326194115336047
  0.12503172241478611  0.13704756171169163  0.14916180528755921  0.16131604643084793
  0.17330817246746338  0.18513471515175592  0.19649493368295659  0.20734664718558121
  0.21795136928801559  0.22852930178777164  0.23900637585967527  0.24928269938301439
  0.25983869848081587  0.27086263220334694  0.28192628613733856  0.29258041920798450
  0.30314389623591198  0.31357054446824345  0.32374648511828508  0.33448404383233793
  0.34599660968309831  0.35764945420619276  0.36941573228936952  0.38054783311934171
  0.39167899558413544  0.40270982345382872  0.41311125070144700  0.42297860119381098
  0.43216051475167655  0.44150333897425281  0.45102146073048571  0.46079259611463713
  0.47077082170236262  0.48127372823145598  0.49215635359810467  0.50241716608639964
  0.51215963830132971  0.52195783243105054  0.53213901456391044  0.54249524923610826
  0.55294185680805163  0.56384137915715482  0.57452352999654777  0.58484606010371576
  0.59485600004245753  0.60466050743039101  0.61405855979319990  0.62320780147985189
  0.63263713303152169  0.64253055339879173  0.65272838431521851  0.66245555959731683
  0.67272051093935392  0.68345266673287597  0.69563013683640795  0.70772693394406783
  0.71952640295679238  0.73030073581214883  0.74054731151579012  0.75074064125031825
  0.76111341822255763  0.77138362490981616  0.78160341313058757  0.79154741991268873
  0.80222250712852039  0.81268404743533007  0.82197707008690446  0.83101401967935484
  0.84058041408902473  0.85017207954445673  0.85976619895381734  0.86902789470002206
  0.87860119159603989  0.88963184099739179  0.90042373158810274  0.91138986297872759
  0.92260670737467387  0.93415295411870047  0.94564351554192672  0.95689480351955170
  0.96732623271581319  0.97804478908191528  0.98894143764401710  1.00000000000000000
 -0.00153787547513972  0.01200966400101369  0.02271893703745393  0.03181293849728909
  0.04014247987444441  0.04805568950401171  0.05580914181418172  0.06337292951918555
  0.07076195735441736  0.07759296319231272  0.08444940957565486  0.09085658762173039
  0.09687619244273740  0.10288254951146436  0.10890946387294716  0.11500208548977461
  0.12125330349712979  0.12765115815157674  0.13409059972560980  0.14061167926654025
  0.14707952938118168  0.15351342185768516  0.15980225331037182  0.16593651189160466
  0.17216255310059880  0.17856321882044771  0.18506873879417873  0.19167748448079011
  0.19838998730223137  0.20526707929190366  0.21170355323500081  0.21774953065208347
  0.22395544015105964  0.23036863949209804  0.23664239929026937  0.24284883626788786
  0.24922438391530449  0.25576703610471463  0.26239249086927785  0.26897611979284025
  0.27539280877121014  0.28168125936635935  0.28790699305903655  0.29412930990934855
  0.30033412444140334  0.30666027893452735  0.31295884786657868  0.31922673266018214
  0.32575572162645600  0.33246191271232867  0.33948135165432136  0.34654238905402146
  0.35362262690637464  0.36056479016175180  0.36735404089472073  0.37417135099714804
  0.38109990743092698  0.38808482883380102  0.39490869661565731  0.40168309178129763
  0.40861695535434023  0.41601512037965305  0.42387932835862002  0.43201820181007111
  0.44006581599644440  0.44788094790163402  0.45583402693971764  0.46443497964567887
  0.47346464135940824  0.48232196375522923  0.49089379214825130  0.49999870990999118
  0.51009482390032235  0.52014830384330590  0.52946812325784143  0.53865111803860177
  0.54840856671139826  0.55898611913195617  0.57003339409925136  0.58138051862518780
  0.59281745749063985  0.60449267807593376  0.61686010645190714  0.62972313669249669
  0.64376962974867702  0.66024142691474486  0.67915766107585729  0.69928363582922115
  0.71976205881784416  0.74038683239308689  0.76138564991474889  0.78325855501406760
  0.80819165160004436  0.84059550051140108  0.88895579819254777  1.00000000000000000
 -0.01458837164927573  0.09018838602021062  0.12678324459501306  0.15281445069162827
  0.17290320910037732  0.18817881295098438  0.20081893452287691  0.21249870128658196
  0.22351000537230148  0.23444719553971083  0.24503271110396732  0.25545366148985965
  0.26546421933046399  0.27463703668209816  0.28322953049186628  0.29155476493581906
  0.29947357228025723  0.30700238323188767  0.31441161875881485  0.32168815051359251
  0.32873873835729533  0.33554273161632142  0.34216850690897727  0.34863507193429988
  0.35500585464605006  0.36154244959243326  0.36803007107848790  0.37438044277922622
  0.38047038077356393  0.38637513756727698  0.39230989721225146  0.39849199487336112
  0.40461695166072981  0.41070550246695398  0.41669695602480633  0.42249557599189669
  0.42831283190489861  0.43405895298267128  0.43983560430387653  0.44595188542925834
  0.45229279909286579  0.45858630329222638  0.46484317608828790  0.47082749523240480
  0.47677693694157103  0.48267563707245342  0.48839639908274013  0.49390943324296011
  0.49923457039111957  0.50442561452255774  0.50967648577612712  0.51512970164976013
  0.52068548577462470  0.52702609899534436  0.53299439263235349  0.53896032865676180
  0.54497774071032667  0.55099206961634339  0.55686540957154362  0.56250588874738128
  0.56804015273188424  0.57375276647408746  0.57966609696330129  0.58584387923154746
  0.59233831588913688  0.59898432498069121  0.60536520447142050  0.61154489202857110
  0.61768553732662312  0.62389139800365023  0.63028121390898129  0.63682789141375129
  0.64339953068097167  0.65018077776184313  0.65725926860642836  0.66475254540875117
  0.67238495575489554  0.68006680864320324  0.68803653755595340  0.69604350179760144
  0.70434535391139053  0.71298281703172750  0.72204811190138629  0.73142085088226805
  0.74152177028841615  0.75214599943223837  0.76468913949933170  0.77645104378131125
  0.78860334708728674  0.80184919916800446  0.81640771102720711  0.83277717010885477
  0.85230061338627106  0.87616620480814011  0.91096405407139791  1.00000000000000000
   6.3615675318838576E-015  -1.0000000000000000     
 T T T T T T T T
  <DiscreteSampler_grid>
  grouped_processes
  1 # 1 for a reference and 2 for a running grid.
  10 # Attribute 'min_bin_probing_points' of the grid.
  1 # Attribute 'grid_mode' of the grid. 1=='default',2=='initialization'
  0.0000000000000000 # Attribute 'small_contrib_threshold' of the grid.
  0.5000000000000000 # Attribute 'damping_power' of the grid.
 # binID   n_entries weight   weight_sqr   abs_weight
    10   10   1.698985845171581E-002   4.139890974644615E-004   1.698985845171581E-002
    11   10   1.698985845171581E-002   4.139890974644615E-004   1.698985845171581E-002
  </DiscreteSampler_grid>
