  0.00839527008280624  0.01921677810969628  0.03079313791142874  0.04184677176527880
  0.05201219280189608  0.06220266081178542  0.07190042356122785  0.08083183344765636
  0.08985643204107603  0.09893505842970536  0.10809120541917251  0.11736681441850005
  0.12755842196027112  0.13863844731344066  0.14943337573317181  0.15955410759289093
  0.16986367595672563  0.18092975101062372  0.19310362712924314  0.20567331450403956
  0.21786545554692452  0.22902181850169812  0.23939437560289109  0.24928809536142252
  0.25908326376044505  0.26943843920527744  0.27956665136396780  0.28956365014722707
  0.29955982563951683  0.30969371539777768  0.31995315272905073  0.32999759666566197
  0.33978454222497545  0.34967868041016859  0.36020981980754940  0.37119161292111874
  0.38270615749725723  0.39381608825117137  0.40508722479514658  0.41569065217205098
  0.42585505723773809  0.43629012640949871  0.44653901804698992  0.45674867795353002
  0.46685512383225952  0.47742355602147446  0.48903840550713612  0.50092688844929889
  0.51243293599780027  0.52391827015960202  0.53554522573699104  0.54687472312887475
  0.55765098272694125  0.56818579387447321  0.57877171704607744  0.58896621027381091
  0.59875414539549943  0.60869704844455574  0.61868271437907896  0.62879946934784925
  0.63882678784082125  0.64907686048336821  0.65988790054110147  0.67112692314972411
  0.68258830604612963  0.69330165025355472  0.70336562548244119  0.71333870259508725
  0.72346236067763547  0.73362380387811732  0.74400020125311672  0.75478556146744347
  0.76565224839950308  0.77600752034895748  0.78586324927129547  0.79609784092467495
  0.80646811122664031  0.81660442529547639  0.82646609848300945  0.83621013795371446
  0.84617146240841334  0.85659933441527025  0.86748384191337891  0.87828323715589585
  0.88849012507486558  0.89849154857148150  0.90858547797234668  0.91861336188994280
  0.92834465666577515  0.93794465767348678  0.94767439220728922  0.95777183675046584
  0.96826638226222150  0.97899289776874709  0.98943298681822212  1.00000000000000000
 -0.00083123201581977  0.00460429950768914  0.00718146892093728  0.00983113280403235
  0.01272496798774139  0.01628928185570864  0.01985286647013334  0.02378843867303371
  0.02806796778618204  0.03259344354501120  0.03750530507619310  0.04290764265571195
  0.04843410912294783  0.05424179091415551  0.06043736172695972  0.06696911337433004
  0.07363904458257337  0.08035680016878931  0.08814255952299099  0.09522536863126393
  0.10255124601924454  0.11005906772488690  0.11799348465152500  0.12604999751819143
  0.13399476047769077  0.14169045846534212  0.15002366438817141  0.15855025832580491
  0.16769327032632425  0.17701873149792521  0.18674714317434454  0.19656400935582186
  0.20606099910603040  0.21555867086600686  0.22503399618255537  0.23505795389312312
  0.24534361141249444  0.25546089487895224  0.26550504872600578  0.27576012363349889
  0.28667251395340532  0.29743528693768628  0.30889967135889651  0.32033716771008874
  0.33119358923363501  0.34244181762320025  0.35397513579626888  0.36524117518558535
  0.37626244457220215  0.38707621327833658  0.39771613804561629  0.40836760280579321
  0.41866799020892265  0.42953961185020034  0.44042063825090427  0.45180324706093944
  0.46384254025163968  0.47644809939392929  0.49013631419874082  0.50452481238458224
  0.51846536221454742  0.53232218312590640  0.54609496371274224  0.55990677911440634
  0.57363933604758643  0.58717296508106054  0.60034308449153084  0.61304333613783624
  0.62544885694600816  0.63818155573152935  0.65114555512174654  0.66417767763499602
  0.67694099990207379  0.68950830967351995  0.70195147395050106  0.71443813259840883
  0.72735988285650932  0.74071089942272839  0.75437878782419454  0.76848272196503931
  0.78233157776298723  0.79656536204056239  0.81132384937597135  0.82628033267251078
  0.84121113444981510  0.85683608379197251  0.87215042551100375  0.88713170151420562
  0.90170268837803502  0.91581999898367017  0.92985453761045445  0.94375363345169372
  0.95764493631794745  0.97164756153514265  0.98579467623952366  1.00000000000000000
 -0.00194966471966173  0.01079777140051497  0.02111200861431757  0.03228117388936819
  0.04310990586349764  0.05464918679259564  0.06583685566872273  0.07685435100398452
  0.08725118988991547  0.09741399667407429  0.10747110377435934  0.11782623197659334
  0.12903027090710414  0.14009574583680615  0.15099833605016463  0.16139833999822198
  0.17117129133940517  0.18062261292882179  0.19029308474902162  0.19997198840295927
  0.20940216365157796  0.21940595355616527  0.22890799559243344  0.24072299178161205
  0.25192490355879366  0.26216868200331644  0.27250513296235734  0.28260845373707116
  0.29291325664268458  0.30310994383565265  0.31323552998434406  0.32374027230891328
  0.33428331186855331  0.34487090469332549  0.35603011948383723  0.36655436985795437
  0.37693273122753634  0.38691510332368328  0.39719276967910561  0.40738929104896970
  0.41773740824821665  0.42765482028079438  0.43752290020719364  0.44733968970983806
  0.45727843738762503  0.46756026646747545  0.47804602205125674  0.48882447779586347
  0.50001983025884700  0.51204414183305447  0.52414665338590483  0.53537846357868524
  0.54619364650851454  0.55713383784393844  0.56761919974277830  0.57815283004779594
  0.58916854045786260  0.60066378828586764  0.61162827637277606  0.62214583533487422
  0.63292808042577031  0.64397505843910186  0.65522136379661766  0.66633625631312010
  0.67673715510203680  0.68668208147208520  0.69675219086079188  0.70683619358429239
  0.71686931193897219  0.72667105309127378  0.73705634619574245  0.74782843121507758
  0.75846063997044855  0.76943480406241160  0.78048009612980052  0.79104854888178144
  0.80196937522041878  0.81312259246768115  0.82488715515384026  0.83653616799069797
  0.84829240484489876  0.85902225939682941  0.86929192053709159  0.87960310954751053
  0.89071696704884240  0.90087504870950319  0.91042822675722590  0.92003581940631785
  0.92987325881466765  0.93970982663857616  0.94941552241400184  0.95934042086229621
  0.96943410827718657  0.97965812019123344  0.98970084131773040  1.00000000000000000
 -0.00234848396942774  0.00976260500061425  0.01976806574050155  0.02991058625009091
  0.04035915002886393  0.05161164659678046  0.06288493594673972  0.07459641366193392
  0.08618038492355809  0.09802327385659422  0.10950357099557459  0.12071281763319218
  0.13155657290471542  0.14185902765453573  0.15208009986580870  0.16230742282930841
  0.17291900846692293  0.18393136652521930  0.19438433116190781  0.20434658173636483
  0.21447781253026388  0.22493999205682563  0.23542177661191513  0.24613414422414537
  0.25768625856548677  0.26991425078265491  0.28216038546272637  0.29418425944057869
  0.30592251457348674  0.31670508553885646  0.32660692416332504  0.33658047841198552
  0.34688956036745516  0.35708820273939595  0.36665476095578198  0.37642538639405498
  0.38689336437590405  0.39765740407923506  0.40865760802438045  0.41942534282484956
  0.42979560612866208  0.44011888914359387  0.45074352720704902  0.46138616277257793
  0.47226147153680420  0.48357327667283795  0.49500554461180507  0.50619901727174366
  0.51715840663990287  0.52804123918419854  0.53911131268754064  0.55032022885510756
  0.56113530979712900  0.57147738578476304  0.58120506101089109  0.59091003107540052
  0.60055963467613160  0.61059220870562192  0.62035181393023864  0.62993142926058565
  0.63959563260063335  0.64981983667215648  0.66070974500727397  0.67189199695739554
  0.68308211043944667  0.69323937212197817  0.70321955635376621  0.71351464000263609
  0.72424874900821412  0.73438662604584992  0.74432447077812047  0.75438155896637371
  0.76476592277697542  0.77499768021871940  0.78507712591303269  0.79515203995086592
  0.80544216121541024  0.81555452904846415  0.82532391266260108  0.83547652011220375
  0.84608800574123177  0.85660862821964290  0.86685859499600004  0.87698270907216624
  0.88721224959832423  0.89732239303101302  0.90749171518637883  0.91769964530888726
  0.92791820849304796  0.93844059521617085  0.94931322559115128  0.96026937565836479
  0.97086882525070506  0.98117986356363684  0.99066753602352819  1.00000000000000000
 -0.00290361458514589  0.00998214109993400  0.02134021610273265  0.03278572426209941
  0.04444297989942011  0.05630115912674252  0.06795238998532521  0.07926453019877333
  0.09052871881944603  0.10160385343879338  0.11172402186873649  0.12162950885124428
  0.13172662748420508  0.14176063263608429  0.15159903844035461  0.16113363795838789
  0.17049536335424700  0.17989681428853496  0.18989150082078762  0.20038140581013897
  0.21029942118390990  0.21909855970751607  0.22791984197445025  0.23720123526416448
  0.24733482293789799  0.25756410021275067  0.26764593346278337  0.27721947557637600
  0.28691722949083565  0.29697007417957033  0.30731890891769753  0.31784182519233523
  0.32822643993118134  0.33837665665830896  0.34819601329829780  0.35787775560760804
  0.36733411039708602  0.37692350324464141  0.38696586022973867  0.39766991416306524
  0.40926206778953556  0.42078575045703676  0.43217459222795729  0.44254204538449027
  0.45205853355596626  0.46132743070352433  0.47061083864946662  0.48030142205425497
  0.49070717866817271  0.50216063434290159  0.51431974692153215  0.52620276876752947
  0.53754986435946828  0.54854007796065063  0.55904608067542583  0.56898857522344937
  0.57899917165267578  0.58961268070193218  0.60067570053411123  0.61184616619876231
  0.62264864198209424  0.63352918315817752  0.64442075016804201  0.65560125089430987
  0.66732758599889175  0.67978237553219012  0.69192118810833625  0.70315394038669110
  0.71442261135617890  0.72607134067958645  0.73802451353504572  0.75014335291194278
  0.76235182779622401  0.77412003855419353  0.78505924832782426  0.79581982533931062
  0.80617509484678318  0.81622223942771188  0.82593477474174060  0.83588213994550242
  0.84631008644391281  0.85669191462385974  0.86670391173268058  0.87668412434113696
  0.88715132430318777  0.89824173261539786  0.91007160205813620  0.92163581217975077
  0.93225954646838194  0.94201252555075621  0.95142385239893668  0.96140806560885828
  0.97148730712813280  0.98132752052039474  0.99071781415636540  1.00000000000000000
  0.00821732973016331  0.03292684608597053  0.04852601310690064  0.05992611696580042
  0.06957664065082472  0.07833659892017381  0.08678841222719862  0.09457553519001029
  0.10217175424385834  0.10902023616323850  0.11546368816212706  0.12173714626997417
  0.12811196165605337  0.13456104056762355  0.14118053684988946  0.14767059013801415
  0.15386918915845516  0.15978750049584214  0.16572525284493111  0.17180850033830553
  0.17801152923999444  0.18424776287042838  0.19047969158422695  0.19678869534234472
  0.20293297102084548  0.20913636795910989  0.21532084541058943  0.22165873681216103
  0.22812473672978220  0.23428859915627917  0.24037770464736435  0.24637412809984671
  0.25224241169839046  0.25806986997642017  0.26383649450784913  0.26947089483569664
  0.27502777010632001  0.28057385921811523  0.28620524912800083  0.29198331478049094
  0.29784904621192060  0.30377456796876179  0.30975114331249437  0.31587109568652111
  0.32213601104360934  0.32840679072098894  0.33462275089312310  0.34108524322086081
  0.34782500490661461  0.35483390166244511  0.36221438709871084  0.36947247343552048
  0.37667289113049851  0.38395521928185378  0.39126490349623116  0.39832073772327042
  0.40508090271241243  0.41170908512702126  0.41842566009234478  0.42536794443723391
  0.43249638289138614  0.43980396347410511  0.44736109298985344  0.45526788635969362
  0.46367291002556976  0.47213683164319964  0.48015526048707108  0.48845556104872745
  0.49663548192318852  0.50527074770135716  0.51431447544999531  0.52359655130240945
  0.53260158644172850  0.54128635015860338  0.54977626957576853  0.55857616477874883
  0.56771254753534572  0.57738770060950173  0.58778277528187617  0.59850078786404570
  0.60919449955915350  0.62012105450200039  0.63199000775861736  0.64465957153684450
  0.65742838788819180  0.67069787109887413  0.68460454395902970  0.69896227058770499
  0.71431813925479404  0.73127546797764087  0.75018733690938710  0.77220165080966585
  0.79734878851022373  0.82837134907268117  0.87668512413544131  1.00000000000000000
 -0.02367911586584479  0.13890518003799909  0.17638780211163005  0.19853177060824306
  0.21526710045583239  0.22928524109046405  0.24139404327762837  0.25276511642270039
  0.26346139933876861  0.27342282433000686  0.28165617006033467  0.28971466038730065
  0.29724651020897619  0.30444544224960268  0.31151863776818628  0.31854113073627932
  0.32543077412708121  0.33224123054079313  0.33868170810852827  0.34494523551747902
  0.35091371000160143  0.35681694727120306  0.36262783671899917  0.36850082894045222
  0.37419011667214946  0.37961241792069511  0.38483690845431756  0.38998758284794049
  0.39517306647702699  0.40056617172844039  0.40628445122564488  0.41211628024507968
  0.41781515880031800  0.42330585334086046  0.42852976890029815  0.43371951121335650
  0.43897323725466503  0.44429102504528362  0.44957076651975691  0.45505572922516979
  0.46040376036645231  0.46559489624061284  0.47069876832711882  0.47572273327274311
  0.48056340006290804  0.48536951213071566  0.49021505836783080  0.49512484335879159
  0.50010617904831611  0.50505045853095976  0.50990971875063773  0.51479516333608633
  0.51957872370303881  0.52457681869647577  0.52960534802131642  0.53462182951812032
  0.53965560510216048  0.54470820551281418  0.54983120172748601  0.55494884818560364
  0.56012102467932479  0.56542859984089666  0.57075681866910233  0.57595504895031047
  0.58110735951520920  0.58629000224943373  0.59161165692117268  0.59740951968335210
  0.60329365323735529  0.60919388954886022  0.61511245488585187  0.62098786111561866
  0.62688876383341585  0.63294576210483389  0.63907739272271746  0.64528988154251066
  0.65210282602890368  0.65902137162121577  0.66617409122707949  0.67306339431693196
  0.68003907397492702  0.68724794853277127  0.69526092221405122  0.70375013735741365
  0.71203983029546702  0.72064420012537644  0.72938089680238138  0.73884992877086697
  0.74892807655620208  0.75982130126135605  0.77140264412747861  0.78447536249349148
  0.80082340746681280  0.82344760166282860  0.86400657229397848  1.00000000000000000
   1.8494344031952975E-035  -1.0000000000000000     
 T T T T T T T T T T T T T T T T T T T T T T T T T T T T T T T T
  <DiscreteSampler_grid>
  grouped_processes
  1 # 1 for a reference and 2 for a running grid.
  10 # Attribute 'min_bin_probing_points' of the grid.
  1 # Attribute 'grid_mode' of the grid. 1=='default',2=='initialization'
  0.0000000000000000 # Attribute 'small_contrib_threshold' of the grid.
  0.5000000000000000 # Attribute 'damping_power' of the grid.
 # binID   n_entries weight   weight_sqr   abs_weight
    10   10   1.299312690839128E-021   3.276429092710565E-042   1.299312690839128E-021
    11   10   1.299312690839124E-021   3.276429092710540E-042   1.299312690839124E-021
  </DiscreteSampler_grid>
