  0.00010903618595071  0.00145519709327265  0.00249604249002922  0.00328516636149768
  0.00397907226006178  0.00460713579424066  0.00520123743518620  0.00576704085847905
  0.00632681708276605  0.00688204587100587  0.00741660840614897  0.00792645849882992
  0.00842751986965082  0.00893500023277936  0.00945878234637747  0.00996396957599602
  0.01044202733916250  0.01089034220646495  0.01133610139461544  0.01176149961569392
  0.01220995697287077  0.01265627785559072  0.01310444930074709  0.01353857375627505
  0.01397147678959846  0.01441317696284964  0.01486078526111411  0.01531223383261428
  0.01576284420253025  0.01620264022216501  0.01663763672094066  0.01707041596317472
  0.01749459922846317  0.01790825154073303  0.01830598178865657  0.01869470711404129
  0.01907597339417016  0.01945660921848540  0.01984321962060690  0.02023386186749331
  0.02062632934030051  0.02103864352779135  0.02146903205261911  0.02192441646978869
  0.02237673629091886  0.02283661289420526  0.02331573778566115  0.02381670369869025
  0.02432683208480789  0.02482131289100774  0.02530019379675145  0.02578947894213585
  0.02628281767265948  0.02677437337973260  0.02726105508086587  0.02772874117054778
  0.02817994758814779  0.02862051422169361  0.02906313905431339  0.02952192822692223
  0.02999224123806554  0.03047333269388906  0.03096646983221438  0.03145955537173366
  0.03196453290650323  0.03247009570774220  0.03297318194664971  0.03347075325705874
  0.03396631493860280  0.03446626664177567  0.03497152252035794  0.03548696356698687
  0.03601016856693286  0.03655457036049434  0.03709843585752330  0.03765442560326390
  0.03821616707405139  0.03878182199639347  0.03934878435098516  0.03993023534951654
  0.04053281074215345  0.04117128256116230  0.04186780408793848  0.04265486532913170
  0.04350818524963310  0.04437225335744750  0.04529276709693682  0.04631809290497343
  0.04776997229946105  0.04997519603505432  0.05315761842690179  0.05690689528576912
  0.06142200086414466  0.06810957255619787  0.07278966827869404  1.00000000000000000
  0.00768743320869778  0.02149795335891491  0.03680916519953950  0.04995556664624255
  0.06232751146776359  0.07161741423436160  0.08164593181313971  0.09162121538967316
  0.10148744474816022  0.11030117193915702  0.11866703686081219  0.12760043375957691
  0.13779874432438471  0.14838732183290612  0.15868702123687256  0.16896648667003353
  0.17968253432836301  0.19062143992883265  0.20126685199545025  0.21151023257824400
  0.22140739047578897  0.23166848346208424  0.24236022202679822  0.25296509419064106
  0.26313474959390543  0.27308140164384537  0.28314060264323271  0.29332048180098608
  0.30312542596741049  0.31283550371677610  0.32194741767052826  0.33123607757934814
  0.34054660984818569  0.34975650535854447  0.35888316583710350  0.36796820795561080
  0.37752278826199376  0.38798151910888251  0.39924226588081591  0.41082691398597404
  0.42156480850965822  0.43150676623485534  0.44130183436516163  0.45134791306660865
  0.46139354198263999  0.47071491354830297  0.48057956576332928  0.49021035312078970
  0.49988468995749402  0.50950509179906400  0.51899614881865264  0.52837256779056541
  0.53811295174068108  0.54875525644990875  0.55983248734490287  0.56995801717072547
  0.57939816944731759  0.58923148331560826  0.59924107357450385  0.60926610366922496
  0.61904251204126992  0.62906056398124588  0.63999582295255597  0.65218343470592777
  0.66403700538428234  0.67544919622789334  0.68584088744416549  0.69489211850254917
  0.70383445043585757  0.71261917230037919  0.72127369841623179  0.73013793417509354
  0.73867534332367568  0.74691197071248883  0.75543608256038308  0.76471252221226005
  0.77388666642968218  0.78398613280325591  0.79356038872147006  0.80382337215293997
  0.81458643789052843  0.82616438703489103  0.83627653967284832  0.84551835962383859
  0.85519087210132716  0.86457938506099230  0.87335660679463378  0.88218052546292025
  0.89194905754452813  0.90347327946359679  0.91567034403264524  0.92858794156805735
  0.94198926506954539  0.95636692193380046  0.97487148806674218  1.00000000000000000
 -0.00129242556701820  0.00577282502711416  0.00830810638570469  0.01103375329134523
  0.01432507137723421  0.01758678207414485  0.02129875483887530  0.02549721724615908
  0.02978836460522349  0.03437803199337983  0.03897206804263992  0.04380065292505676
  0.04881304929813155  0.05408231544209707  0.05922916485972674  0.06465534088390129
  0.07077973435064225  0.07849095362303081  0.08566974612781672  0.09271047365208547
  0.09973736180735022  0.10679623430731662  0.11389566170908987  0.12101601063339315
  0.12809983041711384  0.13612051087358745  0.14467167411296938  0.15304013072260900
  0.16194424856128831  0.17083534502536141  0.17950487231975712  0.18795981832816219
  0.19663697205738706  0.20619036631087528  0.21664409734768020  0.22733032399038700
  0.23777710266746568  0.24762160121199264  0.25681260349351376  0.26583376346497362
  0.27540578716870401  0.28585045971289164  0.29604242468287872  0.30642934008522421
  0.31682499239693451  0.32723073971027006  0.33801780580798269  0.34971135242674295
  0.36274887705587611  0.37587899114922768  0.38846247583046734  0.40066789354308197
  0.41269013560099382  0.42461791793620257  0.43641767066042186  0.44907148580449929
  0.46275362753870247  0.47544890518380833  0.48712153200070823  0.49827441150882884
  0.50948726878429840  0.52101493597937532  0.53283159940936964  0.54479006624347681
  0.55654173030865195  0.56878449475115789  0.58053296556304868  0.59214136815096430
  0.60342453981150368  0.61518183926557446  0.62722876921682691  0.63971555270660685
  0.65294500959095203  0.66710618661810983  0.68193329821739956  0.69783258430619133
  0.71310059094474898  0.72808087764278717  0.74278464611641715  0.75735490305593434
  0.77221681967261135  0.78701678326214786  0.80216513106403942  0.81745802344857099
  0.83272426173355540  0.84787503315294810  0.86294708701069123  0.87837895964201940
  0.89411679935426958  0.90935958460454192  0.92324465985900217  0.93786433039105765
  0.95292561526141739  0.96823382830526905  0.98384447258154339  1.00000000000000000
 -0.00234748853957751  0.00984512988140478  0.02038517421579185  0.03180095630361289
  0.04310504088643041  0.05356621343445608  0.06335698463350903  0.07339443614134109
  0.08336815265965263  0.09370528480532411  0.10417057784134977  0.11317934100272939
  0.12191814742307870  0.13067456003372008  0.14016437561966197  0.14985890226539300
  0.15991094305389755  0.16956795336698677  0.18051473065513857  0.19138079637809005
  0.20218474173267889  0.21329291422000141  0.22432449503486374  0.23511278922156942
  0.24600883198580548  0.25692810389252851  0.26805020406633850  0.27911622655573493
  0.29044763142369273  0.30223653133749168  0.31421381513593999  0.32576760850278297
  0.33715714430561350  0.34760660758401596  0.35766011297942824  0.36751144849309381
  0.37786241455007546  0.38851346721568458  0.39867581026027099  0.40857521476362652
  0.41873333335246760  0.42992038872245286  0.44155739759651580  0.45258638891283515
  0.46344704097126910  0.47464015845577545  0.48520458998220140  0.49586419080221544
  0.50603586129564115  0.51601563030160891  0.52595844927606039  0.53519009475075086
  0.54503343785166103  0.55498000956235349  0.56570603918197837  0.57716111278416926
  0.58860873306310035  0.60027570663010799  0.61199237381388971  0.62353042571738315
  0.63433395670562709  0.64447947855302345  0.65455965564710850  0.66477148543073505
  0.67528324947096674  0.68606412285045537  0.69701171198449863  0.70830276925252078
  0.72024434727235009  0.73307058737487740  0.74619853447747020  0.75875467622482073
  0.77051999334252830  0.78255270230858531  0.79372611543474747  0.80310717028681722
  0.81286000800130087  0.82272124291132753  0.83251255825990933  0.84193462459990165
  0.85133587344014872  0.86117396572699667  0.87139440212423147  0.88121421731937644
  0.89060649416141979  0.89969653216599865  0.90875518398715294  0.91850326965657803
  0.92884482174482053  0.93747750287018927  0.94649982403441824  0.95514039967886355
  0.96576026595414000  0.97763319910100499  0.98918356636531801  1.00000000000000000
 -0.00179801228940527  0.00853533049646821  0.01769149483112215  0.02830560707802193
  0.03860819393984496  0.04832212393817489  0.05795748052926611  0.06822613683719575
  0.07928107700891648  0.08989442553931519  0.09979173967111833  0.10908552066711974
  0.11784646957133517  0.12725957289568574  0.13728313707299852  0.14738525307289907
  0.15704890080654488  0.16671753669901171  0.17695279615494081  0.18854068665545490
  0.19968030047465801  0.21114201258355447  0.22093574754662706  0.23069468740702928
  0.24073224466939061  0.25176997413743663  0.26375156844941111  0.27568344916975168
  0.28816306259130170  0.30003280449882963  0.31238256395045011  0.32286225002374447
  0.33323128727740770  0.34268382859392543  0.35191837398591724  0.36086186396304648
  0.36931682499269963  0.37803731517061412  0.38714351292443383  0.39630604018315557
  0.40644604101073140  0.41651898767410411  0.42619755553518235  0.43600574052044400
  0.44604531581830864  0.45639313202685933  0.46686556674497126  0.47778662930324867
  0.48865952350331532  0.49915483377485315  0.50954925598706946  0.51994590219866987
  0.53028284751754984  0.53993061495421979  0.54997443433951154  0.55985410376273670
  0.57028326120624995  0.58145680823617918  0.59349525577929918  0.60545004352706999
  0.61694174015753067  0.62756287512401132  0.63765700899045175  0.64777815660526383
  0.65798609937747610  0.66860650760868701  0.67901490294125966  0.68991144495798873
  0.70108773562264881  0.71194143685142774  0.72275112711846723  0.73396685572362508
  0.74550799834304704  0.75707161387698996  0.76878376388123715  0.78085616058967833
  0.79297001382045873  0.80466713286920077  0.81636679232037057  0.82821892297519895
  0.83949830817894844  0.85028557559862239  0.86140230455756006  0.87312758768061771
  0.88397338286604332  0.89422360794170874  0.90413673072874623  0.91451085292148593
  0.92482373821356301  0.93548998452278043  0.94725218928379806  0.95913119971170502
  0.96954030325113905  0.97934489813084613  0.98917542840642159  1.00000000000000000
 -0.00205117190807244  0.01012328300287707  0.02088114343618580  0.03167221992988208
  0.04197800735472115  0.05250373642083802  0.06321939635128451  0.07374545149315601
  0.08437901335137353  0.09492613867087175  0.10492713765554001  0.11420216674265625
  0.12385546113966593  0.13434307205282595  0.14478377483819141  0.15430633150077694
  0.16365457464165198  0.17326527828666496  0.18363060267055159  0.19417936367864241
  0.20528205180754230  0.21735959783337488  0.22967212342348972  0.24125377035190279
  0.25260356417183683  0.26400880456677583  0.27564840304314658  0.28738556621239270
  0.29959597769478818  0.31199828802632706  0.32396228292526219  0.33552504580591808
  0.34663681373297778  0.35723275326605436  0.36747299364690772  0.37768266410545898
  0.38801035371326326  0.39901062430824813  0.41038498948608959  0.42168860403104846
  0.43393927245033243  0.44615678561557343  0.45854968456173445  0.47054615290727253
  0.48167109467836161  0.49276266368712884  0.50351417989919911  0.51378590603050023
  0.52461781643317962  0.53570250216628679  0.54619456529587562  0.55552394518071391
  0.56478404144183980  0.57475904227865093  0.58538771370274745  0.59618775441672289
  0.60764464312843447  0.61998734059355032  0.63130773319595590  0.64178960391408180
  0.65255629415243999  0.66381296362449460  0.67497340902905856  0.68500422742691258
  0.69528035257068310  0.70567456591750588  0.71567504893252709  0.72596174120255130
  0.73740664646446774  0.74985841115305507  0.76073673448869983  0.77218906527225084
  0.78134228495730051  0.79043351492734859  0.79903347063981467  0.80827229179951754
  0.81768767969163614  0.82695733707205021  0.83590871943099787  0.84463818331642604
  0.85352338384751492  0.86338256366616750  0.87398221167736989  0.88395951688837437
  0.89369488572100564  0.90290728992752678  0.91133806554814800  0.91945805334803099
  0.92756939688352824  0.93603631490270967  0.94571517656260273  0.95535432289246891
  0.96562160169747435  0.97687431952263615  0.98789828183099415  1.00000000000000000
 -0.00265366062476899  0.01067778571951129  0.02094526071952399  0.03027229963743423
  0.03909977849109933  0.04770825306564419  0.05628895567306961  0.06486600067968663
  0.07341118263660254  0.08194497638921423  0.09076980364000969  0.10024908349196480
  0.11024632988467785  0.12080322051614574  0.13189870699616915  0.14340393839084578
  0.15512995158692788  0.16678460423722835  0.17835115518743055  0.18963261062279321
  0.20044229924099738  0.21143465071370010  0.22241189622566007  0.23337222853793807
  0.24377075434529324  0.25425705188698888  0.26418926368851009  0.27421939966042214
  0.28363516142114337  0.29296314446288418  0.30258041882958409  0.31213079179666442
  0.32099426016037336  0.33006587790005026  0.33928925401615917  0.34819751670501359
  0.35723010609845757  0.36661792334177479  0.37625556410158134  0.38675173451577488
  0.39656024696246933  0.40800286485451365  0.41900225121311030  0.43013201912555810
  0.44168186101798429  0.45383028012616849  0.46672294779535806  0.47874986100333933
  0.49216715026213120  0.50528102851292744  0.51870639030369203  0.53174812762802393
  0.54433714967505997  0.55654921369331423  0.56766139097935275  0.57832034865903792
  0.58893339491137786  0.60010643103060257  0.61211001677048782  0.62493473739114214
  0.63810152679544574  0.64984839200368139  0.66014991824418223  0.67051512397835866
  0.68106909235381374  0.69212205670051152  0.70326628290320747  0.71420168673443285
  0.72477360354680320  0.73559524465986503  0.74709676729826990  0.75820733144703389
  0.76892269264634949  0.77954384916952191  0.79090657409177922  0.80306837119341024
  0.81503721598334955  0.82647380284032268  0.83827612739238500  0.85034128947274279
  0.86140150462606258  0.87132710108442391  0.88108453798501618  0.89073749589777551
  0.90001774143454960  0.90913787685831171  0.91811673864760368  0.92681241146752169
  0.93536850756606349  0.94390974662432092  0.95150225282048473  0.95876787653404882
  0.96814335880215385  0.97867458572591637  0.98957421181040639  1.00000000000000000
 -0.00198583607285960  0.00844159366614175  0.01754404261087908  0.02743049485745952
  0.03707831620675022  0.04665413177306198  0.05636174236395110  0.06643850418037646
  0.07745785962799032  0.08883979360114143  0.10061282883935822  0.11217498893557026
  0.12277323533363876  0.13269348488632166  0.14215869853449989  0.15216344039370275
  0.16192653878490998  0.17191327636850573  0.18262948212049177  0.19328347873453067
  0.20374937360660958  0.21447128912754709  0.22584187916105880  0.23689961847780072
  0.24694785128549279  0.25642895539638350  0.26604209161378961  0.27596244701448830
  0.28645367023146351  0.29707558606518064  0.30758395713840370  0.31807782116849675
  0.32836106318887232  0.33816081426364775  0.34782033952202973  0.35831055079632473
  0.36937675629410283  0.38002062761755884  0.38978858557213975  0.39931028754193065
  0.40903655264218031  0.41878004834606369  0.42877242968053392  0.43914722008162421
  0.45081879712995016  0.46252779338798017  0.47391544247993905  0.48422768627353252
  0.49388206408760366  0.50386456922322509  0.51433416932563203  0.52461474455125301
  0.53399420956780608  0.54373739148733335  0.55375165983915164  0.56414808928033633
  0.57451249247469904  0.58502013878820891  0.59588303452875391  0.60662285593765741
  0.61737063229586608  0.62837904981358128  0.63991575866277406  0.65168624397991326
  0.66263358822239737  0.67282384639176052  0.68294637179600082  0.69352784671489709
  0.70455840057366859  0.71592687767779439  0.72728114838809832  0.73784879566428774
  0.74841155769115575  0.75880245490610054  0.76837977028408966  0.77777583081812429
  0.78652906737266459  0.79610515601139031  0.80649165378709731  0.81834886686848685
  0.82986887438414370  0.84239394101404519  0.85409227836623813  0.86597078017229601
  0.87725211482134202  0.88868290102764769  0.90062317399010683  0.91251242410754818
  0.92392093089835037  0.93496707207103980  0.94584457223366547  0.95658535705481818
  0.96684253102635664  0.97744942825924008  0.98867565562130244  1.00000000000000000
  0.00650641108198260  0.03441493093084777  0.05415020513501031  0.06657681953761452
  0.07766860519467561  0.08721560279723946  0.09606097937520035  0.10466532129728397
  0.11279566176157071  0.12029801565867437  0.12731601401056000  0.13379158064452118
  0.14024982480500237  0.14697911504157418  0.15372073542235870  0.16045712013026042
  0.16684113430964725  0.17299637377768665  0.17911928003081307  0.18521818498490655
  0.19127102494390996  0.19727993486807546  0.20317787566534296  0.20925358234574942
  0.21604550606808767  0.22281261560780133  0.22917266955236329  0.23528030460033436
  0.24113777740476147  0.24691713066573009  0.25275997847474574  0.25890525207298820
  0.26555537047767985  0.27241050455939309  0.27911726501050349  0.28573500677464730
  0.29210363313362320  0.29809815980983811  0.30370069417991208  0.30957086628307573
  0.31528837748577626  0.32115763587366125  0.32699227530959246  0.33270758528337346
  0.33849152289259288  0.34442406917043517  0.35056260350355967  0.35724976726680008
  0.36403715026684486  0.37032895048498965  0.37686135298566392  0.38381194689193654
  0.39112103383814012  0.39856992244859890  0.40545257154257225  0.41310200444635514
  0.42032766803162769  0.42750280188739909  0.43433219372482501  0.44120320322748174
  0.44841454108105144  0.45584014447688725  0.46328322151080531  0.47009281714775225
  0.47718649792136975  0.48453210009082842  0.49220747036532586  0.49943543092104059
  0.50611205120209590  0.51267189910374045  0.51948366178081362  0.52679174921167238
  0.53443313648041413  0.54283349954890292  0.55256127212514639  0.56220408138234323
  0.57113870309854609  0.58001941725320461  0.58946048456483691  0.59916376057766585
  0.60904035479853424  0.61933351430868422  0.63153984703328614  0.64520234839262602
  0.65943632257409379  0.67331371316146060  0.68680563489555679  0.70171840388453444
  0.71794495515122503  0.73646556477853886  0.75757638054399556  0.78060631250458423
  0.80619110341315114  0.83655951026786601  0.88165917036159225  1.00000000000000000
 -0.01698751356604460  0.10059207097546446  0.14339903123192854  0.16742915979551962
  0.18631432103775500  0.20243093339578877  0.21618452208088176  0.22865022507298993
  0.24018881002759468  0.25119290405420680  0.26149671068036329  0.27095727706660050
  0.28026838994933934  0.28915696192160034  0.29806782858576980  0.30734758782889154
  0.31662031912419741  0.32552006211238410  0.33374285557772915  0.34127051772643868
  0.34830423351365031  0.35498282340446285  0.36135082061958274  0.36760098636910005
  0.37366381615871597  0.37985907455450429  0.38552445511154665  0.39131110132746966
  0.39714549705585794  0.40289691868978045  0.40860896250811901  0.41424504362042580
  0.42012761547709204  0.42627931825762144  0.43249484230079260  0.43858930657972400
  0.44449327135268663  0.45047896776887397  0.45638702609187753  0.46217303510894836
  0.46787117336773809  0.47334405740790408  0.47905817075914442  0.48506385239820998
  0.49108713904587492  0.49692342508864024  0.50243704941411260  0.50766892819549470
  0.51288757768808102  0.51834129124579043  0.52382276322097210  0.52945417080727875
  0.53474195443644734  0.53993828137485533  0.54497811423190023  0.55003725706796647
  0.55518138223236269  0.56042821467032555  0.56584752919807779  0.57141098154623304
  0.57691314209371680  0.58229818493954155  0.58759902095317362  0.59276442609502134
  0.59831131421502692  0.60413423808382205  0.60993257335713424  0.61540264365132091
  0.62112469775846413  0.62698729570235268  0.63311943311192964  0.63892036923909490
  0.64444385548620942  0.65064427861172036  0.65723783966407412  0.66409410526371326
  0.67137267974526971  0.67853591072929564  0.68567086208007222  0.69272769902200937
  0.69999075921370535  0.70761696177794731  0.71626177156640791  0.72523115465752341
  0.73449421102654688  0.74435761663507727  0.75465009305444619  0.76573352894651803
  0.77772524177094837  0.79018075474243799  0.80440906767979836  0.82082768876674150
  0.84123919982998030  0.86754348379670132  0.90804411321304312  1.00000000000000000
   1.8353357248372645E-014  -1.0000000000000000     
 F F F F F F F F T T T T T T T T F F F F F F F F T T T T F T T F F F F F F F F F T T T T F T T F F F F F F F F F T T T T T T T T T F F T F F F F T T T T T T T T F F F F F F F F T T T T F T T F F F F F F F F F T T T T F T T F F F F F F F F F T T T T T T T T
  <DiscreteSampler_grid>
  grouped_processes
  1 # 1 for a reference and 2 for a running grid.
  10 # Attribute 'min_bin_probing_points' of the grid.
  1 # Attribute 'grid_mode' of the grid. 1=='default',2=='initialization'
  0.0000000000000000 # Attribute 'small_contrib_threshold' of the grid.
  0.5000000000000000 # Attribute 'damping_power' of the grid.
 # binID   n_entries weight   weight_sqr   abs_weight
    10   10   4.596144975720904E-002   7.264026606831818E-003   4.596144975720904E-002
    11   10   4.596144975720902E-002   7.264026606831816E-003   4.596144975720902E-002
  </DiscreteSampler_grid>
