 -0.00027319146941535  0.00670809707793012  0.01679459492686252  0.02774269469015318
  0.03880231916824226  0.05005182718846531  0.06107006291524348  0.07195304012462808
  0.08282830452072970  0.09341517565776987  0.10372774534701615  0.11392711148961034
  0.12410705744519515  0.13401360129559628  0.14364077666173336  0.15313554192583467
  0.16260400154003460  0.17198478309542589  0.18112920744773306  0.19019108443975777
  0.19926378094324207  0.20829917681174617  0.21715564235265142  0.22587353123549486
  0.23471207066721916  0.24361669180745441  0.25230825208007257  0.26068883296347911
  0.26891861955279800  0.27708205410367681  0.28533448795709554  0.29358990021494352
  0.30216314561084029  0.31082853997720061  0.31931830108557069  0.32840389729991376
  0.33760108570313135  0.34661375440921671  0.35534897992184089  0.36385425823356532
  0.37224772093503611  0.38055775507772199  0.38876035274766158  0.39691352589178863
  0.40511015243534537  0.41348429115890650  0.42196773884694611  0.43062340049383835
  0.43930318857960321  0.44778360227442859  0.45631423644211905  0.46501404052102308
  0.47363399233265358  0.48223821703956210  0.49087020419151506  0.49951593503485792
  0.50815263787126674  0.51682206452921009  0.52552842273761990  0.53430961748909178
  0.54303213431397013  0.55169661489742428  0.56038873843421655  0.56906734760266564
  0.57752846225934318  0.58598484099303372  0.59450558303554302  0.60346105441891851
  0.61266385829624848  0.62200310729812092  0.63141684461953851  0.64082730634381824
  0.65036773797748215  0.65999077905820924  0.66976768072524007  0.67966908351612798
  0.68969749773237399  0.69990824524964024  0.71038193005170169  0.72133353479755991
  0.73222517462498637  0.74310588324852500  0.75406737556579184  0.76546394064941969
  0.77785459272413759  0.79117262678421163  0.80490069118300156  0.81839429741370184
  0.83237073193361688  0.84772200259450492  0.86485802289451308  0.88351957998326180
  0.90386697943440286  0.92787342013665364  0.96133852442572276  1.00000000000000000
 -0.00275356198433222  0.01038932438522829  0.02137320935174978  0.03205508486848062
  0.04261515723413782  0.05335761659491085  0.06441421333036806  0.07546232265291912
  0.08647857650803373  0.09717173494436604  0.10789122597252232  0.11852274706858759
  0.12923448415106051  0.14001322264432497  0.15102328730186360  0.16221634620442801
  0.17353994110144896  0.18495380018192714  0.19566208198192842  0.20641142229138532
  0.21685926264940825  0.22731470523508146  0.23741429510271922  0.24735669750841832
  0.25738644825867685  0.26757550287853837  0.27779061987741921  0.28778573586218431
  0.29818192107981428  0.30869100172854735  0.31960414741955806  0.33046596963608155
  0.34182645641040571  0.35330537518172161  0.36439665067677568  0.37518602094597875
  0.38571258784684470  0.39610655044901150  0.40650255349962239  0.41676557306281115
  0.42685399489282339  0.43702146040389472  0.44749347153552382  0.45822225646875819
  0.46930829377873962  0.48067757316109083  0.49220627391337890  0.50361729851743831
  0.51500516917294836  0.52671539325611416  0.53859257461451138  0.55063278622520906
  0.56195309328578680  0.57224278075761170  0.58232675934651146  0.59248701298759965
  0.60259287006488915  0.61265511435487563  0.62274935772022699  0.63305568532558987
  0.64371391954130186  0.65495872556435109  0.66642753667280141  0.67759884322211628
  0.68858791979667000  0.69949780512587423  0.71023607481898698  0.72074608825762354
  0.73106655945667620  0.74124000115882838  0.75127400362811281  0.76133525802816415
  0.77151055362117582  0.78179582080735710  0.79240437981520440  0.80357739712431497
  0.81469164414905204  0.82499209547171937  0.83475722802197649  0.84435036953157050
  0.85401328736214588  0.86381515409779164  0.87374595402191313  0.88376111389504375
  0.89376370115637704  0.90370992016754315  0.91353131987173042  0.92298723189698284
  0.93222909569252410  0.94155296802778721  0.95101063555556287  0.96059205873500997
  0.97018711110570277  0.97988971111576850  0.98986016873144433  1.00000000000000000
 -0.00943775034319614  0.06345380896204064  0.10043858377875836  0.12485195697456938
  0.14601560839765415  0.16605802089924399  0.18500126107524092  0.20225159357153533
  0.21774056479775572  0.23192702914689925  0.24508180724053599  0.25818419993065261
  0.27132497183655846  0.28390200797251469  0.29639698315942092  0.30895441375773197
  0.32069414081864595  0.33144279157283374  0.34132601350922143  0.35075701120971042
  0.36010743661597000  0.36945709180964892  0.37867138895091496  0.38727145366405619
  0.39616457504545521  0.40505348924835921  0.41385807270757941  0.42218804386188069
  0.43018519387717413  0.43819599020647015  0.44605907736053274  0.45392211794372783
  0.46166685806714147  0.46940131758223130  0.47690569472400313  0.48446842555908187
  0.49175670958859868  0.49903634449063139  0.50720256301031796  0.51534375096944407
  0.52367665430094812  0.53175266508746433  0.53975861491204336  0.54786699576300812
  0.55596713536539244  0.56384206731720965  0.57136313067557631  0.57877227428143208
  0.58622930125199479  0.59293837957683171  0.59972015378993837  0.60660915756105205
  0.61366886962587452  0.62056073646734278  0.62727304321317245  0.63398023243596047
  0.64072617104406138  0.64759853006040635  0.65472009442495338  0.66190476545270449
  0.66918618281453257  0.67630868234033581  0.68330123434782308  0.69034579857819045
  0.69743010242231840  0.70456910725558841  0.71171834307967630  0.71884737114213870
  0.72600604676621627  0.73312011643748465  0.74024815635566987  0.74743055921872692
  0.75434677766350755  0.76123127554680337  0.76809356930715988  0.77523892677602457
  0.78246565576334104  0.78963458886130677  0.79688450024940150  0.80419498882842333
  0.81171443169063195  0.81942823843614621  0.82742099200292429  0.83600361957520819
  0.84506149793363394  0.85425993060568672  0.86373625976623858  0.87356745225026122
  0.88398997541893920  0.89503275854230580  0.90630224002775561  0.91841874286460046
  0.93131421044636709  0.94642617173471211  0.96655844126790125  1.00000000000000000
 -0.02180428900536431  0.14548526432343539  0.19684648764284704  0.23115138109254504
  0.25863423086177634  0.28258567082915237  0.30338312009590895  0.32217043886210284
  0.33954241208270086  0.35531099576273639  0.36998103474608901  0.38364404644472211
  0.39632223187731092  0.40812954081776781  0.41915018270436150  0.42981803574652894
  0.44033427205050335  0.45042520415167869  0.45987932282401683  0.46888112814223987
  0.47782581338951158  0.48687698197619317  0.49601268471512872  0.50473923132413601
  0.51309268789556350  0.52106445893812103  0.52868857732266439  0.53620907497221415
  0.54363650282721554  0.55074492721957213  0.55763955252683595  0.56421058606827557
  0.57057402802103563  0.57694108621508344  0.58329468035913590  0.58957282124092492
  0.59577916613322990  0.60183530213164249  0.60759695009222958  0.61310835511581707
  0.61856965207110437  0.62415535863057603  0.62940142441103220  0.63460041979379611
  0.63992906713593078  0.64522643990182893  0.65038465501815035  0.65535031209627437
  0.66014241258067308  0.66488070960252976  0.66966889235037419  0.67454886151530058
  0.67942233058859802  0.68418365961426264  0.68883278941647819  0.69332596179375772
  0.69772865041115817  0.70216745800194391  0.70658537468257876  0.71110079571580642
  0.71559445290985013  0.72012654072952687  0.72465725068493692  0.72923394175463707
  0.73380822716956451  0.73832329988056034  0.74279050546497316  0.74724196710250801
  0.75189656645309966  0.75668337811532105  0.76151893169925311  0.76621845929343291
  0.77105919099025755  0.77606768989520503  0.78123785167533089  0.78657026302562394
  0.79202267027772733  0.79771669051471050  0.80334455546071681  0.80901534950592768
  0.81481900206286806  0.82082057157960486  0.82697106943509580  0.83311492044059887
  0.83922013976871168  0.84543479887923390  0.85197791435737624  0.85920058643812103
  0.86704130215696240  0.87537705348008343  0.88430088294351517  0.89412417170257263
  0.90594768735508291  0.92161171249345630  0.94489271376516759  1.00000000000000000
   5.8992268587052968E-008  -1.0000000000000000     
 T T T T T T T T
  <DiscreteSampler_grid>
  grouped_processes
  1 # 1 for a reference and 2 for a running grid.
  10 # Attribute 'min_bin_probing_points' of the grid.
  1 # Attribute 'grid_mode' of the grid. 1=='default',2=='initialization'
  0.0000000000000000 # Attribute 'small_contrib_threshold' of the grid.
  0.5000000000000000 # Attribute 'damping_power' of the grid.
 # binID   n_entries weight   weight_sqr   abs_weight
    10   10   1.621170811703621E+004   7.693209006135302E+008   1.621170811703621E+004
    11   10   1.621170811703621E+004   7.693209006135302E+008   1.621170811703621E+004
  </DiscreteSampler_grid>
