 -0.00031390334683104  0.00701636755161380  0.01714885135150929  0.02796800067214181
  0.03883519347644421  0.04961633998200142  0.06063601293425881  0.07146001208665631
  0.08204402242872345  0.09311839402321685  0.10345058453855434  0.11295070463881203
  0.12236372495586596  0.13184704311616818  0.14143772861232348  0.15107694098708271
  0.16055026814946269  0.17017946762655836  0.17963797433187029  0.18898111385634131
  0.19828942470191538  0.20760521798712253  0.21691816397364783  0.22629836669839626
  0.23608450218382859  0.24559125967082437  0.25476443611002697  0.26374248404655876
  0.27253959030451957  0.28105570244843081  0.28970339353068780  0.29828725136114037
  0.30685135335418962  0.31537953800771501  0.32390266043227495  0.33240486728173141
  0.34077940903770498  0.34895691346459656  0.35703632769857008  0.36510406744842538
  0.37321255921150481  0.38098240183252091  0.38861831869655450  0.39611622109274069
  0.40372718453219703  0.41147712927695929  0.41934744413244679  0.42731309947964075
  0.43535262100408456  0.44342357613372246  0.45148517015263168  0.45960016989740160
  0.46765825214253326  0.47562952049143037  0.48356182763943828  0.49151200199662237
  0.49951944554263045  0.50754234318988067  0.51551561609302343  0.52343917577615551
  0.53136244099825380  0.53928107853615292  0.54732526617144528  0.55533944876908159
  0.56427857427389128  0.57352219131591775  0.58279954873929374  0.59197566642859867
  0.60103833944984719  0.61032589398554049  0.61983804268794518  0.62972923541494663
  0.63945508660240613  0.64918131280556057  0.65928922118028521  0.66991117244023990
  0.68135586771212919  0.69287201856840741  0.70435491265475525  0.71580214188366209
  0.72729854342762279  0.73897778151568583  0.75070411311429619  0.76277424976469377
  0.77528043217309450  0.78836824101410630  0.80313688712448095  0.81800317049538762
  0.83333502536197390  0.84933102489986922  0.86648795299784842  0.88523793254796157
  0.90487191320313809  0.92871063941206888  0.96288286777213783  1.00000000000000000
 -0.00233145014356605  0.01004094782515531  0.02089044513619187  0.03167189913132542
  0.04262017273513717  0.05306555782283868  0.06344319213374112  0.07370820001196458
  0.08391410023339216  0.09355689363123564  0.10286452423995723  0.11206681244282778
  0.12129634250082955  0.13032240752389257  0.13902485060495121  0.14788381615171584
  0.15726683024529303  0.16699390366322980  0.17692575734155458  0.18715619143266474
  0.19787572481384266  0.20870276233162380  0.21957023598887412  0.23037902228376747
  0.24135454517768262  0.25181049746104467  0.26202877119224982  0.27228382205155971
  0.28268037099995552  0.29265348901295674  0.30194602663402881  0.31139627181085883
  0.32034313417687926  0.32960579488865477  0.33911374009591333  0.34917765515475296
  0.35946505949398677  0.36985627618050781  0.38029590656848478  0.39100126856075051
  0.40194302650422892  0.41294630693438500  0.42564145561152639  0.43828182500400437
  0.45025290056752887  0.46185219730119564  0.47331979284160985  0.48503383233348529
  0.49633647103264583  0.50620405519084821  0.51545751344547408  0.52476902940480052
  0.53459852340056091  0.54429798650026717  0.55396382436616809  0.56343708133391046
  0.57419488369245564  0.58468231642442003  0.59500676481714765  0.60528521467104457
  0.61509561987102035  0.62476901608637536  0.63467800560510745  0.64439079910590946
  0.65479508356115534  0.66517307677011683  0.67618573425897377  0.68727866572839247
  0.69770212005418974  0.70784430290779088  0.71791620496324726  0.72801640130243384
  0.73839915390410127  0.74883309102644757  0.75967775620669087  0.77075581333216259
  0.78205861592911596  0.79321225584038701  0.80416617947204339  0.81502331774897441
  0.82609070570360521  0.83725655656557563  0.84848179960051473  0.85979138406264399
  0.87130196319558173  0.88283231786103644  0.89442028947969798  0.90616025285644874
  0.91785260343474662  0.92935616470063265  0.94068283585626544  0.95212496069611674
  0.96376069821475718  0.97581750235552178  0.98792697312945510  1.00000000000000000
 -0.00750005085830211  0.05404188882837321  0.08531986010003352  0.10973061232903324
  0.13054757386857935  0.14860099119060816  0.16525788901082183  0.18121101362390155
  0.19681688767344938  0.21125783737033582  0.22451263716030528  0.23590133178719674
  0.24682147419617348  0.25721353475900455  0.26767651618113641  0.27741438261104462
  0.28662318858854668  0.29589025776067279  0.30505418732311135  0.31391041517775153
  0.32225095825705885  0.33053921611630183  0.33912647614554747  0.34758823587010745
  0.35634040943380307  0.36546655410496270  0.37472142669248915  0.38376136908914021
  0.39244764225577866  0.40064058150791410  0.40842507509169390  0.41611302711557091
  0.42335228538805375  0.43029034917610637  0.43750702286201426  0.44472615967797680
  0.45230160695691102  0.45960023745088813  0.46641023462644571  0.47297193380661295
  0.47973494929133603  0.48691891380405650  0.49445275968811886  0.50166444729650783
  0.50822908557574487  0.51430847652459233  0.52031655705650537  0.52647054669703808
  0.53276284464466672  0.53908166230100207  0.54538462552526856  0.55164972009622826
  0.55778241879970081  0.56414605358962455  0.57076464437132290  0.57764448239747368
  0.58472243134553747  0.59178267911705384  0.59880977003811620  0.60578590306077795
  0.61270946184028685  0.61970401103366524  0.62664153254986654  0.63332155903988563
  0.64014660819236591  0.64732656592274118  0.65456456527916906  0.66189063403692072
  0.66923703871886264  0.67662571573814478  0.68400358327885247  0.69127798688087772
  0.69852849204319722  0.70605706951934588  0.71397099299041578  0.72210039241830926
  0.73041632836628412  0.73904756866452870  0.74799876371397789  0.75721688644032115
  0.76657045246655531  0.77569511767162624  0.78478261545951267  0.79401048860822454
  0.80353444106465699  0.81315119853107476  0.82305975057520475  0.83364922393363117
  0.84506077969110704  0.85753729619996932  0.87069039388189839  0.88505773906307428
  0.90138804863621069  0.92109445404038637  0.94860597293620452  1.00000000000000000
 -0.01573022512084369  0.09708015431745849  0.13846544256102097  0.16156826978020133
  0.17998212578062750  0.19513457802403833  0.20847702814736591  0.22134276214159429
  0.23332702363401503  0.24401250638013711  0.25399749795029197  0.26355933268278348
  0.27273681613492662  0.28112050144992490  0.28937056644444342  0.29728337800995630
  0.30522503157216252  0.31309805178083494  0.32095766952064847  0.32896092569709368
  0.33647369619876100  0.34376975376324104  0.35078310769955756  0.35741909800908073
  0.36376345823825129  0.37009701935296918  0.37632141108808204  0.38224160602901058
  0.38808993480557658  0.39398287774674234  0.39997885760345192  0.40604887237964804
  0.41201866228139439  0.41789036784798095  0.42368342641424805  0.42933059191785533
  0.43503201760872567  0.44067079869730968  0.44631187410444084  0.45202576318845800
  0.45758077786594048  0.46305024875771916  0.46842683890906123  0.47379750768341811
  0.47929963000339076  0.48496025189210173  0.49058407631470330  0.49614791838338484
  0.50175929360782334  0.50735234461536360  0.51301397415634598  0.51874143539397233
  0.52411781569725635  0.52944931007110330  0.53467259615303797  0.53987177329783809
  0.54529565100902755  0.55092523428699181  0.55663645712526355  0.56253054926768242
  0.56873702388796632  0.57508152128737355  0.58158892348358771  0.58756131460559491
  0.59316732863836663  0.59872089502974568  0.60418683647113958  0.60980548453271366
  0.61556247780659046  0.62129067717181219  0.62717417131994524  0.63321492663882462
  0.63938765863362090  0.64609579726723598  0.65339700488040420  0.66092785559773959
  0.66836679453478087  0.67577179882161487  0.68308153380610248  0.69102466625434300
  0.69962589114581775  0.70844942761501573  0.71720398655778639  0.72599493499943246
  0.73535859747609011  0.74537650349780593  0.75609359907869000  0.76749207758254212
  0.77978785495625369  0.79339741158189070  0.80901419791532736  0.82694124357913190
  0.84762593715141810  0.87348704629399232  0.91139745707430708  1.00000000000000000
   1.3001101825932558E-009  -1.0000000000000000     
 T T T T T T T T
  <DiscreteSampler_grid>
  grouped_processes
  1 # 1 for a reference and 2 for a running grid.
  10 # Attribute 'min_bin_probing_points' of the grid.
  1 # Attribute 'grid_mode' of the grid. 1=='default',2=='initialization'
  0.0000000000000000 # Attribute 'small_contrib_threshold' of the grid.
  0.5000000000000000 # Attribute 'damping_power' of the grid.
 # binID   n_entries weight   weight_sqr   abs_weight
    10   10   6.101226318036703E+003   1.090046180419194E+008   6.101226318036703E+003
    11   10   6.101226318036703E+003   1.090046180419194E+008   6.101226318036703E+003
  </DiscreteSampler_grid>
