 -0.00008891259085865  0.00087924714159379  0.00195522359248370  0.00348096179384949
  0.00560215149860777  0.00824709851460247  0.01131580955199092  0.01476829685652768
  0.01882146654364456  0.02334268633461827  0.02807366561300099  0.03305571392358497
  0.03846731472380389  0.04435119089638858  0.05058567086253955  0.05690259339207480
  0.06328395640331819  0.06978314994106015  0.07686096711747344  0.08436833750361629
  0.09201240630126811  0.09973463851442527  0.10747631341611338  0.11510071409568685
  0.12288814343781404  0.13103385153419927  0.13969955595554934  0.14878473606515061
  0.15814073952731347  0.16744564003411122  0.17678112549986738  0.18638367410417062
  0.19626754531607754  0.20647790925925313  0.21696098153107160  0.22758684654976416
  0.23830329650473628  0.24887657014002904  0.25910872972464660  0.26961705907461997
  0.27992624274582434  0.29070094532099694  0.30137409187277059  0.31220211185189167
  0.32343493135684859  0.33483391961638170  0.34645650207056727  0.35831811574319505
  0.37029004017735512  0.38232329686464439  0.39442618996043055  0.40644812540175690
  0.41844805122442191  0.43086151714656651  0.44327488129546461  0.45577062044211825
  0.46809883958093590  0.48025714982050871  0.49241173413941347  0.50458709826789871
  0.51670081076378982  0.52932986791961045  0.54213060455224127  0.55499259740027007
  0.56818392689723751  0.58185909824840509  0.59562701104457194  0.60951463640044889
  0.62317532343722848  0.63684688678761348  0.65060921242083547  0.66438527705662243
  0.67824594880253797  0.69203869236195481  0.70562475549354620  0.71913003457905600
  0.73268886136487477  0.74633407112654604  0.75995349718124461  0.77396184545240887
  0.78834816981729061  0.80299888930536711  0.81769684655659380  0.83211722080057404
  0.84633035023059022  0.86041418482251497  0.87447377361957024  0.88860246633232998
  0.90281318244087339  0.91679401536953309  0.93059211582163159  0.94423157894343801
  0.95802275804604908  0.97199776929409309  0.98601074874188510  1.00000000000000000
 -0.00271198333456535  0.01047325967067233  0.02159993819617546  0.03346982210271040
  0.04495259476081182  0.05600715343143450  0.06712733449146509  0.07834947136742670
  0.08888943108607862  0.09923869257164954  0.10985030883570247  0.12040034226695036
  0.13129454967052498  0.14150334161283534  0.15279582261594057  0.16423412576301694
  0.17571252892010461  0.18726761737559094  0.19873813616174199  0.20940685792124653
  0.21900691404188388  0.22854932322561650  0.23838017213625046  0.24815853881672165
  0.25758588081458972  0.26726243050734300  0.27787518828117747  0.28876048566339602
  0.29920115903322680  0.30933563959227228  0.31945838764670542  0.32944873314517914
  0.33905156870984665  0.34851785698259879  0.35844927205931332  0.36890581038630516
  0.37922845691839296  0.38953990212213940  0.40058890740813352  0.41197535056359136
  0.42311396291351261  0.43386672371537321  0.44534724141881699  0.45710263975815119
  0.46851765746831925  0.47968452893626340  0.49061183106785039  0.50158568575721907
  0.51257198021749972  0.52347206023147308  0.53425405600256970  0.54447157579937056
  0.55400081098037257  0.56336743383349086  0.57244948167972043  0.58127779569391014
  0.59021528446787219  0.59941760322773929  0.61011246220075810  0.62164978651123137
  0.63214725199615973  0.64195152435052105  0.65204687194682431  0.66301986025995840
  0.67506675784165415  0.68691346946564824  0.69746737411522086  0.70745898653236927
  0.71749398973519574  0.72769896797454581  0.73741934093241335  0.74700906260763134
  0.75721626180452273  0.76664522295133564  0.77599502352315142  0.78515198163736966
  0.79448312225847084  0.80414225272010809  0.81449561155345296  0.82613252695612727
  0.83838916833926536  0.85027075251626472  0.86135331983747065  0.87185033452893967
  0.88292539028377270  0.89418786653735272  0.90484861560952845  0.91546099192283314
  0.92614439438009166  0.93678974596872366  0.94684334724980734  0.95690310339201490
  0.96792510386594233  0.97901206066415980  0.98960435448365669  1.00000000000000000
 -0.00234813284398926  0.01414949949639313  0.02697009729788520  0.03767362457954372
  0.04759575442474163  0.05687685965016753  0.06525913665472077  0.07325257592181923
  0.08098218582015219  0.08862676911430492  0.09612136681708934  0.10336271491908830
  0.11034917001881284  0.11719998101744639  0.12405538543032955  0.13094749602656133
  0.13778749693571113  0.14455283140229200  0.15097354298971516  0.15712117149197910
  0.16323994670662670  0.16942958667960523  0.17553883240900067  0.18193687181786744
  0.18836705268614098  0.19489475839381948  0.20138414196764298  0.20771988390965512
  0.21411188358294628  0.22056096639250181  0.22707010851922865  0.23387215977937656
  0.24073388519132197  0.24754071863413282  0.25426431559599294  0.26094610635292864
  0.26769853479147798  0.27436237063505109  0.28090731869749830  0.28753447167828672
  0.29381617172555907  0.29957781342993683  0.30527126963016843  0.31116595977046019
  0.31733272981174437  0.32379556630749518  0.33021411645884818  0.33665829196115765
  0.34323449491561014  0.35007691791552981  0.35735674563584141  0.36477694744521899
  0.37197710884763946  0.37899446288543376  0.38595961372060833  0.39335460821165774
  0.40067801914598206  0.40812647581899919  0.41531004696230545  0.42319343073541094
  0.43151534226120958  0.44011396501324307  0.44913179916309504  0.45821448069795995
  0.46663771510031632  0.47495548617172473  0.48315590050450813  0.49128428419093045
  0.49973485705955339  0.50817240717696832  0.51651679359853053  0.52492737676489687
  0.53369322888529103  0.54286833812945934  0.55280931627748120  0.56283771351271861
  0.57274940214867964  0.58284880749460333  0.59321808072535942  0.60422129991264950
  0.61561774911831746  0.62740869784010189  0.63960838634259309  0.65269106250409026
  0.66725052320125311  0.68302475257279227  0.69915328978488622  0.71594069145104600
  0.73381284258947344  0.75223612419847075  0.77294866298927623  0.79668436385218688
  0.82421732249685220  0.85651756860816630  0.90126762495567836  1.00000000000000000
 -0.01999053642554949  0.13318502192891976  0.17981169032106756  0.20798857843715937
  0.23096477756206063  0.24861328046834136  0.26391791184549807  0.27812779757485206
  0.29263418172669586  0.30724947827609944  0.32118651514774865  0.33456305819507215
  0.34729654610456212  0.35885675874727196  0.36926050585726400  0.37937242217187733
  0.38917648239943869  0.39854154876634013  0.40661522774489378  0.41483680996004696
  0.42230349553377650  0.42960591761872430  0.43720026178662491  0.44470833790943348
  0.45194934512846097  0.45897397810726948  0.46588241830747623  0.47266744135345196
  0.47936379065724666  0.48629991180052662  0.49321704795737070  0.50030526732550151
  0.50675889260122942  0.51336777240870057  0.51951456924381190  0.52586850680392527
  0.53218206647790545  0.53859740846515036  0.54480552907156543  0.55088762968205374
  0.55687334869511029  0.56273381896117936  0.56863492077712807  0.57460057104034512
  0.58056230059133518  0.58647677085580974  0.59230695164498837  0.59798787270835518
  0.60394063874273896  0.60959393328347911  0.61510333871440659  0.62050700706341078
  0.62590303165799988  0.63147697667407476  0.63717463937760743  0.64279017301935426
  0.64830139906466944  0.65382886221067649  0.65934283952975814  0.66487826964709218
  0.67010842562973527  0.67516980854807118  0.68036006757343148  0.68556377534885538
  0.69065601994992820  0.69545287195691285  0.70021012953825568  0.70498954344338705
  0.70982371644526798  0.71464800243834148  0.71940446325955254  0.72413499159473582
  0.72895704620452062  0.73405809159813828  0.73937521412117280  0.74459143991730148
  0.74983096598748777  0.75563487077292091  0.76158884903494128  0.76765259538829245
  0.77377367606184944  0.78011776237633068  0.78687867677023138  0.79400475946081117
  0.80132002885460030  0.80868336067839741  0.81611695878077040  0.82410782785619530
  0.83290991276880877  0.84301398399641736  0.85462930616070765  0.86928912359716171
  0.88522110642416296  0.90475786992960938  0.93296837409731537  1.00000000000000000
   4.8127075824369983E-017  -1.0000000000000000     
 T T T T T T T T
  <DiscreteSampler_grid>
  grouped_processes
  1 # 1 for a reference and 2 for a running grid.
  10 # Attribute 'min_bin_probing_points' of the grid.
  1 # Attribute 'grid_mode' of the grid. 1=='default',2=='initialization'
  0.0000000000000000 # Attribute 'small_contrib_threshold' of the grid.
  0.5000000000000000 # Attribute 'damping_power' of the grid.
 # binID   n_entries weight   weight_sqr   abs_weight
    10   10   2.537885308482375E-005   8.013054613055244E-010   2.537885308482375E-005
    11   10   2.537885308482375E-005   8.013054613055244E-010   2.537885308482375E-005
  </DiscreteSampler_grid>
