  0.01012556796855466  0.05347816412905945  0.08732480787986036  0.11189254832647753
  0.13080336084209329  0.14753765238238825  0.16392951455955834  0.18116024282920537
  0.19874191767959715  0.21537998553552778  0.23096861806566288  0.24600297535591251
  0.26023435192475475  0.27432451343354874  0.28794973444493277  0.30185297112719833
  0.31587588421917151  0.32958406856422451  0.34264058383419410  0.35548474120496937
  0.36876740103646666  0.38222154614770115  0.39587612839893377  0.40923860425755532
  0.42240594372878132  0.43521721496691695  0.44847322552640589  0.46197294974945241
  0.47407544850998523  0.48643551711816524  0.49816743422951892  0.50950367476506375
  0.52075974326662533  0.53263388851411475  0.54454457165752845  0.55620872591410442
  0.56720810665926846  0.57707154105558378  0.58668143434915410  0.59693068763859602
  0.60767833590288545  0.61870081872946181  0.62945868249586157  0.64018110293158093
  0.65043775906028745  0.66015713951953203  0.66997984583684511  0.68000177742068768
  0.69023151161329721  0.70044851513222994  0.71078391138426911  0.72076464560588416
  0.73053591875172452  0.73989278317233353  0.74898936519790438  0.75853227387906452
  0.76859618624064741  0.77864916965570974  0.78842706437725962  0.79766453646454372
  0.80651617048846658  0.81553491941178335  0.82395526088358861  0.83232679819264554
  0.84115853564608223  0.84964800577448774  0.85766987457519406  0.86543690214424551
  0.87323117060655364  0.88091362396027872  0.88828887666530709  0.89556834493441806
  0.90247063557810570  0.90936667996967713  0.91591321330985653  0.92194129662744440
  0.92768350314550840  0.93339827239628126  0.93903948545778493  0.94440719095527470
  0.94973659157227031  0.95498841943310797  0.95980338924920605  0.96398242456148386
  0.96770290913212764  0.97124846321609004  0.97472170937693348  0.97804067359989844
  0.98111568816106642  0.98398315586220364  0.98667783150224753  0.98920268870552941
  0.99164518357769860  0.99408223823425501  0.99682803466195924  1.00000000000000000
  0.00884245594790230  0.01665483942978787  0.02830927976673485  0.04068895481552034
  0.05239645845509791  0.06369183090809276  0.07485849251398462  0.08627517744282465
  0.09709881624974367  0.10743876432321367  0.11693527737195979  0.12609376906029549
  0.13555014999557705  0.14523357524563957  0.15517595227384698  0.16513404350884317
  0.17526224124993350  0.18586254838121197  0.19731489571244706  0.20937308304428218
  0.22143280976363408  0.23309009157646018  0.24391031493832832  0.25418465250294148
  0.26321657524303205  0.27281796776062917  0.28181031994657824  0.29081166258172170
  0.30008116742406860  0.30976367023238732  0.32004767089293301  0.33033354463155157
  0.34071587443778772  0.35105589458011122  0.36112030677209234  0.37060838217360548
  0.38030327235665884  0.39020777461799272  0.40017549046803352  0.40970225167838048
  0.41886816059586829  0.42819716497630578  0.43777231085658502  0.44748415285340593
  0.45744242238781319  0.46878477577159244  0.48066734693389401  0.49289665473153477
  0.50447872376111946  0.51587895790524374  0.52844267913247400  0.54080714331247937
  0.55223945069690239  0.56329046575735042  0.57105934619229026  0.57915078346796511
  0.58714832128097472  0.59532360590039657  0.60372194552345870  0.61193551382927125
  0.61980623148364289  0.62989715848525041  0.64081669815308329  0.65170411304816600
  0.66226868099017067  0.67271806234486620  0.68324859683737793  0.69383596646886825
  0.70498162926131025  0.71682422062998330  0.72856089091673570  0.73957076660648746
  0.75026019802653399  0.76095327115882172  0.77136816127861052  0.78113435104540785
  0.79095049478760771  0.80095520003197518  0.81069812936764118  0.82058980042181728
  0.83078908720598721  0.84179759596746806  0.85320240752948562  0.86453403533705220
  0.87541915224568745  0.88587306131179144  0.89617417809267919  0.90669017368607174
  0.91755074986452201  0.92848292879985694  0.93952833081841935  0.95070025664973679
  0.96202059568690768  0.97376701436416069  0.98599523275392731  1.00000000000000000
 -0.00084133159030273  0.00472447637032209  0.00719348935724399  0.00957566465889011
  0.01235810583292740  0.01538620343905521  0.01887813822275701  0.02292360664591726
  0.02709303646742550  0.03155003780376047  0.03619919176874525  0.04137837531822176
  0.04660979807391681  0.05214667495530497  0.05825707168019664  0.06474394347119661
  0.07080821028799641  0.07698402461820798  0.08359961956470009  0.09061672343694824
  0.09804254089096773  0.10583299297950356  0.11364496308057973  0.12122724677078921
  0.12850953860438630  0.13599003954481079  0.14385516233848092  0.15223281602412750
  0.16084395064004106  0.16985389042930965  0.17951289355019265  0.18936983657042408
  0.19914765676028215  0.20868102019904169  0.21818473811197486  0.22807773995946420
  0.23812927887955920  0.24820357623429265  0.25871917308704423  0.26967540054123867
  0.28062406533567563  0.29075329403374678  0.30025670100373103  0.31020878562980730
  0.32070711413684905  0.33172818062955445  0.34295759143840193  0.35455977573012049
  0.36600394373811651  0.37766944720836199  0.38932515503779197  0.40129031157957951
  0.41355464087767901  0.42600419061472961  0.43878220571495846  0.45169780934204390
  0.46388963798121485  0.47591223033605351  0.48823524880232227  0.50081565031794573
  0.51352065559946558  0.52635074463734133  0.53936662922306833  0.55256314170459875
  0.56631352540891366  0.58038201998284467  0.59511793115320166  0.60994078164233867
  0.62439741824650208  0.63825976721270561  0.65129874565821111  0.66381618288308042
  0.67600160175346424  0.68814928927820429  0.70045853915840561  0.71326269101612194
  0.72659596649086089  0.74016229498582808  0.75376125355583923  0.76819060200656353
  0.78264195251243363  0.79723346093914649  0.81218912969107016  0.82766406126033243
  0.84267898796491381  0.85784884793919103  0.87334457069400950  0.88878678633285768
  0.90364601811178769  0.91827312623946789  0.93309984425098147  0.94700997501533024
  0.96043395514414009  0.97364450492072607  0.98681627656065796  1.00000000000000000
 -0.00258844775831615  0.00939368451661677  0.01939290724539108  0.02924276611545303
  0.03936421854926071  0.04990109454833637  0.06080782456522084  0.07067063164582679
  0.08038715782338324  0.09018583924402432  0.09937636660201475  0.10819693955124352
  0.11692670804184951  0.12608656711500837  0.13592409963218316  0.14597428407091845
  0.15705493758711098  0.16840829785002390  0.17963888482609089  0.19130847871202750
  0.20359501846055925  0.21540464569030951  0.22666560492515642  0.23739751874994747
  0.24801377562607915  0.25853837002876118  0.26955633815688401  0.27897154178736544
  0.28898592546326252  0.29874627740661275  0.30778837615022159  0.31677205678436149
  0.32535830571439722  0.33405485861313422  0.34280920161495843  0.35183063046121593
  0.36128688019025035  0.37132404031750815  0.38197735600397664  0.39322862529640473
  0.40493668684796585  0.41694345461755250  0.42841560720185712  0.43966882126318646
  0.45114096860204611  0.46236996097407040  0.47344180891668580  0.48433036568204846
  0.49491310381417569  0.50545224419662349  0.51662536993507346  0.52866085561004539
  0.54117849853511424  0.55367245609714899  0.56489819387339313  0.57439243893402159
  0.58340634319497253  0.59213463588271753  0.60067380721774444  0.60917697434400531
  0.61761005331837515  0.62653418378392756  0.63716432563767955  0.64813332955953784
  0.65844917748362397  0.66867829543774415  0.67948876364222366  0.69079281821882454
  0.70212661347588268  0.71310557889534421  0.72370991465350998  0.73440764379139079
  0.74548444767674427  0.75661864427204228  0.76766668086907608  0.77929569265888388
  0.79225877013460011  0.80454226386244487  0.81669906345730225  0.82869080636794268
  0.84057082791231397  0.85185921498059602  0.86232525167737162  0.87230048739189170
  0.88315773780067952  0.89422523940954490  0.90650500797694877  0.91856146355685242
  0.93074160364597736  0.94159464458917419  0.95155509123759452  0.96132572478302569
  0.97107708860808506  0.98062279400161412  0.99021157249650382  1.00000000000000000
 -0.00228858264400059  0.00967019607841446  0.02004366743351704  0.03027708370274521
  0.04023108537234482  0.05012407245930984  0.05998108038914697  0.06987192089365077
  0.07998421622769496  0.09079191258899946  0.10217782220343748  0.11361552738681523
  0.12506972402271524  0.13672683060501703  0.14819348300139218  0.15924320883164783
  0.17033513732632538  0.18156779764174005  0.19245558812479432  0.20295134645338764
  0.21352064005221594  0.22413105605634029  0.23471198912849256  0.24526478204837282
  0.25612297334558198  0.26754819630186877  0.27825751141433785  0.28827157215170174
  0.29711930792398356  0.30570447264940936  0.31462668657289611  0.32339273516747519
  0.33216132006022514  0.34138380239210331  0.35083260256190574  0.36115187857543696
  0.37218945695847472  0.38394074821950547  0.39619913347463137  0.40827090343507738
  0.41962354402254537  0.43013901982000013  0.44068641471730635  0.45096521324378042
  0.46143550549298074  0.47186550616299816  0.48232113423246981  0.49338027234358856
  0.50431318002004133  0.51517113136722215  0.52643127989564020  0.53812409440929043
  0.54916145793882998  0.55965692058622507  0.57000906301525156  0.58094998889294858
  0.59126449315247420  0.60131666416580876  0.61191883282620241  0.62234083283117869
  0.63220034119501123  0.64174438888664598  0.65159924798572266  0.66174099650800233
  0.67165077619580205  0.68148217668041366  0.69167824201532346  0.70190643940373076
  0.71209608186802698  0.72191799059074091  0.73206869804376296  0.74210286361043154
  0.75239943082862715  0.76306513043302315  0.77433577429773948  0.78603367514087019
  0.79795137455467036  0.80979698498678465  0.82128386331708969  0.83257358603890297
  0.84357545342904605  0.85389241607608224  0.86381552044027765  0.87300456763538048
  0.88198305628594076  0.89092296365138723  0.90099751223924618  0.91200584820076136
  0.92226689738149892  0.93190802491262148  0.94224094242377288  0.95422099841122543
  0.96591123197475548  0.97711637884010150  0.98843508193513507  1.00000000000000000
 -0.00223273760470503  0.00971896340477263  0.01994544120430673  0.03039457960495544
  0.03985145817143359  0.04927212551223120  0.05900908527382343  0.06908876417493456
  0.07919084692048876  0.08905873007420136  0.09890360353499789  0.10890690468482682
  0.11881841471128257  0.12823174533772444  0.13727700780757143  0.14672588801800138
  0.15698783617438308  0.16723297998999456  0.17661484593197782  0.18587240828322071
  0.19533754264288161  0.20475713739271048  0.21463663256466337  0.22553807653337957
  0.23771447868865517  0.25013101579611896  0.26157355041211650  0.27251664441634288
  0.28313082712974330  0.29344484879222699  0.30369425804714062  0.31436244902469151
  0.32524756582280256  0.33618639816185414  0.34717670366587544  0.35834055385537933
  0.36969688605465217  0.38132487329781262  0.39268617750113677  0.40349553794154802
  0.41379834898101286  0.42325095253957751  0.43222458213992365  0.44131516471479260
  0.45080908327954766  0.46052435332498282  0.46987704432296473  0.48004691863468713
  0.49237410780508362  0.50511319150399314  0.51776436113756696  0.53079322471399937
  0.54378130053301110  0.55582098541279412  0.56686858094559489  0.57683933961898393
  0.58696040185191611  0.59689382316405870  0.60663787406455294  0.61646789378825628
  0.62674735293936401  0.63739079432460977  0.64787357073888374  0.65819623215338829
  0.66844490717826788  0.67883431445223985  0.68926508669665709  0.69977888890961548
  0.71056561258905171  0.72184436432252086  0.73354377414952088  0.74544649928015927
  0.75713059320893739  0.76843421762469866  0.77940727131814047  0.78991166589596418
  0.80005991549446753  0.80952406233911200  0.81928308664884897  0.82905239140988785
  0.83938490778220076  0.84967869096923709  0.85997195098668233  0.87022445226943301
  0.88071498488024158  0.89170455608429766  0.90212727413159122  0.91204567337693043
  0.92181953033844177  0.93230954081901785  0.94336313227255952  0.95436258834633347
  0.96596591136756482  0.97734802509209473  0.98881372351039543  1.00000000000000000
 -0.00289201746578402  0.00942199030195483  0.01933793829471692  0.02925084562696939
  0.03924867607612689  0.04960675135016411  0.05997775522129112  0.07032722613364360
  0.08137353409453998  0.09219660652893562  0.10253296420883916  0.11221402376197434
  0.12185758064194444  0.13166974102589987  0.14117217350875919  0.15006146737508513
  0.15864671937937955  0.16755557382824687  0.17767747937641765  0.18802122202469193
  0.19919946352684653  0.21087803944474520  0.22428673340298597  0.23783742492873575
  0.25081136880923438  0.26165226262316699  0.27150441861419927  0.28147766551267706
  0.29157409493436193  0.30166956037037757  0.31100634790553677  0.32242481820892049
  0.33384509216226776  0.34550488793978124  0.35688736578533115  0.36809938924131247
  0.37924486022490067  0.39040287988907157  0.40124939534424192  0.41224147601717492
  0.42390450716544170  0.43524758541544895  0.44600674250291977  0.45665325662964390
  0.46724833268585131  0.47794946822124956  0.48847385081897055  0.49894979414955015
  0.50787793859786945  0.51657597804559952  0.52554424868885252  0.53464798181917750
  0.54410269254648880  0.55402377493530497  0.56488932615124954  0.57613719868393665
  0.58705731650061133  0.59783742880418655  0.60880904494390087  0.61970528301645189
  0.63040661704123602  0.64099226413900590  0.65168338510147472  0.66223456439979733
  0.67282209153864603  0.68322544617536396  0.69319185084355717  0.70305279113259522
  0.71335346006664546  0.72516243758197885  0.73670954296429991  0.74828696923953020
  0.75883587504504668  0.76919435446250983  0.77927408433854695  0.78958570773525794
  0.79956789482733170  0.80937057797646739  0.81982744403064001  0.83060729134986644
  0.84105978024913297  0.85137943542003947  0.86204034091224702  0.87255391990073772
  0.88265541085849208  0.89289889149455504  0.90380817212778164  0.91518653836272923
  0.92664987726823100  0.93829345601892766  0.95029922402892986  0.96204612912680598
  0.97316264697679400  0.98288458458355432  0.99162790082802821  1.00000000000000000
 -0.00251907728832544  0.01119826373785500  0.02281788034294384  0.03414291108147074
  0.04476295105477872  0.05481208626331017  0.06497283507943639  0.07407278074287534
  0.08274353832014185  0.09110818764528698  0.09991553759576217  0.10898524008582131
  0.11781893691781113  0.12701717398604812  0.13755299770916418  0.14857209851073375
  0.15919543854657325  0.16989362017875123  0.18095561859377471  0.19189808171244921
  0.20251201733918825  0.21340266742942843  0.22454835196038711  0.23599212676679365
  0.24744925223663719  0.25842382424444549  0.26932306921712112  0.28011550481294939
  0.29111443704109036  0.30133035057725005  0.31116624979995106  0.32104908686270645
  0.33114417627812381  0.34131293479816660  0.35163715230175535  0.36222737364505153
  0.37302562768134678  0.38336175437657954  0.39363328117105240  0.40467538902072492
  0.41575981589417449  0.42608756521213564  0.43606959553896435  0.44628680739540394
  0.45751870071638973  0.46892302557277804  0.48059404666646177  0.49232214898206472
  0.50369429355640771  0.51502154887078766  0.52588705648656009  0.53699000745887016
  0.54832754588763233  0.55981493823971096  0.57141727184181346  0.58306661427200579
  0.59350790915785800  0.60388112171861807  0.61471906123846853  0.62572794813260491
  0.63599861830671334  0.64600206465701404  0.65616849081010398  0.66670191446209270
  0.67764624835485643  0.68912753098362378  0.70094132207732840  0.71195888053651213
  0.72218964751385073  0.73222895416502620  0.74225473486729920  0.75228633836326686
  0.76236903546926749  0.77288229653061236  0.78402087484846106  0.79509609125808056
  0.80554397357449625  0.81512405679070077  0.82357281244747238  0.83213236014751302
  0.84078652831929401  0.84915573458342708  0.85745338553180406  0.86613387832447519
  0.87534749058113259  0.88742449816436031  0.89993082213413400  0.91262797244489946
  0.92434898447026037  0.93569651633393924  0.94616475214079576  0.95690096771504563
  0.96801285457145103  0.97918693381532407  0.98965433568016947  1.00000000000000000
  0.00394683010254222  0.03547246729435432  0.05468654397997803  0.06624948253703483
  0.07532384710898675  0.08408152427986523  0.09275755077994761  0.10102714916076078
  0.10835024458021070  0.11522131117439417  0.12212150358441975  0.12966812896359678
  0.13727262048694591  0.14475534626672024  0.15212041895538342  0.15944110585923787
  0.16675252350348302  0.17408630305369305  0.18149247919065786  0.18869146268553083
  0.19560895073096377  0.20237634481363972  0.20886469800605542  0.21509737957700106
  0.22142685006632895  0.22803081347691087  0.23442521394068652  0.24055024050055190
  0.24659230759148179  0.25267200588468536  0.25910871112469774  0.26547644197475917
  0.27192798858569894  0.27785001548849708  0.28413845066120180  0.29032201663401991
  0.29670060048947233  0.30289460987466477  0.30913342374443226  0.31555860982256817
  0.32217249222101174  0.32872327575009691  0.33538187027000421  0.34224031478441247
  0.34917829895926894  0.35610640641135888  0.36309441599856279  0.37028447532115405
  0.37753408832793195  0.38446367491759831  0.39138027712264067  0.39822282515927199
  0.40519968942952128  0.41220764677952826  0.41926034561156783  0.42637930188529305
  0.43347544329368881  0.44067276537485894  0.44842716210219929  0.45654211809746015
  0.46500479945184020  0.47399755414994371  0.48267048075920382  0.49063224803566058
  0.49836502506522223  0.50578690489922240  0.51332045098474033  0.52107807748849821
  0.52911671725064169  0.53736074399034284  0.54577534856108145  0.55467100147367665
  0.56385182485348995  0.57318350358245385  0.58254695032332815  0.59215444660698013
  0.60158802781019927  0.61092053852902561  0.62078039488444370  0.63178160375384640
  0.64404015724263042  0.65662013929048912  0.66928045157327198  0.68201937116564204
  0.69525905899111418  0.70849751134266936  0.72140167567987767  0.73439133331054540
  0.74828890164190776  0.76386329540863929  0.78283348621216897  0.80483859504111088
  0.82799747614639130  0.85751256064133885  0.90201643221476668  1.00000000000000000
 -0.01459924952003885  0.14450912106810887  0.19685551018568589  0.22834104074120418
  0.25159706369991613  0.26898896742553097  0.28458240751102931  0.29850097757680760
  0.31167965255725943  0.32533351733874011  0.33764305336602329  0.34814414111509218
  0.35751893890406666  0.36609628424706531  0.37420598517080533  0.38204663493086011
  0.38995971343763863  0.39793644388037741  0.40599506088456044  0.41383815791752981
  0.42158981439720306  0.42898659037871106  0.43599011335643140  0.44273128856588334
  0.44957197897091089  0.45678717654669676  0.46362698999876756  0.47003741360610685
  0.47624231423303720  0.48237232605893432  0.48846340172983754  0.49432740416746468
  0.50022426666570186  0.50608247692934627  0.51188035517000030  0.51758447888149717
  0.52297920919675900  0.52815796197791776  0.53341913820454023  0.53881355826742294
  0.54409581210423463  0.54910045490271764  0.55402972921949034  0.55895704619275599
  0.56390805942658129  0.56893062057688992  0.57398502991790734  0.57912598543571070
  0.58431581668261534  0.58932450245236934  0.59409177901924604  0.59898856764588393
  0.60373237459002804  0.60839288822558535  0.61296759670685441  0.61748166190994391
  0.62209943668095935  0.62661655374162850  0.63117625462138915  0.63572532531374282
  0.64038726503597043  0.64511270146802513  0.64973758915530511  0.65428721407016666
  0.65885762415082327  0.66350317173507711  0.66836311825394279  0.67351730306631108
  0.67851074252787702  0.68366078505272920  0.68896247894585316  0.69431544946689383
  0.69959737075408168  0.70475576693609399  0.71003616834191785  0.71573287832500287
  0.72202506136718458  0.72879450370463683  0.73555962370553796  0.74209051632134859
  0.74872012045670822  0.75550651040432981  0.76239432160417386  0.76964669280650899
  0.77728604356854925  0.78517023923277918  0.79358357302511295  0.80278026068390074
  0.81282987543451712  0.82390067876175588  0.83619714226265318  0.85007180083459577
  0.86632711018609643  0.88595844521206046  0.91900242924998599  1.00000000000000000
   2.5841784476210243E-055  -1.0000000000000000     
 F T T F F F F F T T T T T T T T F F F F F F F F F F F F F F F F F F F F F F F F F F F F F F F F F F F F F F F F T T T T T T T T F T T F F F F F T T T T T T T T F F F F F F F F F F F F F F F F F F F F F F F F F F F F F F F F F F F F F F F F T T T T T T T T
  <DiscreteSampler_grid>
  grouped_processes
  1 # 1 for a reference and 2 for a running grid.
  10 # Attribute 'min_bin_probing_points' of the grid.
  1 # Attribute 'grid_mode' of the grid. 1=='default',2=='initialization'
  0.0000000000000000 # Attribute 'small_contrib_threshold' of the grid.
  0.5000000000000000 # Attribute 'damping_power' of the grid.
 # binID   n_entries weight   weight_sqr   abs_weight
    10   10   2.736078835130187E-044   1.232532741043877E-087   2.736078835130187E-044
    11   10   2.736078835130189E-044   1.232532741043878E-087   2.736078835130189E-044
  </DiscreteSampler_grid>
