  0.00015406632958038  0.00137607616688285  0.00238708845029531  0.00317769773025313
  0.00387649976314990  0.00452808501837139  0.00515409144194315  0.00576051648767170
  0.00634380300453118  0.00690512494365713  0.00744395588709777  0.00795810192015614
  0.00845919282561898  0.00895517700561448  0.00944101093523086  0.00992594476886995
  0.01040129927037260  0.01084846562283359  0.01129364026884076  0.01173852789244954
  0.01217094704486304  0.01261393188991905  0.01305576738537800  0.01348281004025060
  0.01390072658987043  0.01431913192062439  0.01474738791209269  0.01518386505237081
  0.01560794580206239  0.01603108534012282  0.01645464676183842  0.01686342853647628
  0.01727583828625341  0.01770284693912276  0.01813867779769855  0.01857373447937423
  0.01900813409605121  0.01943764505021387  0.01985429386985543  0.02027133078989845
  0.02069864686638596  0.02115180379242206  0.02161236961709122  0.02206358423223087
  0.02251711017010853  0.02295311567141126  0.02340958322756129  0.02385494241140166
  0.02431546035867406  0.02475964285020524  0.02520685311736515  0.02564807608651894
  0.02607630651829097  0.02649796095563383  0.02691722218049042  0.02733569355634233
  0.02779249145813483  0.02825030899401787  0.02871062817499238  0.02917028548345488
  0.02962272901213044  0.03007232343525488  0.03052802697978554  0.03099878797430845
  0.03149444538272968  0.03201240317880902  0.03252156023258385  0.03301784602724725
  0.03350097748874386  0.03398242831488729  0.03446990712611826  0.03498485935024396
  0.03552890243751132  0.03608852852944385  0.03666053880326856  0.03722139147214259
  0.03778255890731562  0.03834021072756835  0.03890618145649054  0.03950535872445990
  0.04016169492838274  0.04083080105589845  0.04151522813710818  0.04228606824935769
  0.04310954918923108  0.04398923586008466  0.04494471885957214  0.04602407724520183
  0.04735811752418576  0.04938254054796375  0.05264662210026493  0.05661829461198381
  0.06161881866054891  0.06823419338138820  0.07312323731857404  1.00000000000000000
  0.00715994799347034  0.02311871853132048  0.04010730694812938  0.05254348381525727
  0.06415435175720856  0.07542982747788207  0.08637664396695434  0.09669804589600807
  0.10655052108863437  0.11679857193022597  0.12655903586369771  0.13613331180498170
  0.14610289101544119  0.15627247227287072  0.16617091798053180  0.17558303556173280
  0.18496332007538921  0.19507665528497925  0.20571436248358607  0.21642064632067082
  0.22735832377460280  0.23915228420320750  0.25063122172376179  0.26048661586390970
  0.26994686473524593  0.28012107550004217  0.29072571616899401  0.30129278407213395
  0.31106100182844182  0.32260167129075429  0.33373339555710929  0.34381210685434155
  0.35364208408467007  0.36323728861043114  0.37262434823698015  0.38121248078457198
  0.38948182872044962  0.39840392520353451  0.40798927115923111  0.41781514935960645
  0.42749646174957912  0.43752117908263211  0.44783814301184682  0.45786607914434840
  0.46742207574477279  0.47661852953054390  0.48595511349955522  0.49487190282515992
  0.50451274227034659  0.51553621287867679  0.52682477294694940  0.53791828053195245
  0.54782446680064256  0.55783515877893719  0.56705042437874154  0.57668333424304519
  0.58622727768466809  0.59614858081408029  0.60651254712543790  0.61778422978567005
  0.62865654530085580  0.63895746219034322  0.64881653161535080  0.65857748709951169
  0.66849502788733428  0.67799841045524400  0.68744473333599332  0.69679729434643267
  0.70619920018854188  0.71536479928296792  0.72468471449049754  0.73448051319508123
  0.74476294242036456  0.75547686286087956  0.76591750577451068  0.77589868482024882
  0.78559901508864982  0.79516297744967213  0.80485570683937158  0.81431502575321002
  0.82358879422814146  0.83253917994039595  0.84151414336086494  0.85074936837734627
  0.86002120797946802  0.86985444408439516  0.87963263634822619  0.88958335395452937
  0.89945308279662639  0.91006247795356476  0.92070921303611475  0.93147623663397927
  0.94398410923260645  0.95713849396745965  0.97419419461617374  1.00000000000000000
 -0.00120984525897231  0.00560457714253625  0.00831045205884932  0.01134235393813442
  0.01437965019459599  0.01764516907015124  0.02156943765604143  0.02567137042096762
  0.02991982188460976  0.03445964623527743  0.03963652933586471  0.04466612025822431
  0.05031119396075481  0.05724694750365011  0.06379337938553904  0.07008420879758109
  0.07679320368534580  0.08508867821635666  0.09356193334214659  0.10075322541654112
  0.10785939377886855  0.11518409741515814  0.12243493311485187  0.13005076491135592
  0.13824188054603723  0.14628040545379731  0.15387036830668527  0.16179178509009751
  0.16982099649513441  0.17839015217649665  0.18739747923064776  0.19670468763253748
  0.20684607791435300  0.21739496395138677  0.22756754496118312  0.23773404000945753
  0.24787836060130214  0.25854437913800965  0.27000819050383967  0.28357232166747876
  0.29664953228857471  0.30878922795899244  0.31998148100251850  0.33081681416557918
  0.34169817316899154  0.35248914389999508  0.36327836591771334  0.37418474551441955
  0.38527452127912493  0.39651632487571642  0.40770632822405456  0.41871071558692430
  0.42963212266876832  0.44065757830424412  0.45177683681542974  0.46338207957316507
  0.47552515711101900  0.48831831509842344  0.50152577323362013  0.51481674675630096
  0.52811893932521858  0.54197332981293722  0.55600048517573730  0.57075518771112843
  0.58612590279790444  0.60187591411746932  0.61764675562313920  0.62997027898233326
  0.64226349936676952  0.65469177528903122  0.66706358773486985  0.67927037827439019
  0.69137141700685378  0.70344210284700337  0.71545886335134001  0.72813968159311748
  0.74264606377700260  0.75679195346370187  0.77050652229346039  0.78420258571477330
  0.79778613257725373  0.81107502154426170  0.82376702686520253  0.83617468643428461
  0.84856878438301808  0.86139230831238800  0.87496377657821844  0.88904871805677932
  0.90293475023206848  0.91661863182677550  0.93038278547561482  0.94346600528627944
  0.95734915412403276  0.97166468870517875  0.98592642910047901  1.00000000000000000
 -0.00196838130234601  0.00778020635251463  0.01715371199224169  0.02673812621019546
  0.03698927389564680  0.04748464001314608  0.05768095473017415  0.06743764065992428
  0.07706609795510450  0.08673162615908386  0.09770114194412781  0.10904443872309885
  0.12085938758581857  0.13182468221287591  0.14301545759200932  0.15543465870395767
  0.16750658210320357  0.17773790169307363  0.18735102106454996  0.19706873090602878
  0.20701407650782397  0.21628020846169946  0.22562887079086458  0.23671412985295914
  0.24931973339962765  0.26064595034516391  0.27161410612411546  0.28185192770147133
  0.29168926981392790  0.30013378087925358  0.30870112211741568  0.31845912423104578
  0.32944029159667987  0.34007950292861033  0.35076448827722567  0.36128423503868767
  0.37168067616681616  0.38124411239864836  0.39015625207026300  0.39891288004709075
  0.40818748762785845  0.41766719577572531  0.42737871192412563  0.43732343461575712
  0.44851573225134655  0.46059818825023602  0.47300419171765679  0.48485002998086446
  0.49597243307730177  0.50696233346534547  0.51844617631482481  0.53073631838752588
  0.54326258821126139  0.55669623832396697  0.56721326342223610  0.57767025286401141
  0.58779623063217057  0.59727705540372056  0.60676531404435652  0.61631705874705744
  0.62599902495331916  0.63633101877488019  0.64636269280818370  0.65580302601636720
  0.66523655258113312  0.67465964378856769  0.68410972307615714  0.69384295961095510
  0.70392708066949050  0.71483825741012019  0.72614113282901183  0.73663514580061296
  0.74649221169077040  0.75637117485784544  0.76626330231875306  0.77631388936285062
  0.78667745030658109  0.79776941148389258  0.80941788155864147  0.82101211999301305
  0.83338797774737905  0.84564219048938760  0.85746685927195743  0.86880873270437697
  0.88000826425219991  0.89155798548761622  0.90223886530776098  0.91304732257754229
  0.92417247792037094  0.93593002018188620  0.94747198536316590  0.95853982536826676
  0.96950860270096817  0.97997005686942251  0.99017472950044261  1.00000000000000000
 -0.00227646570190877  0.00901136174762345  0.01821659655145592  0.02752655059690570
  0.03661549572880528  0.04554511221381458  0.05404159757651323  0.06267413532254201
  0.07140170499691248  0.08012109637291731  0.08925879888617806  0.09927378449900000
  0.11011548356809729  0.12157088303528357  0.13261819187675886  0.14328292079319438
  0.15345037838135969  0.16294952410174987  0.17251341514076279  0.18226963574115770
  0.19222762693647460  0.20292449875536389  0.21458362600776576  0.22627390318934887
  0.23743832198282527  0.24806013122176077  0.25885385933037935  0.27035224264189178
  0.28156159405220077  0.29233573231637683  0.30300977649803795  0.31423289549335431
  0.32594128431407099  0.33751055948779413  0.34882380370077770  0.36007788549769804
  0.37124118332619455  0.38290883588875796  0.39497303575047599  0.40678457464984724
  0.41884662842378545  0.43018683381240475  0.44125051199566828  0.45275399325344801
  0.46361903574379471  0.47479460821901326  0.48482154176587300  0.49424460475103638
  0.50324461088073313  0.51170259088451753  0.52011489000668254  0.52878565038044989
  0.53788010561030675  0.54699189528312042  0.55569961774610976  0.56431674056846881
  0.57297976014907115  0.58170098731876319  0.59057149016461929  0.59952997213392090
  0.60865789655440239  0.61802090440606261  0.62793786706569998  0.63773388323805247
  0.64813964463772800  0.65920559304967519  0.67080031051118338  0.68249726924550691
  0.69454465562807899  0.70634152947739759  0.71777494155776589  0.72877228629172830
  0.73976928961477861  0.75132306050037001  0.76379845495973997  0.77703589837543396
  0.79031828551111549  0.80337296243819500  0.81632557855539067  0.82813630052180687
  0.83922251652257140  0.85005887083642750  0.86025724358654099  0.87034788241000050
  0.88062551169663994  0.89167538637623434  0.90296615322871987  0.91392156095321253
  0.92427646569932276  0.93464277435856669  0.94536028458499799  0.95580021513983704
  0.96581841533015333  0.97593866953456332  0.98716679167868726  1.00000000000000000
 -0.00329070403695275  0.01185781063647897  0.02478640370264409  0.03714460464327843
  0.04951082451522266  0.06154727261767523  0.07285858238959535  0.08362047467968374
  0.09429031096608398  0.10524924086124819  0.11664383212926152  0.12816432687931253
  0.14011701072486377  0.15266264914265432  0.16525077218209769  0.17684697644257238
  0.18758093164318471  0.19822225656134534  0.20887840412977943  0.21944856165803903
  0.23019320987446429  0.24191309284688323  0.25404656510434126  0.26593025213529592
  0.27714107741154986  0.28796987845006983  0.29885948057984985  0.30949780500907603
  0.31997160474770003  0.33044526723544737  0.34138213742237550  0.35241695911830451
  0.36180891045900843  0.37110849289543457  0.38114908266330633  0.39156321530953947
  0.40174382677043763  0.41190678036345968  0.42298764192179633  0.43466486780002617
  0.44585780611913062  0.45590366319496117  0.46563210490833112  0.47545870581080596
  0.48498217445123609  0.49449889352204379  0.50401821538041902  0.51371242440148390
  0.52336207881958630  0.53266880746058731  0.54255615575368799  0.55424428133620918
  0.56532436004532927  0.57581082635543668  0.58603832307679227  0.59522421261015124
  0.60392294729175844  0.61298234623512560  0.62244355954903463  0.63198450575123954
  0.64118694900114603  0.65124847937127261  0.66190392508159268  0.67302536826357529
  0.68491332293774820  0.69744463943206081  0.70992868624176508  0.72173129091586796
  0.73290620028868936  0.74374032442936977  0.75376076456249297  0.76365802498943069
  0.77353881106845745  0.78321510251560700  0.79264897246427313  0.80213235950744299
  0.81197633451935025  0.82184560089723047  0.83147145664602162  0.84170146175691529
  0.85202706599996969  0.86221510788044842  0.87202846944131707  0.88206601548492614
  0.89243452896113273  0.90367551442532590  0.91501899492362426  0.92540688951203987
  0.93506101449598622  0.94410335968859072  0.95236619121452903  0.96096981543623339
  0.96979608702864573  0.97926550828913395  0.98940092098042454  1.00000000000000000
 -0.00345331110400870  0.01099974643979872  0.02263340050595585  0.03281909373268620
  0.04315882878342700  0.05396609173953858  0.06505122997024299  0.07631365649233030
  0.08859529613955341  0.10222637019306435  0.11359636617940422  0.12478374242777004
  0.13595281330230619  0.14685990170816005  0.15741650991000761  0.16802131750548271
  0.17734552860223152  0.18766502675768301  0.19813440131670737  0.20910772849255224
  0.21906126281005101  0.22883647756394485  0.23881221581701317  0.24899712185218867
  0.25906285957424607  0.26881757289448732  0.27914170829497237  0.28951449548385461
  0.30092753870045930  0.31301505343841168  0.32457477477856433  0.33618675700992751
  0.34734269537644558  0.35862136356426355  0.37009743283738905  0.38146816787309767
  0.39277697424816632  0.40436583347680150  0.41575855284868685  0.42613493177624856
  0.43592626822678748  0.44495361508116704  0.45409998929770695  0.46369992660421516
  0.47373893576468523  0.48344662076504585  0.49399116064776150  0.50499242884608420
  0.51591241129220489  0.52639291557913181  0.53600303622750534  0.54606108006197007
  0.55628908704271962  0.56698016322619593  0.57786828344359820  0.58918936289926949
  0.60049259539402611  0.61133876085704975  0.62177321175018097  0.63199077190145969
  0.64162691240347502  0.65103015567722633  0.66085788622995800  0.67075187131377922
  0.68103402404208635  0.69137828056809725  0.70197377236238623  0.71143055272916145
  0.71953601287577762  0.72742777674221537  0.73615243320664980  0.74542380676433184
  0.75473617462105691  0.76381784199530656  0.77335788922582527  0.78337314375768885
  0.79367608330759631  0.80441905712960549  0.81665573684722281  0.82962861976872571
  0.84119188741086581  0.85147142882425897  0.86189175238836846  0.87270138032141731
  0.88359379388747983  0.89362819143999295  0.90340962932278990  0.91320058072878230
  0.92339417362975218  0.93388582408396215  0.94418880097347013  0.95414832828277885
  0.96469921912230561  0.97638460496824075  0.98835775747080779  1.00000000000000000
 -0.00365159831870839  0.01185407707234437  0.02385312408951846  0.03384979868088279
  0.04361772716973648  0.05313129642369879  0.06279754607799809  0.07287932596577743
  0.08332491521292507  0.09373162226864921  0.10412541333965081  0.11487053076538659
  0.12576920895538024  0.13679558238146891  0.14786573054923752  0.15960421780155326
  0.17161820392296195  0.18255278871609779  0.19315042445344616  0.20278610485484880
  0.21182738785868552  0.22084783805055522  0.23015670882457304  0.23978059510731689
  0.24955237650989934  0.26051306588141515  0.27254850193536978  0.28454716461998270
  0.29518336107590587  0.30485641807690372  0.31434788702317101  0.32411862977912220
  0.33426661014680792  0.34483303774968560  0.35594747672943328  0.36801186727714447
  0.38052339392803231  0.39313552551470776  0.40432259771473977  0.41520415057388183
  0.42654256561592185  0.43770532048484079  0.44901341665254590  0.46031671108416516
  0.47247908777181397  0.48398589060250324  0.49431102638156460  0.50446709317794380
  0.51400481871726511  0.52342383846568563  0.53282748647720846  0.54248028960027761
  0.55254777776099151  0.56299548097304375  0.57398341983706191  0.58505336802542474
  0.59555312156884999  0.60557748692125069  0.61591762072433642  0.62678232719499050
  0.63731247800595903  0.64766524821166271  0.65761698643387700  0.66744451229919932
  0.67627895822653183  0.68478266717102976  0.69375286009704740  0.70326959870561456
  0.71267956266551247  0.72232912041550301  0.73256783405340720  0.74382725127805283
  0.75600937522427303  0.77022862058156327  0.78204140349665496  0.79380339898701413
  0.80620169938366160  0.81819271250333581  0.82949898665897381  0.84005000348027370
  0.85013591596549531  0.86063651068941316  0.87146247254739795  0.88222111845778906
  0.89226112323723050  0.90294415689518259  0.91366318678986125  0.92398612006856107
  0.93435010200887281  0.94432931982260693  0.95473555305520541  0.96422986717222536
  0.97342437168842422  0.98264460283046617  0.99150389538002315  1.00000000000000000
  0.00544653667907931  0.03589373124714548  0.05433228543258392  0.06594162365752881
  0.07415095671007121  0.08252272332167954  0.09044655346168756  0.09812440482546951
  0.10512834614226726  0.11139797488472426  0.11739196376396351  0.12325434035370877
  0.12919137823232063  0.13544667119080672  0.14163946846630807  0.14745358306335771
  0.15287708716183537  0.15828283171437604  0.16407534215640240  0.17020130635051103
  0.17627475877442200  0.18199775549840924  0.18739421405763770  0.19286543841237622
  0.19870155318784782  0.20451949882108619  0.21011002799926903  0.21543152204169233
  0.22068132770607127  0.22612456511908358  0.23194648618405586  0.23803016430975757
  0.24407839610102602  0.24983895555490795  0.25526337202430860  0.26065364813944564
  0.26596801553002963  0.27144892250355335  0.27720794143003458  0.28294990153330668
  0.28862722608413394  0.29443803717767220  0.30045880544059822  0.30665696790451824
  0.31310263403301841  0.32008043563979721  0.32717075033953724  0.33433630114148433
  0.34128615751907043  0.34818495282282746  0.35537466865463752  0.36253336615092357
  0.36960923036012411  0.37661334427888504  0.38346739186816742  0.39036685326792842
  0.39751340888952302  0.40463892414215058  0.41180070309902833  0.41865184882427287
  0.42543358374901580  0.43249781332073317  0.44008248702617209  0.44811733679046567
  0.45628337640152916  0.46441723683771535  0.47296984182165414  0.48160280190488369
  0.48995610388844563  0.49821952557419169  0.50645396268656695  0.51497522857703426
  0.52313604414157233  0.53101572211933612  0.53893322384987719  0.54736333791410607
  0.55638965889643877  0.56542205041425353  0.57419692397973598  0.58281581145001038
  0.59280894561871711  0.60303299761853468  0.61539950728836623  0.62708608371047392
  0.63819956514114340  0.64987065155419554  0.66274430930655970  0.67662178409423923
  0.69471249514529620  0.71573603980208622  0.73773834946173744  0.76053798403542505
  0.78790138840880475  0.82117798624034044  0.86725295088297194  1.00000000000000000
 -0.02415935917289083  0.13940085909499483  0.17704024108815883  0.20049918788795409
  0.21767291144756346  0.23128603858987345  0.24292149837858398  0.25342188369298185
  0.26361724155415406  0.27382242857353550  0.28416051576706713  0.29341984895994644
  0.30150867501003109  0.30920075380695694  0.31678520427151086  0.32400730764370783
  0.33109694412532648  0.33736963484704324  0.34322699957935882  0.34908485430076541
  0.35459227941758092  0.35971392158614229  0.36472709227551164  0.36989620303544568
  0.37498470118137023  0.38015951959578748  0.38525169049187441  0.39030556840942110
  0.39563847717233591  0.40132422295817693  0.40707164537857976  0.41254744544635025
  0.41780477772744806  0.42272572150332971  0.42752465910699788  0.43235182783976567
  0.43707617667209425  0.44161537521803967  0.44612679491351659  0.45079049624141937
  0.45555039390921859  0.46019373444318329  0.46461630962052008  0.46897256591017600
  0.47341279679891568  0.47751285094565343  0.48216508578679296  0.48699501577126453
  0.49174748715080419  0.49663061310622042  0.50171139336903170  0.50697910968522852
  0.51215955249573974  0.51711446724019661  0.52204470402424741  0.52725357580750798
  0.53268502728421596  0.53846850966941850  0.54331932174652031  0.54793244697175669
  0.55261848341715403  0.55765901897965375  0.56305844005573336  0.56833178355185343
  0.57317064486972658  0.57788505047651539  0.58282592583821446  0.58895188559668232
  0.59516439086216499  0.60116991114731999  0.60741175097370081  0.61407929380800097
  0.62083683500214126  0.62774089736840488  0.63499129412495425  0.64244393860901561
  0.64952404168241606  0.65630913541024583  0.66324212107303837  0.67012671290720105
  0.67697993487214159  0.68419380965278453  0.69186818351471602  0.69990912978064601
  0.70817181904572235  0.71666976593837617  0.72599153379235326  0.73545710742318748
  0.74583494164081454  0.75712242265049046  0.76937235452366293  0.78319859063369557
  0.79969862048813067  0.82220701872122870  0.85920018022300848  1.00000000000000000
   5.1593710680622792E-032  -1.0000000000000000     
 T T T T T T T T T T T T T T T T F F F F F F F F T T T T T T T T F F F F F F F F T T T T T T T T T T T T T T T T T T T T T T T T T T T T T T T T T T T T T T T T F F F F F F F F T T T T T T T T F F F F F F F F T T T T T T T T T T T T T T T T T T T T T T T T
  <DiscreteSampler_grid>
  grouped_processes
  1 # 1 for a reference and 2 for a running grid.
  10 # Attribute 'min_bin_probing_points' of the grid.
  1 # Attribute 'grid_mode' of the grid. 1=='default',2=='initialization'
  0.0000000000000000 # Attribute 'small_contrib_threshold' of the grid.
  0.5000000000000000 # Attribute 'damping_power' of the grid.
 # binID   n_entries weight   weight_sqr   abs_weight
    10   10   2.175880359955420E-019   1.333035468620013E-037   2.175880359955420E-019
    11   10   2.175880359955420E-019   1.333035468620013E-037   2.175880359955420E-019
  </DiscreteSampler_grid>
