  0.00013508265285906  0.00140627496676024  0.00239288533577311  0.00321343910978019
  0.00396321318194955  0.00464638056984098  0.00528171106747068  0.00589454841816243
  0.00647870718515202  0.00700075711169037  0.00750814182148191  0.00800696671412312
  0.00849109860270310  0.00899088751325075  0.00945911828673440  0.00992561378107722
  0.01038209787040978  0.01084998479850628  0.01131034867181694  0.01175378290891325
  0.01219129489579349  0.01262617729178758  0.01305310411642597  0.01347834262613791
  0.01390919850529229  0.01434171920312921  0.01477234353689722  0.01519447059118718
  0.01561026134878458  0.01602225301688456  0.01642928003686500  0.01683149042709366
  0.01723822828281603  0.01764968227583710  0.01806478671635667  0.01848320860486733
  0.01890427257453816  0.01933131977561727  0.01977001319351857  0.02017001482654316
  0.02056663783733298  0.02098235089404950  0.02140780770893207  0.02183487857228187
  0.02226982686003599  0.02271889473260830  0.02317665374356440  0.02363304225944974
  0.02409174200475406  0.02454512313626825  0.02498866365993704  0.02542841071760833
  0.02587938328869436  0.02634944386589214  0.02681106982936026  0.02727735998802550
  0.02775551427444746  0.02824738270340126  0.02872886638470210  0.02921214243094246
  0.02969231036411889  0.03016138475767829  0.03062804712636008  0.03110872115136058
  0.03162466266248511  0.03217487261245735  0.03272750751727064  0.03327508191568253
  0.03380589358200369  0.03433921106273542  0.03487688993667058  0.03540975133688895
  0.03593764133779288  0.03646970984808202  0.03700481901890205  0.03754248712610699
  0.03811841166999193  0.03869499316861552  0.03927302473080940  0.03985488742864942
  0.04045401552935725  0.04109215486439386  0.04179574766659088  0.04258473376540750
  0.04341583314771312  0.04426732700673061  0.04515842765020695  0.04617774160945833
  0.04750992384706014  0.04957521521243088  0.05259890696989523  0.05651541431658653
  0.06123755497471981  0.06755604786631933  0.07231098562790858  1.00000000000000000
  0.00694779107473864  0.02262179647619036  0.03624511513700378  0.04912746125457262
  0.06124567060066996  0.07259413175817175  0.08338778763511914  0.09336798489460464
  0.10333182910620811  0.11315798020604802  0.12260062371954324  0.13156862699496766
  0.14040744923789833  0.14946036361294479  0.15911787125068622  0.16904185898167876
  0.17889959053629179  0.18837510000595550  0.19789077925362428  0.20809682320900741
  0.21954275998589581  0.23071466417134193  0.24073508201622179  0.24985357888594253
  0.25849485928418175  0.26740495890523225  0.27759415869607063  0.28810616609232248
  0.29813488721962111  0.30760282432768765  0.31687243122362824  0.32606281692593131
  0.33546847350727288  0.34523940414199350  0.35506961535418391  0.36458779040563882
  0.37394741992381514  0.38331845391987568  0.39261045022917251  0.40157622036529228
  0.41038127701698451  0.41965028521580311  0.42964333414381251  0.43916965066771846
  0.44780180211572773  0.45626152847987073  0.46444904564339839  0.47286061963327886
  0.48138203229532439  0.49016344621308211  0.49927900337258541  0.50858215596424683
  0.51750464106163052  0.52726536758187170  0.53775415113636038  0.54836688448325210
  0.55842113031870488  0.56870070601632305  0.57953635104478007  0.59024479662908247
  0.60053029936444235  0.61084229079351138  0.62146726274816844  0.63219548508327561
  0.64288531713725405  0.65396662480555090  0.66625215602926635  0.67841465570143655
  0.69121282326076994  0.70397912137552332  0.71549928887895820  0.72572285675976467
  0.73545735219668540  0.74528628801844210  0.75530083901589973  0.76560076382139364
  0.77571592193314209  0.78662431215933426  0.79834466788246905  0.81033005318941831
  0.82115272694614749  0.83106922706520647  0.84055372935853678  0.84949365833980628
  0.85816276569522865  0.86644119059365543  0.87473560138525253  0.88416665413309448
  0.89375690751784365  0.90417616295631120  0.91479948134847922  0.92626436279577096
  0.93855741587984609  0.95306764515111131  0.97257831462418676  1.00000000000000000
 -0.00120415945568272  0.00561064790288817  0.00789938791431254  0.01046694187201507
  0.01326920679261614  0.01656832156587731  0.01987105126586693  0.02354455503346242
  0.02766676833333293  0.03202524905002412  0.03707567439696055  0.04244268712740430
  0.04740981932579821  0.05274455576351104  0.05839025369865485  0.06428056161811735
  0.07049813010701796  0.07638005708813424  0.08213692272567387  0.08871210708167550
  0.09581259718896831  0.10264781985756603  0.11010349922262203  0.11816698637381479
  0.12715549280898600  0.13570507745229807  0.14351884201625784  0.15086752469428522
  0.15833065836938162  0.16608033954873230  0.17401149207897976  0.18200704454580480
  0.19035851578284435  0.19913949007065690  0.20837240171620036  0.21783637283942353
  0.22718180080207637  0.23612512150560180  0.24524996922712680  0.25426509729544883
  0.26408588863360627  0.27407795795588535  0.28365259394310494  0.29322707404357956
  0.30322949006239414  0.31371444961041534  0.32441157486694261  0.33529348580317619
  0.34647847311471591  0.35714387094421540  0.36782710157444798  0.37949482281556995
  0.39269299437932786  0.40769470720000089  0.42312397502745847  0.43682982464727660
  0.44976865518069481  0.46288625879578399  0.47520754418644878  0.48662914465681151
  0.49846514700747202  0.51104482206423196  0.52416039615088961  0.53690166795665828
  0.54868424359858503  0.56052234749982333  0.57262708160757791  0.58474988551595342
  0.59681755397340297  0.60931090645342445  0.62509607647238419  0.64035373490975378
  0.65500608907436331  0.66879228533043322  0.68202480221909279  0.69628797125716557
  0.71019462788849841  0.72372170356926779  0.73656204018798666  0.74905179983574854
  0.76177667173656372  0.77507289095217347  0.78849395459112814  0.80194900872637298
  0.81628319376860947  0.83130370401493181  0.84680225687835242  0.86269241691693477
  0.87783713958993403  0.89440608215604800  0.91170992958446073  0.92921705255319542
  0.94701845467725898  0.96474749911772795  0.98240832651798116  1.00000000000000000
 -0.00241969853754211  0.01192545193752202  0.02270084761582973  0.03104993927955964
  0.03971827711157398  0.04851337686068983  0.05691677996676443  0.06552783762648336
  0.07432599746047085  0.08402685436666807  0.09556893657484797  0.10774766222693330
  0.11913914063353109  0.12978659664091910  0.13985019517254266  0.14964183301044295
  0.15954129810360534  0.16949512512533951  0.17918407809691153  0.18909948263028675
  0.19991722433402803  0.21249231362661586  0.22619186620712736  0.23890552698905992
  0.25038370529805726  0.26118972819890035  0.27206302636605484  0.28319451368963638
  0.29368021284676499  0.30324686098753795  0.31311111962282784  0.32341022864521385
  0.33362578607575338  0.34341905559023422  0.35328213845956208  0.36387018001523608
  0.37482247491055881  0.38334527765691950  0.39213677785426559  0.40112964626238340
  0.41077283857221553  0.42030210218901010  0.42979391385466159  0.43967478978224689
  0.45033728783630977  0.46084259680597767  0.47097517945154760  0.48061619732281374
  0.49048377973219115  0.50074840230267859  0.51196220370011170  0.52407971123648356
  0.53721249142355498  0.54842345154618022  0.55879994202917371  0.56888424021288009
  0.57881373183195084  0.58882188484926734  0.59913405396259833  0.60964173878651162
  0.62029248315756846  0.63103752210735620  0.64225044113685048  0.65375237923341600
  0.66515690291463481  0.67711150686460064  0.68930451306540252  0.70192192143396004
  0.71495641575433866  0.72729049966808568  0.73775707931777712  0.74739337500142777
  0.75709161617017640  0.76659984816907811  0.77630562330445274  0.78644202199030466
  0.79761014698637434  0.81075204212902274  0.82414731525500462  0.83746236664745644
  0.84852204538236231  0.85969135573163502  0.86983792844202856  0.88005219836650417
  0.89075998450907490  0.90297942265901010  0.91501698689049682  0.92492529630892140
  0.93401583171237434  0.94388240890734199  0.95460386135361219  0.96445926396777937
  0.97328178191273684  0.98188038225942265  0.99095964421347849  1.00000000000000000
 -0.00183700290707070  0.00876711148615592  0.01819638984451913  0.02809299384718341
  0.03765650610214394  0.04763943699933110  0.05831155846615232  0.06897872798748766
  0.07971464563799464  0.09074251306159051  0.10313380460789148  0.11661492427947674
  0.12944472749701910  0.14060108831117868  0.15101440977516947  0.16130961426317600
  0.17252586115227661  0.18318301577677029  0.19369058414642756  0.20375473270907013
  0.21371380709361712  0.22322826199396470  0.23222994527111196  0.24137253175995599
  0.25032722620296688  0.25962736464771646  0.26885192249914980  0.27903878933463250
  0.29118501394239960  0.30333327420925599  0.31572162301238088  0.32767187046269536
  0.33787119134964816  0.34765827838772162  0.35714585494458007  0.36623173042297802
  0.37562732369287338  0.38500971748720275  0.39483551955155821  0.40570120559860257
  0.41728470700079751  0.42884630256699646  0.44044631740676743  0.45146614715504457
  0.46210351929731552  0.47207513858368105  0.48163047417676369  0.49187106037164297
  0.50198427980041316  0.51255901541899596  0.52394616140613759  0.53595233501391659
  0.54661254860375597  0.55694277499636236  0.56665099585195311  0.57850222682582242
  0.58929801781149027  0.59945816569368515  0.60979821437292436  0.62057411621748615
  0.63079954315026243  0.64042385678577296  0.65024480521958095  0.66098448530414688
  0.67281834679841179  0.68496664666971663  0.69730106851578277  0.70941207392430561
  0.72233916630766337  0.73444001481448573  0.74557707519850824  0.75632527110790027
  0.76685854896055783  0.77717240962056344  0.78724517430001539  0.79731246827497004
  0.80807987090140143  0.81821184012099557  0.82783345753985060  0.83750672428427975
  0.84730510292768035  0.85689684704084201  0.86597445270679874  0.87472044730197018
  0.88403259820962032  0.89399664552878544  0.90421455883403290  0.91469990976186755
  0.92457428068708003  0.93440851161757155  0.94445989492328042  0.95503111657330242
  0.96588863028227256  0.97743114860779701  0.98883418035163184  1.00000000000000000
 -0.00243817290388288  0.01058485070192208  0.02191321756750826  0.03359507776475131
  0.04457322205853987  0.05393532280041070  0.06313659566206278  0.07277877013118474
  0.08289307079387155  0.09220138249531905  0.10153562304616459  0.11216303961354951
  0.12272613090536312  0.13252996885735943  0.14205644007892113  0.15284039644683725
  0.16449784896167535  0.17697502098866541  0.18902484928791161  0.19920593339971276
  0.20876917672484635  0.21788315567240235  0.22698209522515908  0.23635866150357102
  0.24632829381434787  0.25711261610943781  0.26789281849370294  0.27910976589887904
  0.28999554737457905  0.30041520730293020  0.31136442786322843  0.32371947161263837
  0.33467370686792519  0.34468900695322241  0.35494744050282268  0.36605023057853570
  0.37710902502951099  0.38737468789212265  0.39775060196519019  0.40887552033173458
  0.41988572191614970  0.43012264198502864  0.44076577828154995  0.45196385233390679
  0.46390334824043811  0.47590288473489423  0.48788037729002282  0.49994226814416320
  0.51167364851049224  0.52336741676796228  0.53476021330055024  0.54555083101045287
  0.55635774010234262  0.56726823352782774  0.57847936096865471  0.58858409970597514
  0.59799660515752295  0.60794016373281978  0.61843080344529333  0.62883121703883704
  0.63843787524519124  0.64792601317789889  0.65798531570266749  0.66828223324321989
  0.67852064014753255  0.68859184361057058  0.69846771504079386  0.70800407434822488
  0.71668463857789322  0.72515961861146583  0.73376361925020461  0.74306524396679696
  0.75226140517386964  0.76230579909476992  0.77251021264396602  0.78282421043087513
  0.79370788636185763  0.80487000733393754  0.81614350474151198  0.82653313509089754
  0.83745124138960436  0.84829840052962968  0.85887014162779118  0.86902786605656268
  0.87966342790069885  0.89055186389878449  0.90139379513600582  0.91199026122206994
  0.92257635588616860  0.93240630201344454  0.94166126096643044  0.95123653989169055
  0.96140306681070631  0.97319380523147458  0.98673583814475052  1.00000000000000000
 -0.00201476332470090  0.00701684073716000  0.01538081014853152  0.02461057366794599
  0.03495287700775100  0.04526066398158946  0.05543786363720832  0.06671114480946093
  0.07838891483642252  0.08922780636057465  0.09921415213067077  0.10951216331243345
  0.12072720399646143  0.13185510376395909  0.14242979989254012  0.15257165287845789
  0.16286226916187146  0.17219236642753910  0.18066425443105236  0.18950185379094570
  0.19822033212115686  0.20669811875302568  0.21476587605165950  0.22297269075553339
  0.23177016273113438  0.24179147247727639  0.25265265497024419  0.26385794181666750
  0.27498910326928544  0.28555382967740478  0.29691482893609433  0.30843491600832146
  0.31889413416673201  0.32843230312237831  0.33882975644491198  0.35010458124893457
  0.36136343008716953  0.37254306744086768  0.38438100763674404  0.39739821136374442
  0.41017868213280656  0.42289858078611470  0.43476591092258987  0.44749186328187507
  0.45953635021182382  0.47018375274018925  0.48084725964038411  0.49222554909339467
  0.50426174987806494  0.51482633352037410  0.52554475794885236  0.53682934702742791
  0.54708331128775911  0.55644652334688527  0.56633436514431490  0.57644758046790145
  0.58624847419727710  0.59589112387635457  0.60615822724869861  0.61685754201109710
  0.62748840734275468  0.64026164345528824  0.65361930461107320  0.66714603820029728
  0.67949574574074512  0.69185463187284668  0.70457511635472669  0.71738027051800712
  0.72878600612886180  0.74030617424398915  0.75157044231209025  0.76296573369404885
  0.77408577378728682  0.78456766132035505  0.79420822927792822  0.80308407716504082
  0.81204095139133869  0.82132829087563175  0.83146156036385488  0.84092137470553330
  0.84971969981988449  0.85890982018841366  0.86877570356759737  0.87855162387537267
  0.88766651917124695  0.89698727418799251  0.90665335144351955  0.91658956265725067
  0.92651458934267850  0.93609961121979512  0.94662395064493332  0.95749052833769388
  0.96856005945462775  0.97932546631695294  0.98977943395228407  1.00000000000000000
 -0.00209303238612470  0.00794030424607216  0.01659560024676971  0.02651209231755850
  0.03732321969274814  0.04843415883607854  0.05962978027511957  0.07009500171209142
  0.08024517057905471  0.08909055985601615  0.09835301459473592  0.10776132453505795
  0.11617153343742949  0.12478774980649447  0.13386204036119118  0.14401974941827375
  0.15461528875696678  0.16578898590460805  0.17683405822815668  0.18819061048840935
  0.19938086252695780  0.21021499195759019  0.22033284298287559  0.23003112317053898
  0.24058999876786119  0.25110006791080736  0.26190121370684216  0.27274183274679326
  0.28312068743463503  0.29346319742913679  0.30346976901556905  0.31329991367951648
  0.32287779840894015  0.33262125119594388  0.34262374341884144  0.35260851395570503
  0.36256337240920572  0.37287502323104876  0.38382388735450745  0.39520698350197098
  0.40603246872550297  0.41600529267619929  0.42567123765237969  0.43516081774938481
  0.44451536203919673  0.45394304922922796  0.46466345361501993  0.47607955916423145
  0.48745810283491697  0.49856754103420975  0.50965955167776344  0.52057908758274685
  0.53124580937681065  0.54163103814303004  0.55091939208862817  0.56015910515777911
  0.56924429450557301  0.57832344257566459  0.58721065078533752  0.59619540240854874
  0.60493706875065278  0.61616235375956585  0.62858168186227437  0.64159413532379739
  0.65311439313592090  0.66375179018488351  0.67477921024542664  0.68607129143756818
  0.69768860419186862  0.70973683526507547  0.72240768405773659  0.73549778993336878
  0.74832686766838796  0.76026524374269799  0.77159017749761616  0.78210746567528433
  0.79245797464006507  0.80307955123006802  0.81382353531510210  0.82418171643403382
  0.83464569370394281  0.84560414289505614  0.85646542461087682  0.86663753182354730
  0.87670598151054413  0.88744020098526033  0.89878468098229658  0.91007904381019067
  0.92106101361867843  0.93202280421085737  0.94351387486542415  0.95558190005767396
  0.96699859346173511  0.97801277038007606  0.98898115825992872  1.00000000000000000
  0.00560097808619872  0.03753682240905948  0.05785486683722250  0.07087691540175602
  0.08055359088399826  0.08956488447392427  0.09785978498531177  0.10623371159199853
  0.11453736290531236  0.12263426960797026  0.13045193937168653  0.13795068041885830
  0.14535441082147246  0.15300380250486473  0.16107409507996459  0.16888120641606669
  0.17609916191318623  0.18288493833909883  0.18966807562608751  0.19708951063963609
  0.20462756572649191  0.21139226448908494  0.21734713675653361  0.22320675891090180
  0.22896103532293841  0.23486244186551941  0.24090996654295732  0.24666184877284236
  0.25218047429581425  0.25769741962161447  0.26320443006729383  0.26908585845593280
  0.27571443272420310  0.28330032629266633  0.29106626035604605  0.29842769227016008
  0.30603306838161892  0.31319107656594170  0.32033478781739727  0.32702854765129102
  0.33354382526619736  0.34024795862384316  0.34730796203980552  0.35445355074868046
  0.36098334927110926  0.36712419313332839  0.37293792579765483  0.37875116108878626
  0.38478661010560689  0.39117455751152413  0.39752567270881728  0.40366504971159117
  0.40971522920107789  0.41600600359281437  0.42295881977012234  0.43019013825487334
  0.43724059538042892  0.44417694669331520  0.45111088092511986  0.45804237938858361
  0.46496057435126115  0.47180577497597787  0.47863982567332769  0.48541893567521061
  0.49233804255182712  0.49968591330718032  0.50791398230270768  0.51680469317277045
  0.52576075027797664  0.53496677579940444  0.54417957347912349  0.55305326461076720
  0.56170376453838600  0.57064089184241684  0.58008705538814642  0.58940067912256600
  0.59846339823137895  0.60846712454557772  0.61920163887197321  0.63039142736059195
  0.64120844655793341  0.65201782147272791  0.66308925818714359  0.67430924723356611
  0.68541808566852858  0.69678683946241715  0.70994949841291011  0.72585589528606786
  0.74405807738760843  0.76236950637765599  0.78094736509461238  0.80008733041650371
  0.82330794475238978  0.85106347242973590  0.89545120656516342  1.00000000000000000
 -0.01829118589886800  0.13891506779017079  0.19254324927939453  0.22739261700039565
  0.25128902994765723  0.27123253556347188  0.28923859867313201  0.30426862515848746
  0.31753837536037227  0.32975832367675956  0.34301261707460590  0.35516408424407614
  0.36515974976744858  0.37483759120228755  0.38395246119603132  0.39277287897151858
  0.40121778794260199  0.40909809765524191  0.41654818376110642  0.42399577835947988
  0.43125133641900987  0.43834622841862009  0.44547109242123151  0.45259718272692129
  0.45958453895498236  0.46627187574389350  0.47263634769661900  0.47872636982246741
  0.48426474944011011  0.48999726632130913  0.49564939802523578  0.50130675323449880
  0.50646883634062601  0.51158284315601810  0.51648966198619939  0.52097466669477677
  0.52513613756231503  0.52925312318520779  0.53352926022432767  0.53776766251835051
  0.54195498932499675  0.54603788487888805  0.55011066263271380  0.55424271469266373
  0.55837760413115545  0.56262978420192011  0.56712502670536213  0.57163082311640179
  0.57590877648450300  0.58015308757531747  0.58452506586195785  0.58928260546100963
  0.59420169159310043  0.59931079534009168  0.60424900578465335  0.60909307496031728
  0.61387019622694683  0.61855220147319956  0.62333798646160254  0.62868684887196791
  0.63448752404883935  0.64040393959584418  0.64614700819448390  0.65143300612907662
  0.65648348127893963  0.66152870920913431  0.66669874822809860  0.67211522374088539
  0.67755781997920217  0.68329281931249874  0.68914707799437380  0.69484033248416688
  0.70039074792279166  0.70597564559780601  0.71174403293024247  0.71784268709074195
  0.72446377340439216  0.73094575031865128  0.73793518326826824  0.74475907553262599
  0.75161841785731864  0.75860765603008207  0.76590499828873704  0.77342233979382380
  0.78103748330355593  0.78885101457325812  0.79700409616443790  0.80542472439541957
  0.81503174765327091  0.82687687217341588  0.83980086803860610  0.85336664490100267
  0.86918628595450820  0.88810186219660936  0.91799976484447243  1.00000000000000000
   3.4985013955467126E-031  -1.0000000000000000     
 T T T T T T T T T T T T T T T T F F F F F F F F F F F F F F F F F F F F F F F F F F F F F F F F T T T T T T T T T T T T T T T T T T T T T T T T T T T T T T T T F F F F F F F F F F F F F F F F F F F F F F F F F F F F F F F F T T T T T T T T T T T T T T T T
  <DiscreteSampler_grid>
  grouped_processes
  1 # 1 for a reference and 2 for a running grid.
  10 # Attribute 'min_bin_probing_points' of the grid.
  1 # Attribute 'grid_mode' of the grid. 1=='default',2=='initialization'
  0.0000000000000000 # Attribute 'small_contrib_threshold' of the grid.
  0.5000000000000000 # Attribute 'damping_power' of the grid.
 # binID   n_entries weight   weight_sqr   abs_weight
    10   10   1.217485680401244E-019   2.502212339052819E-038   1.217485680401244E-019
    11   10   1.217485680401249E-019   2.502212339052835E-038   1.217485680401249E-019
  </DiscreteSampler_grid>
