 -0.00031034420522879  0.00671451144798186  0.01658302826465363  0.02723225311717310
  0.03812350195593638  0.04913987983285739  0.06069437977205032  0.07226393266289202
  0.08276048201966089  0.09285906851566038  0.10298445968603424  0.11296964933990249
  0.12282735694791909  0.13240859039831665  0.14160273808109419  0.15054291227467603
  0.15952228962970971  0.16864909501754452  0.17785875063046144  0.18692524870814869
  0.19586856480581535  0.20479829322547766  0.21367691901126123  0.22251629506125581
  0.23132418510941022  0.24009354238941263  0.24884909852235862  0.25752500934392647
  0.26608391844475066  0.27464594041710555  0.28313421007049205  0.29166880613829083
  0.30028408518735056  0.30875131463099986  0.31746534584536201  0.32613118513837502
  0.33472960431019000  0.34337521570057816  0.35200820718191322  0.36060625344652431
  0.36915904898184687  0.37770980463066650  0.38624673229209650  0.39464740381407432
  0.40300341649732913  0.41130526785234861  0.41957852778992805  0.42794427972286736
  0.43635163226644397  0.44490635077504354  0.45355346020852855  0.46212692741154826
  0.47072497851612416  0.47974956228647025  0.48884105754798729  0.49798241007134114
  0.50717450229378902  0.51628118474987683  0.52503114827467101  0.53377104151140076
  0.54238447502815779  0.55100034927650343  0.55966092316030347  0.56844129381342601
  0.57738434813493367  0.58635499955338100  0.59536646445554919  0.60443441184837521
  0.61341452663831764  0.62235771560554476  0.63136289674296953  0.64043960267323141
  0.64944697344257707  0.65888511447403320  0.66858280104709167  0.67858099378424364
  0.68873381218643759  0.69896081233133622  0.70933528996254525  0.71986967931617629
  0.73072139948220771  0.74168986317578067  0.75271695150503259  0.76385415573487125
  0.77529308016979681  0.78741047086876192  0.80119177483737603  0.81499633574338515
  0.82937152172825124  0.84479023830886801  0.86214798831383044  0.88207388770368744
  0.90324566055288535  0.92773449199327496  0.96142061798608702  1.00000000000000000
 -0.00251161188414101  0.00966980520265470  0.01987370515900821  0.03028721651531824
  0.04064350285099329  0.05116116794284269  0.06184805020143638  0.07265209353849852
  0.08329486777067538  0.09412810303345469  0.10483127266454133  0.11517916675955822
  0.12555966929701587  0.13605104666839532  0.14653129888775329  0.15677187823719463
  0.16743657355454133  0.17906723070079794  0.19063138095927387  0.20208429775417219
  0.21301570345682655  0.22354070686344593  0.23372869824030690  0.24381585891745794
  0.25365671756943187  0.26357099412219159  0.27372519607589207  0.28465556767789135
  0.29536894085633497  0.30524471396035119  0.31565662109323689  0.32648549314410819
  0.33690980845284696  0.34682878783367704  0.35704901250372600  0.36778518716186787
  0.37853281757235413  0.38884023649455468  0.39885970602924004  0.40867278100461751
  0.41872267885749104  0.42929290377979917  0.44010414049549257  0.45119944662925332
  0.46241116147435396  0.47343676527758882  0.48406464165164620  0.49424338133865126
  0.50434716179910266  0.51452810296462315  0.52522873501336143  0.53669008458697620
  0.54769898430544472  0.55849504834346986  0.56955188407570678  0.58067933337884392
  0.59107307337234349  0.60095245611996007  0.61093486844853639  0.62102631413078324
  0.63102491085222900  0.64130015080506564  0.65188147011011155  0.66288121468741157
  0.67328014944150694  0.68331353418499563  0.69352912270142075  0.70389492701888967
  0.71451171993825879  0.72542738069199930  0.73636858782478831  0.74762399335704310
  0.75810915228264897  0.76842699017169447  0.77874477638122852  0.78899652698634026
  0.79869292567203765  0.80825053786927170  0.81821986382580736  0.82838104285304470
  0.83827351432104225  0.84802262927420768  0.85806507773573570  0.86828308500035178
  0.87871119458663516  0.88933765670449139  0.89976035847391911  0.90998270043738949
  0.92074762199453442  0.93211446051039371  0.94337125403665512  0.95394620363970473
  0.96535483378241171  0.97735775876126829  0.98897349622346986  1.00000000000000000
 -0.00953397739539254  0.06160789830068212  0.09825928657892441  0.12344528536992939
  0.14455963752270520  0.16356718985197613  0.18085062973989841  0.19674937004417328
  0.21173289406031137  0.22592321153891182  0.23932586544268325  0.25217666813977724
  0.26446961298842159  0.27622294095094069  0.28709660251565938  0.29752017387453839
  0.30751662911183458  0.31740027724910508  0.32702382075496078  0.33673560464973251
  0.34667734788982413  0.35628301605646201  0.36520216226126617  0.37432576394744671
  0.38347149928432872  0.39253578495634456  0.40115631320827372  0.40969552871105391
  0.41813439255667584  0.42684729716255754  0.43542216159934166  0.44320455947380155
  0.45101520477206386  0.45860149077809231  0.46597029135684376  0.47330033410188377
  0.48075470616560628  0.48825110704075197  0.49563160795043365  0.50282373284903281
  0.50988518339103917  0.51695959000216196  0.52415064675484946  0.53148840609498027
  0.53881639089128630  0.54615779780590012  0.55344191134848764  0.56057552992558501
  0.56771467322052371  0.57485583348519309  0.58214852874624445  0.58994253282932640
  0.59815398251204444  0.60626006025705181  0.61382720704903038  0.62130874836718564
  0.62872234496349111  0.63617383229473212  0.64356479366236752  0.65070102882726100
  0.65784542714539529  0.66512628924265937  0.67237001860037471  0.67938432637357893
  0.68638630673653567  0.69343070818532837  0.70037705653889848  0.70750691523104126
  0.71492629057930768  0.72277465583388834  0.73048302705037671  0.73790809061733798
  0.74522464295297131  0.75257550239465720  0.75999023636930085  0.76757668088294528
  0.77531088812942994  0.78317544818296025  0.79128694847323111  0.79943104769047646
  0.80746826866834753  0.81540819353589855  0.82314918506530332  0.83121443941326978
  0.83975394674445247  0.84849858599143146  0.85759215952849355  0.86717568240641885
  0.87737170913825546  0.88831758822997187  0.89962302347790490  0.91166606759587632
  0.92555372258296387  0.94232280540878999  0.96497743399154223  1.00000000000000000
 -0.02150322847546985  0.14768704162298565  0.19910893463138690  0.23348857694319139
  0.25999624174001423  0.28332006556759642  0.30460272105464109  0.32364105343456656
  0.34137536756091424  0.35774052692447839  0.37239428559390281  0.38563097732026802
  0.39790482441263592  0.40970729391628846  0.42114874018048343  0.43186024106763110
  0.44194469682616883  0.45162905920628732  0.46082061872406804  0.46923631641526253
  0.47744024343203367  0.48543876605419473  0.49346780211321167  0.50146797608742988
  0.50937046134253183  0.51689967014371263  0.52491809470336337  0.53338148072270186
  0.54141440809037089  0.54908447133199245  0.55642713808560573  0.56345133607900522
  0.57005123695149351  0.57634834226208309  0.58247392338601200  0.58820729013206308
  0.59385966864720674  0.59949831659427055  0.60515873606393877  0.61073893044762406
  0.61617436880948218  0.62155690616273351  0.62709258141392321  0.63283228482519915
  0.63847260518441307  0.64393436258533510  0.64930801583072584  0.65470442121075156
  0.66022066337693630  0.66570526799820884  0.67082587903877500  0.67574632338156404
  0.68055100069055363  0.68529171162372826  0.68989110494198569  0.69441485895279209
  0.69907036292843405  0.70380666303121076  0.70850126793489765  0.71302181297384626
  0.71746210017878986  0.72187323617307664  0.72630329415335648  0.73090614020483513
  0.73560655970847733  0.74033362201319342  0.74507144451998419  0.74979984813822520
  0.75450128562942087  0.75920612105312635  0.76392705418258655  0.76860859328657538
  0.77348387206552360  0.77850823762238708  0.78358453405677786  0.78869487475532529
  0.79390065590282333  0.79919507299264803  0.80445077475813553  0.80973619032291710
  0.81510574962900006  0.82068873989211311  0.82653152787946782  0.83252296397159953
  0.83879588172282959  0.84520596821692484  0.85181096687355795  0.85886207585260754
  0.86615939947076592  0.87392815947836899  0.88251905703690881  0.89222656094571950
  0.90425481829856080  0.92018941703146573  0.94423668033960062  1.00000000000000000
   1.1150522006456565E-008  -1.0000000000000000     
 T T T T T T T T
  <DiscreteSampler_grid>
  grouped_processes
  1 # 1 for a reference and 2 for a running grid.
  10 # Attribute 'min_bin_probing_points' of the grid.
  1 # Attribute 'grid_mode' of the grid. 1=='default',2=='initialization'
  0.0000000000000000 # Attribute 'small_contrib_threshold' of the grid.
  0.5000000000000000 # Attribute 'damping_power' of the grid.
 # binID   n_entries weight   weight_sqr   abs_weight
    10   10   9.549095491236752E+003   1.929613247631261E+008   9.549095491236752E+003
    11   10   9.549095491236752E+003   1.929613247631261E+008   9.549095491236752E+003
  </DiscreteSampler_grid>
