 -0.00013560267662068  0.00588708080187529  0.01603149075183058  0.02706378901410655
  0.03832232216332626  0.04962696883508715  0.06039941337672019  0.07079999809488882
  0.08098639275200850  0.09124748921962403  0.10147223573661115  0.11162982640598641
  0.12172340112218558  0.13201743158980717  0.14236909190638694  0.15255635978685200
  0.16213977456180276  0.17137172210820448  0.18029483997382439  0.18910596979858615
  0.19785133370495475  0.20648389732812436  0.21515990924801737  0.22389967260626759
  0.23267158037588992  0.24171630085431073  0.25083063542280548  0.25985471181054060
  0.26871881636825828  0.27743149842984605  0.28597331817381016  0.29447404364330637
  0.30290998182669182  0.31103219802016280  0.31963340170610677  0.32825409964665447
  0.33674143344736440  0.34514569490964314  0.35354046156228808  0.36194859758191378
  0.37034517712005049  0.37868501408563682  0.38696195185854793  0.39551172852103877
  0.40403627040155443  0.41251331914194966  0.42098203823649905  0.42939587807820834
  0.43768155136601566  0.44586886489392624  0.45415661920291311  0.46243029167302224
  0.47065003740852218  0.47878949684755456  0.48708618579185708  0.49545847183987030
  0.50385452304383571  0.51233696202042722  0.52101872499849522  0.52993831653463364
  0.53902893766870319  0.54791752867578047  0.55665506125130015  0.56531569069675869
  0.57391010973102552  0.58246701801689316  0.59135930400439196  0.60040164636332261
  0.60972105148819400  0.61914006151605183  0.62849573175221773  0.63777831476867031
  0.64726822743847645  0.65707573339355441  0.66721534724753206  0.67762188724611760
  0.68817239570767530  0.69871522123646079  0.70936526939827182  0.71975791932617883
  0.73075914531283481  0.74243000288230077  0.75441779699872491  0.76642884567051750
  0.77873903978003978  0.79147164634811107  0.80503427612836087  0.81982205421040499
  0.83579946887422374  0.85270158300279419  0.87022014718759277  0.88841125934332199
  0.90892209398676749  0.93331674736766257  0.96294119244609899  1.00000000000000000
 -0.00250626524762413  0.01014395380048183  0.02009768296304948  0.03117233642473517
  0.04153453252459870  0.05307957327872215  0.06439437844600573  0.07528460943221287
  0.08632798331926626  0.09637835854167881  0.10666168355233542  0.11701320062400024
  0.12754074156989034  0.13841936412185796  0.14893052921076042  0.15911621717759628
  0.16946718656358470  0.17970383079514476  0.18997625161713846  0.20019371434246694
  0.21044244005887683  0.22108676221717660  0.23211053540605264  0.24326765796134001
  0.25421666658809461  0.26460559294238695  0.27540579055439407  0.28634337510864577
  0.29715586113216469  0.30747038919359537  0.31783983536959465  0.32832907781219806
  0.33898789775226001  0.35004047011471678  0.36129345220393810  0.37232138684183108
  0.38284016655132180  0.39326044364655893  0.40334376317853343  0.41343860262961957
  0.42350489603249813  0.43360983322949231  0.44375142221656788  0.45403415932113778
  0.46465481859388474  0.47602814031118884  0.48676274877003106  0.49740095210231400
  0.50785315484473026  0.51848058029698685  0.52868409955550122  0.53903053535569168
  0.54932911492541714  0.55958539307050248  0.56991857125454504  0.58038972623940388
  0.59117259001508426  0.60215867944129475  0.61364016351201112  0.62545857647952630
  0.63573322501902474  0.64606013081611757  0.65631436419960776  0.66690065933865172
  0.67649011783292667  0.68604486799710007  0.69550378661653478  0.70521265603044325
  0.71527149569509063  0.72572504387717551  0.73638827603843171  0.74717328390784121
  0.75770346429090307  0.76789396966426948  0.77792974292955874  0.78784402780318874
  0.79784374168030037  0.80774180397312734  0.81790176749313614  0.82825686873149762
  0.83831445510387015  0.84810864360129357  0.85825163295279860  0.86901576767372990
  0.87977684578993054  0.89021249276473136  0.90108149950236804  0.91299501818400253
  0.92463564659032416  0.93602184145102807  0.94737256532142777  0.95874216660890910
  0.96909126645342070  0.97961904465257199  0.98978994318371472  1.00000000000000000
 -0.00878572659033458  0.05575493933899509  0.08853853419819620  0.11246482640474392
  0.13251071831194558  0.15017590190921171  0.16666024334947999  0.18266664080666870
  0.19776157629796079  0.21158598734563322  0.22462503868364078  0.23732887059754268
  0.24992486657062676  0.26227758506159538  0.27413442793164550  0.28592377127305829
  0.29713379194549788  0.30760468631389415  0.31803124442636099  0.32806195216693768
  0.33814322916502404  0.34799819314347613  0.35775658324552778  0.36711150684726457
  0.37634289596448040  0.38532026020559751  0.39433925637629869  0.40320391652039306
  0.41204114313190049  0.42075981694364134  0.42949451706935632  0.43822162546490473
  0.44671351039129958  0.45529596640490350  0.46379939338645754  0.47222684274125937
  0.48061338977420814  0.48894007113085713  0.49705287785347491  0.50492441693206136
  0.51269341804111768  0.52046960747129301  0.52837156618150127  0.53647071812404457
  0.54436217436765533  0.55225556506374840  0.55998537560417838  0.56747349826445781
  0.57466059251401891  0.58206847503600567  0.58964031730241950  0.59734674627248929
  0.60504427964972229  0.61274963250731374  0.62055147068777627  0.62867452450682049
  0.63713926542712196  0.64541399850466119  0.65302299546479869  0.66046497277184235
  0.66801901473790826  0.67562925431906340  0.68329484551030772  0.69060950246343222
  0.69764251682301959  0.70492595854302365  0.71248109214328570  0.72005471423709189
  0.72753251037666489  0.73511096023121292  0.74278787213483621  0.75066669628904703
  0.75864297062765607  0.76661814290108921  0.77480768940442302  0.78334453035608420
  0.79196736285242952  0.80042385927475757  0.80883284518167142  0.81735568624996946
  0.82602092789257187  0.83478911296627467  0.84347827870976533  0.85240835982644780
  0.86096620813172386  0.86953886137214642  0.87836926786781155  0.88782571009783162
  0.89746294973859764  0.90750752356300191  0.91804475301862509  0.92949594689549542
  0.94184383683610817  0.95635802021848670  0.97526051932684199  1.00000000000000000
 -0.02115421659824302  0.13216696573641784  0.18130851947545060  0.21317143258923782
  0.23926056923837230  0.26224591670913161  0.28357672384858962  0.30239266385006647
  0.31909766792660421  0.33480588962350877  0.34949527275426739  0.36329853464927003
  0.37614457921229838  0.38816399916779809  0.39992111959667509  0.41184069196686385
  0.42345132298208521  0.43462256683708533  0.44587982957929490  0.45688721163517881
  0.46712773450110007  0.47701176812653412  0.48723681393254614  0.49742730078891140
  0.50642052511005609  0.51514240869110395  0.52383511938243932  0.53208921725399283
  0.54004374588940052  0.54718372137020177  0.55408154738696824  0.56094338439417180
  0.56785554394545412  0.57471217565709953  0.58141777341578627  0.58808274102372848
  0.59473931611334085  0.60145832246740705  0.60827495240227314  0.61505741794503432
  0.62167989902677578  0.62819917776919287  0.63475296863012820  0.64120070317031164
  0.64750009252912055  0.65343644545537660  0.65926908982845800  0.66511934580177834
  0.67085831933015738  0.67647951003700024  0.68198436414517383  0.68727577047016775
  0.69227976507567224  0.69710238912034117  0.70208004116001577  0.70713166373280045
  0.71239757829560546  0.71756243744043613  0.72260212051833406  0.72766412920767487
  0.73283208478869954  0.73806506096701407  0.74326353471230544  0.74840206363029116
  0.75353744329739836  0.75865449610412083  0.76370999776231330  0.76888694830527771
  0.77399736594995416  0.77909251874097407  0.78417111077059720  0.78921589255512958
  0.79427228345352163  0.79943529845612915  0.80467297119101755  0.80991474996141555
  0.81518497979932114  0.82059721792906193  0.82592353466352475  0.83134197401257892
  0.83680785648657319  0.84226685979376326  0.84783500999509387  0.85345960417461075
  0.85904185946550626  0.86479483530183721  0.87081398719990255  0.87728833411612528
  0.88426044699878670  0.89164605584386003  0.89964663369663633  0.90839987000947520
  0.91858383481003669  0.93232867405250464  0.95392280154850095  1.00000000000000000
   2.9133313828137291E-007  -1.0000000000000000     
 T T T T T T T T
  <DiscreteSampler_grid>
  grouped_processes
  1 # 1 for a reference and 2 for a running grid.
  10 # Attribute 'min_bin_probing_points' of the grid.
  1 # Attribute 'grid_mode' of the grid. 1=='default',2=='initialization'
  0.0000000000000000 # Attribute 'small_contrib_threshold' of the grid.
  0.5000000000000000 # Attribute 'damping_power' of the grid.
 # binID   n_entries weight   weight_sqr   abs_weight
    10   10   6.876294724205029E+003   1.856948042363051E+008   6.876294724205029E+003
    11   10   6.876294724205029E+003   1.856948042363051E+008   6.876294724205029E+003
  </DiscreteSampler_grid>
