  0.00877759669295574  0.01683348759950215  0.02714513824851275  0.03823442371300752
  0.04919178385391505  0.05996988755363238  0.07100025046449140  0.08183342391433766
  0.09282159305143857  0.10340094583595866  0.11374367819844633  0.12405210182335942
  0.13492613025405467  0.14571220885082214  0.15645864970269041  0.16701602808168478
  0.17801886846308318  0.18917127207007917  0.20007782060607182  0.21110296260827804
  0.22198264524956068  0.23216785079084581  0.24211328132567203  0.25158196655303899
  0.26082892130567492  0.27053797555294934  0.27996581609777449  0.28962226728469898
  0.29926970939793573  0.30914710854939620  0.31953706258969522  0.32984324931949738
  0.33977992862535444  0.34945196304256410  0.35918975312566692  0.36878348007313716
  0.37823562123700483  0.38768316375974193  0.39768335071609739  0.40847784312362273
  0.41932469305910353  0.42962362920273506  0.43955794530083403  0.44934246434307568
  0.45891041557162415  0.46822041819600307  0.47763122551947285  0.48735671004277736
  0.49715883887956469  0.50745820838180122  0.51807498123608031  0.52915784229895335
  0.54037253664266638  0.55096790453862410  0.56111160297039464  0.57084578678379982
  0.58049515421170161  0.59067264561394783  0.60108442330679224  0.61163781547517115
  0.62232269168022636  0.63331922988850797  0.64463813240524204  0.65587728965505687
  0.66702309469268184  0.67787794097249521  0.68863451309467671  0.69933104185472972
  0.70963469613429420  0.71987725611114273  0.73053715608919123  0.74158787372359725
  0.75268378309239770  0.76364021697801954  0.77470859485772969  0.78574686565322560
  0.79673490068191566  0.80790509228882557  0.81889454713460197  0.82952464893019751
  0.83964564284107190  0.84961313447184073  0.85897485330552215  0.86832076320586837
  0.87793872082986490  0.88805367074668817  0.89856167101329043  0.90882754017439116
  0.91900891327987799  0.92950422985038483  0.94001028954665233  0.95063389346820459
  0.96139665136894537  0.97394978669598520  0.98647676530237760  1.00000000000000000
 -0.00063612685993111  0.00474085768002418  0.00726435273842417  0.00975833027714538
  0.01250793878936628  0.01584198587854076  0.01935101091673815  0.02326337364348431
  0.02755592341862903  0.03191428853449832  0.03670112707453384  0.04178609188398424
  0.04705119639024303  0.05252351081128016  0.05850373745042085  0.06486500369611950
  0.07136419565032005  0.07800540100125972  0.08471097216645336  0.09151993817947632
  0.09872270719556131  0.10638794020038393  0.11406641896552328  0.12173725543332646
  0.12920601208828111  0.13669449270026116  0.14420823962685447  0.15210658191576304
  0.16035763247552784  0.16890731376694437  0.17774798279458975  0.18691626515709231
  0.19641432573186390  0.20615265345162306  0.21593645926005034  0.22577006105620412
  0.23576030157355790  0.24587652664734003  0.25604474017141843  0.26607222540452391
  0.27616249369013279  0.28624895176974535  0.29624717994116945  0.30648626380688615
  0.31715301349115654  0.32819739875914605  0.33936483984362853  0.35038656156718273
  0.36143905355297373  0.37235846565088232  0.38293957351350982  0.39312587765493806
  0.40318729713628637  0.41344846241211153  0.42403455005936930  0.43487852693430440
  0.44594216106970386  0.45725106922826092  0.46871196788220970  0.48024429252048717
  0.49211261476194651  0.50441552072337092  0.51713459693855923  0.53051582540832254
  0.54423745518724875  0.55801836213160383  0.57194838399250514  0.58621806676741495
  0.60079116809825484  0.61489995071834669  0.62882476124229902  0.64259101217108683
  0.65607091896322300  0.66941632435761034  0.68299033149847332  0.69680795285326080
  0.71079624059787772  0.72493414426968439  0.73904381100660521  0.75386709568097576
  0.76994670515756358  0.78644195357627578  0.80218919133929112  0.81738741691617700
  0.83237158793028621  0.84763878659481173  0.86286511583946246  0.87803077156300258
  0.89284448358775548  0.90738861020085626  0.92189655143725191  0.93637320266973245
  0.95214095079325001  0.96811561891481490  0.98406541744686804  1.00000000000000000
 -0.00214849966016603  0.00878984732598632  0.01738193271696149  0.02603806325144763
  0.03476222976035884  0.04424029630749128  0.05444151798859644  0.06496446500346705
  0.07518488791070108  0.08549160868711592  0.09612739982117918  0.10636558295756618
  0.11659218160009732  0.12687526161501272  0.13800801985860373  0.14962227435110587
  0.16171606426952154  0.17289063077836048  0.18317952058538978  0.19315451081346871
  0.20305268374443602  0.21281901658794822  0.22215937404248037  0.23139029201041733
  0.24062828770882541  0.24997439014849671  0.25983428203008690  0.26992535034439968
  0.28026051789139772  0.29060157526014779  0.30092793299365134  0.31141816025890295
  0.32171500277910009  0.33175076198822917  0.34170609607637875  0.35167829122752969
  0.36184884968066783  0.37200724137738395  0.38211232874456164  0.39236232017008577
  0.40235020084436807  0.41211338840522344  0.42205819121965471  0.43203197092630541
  0.44206098057580245  0.45191185483037855  0.46259162984479163  0.47416061413805777
  0.48558996378837466  0.49674708560926589  0.50769241364780693  0.51892042737226762
  0.53060365744411742  0.54233858922443212  0.55374579315843808  0.56467297749339651
  0.57515749612830958  0.58555656372553411  0.59601166910540526  0.60639492347003932
  0.61642809707056256  0.62666095987411197  0.63742900496327715  0.64873166800241289
  0.66007682258268097  0.67145653433607244  0.68289410916351434  0.69381505321401460
  0.70429219086399220  0.71485049930074573  0.72554990213310289  0.73622886953683264
  0.74687884813793659  0.75798252200393812  0.76935326536139115  0.78016565773149138
  0.79040898681132699  0.80019177587179635  0.80986002155678150  0.81990241236806005
  0.83078531879747863  0.84246561580964574  0.85405203317891298  0.86496524600226821
  0.87629366308376522  0.88830410791261749  0.90045465489351129  0.91233497050378765
  0.92382503610463951  0.93515555408116191  0.94603615423784837  0.95690667822422681
  0.96816425701929931  0.97926250523794001  0.98963148108475052  1.00000000000000000
 -0.00242832241369293  0.00843365613918353  0.01829084427623832  0.02884295038912860
  0.03957405941869913  0.05029153627541992  0.06082317212721776  0.07135344243039619
  0.08181013699029242  0.09268095283510434  0.10292127086853908  0.11241618511071397
  0.12197163467504157  0.13161995148824709  0.14154450650865608  0.15167087512414448
  0.16180555077606407  0.17211359208252819  0.18204151920700848  0.19264397132260544
  0.20336912369855104  0.21375109226266020  0.22418057601087016  0.23500537528038087
  0.24611173192494226  0.25688115943522249  0.26735390926169661  0.27796029704838077
  0.28851277203137615  0.29941352804664556  0.30994536734280226  0.32047310063795104
  0.33116064709407728  0.34233529265373086  0.35381899892747848  0.36527303475517831
  0.37677622412699624  0.38804375268562014  0.39870505638023390  0.40899030390865659
  0.41933709164820848  0.42993327521576896  0.44092745847714154  0.45221927924281563
  0.46365289377378671  0.47494879241326449  0.48633049793696947  0.49786178223677879
  0.50895846392920219  0.51962384362881264  0.53045440039844116  0.54157000640846120
  0.55262823333030453  0.56386171994473888  0.57552415731048756  0.58675752785781188
  0.59715932029612406  0.60745833312931552  0.61822937434206859  0.62884952751943179
  0.63923516065695618  0.64959817455341973  0.66009937275346653  0.67040548696247493
  0.68059239424705964  0.69136809674109800  0.70308429216332147  0.71473890871599166
  0.72621050411321664  0.73724136580033484  0.74835430893002730  0.75889489699106127
  0.76980216811392421  0.78076695229426996  0.79136200608696428  0.80213301327495479
  0.81307123891306510  0.82370769459254212  0.83385740649818718  0.84367020349720834
  0.85352236302382345  0.86300486106337826  0.87270592249145829  0.88178751950479661
  0.89152974444275246  0.90146970523081860  0.91191290607690279  0.92194641421302037
  0.93158575533231247  0.94079619638661949  0.95048642991919541  0.96042872831898929
  0.97066485137023495  0.98099423394127649  0.99048354943404604  1.00000000000000000
 -0.00202788711796085  0.01029975823766905  0.02056718821710302  0.03105055268989861
  0.04105763650171596  0.05082648670256849  0.06057161960522313  0.07066711134449441
  0.08118936802911518  0.09191814320993913  0.10251989593078786  0.11282977572062244
  0.12299863446557015  0.13310536335612527  0.14319785178249156  0.15326421096291334
  0.16357242373465480  0.17435059096845609  0.18569837453609020  0.19690592983370611
  0.20814556432553863  0.21924282403328341  0.23045171944861526  0.24091645258035091
  0.25105145921718486  0.26067552544205336  0.27097737984604103  0.28126379915178018
  0.29119049253218116  0.30109328419934323  0.31144273514658360  0.32231137585742070
  0.33319568688347673  0.34410053104809529  0.35506241229656016  0.36614790601710551
  0.37707906332295510  0.38768433084880882  0.39778428905573149  0.40737135324001156
  0.41689190453119346  0.42654395817787505  0.43636828464749522  0.44584798301059808
  0.45523639509415775  0.46486993487367340  0.47481411025696596  0.48487910164087894
  0.49496707647765925  0.50534234487125573  0.51597411202977195  0.52678763480579227
  0.53792317677343005  0.54922325433165298  0.56048785228060249  0.57136373573048849
  0.58224293649353398  0.59331394519895853  0.60389993623491856  0.61387571872190883
  0.62357159760102132  0.63370613811330467  0.64372878274539858  0.65386961658189247
  0.66378530563842364  0.67416036064163865  0.68514371039501032  0.69622604662119958
  0.70770308959526818  0.71973744932187278  0.73125999264421115  0.74229448521654884
  0.75313541651637650  0.76431726770877828  0.77554991517536631  0.78677758900814110
  0.79737190933323909  0.80773981392571703  0.81777150180126146  0.82845267879787876
  0.83893574867036769  0.84910663698222832  0.85937714436406099  0.86997962057133349
  0.88011974310508545  0.88994580669621959  0.89989983952900976  0.91047206048813312
  0.92092090730749632  0.93138917535117816  0.94235723073089039  0.95456017681774186
  0.96617518700710092  0.97739294833671753  0.98865413134148261  1.00000000000000000
  0.00663422914130151  0.03642642415191008  0.05372389261316889  0.06569428661222849
  0.07555871821161077  0.08449165133715753  0.09290242379470681  0.10161514284787380
  0.11051732332818814  0.11939782107939192  0.12771016000283286  0.13574848355864702
  0.14373651554107764  0.15149852799494487  0.15912448401508533  0.16659985281956624
  0.17406094918135448  0.18142442408624809  0.18863019256574323  0.19572476898468047
  0.20284108091989003  0.21003577904697707  0.21720830661087986  0.22425929429850705
  0.23117578495915012  0.23778729382688840  0.24446880854042211  0.25129660103592638
  0.25835448498785829  0.26573553081437384  0.27329431282511757  0.28047972820101774
  0.28740330367618577  0.29388460835813235  0.30001824583803377  0.30609164371540637
  0.31213835280150060  0.31812322288746231  0.32423316395539259  0.33060455248815246
  0.33726300295312617  0.34403788493683168  0.35068374062666691  0.35741870465641551
  0.36443203827296339  0.37173725048139822  0.37919583604350388  0.38648723062181983
  0.39355214932488669  0.40052675892234163  0.40737663028713833  0.41440252198290756
  0.42172764241891042  0.42911310945573256  0.43620742094502868  0.44371039426765008
  0.45159938173125408  0.45973815275116781  0.46807484445366032  0.47621408719342362
  0.48375742002069710  0.49085268551040384  0.49811979478422125  0.50590073195257623
  0.51395737579140266  0.52203462880188234  0.52984621292249323  0.53777628165955871
  0.54653725978483814  0.55556374595759284  0.56478386088113841  0.57378422726562306
  0.58294013219601903  0.59304994568199032  0.60348124885448884  0.61434065885088918
  0.62521225862232921  0.63571211130998895  0.64648766730221974  0.65674233925889169
  0.66725995980046660  0.67742951686925723  0.68749854379587327  0.69814448308190258
  0.70930930981533880  0.72117948369142293  0.73398945500459878  0.74798296310779167
  0.76299977042743172  0.77979260531935946  0.79836433467070944  0.81969650678404093
  0.84408698207871291  0.87189627538534531  0.90860675125712498  1.00000000000000000
 -0.02043607153573638  0.15150691386533549  0.20874522814907318  0.24427433886374289
  0.27037206567907335  0.29216954099474995  0.31118563494713963  0.32792031162593799
  0.34224493786585264  0.35559281549157173  0.36813318708123843  0.37990432324021406
  0.39093742524537534  0.40124447298102534  0.41089840319513721  0.41984759118277731
  0.42834443897106778  0.43659498010627168  0.44446667777461352  0.45201894498818934
  0.45937351859066256  0.46684351400633917  0.47457728744299377  0.48223460608280383
  0.48936037706281027  0.49632162239961086  0.50312079557586076  0.50968896623408122
  0.51612278535680389  0.52247266440720430  0.52877691192246878  0.53510686884243253
  0.54139909811805143  0.54741545857770713  0.55322187515346377  0.55884975184317043
  0.56424528955979281  0.56962429680610793  0.57507398248348818  0.58044451037355149
  0.58570346873314372  0.59078106525619534  0.59577648297047980  0.60070977202195419
  0.60557048124101276  0.61038996122854661  0.61518229630166976  0.62010469952698788
  0.62506625573928010  0.62975475620597388  0.63434417207019278  0.63885247637774001
  0.64348616544341608  0.64822522542452288  0.65300446366815434  0.65765254803749162
  0.66208318787153331  0.66642269619167305  0.67082295986409657  0.67532326675051546
  0.68001003610956401  0.68498055096587762  0.68984447223204592  0.69473778634587569
  0.69955608689337723  0.70438516240563454  0.70931147268878736  0.71430506858053966
  0.71928180913442452  0.72417368239668289  0.72896696236998448  0.73398027185851245
  0.73912699056560538  0.74429983329380478  0.74942877831783883  0.75455526481550383
  0.75980850981615100  0.76524836735283797  0.77093980827839959  0.77682026911745028
  0.78269493696291303  0.78864727789720557  0.79475660437659912  0.80133074006434590
  0.80784540698992091  0.81478867582837489  0.82271589128799871  0.83081200436889902
  0.84002905496864921  0.84967530905700728  0.86054621347077676  0.87285137692102999
  0.88674797865977761  0.90468161991278140  0.93175950383287565  1.00000000000000000
   3.0926127523145227E-033  -1.0000000000000000     
 T T T T F F F F F F F F T T T T T T T T F F F F F F F F T T T T
  <DiscreteSampler_grid>
  grouped_processes
  1 # 1 for a reference and 2 for a running grid.
  10 # Attribute 'min_bin_probing_points' of the grid.
  1 # Attribute 'grid_mode' of the grid. 1=='default',2=='initialization'
  0.0000000000000000 # Attribute 'small_contrib_threshold' of the grid.
  0.5000000000000000 # Attribute 'damping_power' of the grid.
 # binID   n_entries weight   weight_sqr   abs_weight
    10   10   6.774836609976427E-021   7.452594117328673E-041   6.774836609976427E-021
    11   10   6.774836609976427E-021   7.452594117328669E-041   6.774836609976427E-021
  </DiscreteSampler_grid>
