  0.00011745315880865  0.00146536547452716  0.00242396851648646  0.00319654622772244
  0.00389725991354342  0.00456033059856064  0.00519415744466294  0.00578532849918638
  0.00634631214993269  0.00687275278000126  0.00742031784538542  0.00795613213236158
  0.00848755672400939  0.00898871625732849  0.00947427227502071  0.00994278072353042
  0.01040562218823076  0.01084969086276608  0.01128088050090510  0.01169899212491649
  0.01211585827428102  0.01253429686230871  0.01295631407695924  0.01338106228620325
  0.01380192755724145  0.01422474313729098  0.01463485358439755  0.01505428860980189
  0.01548418439758623  0.01591020026415498  0.01634454442327565  0.01676518236503541
  0.01717775491125648  0.01758399178661161  0.01798784534141164  0.01839823085604750
  0.01882061494235010  0.01924707817060570  0.01967262569598823  0.02011029157340724
  0.02052534174280137  0.02095408899707120  0.02140189606155939  0.02185554096242279
  0.02230410582906926  0.02274832119860256  0.02318638272553247  0.02361994914679371
  0.02405581070703046  0.02449919127566708  0.02495206070197707  0.02541284799995216
  0.02587612889888613  0.02635432260297145  0.02681745645966680  0.02725780224549409
  0.02767740101864681  0.02808730404874916  0.02849792683773869  0.02890658108065979
  0.02935120243911161  0.02981691797580280  0.03028596310738722  0.03075469375222586
  0.03123473521291986  0.03173152071402518  0.03221982694717987  0.03270127917187601
  0.03320151339257164  0.03371425311609547  0.03423381166070863  0.03473039073300042
  0.03523014360623564  0.03574916691923585  0.03627388754399629  0.03681222834337736
  0.03737177570015769  0.03794585056356406  0.03853209107162113  0.03912677220961015
  0.03975661852369641  0.04038950388751337  0.04103596010757247  0.04165792559124317
  0.04240926216381350  0.04322416693677197  0.04409287807824494  0.04508864466524126
  0.04626383285145160  0.04773492313529137  0.05018359131120842  0.05394793171920735
  0.05838254462600925  0.06383106668117469  0.07371149172243108  1.00000000000000000
  0.00835467439352367  0.01833188933558703  0.03207347340262229  0.04423403435053664
  0.05598403124507016  0.06659877234243584  0.07712528026264730  0.08760761773636473
  0.09731406253613362  0.10679405777223244  0.11596512068913657  0.12521407858122435
  0.13468159875526176  0.14453267210949963  0.15431793087920609  0.16383915620345818
  0.17309229049899902  0.18223084138342047  0.19151895686397905  0.20090971955935885
  0.21015958143357172  0.21940182970349054  0.22896703311686606  0.23818153316911156
  0.24706849239953202  0.25602993880583735  0.26488143215849613  0.27366663598442459
  0.28268262503404584  0.29149195236809006  0.29982088151616565  0.30811321614286241
  0.31694229624832426  0.32578096228932324  0.33434511816409362  0.34356800238358554
  0.35378849232386328  0.36473196338238789  0.37490564772682622  0.38463095179825590
  0.39550516918106571  0.40768039281412760  0.41907835893052620  0.42919887285324465
  0.43905221742607553  0.44886500604502733  0.45885553507272142  0.46850668469914653
  0.47797157162324999  0.48734697874916066  0.49675307146567105  0.50692712894242287
  0.51864315861026233  0.53090200813229427  0.54228087330482788  0.55360077460051316
  0.56476104233864455  0.57602950576356582  0.58772725472371889  0.59982979603301489
  0.61213145835113192  0.62450484441293197  0.63691554850607623  0.64876615064359999
  0.65794278946986118  0.66836397437482009  0.67932706338252913  0.69020691392534084
  0.70050711049251713  0.71053593301869933  0.72097835331114912  0.73118267641087242
  0.74146719488202306  0.75152302170150631  0.76216889946974520  0.77288676404327195
  0.78340652809182310  0.79289086128903929  0.80163540471873740  0.81037070913119225
  0.81924949096613331  0.82818034645151306  0.83769567797200517  0.84734588407969302
  0.85822038188008865  0.87007364026176492  0.88154088635916583  0.89229044416764058
  0.90291086017850541  0.91266975855791199  0.92294096167541917  0.93360577454377647
  0.94603010424162459  0.96018209682023270  0.97819510237681595  1.00000000000000000
 -0.00117899966846553  0.00608978732177610  0.00882215029688625  0.01183753943029336
  0.01500051704901223  0.01873881756182046  0.02276125942223003  0.02670453790323238
  0.03098827532670495  0.03523150022030632  0.04022785346102158  0.04597537971905942
  0.05142049394682584  0.05684978413318022  0.06307619460987721  0.06918141063337327
  0.07553576490519485  0.08192648470421134  0.08833357016481272  0.09536273454640753
  0.10319822828214062  0.11092630578895428  0.11845134525876902  0.12640551579207368
  0.13474632744230183  0.14262550070896943  0.15019478222137925  0.15841307320031264
  0.16634386205878054  0.17438890887854147  0.18275007441976032  0.19130728774213529
  0.20017346070051686  0.20858540488495203  0.21729420756660969  0.22582025327282962
  0.23479163035730205  0.24407284026098622  0.25338640189711109  0.26306429321651681
  0.27334965750954821  0.28399022575625293  0.29465667411948054  0.30508142354048029
  0.31512247832580642  0.32519918612032489  0.33542788607680130  0.34618318352359911
  0.35761881593873118  0.36953106862679214  0.38129724167057855  0.39323399702391232
  0.40600602728324159  0.41974021250626714  0.43384039558369919  0.44674147394811542
  0.46021985526719378  0.47287800241900385  0.48529909652321224  0.49776669240558347
  0.51216610697186371  0.52739959632415201  0.54218427308540007  0.55630655462817880
  0.56914085584601248  0.58189582264936512  0.59433124749945909  0.60651850299760146
  0.61849583629419813  0.63028037417482941  0.64178655129813600  0.65350695677743298
  0.66664339567194730  0.67983278272182135  0.69302608223415596  0.70597400570325763
  0.71968853270649924  0.73393602752904052  0.74839372675892346  0.76300787570727113
  0.77751886414956295  0.79152683331103058  0.80555562962206795  0.81967946308281281
  0.83389698903985421  0.84814429983246065  0.86254067428867076  0.87717876258786309
  0.89200989541782782  0.90707228162560760  0.92243463666114245  0.93809726093272883
  0.95331898294921025  0.96881683680031250  0.98448956416874012  1.00000000000000000
 -0.00298790053007604  0.01085505573843240  0.02278874386129716  0.03489746106734355
  0.04722455349903428  0.05977606686148418  0.07200471771142242  0.08395725582784079
  0.09631235039321638  0.10841248889503020  0.12005375792440273  0.13124285699866728
  0.14196965658079172  0.15251970886468688  0.16350627192632283  0.17544226314296393
  0.18762633433785050  0.19824034616123024  0.20821580943075518  0.21780346866205955
  0.22736632567073875  0.23676548534255265  0.24627684038471387  0.25670264752319810
  0.26758855943950755  0.27825725091999792  0.28880420215718910  0.29962626648819857
  0.31010507751443894  0.31986138236201633  0.32932275033094971  0.33884433750439702
  0.34850068415554736  0.35829471446427852  0.36895390810027862  0.38050652799764190
  0.39221716692379915  0.40326663296048176  0.41355951278231617  0.42397089616582273
  0.43416886790237086  0.44554019059389788  0.45831125242452853  0.47163663836070013
  0.48391867281286682  0.49457456364729213  0.50495124546533021  0.51538323178563439
  0.52567110550120155  0.53549461886302696  0.54491024998107829  0.55400165777740962
  0.56342423984594980  0.57335681859399912  0.58346203122943374  0.59372236374990883
  0.60402936018409981  0.61447551055808125  0.62431815285625469  0.63370313922135924
  0.64272024810390349  0.65246817904562737  0.66282803013945102  0.67289797781817628
  0.68294830822496455  0.69298412753286420  0.70399319406195437  0.71472708438138244
  0.72503490099293810  0.73485486926465082  0.74506169592574367  0.75441825033880527
  0.76314055920923130  0.77170836675355881  0.78153040061361267  0.79129581503571356
  0.80087562154509351  0.80969862670194181  0.81918085797551043  0.82928234669498124
  0.83893980995358242  0.84774577470844992  0.85666031060138881  0.86618543741693421
  0.87603812838599149  0.88649588547869518  0.89701979754421546  0.90827812297000599
  0.92023553897988042  0.93284526560926329  0.94543908683521716  0.95723267506936216
  0.96841492529068429  0.97917531147788950  0.98975515894855792  1.00000000000000000
 -0.00273670574749191  0.01028749637079503  0.02185244283363961  0.03302758572478227
  0.04469669506049154  0.05652226241280668  0.06806989433749679  0.07907822147640291
  0.08881531236304442  0.09784348898534208  0.10680459339792799  0.11615734093347961
  0.12614915691558373  0.13607938224028265  0.14629995224163386  0.15676117610163801
  0.16631383902620231  0.17540897873215183  0.18507542499535520  0.19607696050413539
  0.20650230708507145  0.21642079988239499  0.22609814469294442  0.23620931357251265
  0.24756912125474262  0.25919699369646310  0.27114897738711113  0.28313395677460501
  0.29500147027991530  0.30564675483825021  0.31642957118863779  0.32792439834494591
  0.34023020609148391  0.35273760535908655  0.36544616923617751  0.37629445659354610
  0.38582342466899022  0.39498973872624871  0.40436853876211004  0.41435542186174035
  0.42516738841920126  0.43525402071486158  0.44742710541868974  0.45884155057402704
  0.47027203817616747  0.48176901218460649  0.49378333415983749  0.50625220399545723
  0.51883201950296309  0.53150568214696325  0.54374579168263559  0.55549333426823189
  0.56572543545858422  0.57478905400893721  0.58365586593634167  0.59243737013144349
  0.60117539376930140  0.60960013041367955  0.61796978740140140  0.62708567422354011
  0.63776008070609003  0.64849949298889120  0.65976528875108964  0.67128977956630054
  0.68246246460881643  0.69287721813549041  0.70256855350033409  0.71194281578398133
  0.72127141562490849  0.73072816360175930  0.74009518124486140  0.74940718431188591
  0.75889361387994281  0.76842691127653984  0.77825880429101502  0.78804587545790716
  0.79914328702705217  0.81058897179285827  0.82311240107656747  0.83518172487109665
  0.84676904083755555  0.85868858388712122  0.87053569014805787  0.88135892639415103
  0.89139334576888818  0.90141760108524027  0.91184226015220760  0.92221781032948225
  0.93212274721611676  0.94177866280520994  0.95108972637882705  0.96004567877142744
  0.96926514015755405  0.97902771035179703  0.98945837049853214  1.00000000000000000
 -0.00309890525686810  0.01211334789727810  0.02420408309986646  0.03527201544106115
  0.04563259821106543  0.05534476624189204  0.06453356445598986  0.07361518152222468
  0.08241670010362778  0.09225676101164909  0.10189638664956961  0.11162399830157260
  0.12176287734463390  0.13151595277607725  0.14085053182308868  0.15030369523619444
  0.16002889665154907  0.17059719543130517  0.18205558392770607  0.19334114298745386
  0.20544949115161515  0.21731570973255163  0.22897311854375418  0.23981995694149852
  0.24992539720137022  0.25901735985917784  0.26882312171365447  0.27814276988108155
  0.28775917410167801  0.29700906711657049  0.30607522238399354  0.31514145318921244
  0.32730306193417757  0.33817774979364795  0.34858773049962677  0.35886592965006336
  0.36870075324145180  0.37809516545167010  0.38713329879987224  0.39671496983237908
  0.40704277315185833  0.41781381535131612  0.42952320923677523  0.44103620569937946
  0.45282216043974544  0.46463740519413183  0.47607899235929990  0.48692777028483769
  0.49668183918667869  0.50674931010233892  0.51669629991627386  0.52677118664669054
  0.53611655205103748  0.54629268978517542  0.55740628927229607  0.56888458154637089
  0.58078009323597113  0.59424482334885842  0.60819504289609183  0.61985499098607333
  0.63061263256355105  0.64101447946433454  0.65193649082299931  0.66374302048408196
  0.67579218154006371  0.68827489936626174  0.69938953010875227  0.70989270220636236
  0.72015341031218205  0.73054098983273830  0.74145959738519440  0.75194147126437039
  0.76120660672153240  0.77031407732131763  0.77949959385791623  0.78872751729042423
  0.79800679105998706  0.80707279319579339  0.81689900055111508  0.82756975312158887
  0.83857702656244171  0.84968509323946384  0.86051341181349250  0.87135865748739050
  0.88257465626458798  0.89372569325768292  0.90438482199372261  0.91469339163888408
  0.92482916480791910  0.93525250488354916  0.94618230769135681  0.95605845270902334
  0.96563978167644582  0.97495915851332937  0.98673844307551450  1.00000000000000000
 -0.00178179846666479  0.00729280042305278  0.01510722302753893  0.02376384449917787
  0.03287750638467458  0.04187224527387119  0.05268134039520821  0.06398640868608549
  0.07671390926312141  0.08957049816940743  0.10152973677130138  0.11229896314172122
  0.12256393310511873  0.13292044584572490  0.14354147486543861  0.15413133358597572
  0.16420375903433440  0.17366002134627984  0.18305051451791349  0.19311738031266315
  0.20344300873611240  0.21288290524847758  0.22237883442622980  0.23272029675295550
  0.24339277570811280  0.25286195414573054  0.26226210506172098  0.27180233188603697
  0.28366280284517459  0.29548869249983672  0.30679398076782738  0.31808481850973308
  0.32865621684814739  0.34057826909797789  0.35210390338034625  0.36237574693823771
  0.37288096874969973  0.38342153851781130  0.39347889442164674  0.40378612173980460
  0.41478512174520654  0.42577513113751192  0.43609701203109080  0.44608442480351645
  0.45573045013557717  0.46532257642321878  0.47496298418765415  0.48569930788847254
  0.49730453578332257  0.50859145255249671  0.52063631050593984  0.53332326786344864
  0.54590603033487173  0.55723556389626905  0.56832483184134330  0.57900040878473702
  0.58923838648125015  0.59914365265453795  0.60968561744724337  0.62097027611418965
  0.63148148650837532  0.64116643119348382  0.65082217669479059  0.66038034696399694
  0.66984914080416580  0.67897500294564461  0.68788501239542765  0.69702861477280686
  0.70621187513562311  0.71585759339462351  0.72623570911148538  0.73732834625503529
  0.74885562895062874  0.76042335074108458  0.77199371390988925  0.78347212507341191
  0.79463664263937750  0.80547036536842942  0.81641380798409757  0.82770021844344754
  0.83930110166201943  0.85116120709568632  0.86284241314060095  0.87415035828816989
  0.88556389253869361  0.89675761735616188  0.90815608439516760  0.91979397432159493
  0.93138215020270754  0.94314206414933743  0.95502653540039617  0.96562561269384062
  0.97471192810849172  0.98353829831092010  0.99156152253775665  1.00000000000000000
 -0.00262353022764891  0.01061480154897630  0.02098258629676284  0.03024328330769825
  0.03935702417698287  0.04865064041451357  0.05828706293987980  0.06871224697122821
  0.07969169184317899  0.09174945068579649  0.10383443307239938  0.11651389906100737
  0.12844826964866296  0.13993646959961381  0.15215470603571901  0.16477872957929818
  0.17759088252287902  0.18936913889324369  0.19939702358694708  0.20916032328841422
  0.21884350146217219  0.22874307482975800  0.23864299067396355  0.24837043899467370
  0.25846679774291703  0.26883808448964064  0.27939097429086995  0.29062339406582721
  0.30271308085726706  0.31488984518317320  0.32627315373411436  0.33651092415682299
  0.34602527865393640  0.35581685466074020  0.36592529282786795  0.37641564427259877
  0.38713927489657179  0.39797251425521357  0.40928106918465151  0.42103268672055066
  0.43289004659199420  0.44505577526359297  0.45688739100986309  0.46860344073389637
  0.47996384627857747  0.49046065311419013  0.50042915034713931  0.50914558306225521
  0.51801354783757581  0.52659517335843520  0.53523273960781015  0.54402679139314492
  0.55357018448292328  0.56346463913933864  0.57387210934324384  0.58442982772684682
  0.59507001577191665  0.60571636697324682  0.61557310803655974  0.62564842490115147
  0.63588239335958574  0.64632340204874683  0.65660089799064003  0.66676251117439511
  0.67710347265493009  0.68755088459457026  0.69816244286136320  0.70901721257440375
  0.71968882272690438  0.72992179944718494  0.74017909419083072  0.75077446868127462
  0.76142034746760257  0.77141413845185514  0.78135930456195446  0.79132585375368958
  0.80082518262133162  0.80989265988365944  0.81928478120102111  0.82896897358240829
  0.83851456316511874  0.84738112389264064  0.85683932815510566  0.86687605491304620
  0.87697476751940195  0.88663692152543438  0.89705912676508093  0.90895590179104657
  0.92050859930078122  0.93108837376727660  0.94140765047684927  0.95217606727525006
  0.96380231163544561  0.97607060727152806  0.98820905593248520  1.00000000000000000
  0.00690624304508977  0.03658473544625465  0.05796843700418274  0.07211623987391523
  0.08386600567041813  0.09356599826636752  0.10278543037255639  0.11109195974915399
  0.11901022849944864  0.12695825855631834  0.13454374386369783  0.14203117487066083
  0.14945104944214258  0.15669770799224966  0.16399674751079416  0.17198998443623076
  0.18061554218450260  0.18843724682424115  0.19545731017994405  0.20228104476559253
  0.20892507952149128  0.21485828929806516  0.22042927484942867  0.22615057086843152
  0.23192428668194126  0.23789652557642471  0.24392985737068706  0.25004778071936296
  0.25628127907318565  0.26239655620426050  0.26856821057835689  0.27479408870868582
  0.28099123044914637  0.28709087203505035  0.29321524724977932  0.29963113618557041
  0.30606272683719415  0.31225638215363638  0.31833051955474434  0.32457233160002857
  0.33079694736591692  0.33807956897691654  0.34589195784220356  0.35342598483630505
  0.36046886943536699  0.36710170393113933  0.37375212212307346  0.38093728808128086
  0.38860984974320767  0.39609662772064091  0.40306638718759091  0.40981672537270658
  0.41675242177205601  0.42449991974358436  0.43266619665674488  0.44043805674530379
  0.44800876552535257  0.45511354883211441  0.46258457508006040  0.47004871973118784
  0.47756788923224303  0.48505084845535806  0.49252175136367987  0.50026956935148537
  0.50824642505701667  0.51620039680936214  0.52394130712451625  0.53150285802843278
  0.53907513058837719  0.54670261047055524  0.55491585247263886  0.56283832218289931
  0.57169011193026820  0.57986567912230302  0.59043861138122433  0.60120550984370380
  0.61361949810631888  0.62500714586973205  0.63479251813563742  0.64463074888324645
  0.65416321251527521  0.66400403205388436  0.67401261529933165  0.68424564247807595
  0.69576679458123358  0.70852774462617940  0.72233901439394910  0.73651563728265668
  0.75062826032012897  0.76661245327033023  0.78476952126357302  0.80527650720715938
  0.82916968661308676  0.85548567248055885  0.89558716317066567  1.00000000000000000
 -0.02148911753006605  0.15489264979016215  0.21004058312044410  0.24392922688080562
  0.27161321123558935  0.29276522641641634  0.31078391552787116  0.32662104291939009
  0.34104562039945102  0.35458130175018882  0.36772934337390695  0.37981378537883387
  0.39110748168028325  0.40179965379512939  0.41183200998299280  0.42104873229995632
  0.42939161547630994  0.43713111009976097  0.44434677568100472  0.45118655182097445
  0.45795657213508079  0.46478546468498277  0.47179144624744035  0.47882584852220722
  0.48631997676671379  0.49333734268987001  0.50000937158424541  0.50619693611346339
  0.51224544198357436  0.51834973158153719  0.52462711748606683  0.53095112026139257
  0.53729624743804749  0.54318027900517940  0.54871158867068726  0.55434212196413701
  0.55998335126621734  0.56542085628446026  0.57104397702118626  0.57629991950020432
  0.58177312468251630  0.58685196149844299  0.59154054481871821  0.59613081556902769
  0.60073833616238625  0.60531427233550705  0.61002629887418802  0.61485556701025879
  0.61945348059140504  0.62378590269959178  0.62797912223606001  0.63218713611199373
  0.63672305530719642  0.64172210619590475  0.64700392072898216  0.65228801704341499
  0.65741310261292107  0.66232103927870378  0.66723292263128997  0.67197130678360772
  0.67683831028414521  0.68166556650915044  0.68649957833488717  0.69128739122153837
  0.69595688314932380  0.70062956534031273  0.70558657460701502  0.71106306387274643
  0.71646231151611994  0.72169143884928100  0.72690315483968881  0.73212612419250067
  0.73762047650666829  0.74340480993279257  0.74910305709363167  0.75481361922738688
  0.76063382680733604  0.76651059710165748  0.77259972823123657  0.77850215408551593
  0.78442259808018655  0.79062481976021859  0.79728865707615360  0.80429312106740003
  0.81137044398261393  0.81856087550070877  0.82631542872413422  0.83475030216964985
  0.84345185984834059  0.85231224859239463  0.86199219151280115  0.87345110610832155
  0.88697856469640868  0.90347531169876383  0.93135000449492700  1.00000000000000000
   7.5519154249496262E-031  -1.0000000000000000     
 T T T T T T T T T T T T T T T T F F F F F F F F F F F F F F F F F F F F F F F F F F F F F F F F T T T T T T T T T T T T T T T T T T T T T T T T T T T T T T T T F F F F F F F F F F F F F F F F F F F F F F F F F F F F F F F F T T T T T T F T T T T T T T T T
  <DiscreteSampler_grid>
  grouped_processes
  1 # 1 for a reference and 2 for a running grid.
  10 # Attribute 'min_bin_probing_points' of the grid.
  1 # Attribute 'grid_mode' of the grid. 1=='default',2=='initialization'
  0.0000000000000000 # Attribute 'small_contrib_threshold' of the grid.
  0.5000000000000000 # Attribute 'damping_power' of the grid.
 # binID   n_entries weight   weight_sqr   abs_weight
    10   10   4.924643433223614E-020   6.152618548028892E-039   4.924643433223614E-020
    11   10   4.924643433223614E-020   6.152618548028897E-039   4.924643433223614E-020
  </DiscreteSampler_grid>
