 -0.00030870828850976  0.00683904527266185  0.01649974176232840  0.02705652160896940
  0.03825101444998366  0.04915912214494570  0.06056398169409474  0.07142746819831212
  0.08253624434771754  0.09338894774415180  0.10339056705217280  0.11318135892277360
  0.12326053154067225  0.13375056491043716  0.14412726151252075  0.15388485980024663
  0.16316184819203539  0.17228886602786278  0.18111960276952904  0.18969108526571288
  0.19811998065347805  0.20652862030497951  0.21474254250230226  0.22291650990855810
  0.23135159490293508  0.23995017534895732  0.24851419908361089  0.25678664996110390
  0.26511266060634142  0.27362360662132218  0.28231242030236020  0.29086517994923705
  0.29923090455471218  0.30731245031065879  0.31573088657649995  0.32446450830394963
  0.33333969968971366  0.34199352920957715  0.35038838336793787  0.35857369680958828
  0.36665004507524313  0.37484125493792469  0.38322907559518909  0.39155519078092582
  0.39994161247367838  0.40830213490175754  0.41667583263652297  0.42504004296856435
  0.43339926749233926  0.44175910715888328  0.45011103775728861  0.45843668104902230
  0.46672850942757671  0.47487096660416406  0.48340451947066682  0.49212110647979634
  0.50083927933750305  0.50966333030576760  0.51883512916947361  0.52824776794322026
  0.53790338907420543  0.54742091856060282  0.55669927390176832  0.56573750028645164
  0.57465727000202693  0.58390410489603639  0.59315017458404040  0.60239882214890061
  0.61183106030581524  0.62147124011831700  0.63096622096868826  0.64057047172703019
  0.65031708652801790  0.66013920586199371  0.67006300170934074  0.68007632193846623
  0.69000754508916673  0.70003441515196796  0.70993655303096126  0.72059500450505087
  0.73182359506140793  0.74323794821265132  0.75477956645213296  0.76670171707986390
  0.77901922829913473  0.79179749741579120  0.80512065670473676  0.81853602891352628
  0.83205798442898782  0.84646554210499758  0.86252360549403240  0.88125642581033958
  0.90139009405648240  0.92568569419660951  0.96073461869083254  1.00000000000000000
 -0.00288795360265485  0.01077395671616643  0.02173700253103148  0.03206466835373734
  0.04269901917656597  0.05340524518319906  0.06411796540294767  0.07435086560228676
  0.08473216196162406  0.09577537136014240  0.10732247434569267  0.11870339602063679
  0.13033368888339336  0.14198952392101327  0.15325971500653002  0.16382422482298273
  0.17369412559162384  0.18338866290044692  0.19329793682081470  0.20329350627250764
  0.21329471625391278  0.22281982061786509  0.23247913850440216  0.24301437358173647
  0.25370372589935813  0.26427337231767356  0.27447600402580058  0.28450844155667576
  0.29408549135327466  0.30335552073611144  0.31232694472617173  0.32148902668043294
  0.33088821566485643  0.34099047068898536  0.35141053785350962  0.36166406630709308
  0.37191528729816231  0.38267248207785970  0.39386372463078384  0.40457635365430061
  0.41508823115784543  0.42646737486133668  0.43850172982186453  0.45036379718523079
  0.46160903681061521  0.47393213253672317  0.48534507438308677  0.49690136651826144
  0.50876667484539373  0.52067841501950274  0.53154971214198043  0.54207905946592372
  0.55312944320134283  0.56444596241994216  0.57537641075504820  0.58620089148913457
  0.59702044549023492  0.60812188662736699  0.61912016933148517  0.63022152983699720
  0.64131273795439658  0.65226618991544649  0.66302550255623116  0.67340689916241636
  0.68380879165775177  0.69443403168597229  0.70502910212961856  0.71540135290430062
  0.72553325126846269  0.73576054476853658  0.74618095450604793  0.75645986355210693
  0.76654918039852527  0.77651043656080865  0.78596766795918171  0.79542907956717390
  0.80491030222087168  0.81443230573393643  0.82378204574298730  0.83333908985457050
  0.84365462948435921  0.85466979793889952  0.86490514543031216  0.87532209848633036
  0.88520957872797468  0.89473307040278582  0.90446341292831789  0.91430266727941933
  0.92506208999409645  0.93603773234299770  0.94692503298011543  0.95786379170148639
  0.96873664921280700  0.97952239341019298  0.98977301958080544  1.00000000000000000
 -0.00815004255660116  0.05662420652276227  0.09111305646761585  0.11523097826234294
  0.13349506814934309  0.14968925820184514  0.16539074970504886  0.18043205401042975
  0.19459958538364264  0.20764301771900623  0.21959262871470603  0.23104635960463601
  0.24262179256547806  0.25380498441326216  0.26434100549762973  0.27419315152403939
  0.28418755219477793  0.29412989891981101  0.30364700815848139  0.31278112644589900
  0.32169566779413988  0.33079501443090559  0.33944771289190739  0.34775538602331429
  0.35565057077517120  0.36326774686533525  0.37087672618045564  0.37857489580183734
  0.38626550578165858  0.39387203452822972  0.40122432728417096  0.40842854154317648
  0.41564839770047968  0.42293333549869999  0.43023098934950338  0.43765065494881067
  0.44552345787902636  0.45389926229721489  0.46208584780471668  0.47027906724029866
  0.47788837297803466  0.48497170016235253  0.49205128255663516  0.49911103543512392
  0.50584122762760531  0.51226980307239789  0.51856151540327300  0.52485380780888191
  0.53146754919811556  0.53852371411959776  0.54560827508861853  0.55267579271016964
  0.55922651964467596  0.56607135843560064  0.57318494130492037  0.58083842494810145
  0.58834170175575606  0.59585948457301563  0.60323676488378164  0.61060765184127641
  0.61791549280636726  0.62515167043390141  0.63216990964048481  0.63894815103844294
  0.64586837177772549  0.65300010490594196  0.66042859596395065  0.66830477034110081
  0.67582063265682923  0.68370806477099810  0.69107973692734670  0.69806978197102387
  0.70518930753045150  0.71246033631740135  0.71990621675985011  0.72730519614953704
  0.73471488738403334  0.74210553286006364  0.75005888484402750  0.75928763240806862
  0.76914347445131315  0.77897300532749991  0.78904079907153180  0.79959463996517011
  0.81003631728792092  0.81979972480818186  0.82955910982358183  0.84036165802781071
  0.85183074498799793  0.86343722628506636  0.87535841599717235  0.88890997364837776
  0.90491212958068190  0.92418904427898407  0.95011114981756717  1.00000000000000000
 -0.02059184620080832  0.12053992198553989  0.15547406264687363  0.17696837209129410
  0.19453929423796587  0.20911832000167235  0.22205264178878065  0.23318799363761011
  0.24283511761208637  0.25198150874220682  0.26052191469916630  0.26881964565020516
  0.27674629200301853  0.28463706829889562  0.29257380630035557  0.30111715774664283
  0.30929106469921841  0.31694474037848047  0.32406563982379827  0.33097151131217500
  0.33774311517365130  0.34450966464431931  0.35126924182153346  0.35780361747038597
  0.36412479988483704  0.37062181069849026  0.37706678339651539  0.38276698366778739
  0.38839369840573340  0.39406522614580147  0.39976461015845260  0.40561898870374008
  0.41114055871220118  0.41657451054771677  0.42193215778817877  0.42707224915279396
  0.43212306344244361  0.43715360455507452  0.44225665367103112  0.44741215977274623
  0.45270990619173368  0.45813872708442649  0.46355657120800448  0.46892399091600073
  0.47429372856722690  0.47954724352257100  0.48458884774366695  0.48972226901149546
  0.49475005250405552  0.49992539347761777  0.50506156330923235  0.51021117504851532
  0.51542002283288912  0.52067376294820256  0.52618327659955932  0.53172653915011880
  0.53723282449536469  0.54272571198749564  0.54816588320503867  0.55360623656209507
  0.55914266782016375  0.56488984911104223  0.57085812850025852  0.57669096297484101
  0.58248902838750460  0.58839363333542838  0.59441261111860777  0.60030629574063243
  0.60699135905762791  0.61412287204273275  0.62118712881306237  0.62812287035004732
  0.63483199666668044  0.64154318767166496  0.64831631528235367  0.65505363927934457
  0.66183016946185425  0.66880872972864547  0.67610947474126459  0.68387632470118287
  0.69232112334454965  0.70109781643752866  0.70976192309969488  0.71858577541793367
  0.72766632249881757  0.73670696885703491  0.74570621725461306  0.75523176112657853
  0.76580429881152490  0.77786461023496845  0.79129395200796893  0.80620677288409814
  0.82397944425317027  0.84680956445709887  0.88196283181092294  1.00000000000000000
   5.7448986172898378E-009  -1.0000000000000000     
 T T T T T T T T
  <DiscreteSampler_grid>
  grouped_processes
  1 # 1 for a reference and 2 for a running grid.
  10 # Attribute 'min_bin_probing_points' of the grid.
  1 # Attribute 'grid_mode' of the grid. 1=='default',2=='initialization'
  0.0000000000000000 # Attribute 'small_contrib_threshold' of the grid.
  0.5000000000000000 # Attribute 'damping_power' of the grid.
 # binID   n_entries weight   weight_sqr   abs_weight
    10   10   6.143455330503903E+003   9.411536994806072E+007   6.143455330503903E+003
    11   10   6.143455330503903E+003   9.411536994806072E+007   6.143455330503903E+003
  </DiscreteSampler_grid>
