 -0.00030436875351890  0.00677929569786011  0.01667190589915104  0.02743361089186798
  0.03835166804815859  0.04917157105771100  0.06020052577923656  0.07067579385192994
  0.08106370051345844  0.09125301615255170  0.10109678844143283  0.11117073454336922
  0.12120738773225587  0.13126751045377535  0.14126152097948316  0.15112391765804420
  0.16097253783390708  0.17072287516766141  0.18006915475071955  0.18927008834339015
  0.19849825435946061  0.20758358495222942  0.21655222476839164  0.22546900029992392
  0.23434487727099565  0.24311403651968228  0.25189837627386386  0.26065161893694977
  0.26929311348774571  0.27794971096550813  0.28655784689586317  0.29522135412144862
  0.30369257598143434  0.31193875489976869  0.31993512460970019  0.32789180505410975
  0.33591040928425880  0.34401791240167423  0.35214891468090370  0.36024707935287004
  0.36841506721800710  0.37680945321371151  0.38494667420320766  0.39306176134245130
  0.40113545426663383  0.40918149069749515  0.41726778879930670  0.42544244378454482
  0.43373662480418002  0.44218591733325829  0.45080939202910403  0.45906784002929102
  0.46727669517037385  0.47546968089480285  0.48368104209205781  0.49192360421660447
  0.50018962994375682  0.50850417284807881  0.51700475756084108  0.52565066995598786
  0.53431832936781987  0.54310732357387781  0.55212682685008685  0.56138571543429683
  0.57079021142877329  0.58021392851650611  0.58975291144181363  0.59938517494468135
  0.60910543967166308  0.61896471831042732  0.62894242343000162  0.63876573893044741
  0.64838123723736329  0.65867449242489873  0.66918252930655175  0.67974492817291832
  0.69037867767588101  0.70110896145207313  0.71191993014786259  0.72272384005907264
  0.73362278671068937  0.74467605876850862  0.75589164931926134  0.76723524040623647
  0.77957727833303470  0.79239639391959704  0.80590461099464217  0.81984765175811114
  0.83423448402199463  0.84964772555626689  0.86663326717697642  0.88481056880608966
  0.90458877114976421  0.92794026368002436  0.96067896014489640  1.00000000000000000
 -0.00242189954673672  0.00944477455550735  0.01971333780919159  0.03038168144247232
  0.04095871813614794  0.05205942124465832  0.06325602238550333  0.07435552401939698
  0.08550674852745563  0.09660016122517293  0.10772041032567164  0.11862805404675641
  0.12941099372389872  0.13997426185773085  0.15043377969167007  0.16060830117633643
  0.17080830776518441  0.18112032148537335  0.19154537878756142  0.20257885335526696
  0.21448298930299334  0.22708055288643758  0.23873972927478565  0.24958516102375275
  0.26039356279951098  0.27102538960148675  0.28160968187607899  0.29219348148994168
  0.30309318539464730  0.31417240882989050  0.32504348554320961  0.33593065160504781
  0.34684479574703425  0.35754798897998530  0.36769932004163586  0.37748153319124245
  0.38721142689413812  0.39706246815953089  0.40697404036964263  0.41688133176045572
  0.42681896489662652  0.43681968751663441  0.44704343200127478  0.45737498277006233
  0.46795196508420422  0.47879545524389477  0.48978548272051237  0.50062821781358902
  0.51123211527601953  0.52192767966794873  0.53259237422180039  0.54286797488216754
  0.55288987094201802  0.56291389845774387  0.57301294957201887  0.58311317902791970
  0.59315344233567946  0.60311774402026019  0.61292657686708485  0.62286037255423798
  0.63324627794804222  0.64385522363076475  0.65455266133240786  0.66554347271206549
  0.67672050005693984  0.68779769358200882  0.69858819569119712  0.70930757294660540
  0.72009814280650186  0.73101340940294113  0.74232313999975330  0.75334438891947686
  0.76394208090924409  0.77425429954810110  0.78474744481536707  0.79554036117408600
  0.80629948849009059  0.81693440321999766  0.82736245807316589  0.83763536428577379
  0.84757638663302726  0.85743352014332286  0.86743008730744742  0.87761011081247409
  0.88780239800732808  0.89795583374005805  0.90815512713345714  0.91819315578460026
  0.92807063841858739  0.93798603134215341  0.94809308452465157  0.95784131352956559
  0.96839889365526755  0.97871730962188386  0.98958456457878274  1.00000000000000000
 -0.00961738239020179  0.06104236697273882  0.09734144144892791  0.12377553660325795
  0.14578726989894675  0.16461995957367409  0.18084249724525220  0.19525235873570990
  0.20907207021915944  0.22257793080446589  0.23580591291006947  0.24895433344064269
  0.26173981136005769  0.27406445613352970  0.28573851029310610  0.29689155340529233
  0.30773382805609267  0.31813281266066484  0.32817867812190665  0.33818924678474027
  0.34793956711693019  0.35740170314414021  0.36646202991283294  0.37550131519066099
  0.38497311285754282  0.39420123734558271  0.40310872166140416  0.41195117688615746
  0.42051883076427837  0.42873669203206832  0.43668642755646042  0.44437035999142060
  0.45201296477985503  0.45982686974744341  0.46778726323394382  0.47576680481577194
  0.48368638312967288  0.49166030847992870  0.49945348060571199  0.50689840498942373
  0.51420172090584693  0.52142992845062464  0.52865634073314560  0.53600130775288013
  0.54328176456052579  0.55036242912924815  0.55733153687015480  0.56437184680549080
  0.57158524061376392  0.57879975477651646  0.58586534210527663  0.59288795327918542
  0.59985305824577528  0.60695535464060979  0.61411762485649868  0.62131980272919074
  0.62841513943336980  0.63537793207196980  0.64238413938102912  0.64951445422417076
  0.65662757928414217  0.66357528415916489  0.67051190207270028  0.67778265614431499
  0.68536176286367945  0.69310575541612585  0.70094264170175502  0.70846101861919197
  0.71555389019030857  0.72261675465870234  0.72978516528813553  0.73695635248056246
  0.74412156275411601  0.75132835271312237  0.75860732295991906  0.76595961587219408
  0.77363387539728035  0.78164264839888731  0.78972847526333034  0.79775044495416003
  0.80584574578375023  0.81414409168902246  0.82260002196146575  0.83123360467734031
  0.84008311983219575  0.84918559347595801  0.85851576466291890  0.86806386009920700
  0.87802381981491895  0.88858900198662061  0.89988054608583190  0.91230057837704015
  0.92668464481730617  0.94377091468362961  0.96591440706938037  1.00000000000000000
 -0.02185789953928650  0.14886735835278417  0.20358805391811133  0.23805570784482863
  0.26500324884593540  0.28820049843001949  0.30893827408573660  0.32773172539370499
  0.34451826415010806  0.35953212100866810  0.37333581423895806  0.38659960599527188
  0.39898479265098991  0.41046318617558863  0.42127362687211800  0.43180654061512846
  0.44201773949308798  0.45191220782624447  0.46155786623627432  0.47099605715614934
  0.48023707539004601  0.48923477079368161  0.49791283805280251  0.50620877413952781
  0.51422926648775991  0.52201953750975161  0.52941076556551214  0.53667053923680008
  0.54360793997959844  0.54988749436842099  0.55617331435020156  0.56231788089588108
  0.56830229614600214  0.57415627288520321  0.57992675300578211  0.58566128276257756
  0.59131065882334932  0.59705973329494222  0.60278820422926194  0.60860885314766311
  0.61431268708427977  0.61984953590707825  0.62525929983771356  0.63050122896446004
  0.63560377183291061  0.64074580655573599  0.64595070935732357  0.65115271766273131
  0.65633576889223566  0.66150433997617830  0.66653551926986854  0.67124892405838699
  0.67602668276677047  0.68082965934866679  0.68562540135868755  0.69047930296304993
  0.69530042777914902  0.70009726837702380  0.70472160823500840  0.70929636691050502
  0.71395895660705500  0.71865045708664721  0.72339569002898119  0.72814014448192277
  0.73289211890576911  0.73768741979370689  0.74251869299627216  0.74735094912879740
  0.75232271558022545  0.75749149675436034  0.76271820433312310  0.76795760978045435
  0.77328763541582068  0.77850235767089693  0.78373143744250995  0.78904600090113020
  0.79443838898732511  0.79990642017521885  0.80554300776201671  0.81136852312248364
  0.81695293193217522  0.82253065172766160  0.82809154091553550  0.83366207671813919
  0.83955949178452138  0.84560190017528725  0.85193596410187877  0.85884797518990996
  0.86631427117440474  0.87415923152722774  0.88351320199060845  0.89330375058231448
  0.90533180145390102  0.92077725334334448  0.94446401496280930  1.00000000000000000
   1.2050410903345106E-008  -1.0000000000000000     
 T T T T T T T T
  <DiscreteSampler_grid>
  grouped_processes
  1 # 1 for a reference and 2 for a running grid.
  10 # Attribute 'min_bin_probing_points' of the grid.
  1 # Attribute 'grid_mode' of the grid. 1=='default',2=='initialization'
  0.0000000000000000 # Attribute 'small_contrib_threshold' of the grid.
  0.5000000000000000 # Attribute 'damping_power' of the grid.
 # binID   n_entries weight   weight_sqr   abs_weight
    10   10   9.507198871382689E+003   2.715801763413230E+008   9.507198871382689E+003
    11   10   9.507198871382689E+003   2.715801763413230E+008   9.507198871382689E+003
  </DiscreteSampler_grid>
