 -0.00030318923470831  0.00685074218386811  0.01692425966631260  0.02787778244375214
  0.03880257087136536  0.04999709139173535  0.06102313266962583  0.07197207755305077
  0.08262159748087794  0.09319258713569599  0.10345889805000684  0.11354933442705695
  0.12366344739380714  0.13376140485074672  0.14368004629529105  0.15336754051031876
  0.16279130583545062  0.17208419641321129  0.18145893416913200  0.19071466418521438
  0.19985953649700075  0.20897490693838572  0.21791868746034151  0.22673891433830293
  0.23537828493581409  0.24428284336448639  0.25325642391262271  0.26190290328960308
  0.27014981592638043  0.27811419960392336  0.28617050098958097  0.29446809613418756
  0.30282093681415106  0.31123585844627843  0.31997191291921684  0.32844681685617755
  0.33714492011161779  0.34606733682606816  0.35503759666998663  0.36383235066142583
  0.37225528895800819  0.38056053752934815  0.38874398353489364  0.39677883829183352
  0.40491285415495198  0.41318031031808072  0.42151362923151436  0.42995947610209562
  0.43846282532160263  0.44685374131535793  0.45520598717453675  0.46348542723898911
  0.47204155120033248  0.48070699041735343  0.48945776234441091  0.49813674489647514
  0.50671885422772256  0.51541661147335249  0.52420660288767285  0.53311475390562502
  0.54204611892707499  0.55094927470202981  0.55987260487799628  0.56876343476373759
  0.57747655647925300  0.58614274611198580  0.59481552699613860  0.60379279760210447
  0.61298947063823117  0.62238764001526747  0.63194943286895766  0.64148095388186843
  0.65110862459285845  0.66081027484929544  0.67065937369193340  0.68064225071213980
  0.69070078075365049  0.70079004890175800  0.71094355110689822  0.72171746009885895
  0.73265820186431851  0.74369570317106870  0.75477271981702798  0.76605554435078127
  0.77806338554287158  0.79094241677369626  0.80466260353423991  0.81834183160786578
  0.83230460424318997  0.84738876442372690  0.86431397671212173  0.88322993149986195
  0.90370558292835101  0.92751810817656277  0.96140870966414604  1.00000000000000000
 -0.00270902697350944  0.01009133955411916  0.02093618744948428  0.03155613181988270
  0.04202834598063359  0.05270551481689624  0.06361677238180391  0.07452070056503683
  0.08539114936370718  0.09617763965331913  0.10709483858877433  0.11796319195474150
  0.12884256092584476  0.13955345204500819  0.15049341736996769  0.16150662568155175
  0.17255689374210853  0.18352329920245158  0.19444327091677743  0.20545744593960802
  0.21639305112324078  0.22717581876327145  0.23752926897276982  0.24759524068640287
  0.25753362425364340  0.26762511377656756  0.27778923960797414  0.28788035739314843
  0.29814777248022023  0.30869539135660462  0.31949934536637031  0.33044716482091507
  0.34171409155998017  0.35303018162842836  0.36366083953509648  0.37397936806963195
  0.38423632911918154  0.39446563009665997  0.40446891743217406  0.41428062505274943
  0.42424977688170751  0.43443091315585852  0.44481870501315368  0.45539061438143735
  0.46632406983269475  0.47765719303447313  0.48924553361746170  0.50083254571989810
  0.51245862965608280  0.52418374547262958  0.53575348446277582  0.54735124112835942
  0.55880916355340882  0.56951378210894943  0.57983388971420158  0.59029315926026771
  0.60065998084470551  0.61097646474921563  0.62123243763572455  0.63165935724920630
  0.64249910248140074  0.65377173733173055  0.66540865105348557  0.67644046309077732
  0.68737803045159307  0.69821426460131752  0.70888363273439681  0.71918651796846811
  0.72937686391898460  0.73955708404892917  0.74971131553786219  0.75983295921824900
  0.77010785687903049  0.78044495743007236  0.79117585145781666  0.80263650075697668
  0.81395272027470666  0.82414251292734630  0.83413149071580184  0.84397319589308750
  0.85388249189025500  0.86375857163547887  0.87371106019322886  0.88369232881185822
  0.89359931638380985  0.90343113368425931  0.91322632091398770  0.92262738056050386
  0.93172099647696160  0.94095417964530903  0.95041596274462636  0.96004081364290450
  0.96976206906411966  0.97958059083980398  0.98976942166111526  1.00000000000000000
 -0.00931140210073052  0.06208637991870584  0.09898322521065986  0.12341187194836015
  0.14434049104674951  0.16420046506152455  0.18307743212409369  0.20041202504296107
  0.21595811808088652  0.23017278101911856  0.24336841870928902  0.25632401163836871
  0.26915657393720971  0.28160353524003540  0.29373228903656701  0.30580971583468458
  0.31738095300295321  0.32816505451728223  0.33823064080242482  0.34769219827301256
  0.35711772309275869  0.36652893873797682  0.37577241849775567  0.38442204735879670
  0.39312946595422410  0.40189119428416575  0.41073917871365856  0.41913910448320324
  0.42700307037743102  0.43488110972520078  0.44256671455896224  0.45020690909089262
  0.45770219358228365  0.46529323465230543  0.47277458803122863  0.48040834266358096
  0.48790896143189932  0.49533920263241893  0.50328446552568362  0.51148464580222641
  0.51975008210900586  0.52780363594744262  0.53560576671144744  0.54338585349506718
  0.55123706807995720  0.55910471961100461  0.56673194689982320  0.57377769601284812
  0.58116301517888813  0.58807084556734934  0.59487577520852286  0.60170152593802895
  0.60867052974016611  0.61564219811857723  0.62245103237845589  0.62920903920029281
  0.63601703668998011  0.64285942603188440  0.64984892578889630  0.65698820389196388
  0.66419133166860200  0.67136448716363872  0.67835614995914817  0.68525989529415354
  0.69222697130315447  0.69930481050183146  0.70645445770984860  0.71367125773779116
  0.72102061224704739  0.72829102761719500  0.73550276121454561  0.74275976345833317
  0.74993258988269573  0.75698097261074582  0.76399570624387381  0.77115695648118998
  0.77857378980361602  0.78599868293311992  0.79338772928918500  0.80084598734619072
  0.80839031471915124  0.81622676179718967  0.82432614648268643  0.83277939194848194
  0.84204869323216625  0.85159361005334366  0.86128334236178317  0.87116626326633517
  0.88143809929622374  0.89227933796753267  0.90341678205537224  0.91535503978894150
  0.92840843291669539  0.94371762302124806  0.96462329970532013  1.00000000000000000
 -0.02207615676560734  0.14756689803008483  0.19926355762678638  0.23399049533785352
  0.26215908741723776  0.28653046471574894  0.30762846447818692  0.32633935439526163
  0.34317489730749701  0.35847667546389622  0.37284401096094572  0.38622520246696124
  0.39896681822900754  0.41091831649454885  0.42194361359171167  0.43247478346113860
  0.44278580236233950  0.45269401988459013  0.46204701036470480  0.47083069852385712
  0.47949508011043651  0.48823290060562624  0.49699969371421882  0.50558139325341267
  0.51380297542097053  0.52170778656810590  0.52926031203762280  0.53673525794901444
  0.54399692689704449  0.55099270285144419  0.55785750489612540  0.56443225646395978
  0.57071172841036788  0.57683813197350453  0.58294539851282301  0.58905165928257097
  0.59512150530087449  0.60117606388651545  0.60676636110244342  0.61223331848699214
  0.61765356088330969  0.62303048574404518  0.62832148978510771  0.63353936777101483
  0.63876599077772134  0.64397818599260348  0.64905850488316741  0.65398755065023062
  0.65877280380467018  0.66342335174030254  0.66812522268738861  0.67292145979900975
  0.67780916481280684  0.68263378178096390  0.68740511602260557  0.69199711209214854
  0.69648266049492102  0.70094762660342103  0.70538491747578602  0.70984793266997848
  0.71432539757660640  0.71884054099729688  0.72339256902802540  0.72787382793606736
  0.73235923601993114  0.73679543154591343  0.74123319552213218  0.74564614164692489
  0.75008634528600915  0.75483838193449082  0.75963976227687879  0.76435982775598421
  0.76910365395551417  0.77402148107790059  0.77916054893750175  0.78451129275490572
  0.78991158143962859  0.79554439540441613  0.80114382942369933  0.80673285203001310
  0.81244722115995616  0.81836081892467605  0.82444600921924160  0.83059430965421288
  0.83674180983796176  0.84295898979885897  0.84939302059647981  0.85642565896546508
  0.86420661682916744  0.87257526954476072  0.88161634741718831  0.89169730467622677
  0.90365670705623435  0.91983056011698971  0.94370545236973535  1.00000000000000000
   3.3986816590488829E-008  -1.0000000000000000     
 T T T T T T T T
  <DiscreteSampler_grid>
  grouped_processes
  1 # 1 for a reference and 2 for a running grid.
  10 # Attribute 'min_bin_probing_points' of the grid.
  1 # Attribute 'grid_mode' of the grid. 1=='default',2=='initialization'
  0.0000000000000000 # Attribute 'small_contrib_threshold' of the grid.
  0.5000000000000000 # Attribute 'damping_power' of the grid.
 # binID   n_entries weight   weight_sqr   abs_weight
    10   10   1.723926868366215E+004   8.654728267495291E+008   1.723926868366215E+004
    11   10   1.723926868366215E+004   8.654728267495291E+008   1.723926868366215E+004
  </DiscreteSampler_grid>
