 -0.00029196941579177  0.00687190167120882  0.01690452307863799  0.02777419653446428
  0.03875438160285598  0.04976434055810181  0.06081244800944542  0.07158464352738807
  0.08194118288690566  0.09231997371048468  0.10271123146512900  0.11308977267318809
  0.12329616529104605  0.13323768806730951  0.14279716518094523  0.15213011617477362
  0.16125113905512137  0.17023387237197130  0.17917063360470029  0.18802458710830999
  0.19677898170638330  0.20562231875109976  0.21462604678693478  0.22370501545970481
  0.23264625009752443  0.24144614093826317  0.25026364321656752  0.25910164365935984
  0.26799742110212571  0.27684799816277050  0.28554072691461774  0.29444208159375235
  0.30326693671041999  0.31191421022824350  0.32040371116237920  0.32877094302597598
  0.33718530133912217  0.34569630828721309  0.35425979484859121  0.36278248438066002
  0.37115184006356072  0.37932403121150865  0.38740650694104389  0.39550270950126626
  0.40359012817149359  0.41180723422734999  0.41997297120229821  0.42816388119744941
  0.43640421832624893  0.44465954562765259  0.45291177816570005  0.46121665190902567
  0.46980171796895664  0.47875443424346631  0.48769907713670763  0.49645018931141133
  0.50504065704004220  0.51368473822622174  0.52283459824067502  0.53200629628740270
  0.54120945262589326  0.55034779584745830  0.55933239582322392  0.56813755278931488
  0.57686385152954356  0.58557374810684382  0.59441649052254275  0.60332470593030563
  0.61247348619976949  0.62200300924812613  0.63148935492709812  0.64109698049015618
  0.65061076139815210  0.66028914267216654  0.67017927845238590  0.68021476361409572
  0.69033572982083491  0.70051418967181112  0.71072545194003056  0.72181028180766948
  0.73319762699487390  0.74465427929160022  0.75622247654509622  0.76801284473596731
  0.78042581491697427  0.79365339766319865  0.80696262725292134  0.82049259411167241
  0.83449292709010126  0.84972818399980188  0.86715629425574925  0.88594880326331993
  0.90656157338905041  0.93032814992071811  0.96243373948851108  1.00000000000000000
 -0.00265950161304317  0.00984302314460974  0.02069099563503547  0.03213217163149888
  0.04343062811242015  0.05402749049049061  0.06482504113341263  0.07587596111898366
  0.08692434354927245  0.09752198907453737  0.10849628061465939  0.11998203886583661
  0.13158233443278000  0.14292652880086734  0.15379538105536253  0.16437117658237990
  0.17472959353528975  0.18495271583753636  0.19508344236723624  0.20496432825631664
  0.21473050812701949  0.22457867932158157  0.23489818279670852  0.24558516906360986
  0.25610526242833626  0.26609329970934620  0.27598254169323527  0.28591237761545379
  0.29582980608811821  0.30576510823147790  0.31571621106326603  0.32571564166927935
  0.33572424126840522  0.34562572344950160  0.35553476707870252  0.36572021864097182
  0.37662794454002535  0.38811353461636539  0.39974387138732809  0.41146820635763381
  0.42292008642872503  0.43388957300814240  0.44426232935907473  0.45431957141936447
  0.46497688171106538  0.47579628500384530  0.48664371383658267  0.49739548455776139
  0.50882491664524276  0.52045319707818527  0.53184145286020279  0.54298499141377199
  0.55427967616692542  0.56499608579430072  0.57509791446040026  0.58501385282748697
  0.59512391867747638  0.60514722289617473  0.61499667512657630  0.62496453447620082
  0.63542516553235839  0.64602910097653898  0.65626102894989646  0.66626302666490245
  0.67620947967425338  0.68602043375236066  0.69632174864833407  0.70661944554389122
  0.71745564066673695  0.72799864921353341  0.73866529785418178  0.74919637754341839
  0.76004541697234784  0.77096445237906519  0.78221203688494045  0.79318702961053578
  0.80401972498401797  0.81424583124565897  0.82395091830011302  0.83364800923709603
  0.84354176708572748  0.85375699245705905  0.86452585862584441  0.87531509861859247
  0.88595706967518240  0.89656648675940176  0.90729924899603198  0.91810002274059688
  0.92855370024724049  0.93894740440785462  0.94949720573431207  0.95996126493920797
  0.97006144066643873  0.98029928656185339  0.99006204625104799  1.00000000000000000
 -0.00944184421167149  0.06198959085892514  0.10032486476397390  0.12824277759329031
  0.14980760607775714  0.16806492528485184  0.18553175415108408  0.20220526565258459
  0.21784345905160482  0.23222781992165384  0.24546325766689175  0.25816038092606219
  0.27023738312703793  0.28224180072834731  0.29387419165643869  0.30516580946957100
  0.31596029931626157  0.32610642475522150  0.33578441527159764  0.34503300001405562
  0.35430751598120175  0.36364830468556997  0.37280395160637847  0.38210083774670550
  0.39130427400679119  0.40028679584809135  0.40887453651717232  0.41735271186434159
  0.42576272951967620  0.43441986514476338  0.44260044783498503  0.45098029798284994
  0.45927736352518012  0.46743515470056579  0.47539077751473052  0.48305850803602546
  0.49058745157999273  0.49814504969002532  0.50571852099607362  0.51323838993807613
  0.52071164085601362  0.52816588439559409  0.53551527730393655  0.54284262933766836
  0.55009845976591909  0.55740648253235758  0.56478831505454419  0.57238836721943642
  0.57960712702061101  0.58661612198654978  0.59351758638037844  0.60038016527149585
  0.60729273823068897  0.61423929944014966  0.62112813559428082  0.62802693345091087
  0.63500642447380640  0.64205411168252813  0.64923553337641737  0.65647258418969989
  0.66346891144096076  0.67037943357570062  0.67733652667646738  0.68436877941618035
  0.69145274190080441  0.69851459971582375  0.70555078650601233  0.71252384887926179
  0.71968735637651160  0.72692199183441930  0.73435673371665999  0.74193404364771443
  0.74965419950512946  0.75755777480393216  0.76551282755236327  0.77331467712839230
  0.78093077775493935  0.78852865905183889  0.79633482438195979  0.80430892349757599
  0.81239512908386868  0.81996965380601439  0.82794069579295237  0.83590874769059853
  0.84420954939315718  0.85280509026854723  0.86150099573097105  0.87046123262427033
  0.88006174236752932  0.89033552846172226  0.90118082091172624  0.91277079662991056
  0.92627071675802863  0.94227600262067035  0.96463700336341107  1.00000000000000000
 -0.02229838017938300  0.15035154981532176  0.20153472388337690  0.23573850491050632
  0.26311812330301210  0.28659833457205341  0.30727299690611604  0.32540940201458529
  0.34229328165118134  0.35816997111884591  0.37270965695110514  0.38658809934076654
  0.39982494897130089  0.41213475320591747  0.42366018676590211  0.43444487259530662
  0.44482881704974864  0.45475141079780323  0.46416002522120942  0.47315431465558355
  0.48174837649991464  0.48992781077477243  0.49788992515846198  0.50559642685601980
  0.51313767157884194  0.52043484294772147  0.52736518468539728  0.53408805407880378
  0.54071910043910476  0.54723765497044197  0.55355291999114720  0.55978346962279257
  0.56582676090039163  0.57186431850056696  0.57781104232100433  0.58368561281468911
  0.58952152738897601  0.59530611913599563  0.60108031829909236  0.60677327770993350
  0.61230107862288319  0.61774788087271748  0.62305023138104121  0.62835722711352560
  0.63368153510501624  0.63885801246035168  0.64391922471639895  0.64899400710074395
  0.65413779274910766  0.65937493740679798  0.66466894668312826  0.66995166567405984
  0.67519576354854216  0.68039303924764305  0.68556189133338385  0.69063640607471632
  0.69574516256566554  0.70088456987063563  0.70597450504746317  0.71095282391630610
  0.71580896472113942  0.72056453305793589  0.72515711577864639  0.72961234970425348
  0.73399950003440806  0.73838286766426864  0.74284674033489440  0.74742219268207943
  0.75211815120285586  0.75685507395029039  0.76150604410568268  0.76604477884247868
  0.77064527123997362  0.77549538372540794  0.78060528615487168  0.78587918925556577
  0.79107571796082654  0.79627482258267035  0.80149048771560683  0.80677755937197337
  0.81218839248073860  0.81776544316989164  0.82353752128320823  0.82940593443577304
  0.83550625210560314  0.84185126207313077  0.84839086705643274  0.85542675072332008
  0.86317455173770408  0.87160745246730265  0.88111497806682870  0.89210108266499932
  0.90479129493531052  0.92038548050190627  0.94354402504600488  1.00000000000000000
   3.4525470057801274E-008  -1.0000000000000000     
 T T T T T T T T
  <DiscreteSampler_grid>
  grouped_processes
  1 # 1 for a reference and 2 for a running grid.
  10 # Attribute 'min_bin_probing_points' of the grid.
  1 # Attribute 'grid_mode' of the grid. 1=='default',2=='initialization'
  0.0000000000000000 # Attribute 'small_contrib_threshold' of the grid.
  0.5000000000000000 # Attribute 'damping_power' of the grid.
 # binID   n_entries weight   weight_sqr   abs_weight
    10   10   3.606839283039128E+004   3.714406785771747E+009   3.606839283039128E+004
    11   10   3.606839283039128E+004   3.714406785771747E+009   3.606839283039128E+004
  </DiscreteSampler_grid>
