  0.00969585821178577  0.05171134168693779  0.08063646764020366  0.10244994809292676
  0.12221275750563149  0.14011764313196867  0.15667717389990379  0.17240236599232212
  0.18842334846431016  0.20570642543361237  0.22424507220520679  0.24206513131927437
  0.25832304401893902  0.27389286436664789  0.28801608625759317  0.30154274861855407
  0.31509411840750623  0.32826854007084189  0.34120604287504430  0.35419074451942606
  0.36722661160976977  0.38038823647825232  0.39257312510720965  0.40409001411424023
  0.41557638728860335  0.42762951762187523  0.43987259275976065  0.45184451696376254
  0.46367339755532078  0.47544937906904838  0.48753490359875257  0.49979435638581332
  0.51142694296763991  0.52239383227130165  0.53245675135143156  0.54226248143436462
  0.55216684979237485  0.56236042536014674  0.57244758507013882  0.58245289358493124
  0.59365073604300722  0.60530145443722072  0.61705007581736337  0.62935095346369674
  0.64278285974167948  0.65641267812247350  0.66911246380533707  0.68051946637180483
  0.69092445522215229  0.70104334790509715  0.71131855066178040  0.72111436369581683
  0.73054060508412910  0.73939756237545617  0.74850553785093232  0.75807109778275117
  0.76800785451735976  0.77766888226441211  0.78680392607130156  0.79610820388404557
  0.80576841939394317  0.81540248207702914  0.82477177754157172  0.83395897435008615
  0.84268520495253951  0.85121588365480816  0.85911300377535449  0.86646386245904439
  0.87347155944396404  0.88023556768755418  0.88706996674157801  0.89422148786869526
  0.90161530296134873  0.90884541851732625  0.91549504539635262  0.92161578310377390
  0.92747224475448686  0.93331973864125617  0.93897263037436296  0.94425498451106615
  0.94934844475521141  0.95431288248574364  0.95913473019351880  0.96372976157941237
  0.96788243080922431  0.97150571236460648  0.97498124178122503  0.97824263269370415
  0.98148819311740021  0.98454102635924834  0.98734861051466738  0.98996325959176434
  0.99233723417019515  0.99462248187769386  0.99681780432646672  1.00000000000000000
  0.00907806267236536  0.01616911407564897  0.02597283514790389  0.03630160123723829
  0.04646896230451272  0.05635812543848412  0.06598300557758076  0.07535596402440352
  0.08494423417942999  0.09528482084932297  0.10610805013871541  0.11713521191857951
  0.12872057557156283  0.14100063637313806  0.15325778813990909  0.16507082972929274
  0.17686553099440289  0.18859201965607561  0.20060039656415860  0.21208142420194392
  0.22319656113188649  0.23494416644782193  0.24619576732035414  0.25754495509085407
  0.26851843242487577  0.27957940167143958  0.29048729947823054  0.30053081073319110
  0.31048528950631038  0.32025914321411225  0.33018269019919094  0.33933180282827452
  0.34772962629828313  0.35551366403234258  0.36386812112044120  0.37241248768822316
  0.38217659616906435  0.39253273208010553  0.40355453400831814  0.41496483615502777
  0.42597927164267096  0.43708887804635133  0.44775526465727344  0.45842109033034628
  0.46861441381870933  0.47916850115983806  0.49026536631752110  0.50090341438963992
  0.51157463121242641  0.52185022616935739  0.53226024375410119  0.54354253748427461
  0.55552811718595085  0.56755943952444743  0.57934719397744017  0.59113887214265881
  0.60273590333433069  0.61403991382123968  0.62504398301018493  0.63556339770427295
  0.64546917065856235  0.65476346442391897  0.66434112985042548  0.67435937026767023
  0.68468649121142999  0.69492684182369213  0.70492517309542657  0.71498534827027727
  0.72516344890846607  0.73524472383943773  0.74533655232323925  0.75569544815998624
  0.76648070044674577  0.77718130104472216  0.78805002809888991  0.79904467991011674
  0.81075255710721683  0.82167325519113277  0.83229269299978681  0.84228680088881969
  0.85224971916525161  0.86143744613903828  0.87062170911565118  0.87977379117079879
  0.88875562008070852  0.89842224741598509  0.90854079126328324  0.91870200220666620
  0.92934898473195882  0.93980552029303643  0.95005048904829592  0.95933291495957895
  0.96827903893559164  0.97715715982588902  0.98800972944909060  1.00000000000000000
 -0.00080284921184249  0.00427748975787446  0.00682347617803866  0.00949997511687847
  0.01268031773201030  0.01605455194750383  0.01951112540455016  0.02365225173847554
  0.02815704778403653  0.03278140548280477  0.03802019394400129  0.04406233266174537
  0.04975571193675051  0.05522065528584170  0.06026797381327791  0.06541864984990138
  0.07089735087579330  0.07684879358134489  0.08367259373079916  0.09118824610405564
  0.09873938172175273  0.10645917729641792  0.11472147725365024  0.12352743694021813
  0.13249041475224799  0.14118587828289592  0.14968053022961039  0.15810818076157512
  0.16677336784029012  0.17564010843361827  0.18405947004018919  0.19193464720520717
  0.20001179311077527  0.20863568714085212  0.21784981984141033  0.22972971443430218
  0.24025896188375745  0.25044168516206744  0.26046898848625161  0.27080090027886006
  0.28184993319388529  0.29330187528234086  0.30446194438134144  0.31451915999634183
  0.32441898942944675  0.33451302588068876  0.34443403474769413  0.35426139471646673
  0.36420605127406658  0.37426105857339664  0.38434391076924612  0.39449941810309308
  0.40544902402411065  0.41766528558802568  0.42950448479930764  0.44124982147634295
  0.45277543738238679  0.46463352376741929  0.47682332306860037  0.48858947306813677
  0.50042987613089240  0.51244328383811344  0.52463014373332861  0.53680096604270400
  0.54883715771328789  0.56090417313383156  0.57345436313725007  0.58738603576630832
  0.60148097421415359  0.61507732729667652  0.62856509533362137  0.64255573446500069
  0.65738648005963907  0.67181943078211714  0.68570772445626493  0.69931263721067871
  0.71369194905477851  0.72888441866105702  0.74418239524071683  0.75880082851674446
  0.77216060724444635  0.78491497173766200  0.79787342202389600  0.81120919087832766
  0.82489724018300192  0.83901716281546579  0.85385039795676021  0.86960422333605969
  0.88354196688374942  0.89875819441932414  0.91481228513998580  0.93137325200581988
  0.94797750745287479  0.96495840582264658  0.98229298477510696  1.00000000000000000
 -0.00265474319037010  0.00982351814369770  0.02096727110696521  0.03237365977623903
  0.04344036413446893  0.05340978781030129  0.06408122705610977  0.07582888554070842
  0.08714767400313000  0.09728453466626712  0.10693258526424429  0.11676460190460640
  0.12652959352027571  0.13610066148917335  0.14508021387357911  0.15523822805377738
  0.16516768246996313  0.17638126572960711  0.18734751034801564  0.19878274595122861
  0.20971805627092327  0.22035715108559714  0.23079067435396206  0.24086708518993827
  0.25100020035246373  0.26127978335925567  0.27166574833413132  0.28221092174680740
  0.29279613697851897  0.30370365917676212  0.31440986965064327  0.32485820198093057
  0.33562129226124499  0.34664122620749432  0.35704513080972416  0.36699890753653142
  0.37746287567451609  0.38886370137981069  0.40059315875885165  0.41205125650721075
  0.42333284878380045  0.43442575479746209  0.44501386401799381  0.45535059019218943
  0.46596812447349745  0.47725014407623095  0.48929950022760293  0.50160849533307361
  0.51360173569314715  0.52482188119356488  0.53529831286225782  0.54575611840944238
  0.55609848043725074  0.56574628480081068  0.57483093119218476  0.58404096084973289
  0.59353093315163996  0.60285992318954118  0.61224881471532400  0.62192734125207749
  0.63189234766096913  0.64170851825858111  0.65085827184000855  0.65964791660623256
  0.66854178967616240  0.67763557587996026  0.68711129098459867  0.69765523811531582
  0.70758596275933394  0.71806292308865916  0.72855354745978795  0.73880217263425974
  0.74921193665134223  0.75996791490215598  0.77097553375662220  0.78190769234540680
  0.79278840347806834  0.80329914230880406  0.81299088439377365  0.82219371352538950
  0.83126543429659705  0.84085177177740977  0.85054877039518584  0.86015418298344148
  0.86999375749324492  0.88044609093237058  0.89228273416308068  0.90524234921739499
  0.91774919396806764  0.92903440453918207  0.94001598333501268  0.95185208792949905
  0.96371785830852097  0.97551582133085812  0.98739438393246370  1.00000000000000000
 -0.00232152871421511  0.00823552975841122  0.01813599503071466  0.02802102845724831
  0.03839336319624152  0.04925095495649207  0.06033530952621152  0.07089671506750293
  0.08185987270514100  0.09408863861871861  0.10679703144631678  0.11809879426632050
  0.12974421681831347  0.14055949179918314  0.15089749409569711  0.16055614987472186
  0.17119242709258481  0.18283959976434186  0.19425705073035865  0.20521616523376734
  0.21587777560027818  0.22621650207058783  0.23618172162704795  0.24658495450484955
  0.25826128608542648  0.26992653121043353  0.28133316402134179  0.29193741984642413
  0.30186810582868656  0.31145335751230790  0.32079628616684930  0.33037392070747057
  0.33939433969757321  0.34819817533099390  0.35750243909749224  0.36783778801664435
  0.37748710260499407  0.38640683966472961  0.39511770608737640  0.40497715997666145
  0.41557492403753238  0.42530343343195393  0.43494707056375709  0.44415696722818621
  0.45288793520656451  0.46186338545335948  0.47068138003182636  0.48005192163292776
  0.49038019051809767  0.50097054622014681  0.51132191191313558  0.52155500355701012
  0.53154341923488235  0.54158360529123495  0.55182564460130723  0.56253874962726547
  0.57306062949286263  0.58415355488190923  0.59541381360070289  0.60698392627951070
  0.61830647037483200  0.62882774458137047  0.63839989451729495  0.64773763693463371
  0.65754167480392234  0.66788876707783817  0.67810896768618500  0.68833216826564125
  0.69891095871236653  0.70917026084907497  0.71883766455583420  0.72853026622136252
  0.73885932333433846  0.74976191314969587  0.76103282753440438  0.77237952848962399
  0.78377403198941520  0.79557781600935318  0.80800393114485658  0.82051742962469965
  0.83255617017797034  0.84368421182629116  0.85516007859374887  0.86652578068824249
  0.87752062791325913  0.88858734824443342  0.89983019998595104  0.91138513235894569
  0.92271152327128791  0.93424361300815817  0.94538279469841136  0.95662692327043264
  0.96768025688790860  0.97831979715466688  0.98910343185036442  1.00000000000000000
 -0.00218725763991493  0.00919669265694379  0.01982976749854924  0.02991504213372689
  0.04014773953370507  0.05078737139886599  0.06104682012436100  0.07125762202178253
  0.08162524202780033  0.09241904784178755  0.10356308016345828  0.11440497373289360
  0.12536126997329911  0.13506892394181030  0.14480468404447341  0.15432649136472679
  0.16433700991123584  0.17382641872326482  0.18327021735314156  0.19306537236582064
  0.20341849035050497  0.21330633523798398  0.22291818604838801  0.23246813519191756
  0.24204645364834582  0.25129704191789537  0.25995021757500381  0.26841465999868575
  0.27712636455713241  0.28609953059508575  0.29562404094299050  0.30600335430278564
  0.31755704207349178  0.32949558665894391  0.34026885994000966  0.35020410561663423
  0.36041402377921400  0.37111857239712015  0.38209364147184977  0.39321211311291138
  0.40458874982109216  0.41586455317173182  0.42602741668073391  0.43551425592271142
  0.44512083614506104  0.45517265891577890  0.46531077460447162  0.47530647644310159
  0.48489045801780534  0.49443340086067122  0.50484126533864593  0.51565336642380821
  0.52658036672658126  0.53736220811002733  0.54838797376469817  0.56025658127424816
  0.57270924228623699  0.58512288508686527  0.59616360587785633  0.60676164751938166
  0.61709140145001562  0.62821443332071703  0.63982376565333854  0.65284001308026018
  0.66557646045441521  0.67632386351362006  0.68599787075905305  0.69500145165486837
  0.70458504465401794  0.71422110789261750  0.72353346830730014  0.73252201489620239
  0.74163619596805375  0.75162659251266539  0.76270589095332730  0.77378579916345136
  0.78621196735625509  0.79824276418186091  0.81066946772097737  0.82236378117517250
  0.83418113373397562  0.84570728427032926  0.85701718430775986  0.86781440377961028
  0.87864590794040931  0.88917179134677393  0.89971893958627047  0.91065711489335599
  0.92201626851802188  0.93344487821647348  0.94454041030880054  0.95504479012667309
  0.96569473928060567  0.97629481287940534  0.98801039577668093  1.00000000000000000
 -0.00244652258071330  0.00929558280722063  0.01969486269812346  0.03033822853223422
  0.04120225757077333  0.05218375635095349  0.06356371508525523  0.07542145855200053
  0.08664930528411283  0.09690189822255274  0.10635840872325993  0.11543982144074832
  0.12436477718410936  0.13327963117208774  0.14217768560052194  0.15175851262129103
  0.16121775196038687  0.17105875548757088  0.18102605273456160  0.19207975683687004
  0.20361055116652910  0.21570869935180961  0.22815099940315448  0.24070386914335792
  0.25261669509846763  0.26351180970503735  0.27426366328777568  0.28574432565058250
  0.29725685310261679  0.30841451900268096  0.31926575710754357  0.33033676409030771
  0.34187695729383127  0.35343011665024704  0.36435345418217158  0.37471745733394968
  0.38515726711927206  0.39557795574394100  0.40650473315751445  0.41834571676310678
  0.43093467864864832  0.44314678517889478  0.45473888679472069  0.46628746987350972
  0.47758722213578481  0.48804252478291044  0.49812785337532439  0.50837129494612010
  0.51934984813166962  0.53118274581264524  0.54368107026923196  0.55602564058185844
  0.56810004441260686  0.57994119149681922  0.59052115291199758  0.60030036160569766
  0.60973943063025771  0.61954387818210532  0.62966471757200859  0.63990244555624243
  0.65031188503929416  0.66021935479945815  0.67036971704734150  0.68084028045307210
  0.69197366005675809  0.70337518935462373  0.71490749126137365  0.72704678743110274
  0.73882163890740382  0.75006473609945279  0.75929851032423612  0.76791752020519899
  0.77672044517197036  0.78562138791324398  0.79482644253378687  0.80407475459505673
  0.81387353702192577  0.82453731567267030  0.83504086493118379  0.84545862235284852
  0.85605094428894180  0.86642866245650496  0.87602559841642369  0.88479472681741655
  0.89384689672060968  0.90317346136789567  0.91241642461414418  0.92153324714329754
  0.93029134612190423  0.93948332612155339  0.94967092420274213  0.96004527635536152
  0.96996203732825648  0.97949332673497802  0.98936370542414054  1.00000000000000000
 -0.00211506752698148  0.00864770492496300  0.01738618812934168  0.02665517392504056
  0.03633664673293105  0.04540142043317684  0.05431051561762042  0.06366296459633472
  0.07349877869174914  0.08314311045893237  0.09220153365199506  0.10121407893497428
  0.11056584903342433  0.12032517878774193  0.13012829262052694  0.13964340312100754
  0.14946014955125644  0.15973195387092293  0.17046784717582669  0.18098878956342440
  0.19119079030826205  0.20130586258206165  0.21138952806274947  0.22174153824384396
  0.23189761696490704  0.24172198089298624  0.25157608907715912  0.26186090899413983
  0.27181804224713635  0.28048456046211484  0.28888730619566877  0.29758779657337003
  0.30672230548941448  0.31549931967164696  0.32429044174692057  0.33278981669464130
  0.34302541681295018  0.35296564440391787  0.36286807645683861  0.37264628855304477
  0.38279963480221069  0.39340682123148213  0.40465353070745502  0.41718189592366539
  0.43252330543543960  0.44455231952679769  0.45545540809283341  0.46581465387521814
  0.47638638694407109  0.48653199368277322  0.49715038546841400  0.51013308254436074
  0.52327148105966570  0.53582565737397858  0.54772792638971046  0.55950004441172285
  0.57076608370242743  0.58135870934684220  0.59182595653298076  0.60275940910217574
  0.61412742577383694  0.62532811783744402  0.63602513551597850  0.64687532383858837
  0.65834102528162108  0.66946958878533214  0.67985901096293888  0.68996471987380803
  0.70040207243841124  0.71105822801074692  0.72168817798007112  0.73240185082495157
  0.74335082099931260  0.75446537760062204  0.76523946682069488  0.77607541492887833
  0.78706957444841030  0.79835705196022366  0.80942020439952889  0.81992866638430839
  0.83038567894061122  0.84121074383914929  0.85220586877066706  0.86340833982835097
  0.87436265047803807  0.88475688540361219  0.89513969736950283  0.90606918198293851
  0.91731575586752301  0.92854170808493131  0.94019052270870618  0.95257660205610284
  0.96488960584473871  0.97650074908742657  0.98822378883185424  1.00000000000000000
  0.00368255560883438  0.03681699242591591  0.05178990496482774  0.06188196255342733
  0.07114077310329044  0.07974827800235096  0.08779603317515296  0.09544983937409475
  0.10302646557823643  0.11075368762448752  0.11857780428401428  0.12608153058852375
  0.13340451962992314  0.14062779395205421  0.14788810542726505  0.15469337284214491
  0.16109842938857410  0.16729189241640385  0.17348331336824935  0.17982102024272453
  0.18597923509297626  0.19172861249973658  0.19719247361867726  0.20269610361889756
  0.20843474608489479  0.21409856933160765  0.21956646530132343  0.22485736322327990
  0.23023132443763583  0.23577155770163322  0.24137172671926355  0.24702500024676027
  0.25278157372707211  0.25895758974368099  0.26495187145790139  0.27090736627240775
  0.27689589379677648  0.28287149537246159  0.28901190474782756  0.29561585165665705
  0.30257276606745587  0.30958287622181063  0.31651042537792401  0.32339734576521639
  0.33037154640310090  0.33737787687772758  0.34449140474316231  0.35181415320555159
  0.35912581175710434  0.36645128542648930  0.37373699699965901  0.38100024861655002
  0.38824663101629564  0.39537737595976624  0.40206030964661016  0.40846793348882871
  0.41501630386161864  0.42167131125222401  0.42867105098900471  0.43578570182518450
  0.44304613964278955  0.45016284692571262  0.45718355866446897  0.46449069214374605
  0.47179704998154953  0.47927907089146982  0.48671611405931198  0.49466587977532012
  0.50264702217418811  0.51046660080468076  0.51805703039888185  0.52626261050637180
  0.53503594153644851  0.54367873625816354  0.55231942943230916  0.56076048155268376
  0.57042780872338972  0.57978074646847122  0.59026922605063703  0.60104980365199379
  0.61274206577460599  0.62434842819340552  0.63606138239216270  0.64852004469515312
  0.66184679130706192  0.67515456774081306  0.68812868952990114  0.70164254131331105
  0.71669373354002186  0.73362160988918002  0.75185106570199467  0.77361997031523655
  0.79978690833012311  0.83372449989220643  0.88444670850495866  1.00000000000000000
 -0.02359294456626108  0.13834246976861395  0.17481019126730582  0.19898816860988341
  0.21953043795945662  0.23563050166572305  0.24833227041420280  0.25912797458754216
  0.26904421046153748  0.27751089947104768  0.28592532997886627  0.29413669575432916
  0.30195710591597563  0.30927990819202267  0.31611363244016177  0.32280660024541796
  0.32963067069242002  0.33646542192887108  0.34319220672045553  0.34988686048608708
  0.35632936550613065  0.36244913662441081  0.36841437915657832  0.37423207779244649
  0.37994533075951148  0.38564211596458869  0.39112387422622952  0.39677620493158144
  0.40218142326522766  0.40774834018679501  0.41320245456250010  0.41830266139955119
  0.42321467358398085  0.42794657288273036  0.43280738890545700  0.43767343273579579
  0.44255925186100881  0.44768065314758915  0.45296777660162413  0.45815154615446235
  0.46312613263050878  0.46791211078668415  0.47257692012165792  0.47755399142246435
  0.48310376556644452  0.48883768752433693  0.49465642246088487  0.50017644618161328
  0.50480780867605646  0.50948870445910943  0.51420069572605576  0.51905624529222982
  0.52404430372666699  0.52908226821535975  0.53411009368655371  0.53903385646070789
  0.54388265158657212  0.54864098488018520  0.55355963761340721  0.55856516463562478
  0.56386833935805092  0.56923873463145158  0.57458123003715866  0.57978713360467105
  0.58496719602519243  0.59014612589461235  0.59548263414707292  0.60107856640462631
  0.60689157201701494  0.61317966636138144  0.61928190914761627  0.62531561316645468
  0.63127678085929251  0.63729029584234731  0.64339574515400999  0.64966178985156053
  0.65590221818662886  0.66199216652647430  0.66816489411907487  0.67458995829752699
  0.68115836956671794  0.68803099107412036  0.69530536442945079  0.70325191968480993
  0.71185731953107323  0.72082514698905109  0.72978499214522119  0.73877330840312794
  0.74856464816492019  0.75964659904750120  0.77209519661288406  0.78595754703927345
  0.80351065795285026  0.82825028544837676  0.86552957626736815  1.00000000000000000
   1.1758637860233522E-056  -1.0000000000000000     
 T F T T F F F F T T T T T T T T F F F F F F F F T T T T T T T T F F F F F F F F T T T T T T T T F F F F F F F F T T T T T T T T T T T T T F F F T T T T T T T T F F F F F F F F T T T T T T T T F F F F F F F F T T T T T T T T T T T T F F F F T T T T T T T T
  <DiscreteSampler_grid>
  grouped_processes
  1 # 1 for a reference and 2 for a running grid.
  10 # Attribute 'min_bin_probing_points' of the grid.
  1 # Attribute 'grid_mode' of the grid. 1=='default',2=='initialization'
  0.0000000000000000 # Attribute 'small_contrib_threshold' of the grid.
  0.5000000000000000 # Attribute 'damping_power' of the grid.
 # binID   n_entries weight   weight_sqr   abs_weight
    10   10   2.013342369145868E-044   6.233217891829217E-088   2.013342369145868E-044
    11   10   2.013342369145864E-044   6.233217891829190E-088   2.013342369145864E-044
  </DiscreteSampler_grid>
