 -0.00031071680538555  0.00690130333703943  0.01697416687286212  0.02789853187794843
  0.03883344229275958  0.05005256923390868  0.06105817564626569  0.07203297589818021
  0.08265759756222243  0.09319001643172209  0.10347377414413804  0.11354737818578516
  0.12362217075981116  0.13368177124091737  0.14362608704042440  0.15333690363063898
  0.16280052022666128  0.17212621907844911  0.18150315250095711  0.19080954014189674
  0.19990931833741737  0.20899043733340711  0.21794937196963851  0.22673496082091441
  0.23537078143492787  0.24416281023484160  0.25308803376962991  0.26177387084721832
  0.27008886493223699  0.27806854181713425  0.28602638897570454  0.29432845897259119
  0.30266739618643396  0.31101007906780892  0.31974970065021929  0.32826237430771976
  0.33691728350974776  0.34573646444498174  0.35465029228541356  0.36348696101283579
  0.37202347329399316  0.38038963233877338  0.38858132350731578  0.39661055139008511
  0.40476625320237108  0.41306879958828668  0.42144675311415020  0.42992322574269076
  0.43843887389332892  0.44684870302523044  0.45522310722157894  0.46354400067553703
  0.47203797249017088  0.48066364422713087  0.48941269965930256  0.49809891586714111
  0.50667654413063190  0.51535290918418153  0.52411334684848221  0.53304948753558268
  0.54200178659816245  0.55092354793139575  0.55986240932658460  0.56876197609290047
  0.57748906505708464  0.58616909747572965  0.59486742564952677  0.60383908549709853
  0.61301864240868242  0.62242352070026041  0.63202256805385815  0.64157919198528790
  0.65123044732896029  0.66094738715425827  0.67079603310714553  0.68077413577566093
  0.69083703483049186  0.70093570840622699  0.71106516832874400  0.72180624938776394
  0.73272588712711917  0.74376061298633667  0.75485645274307367  0.76616013864792609
  0.77815303040448980  0.79096575145963499  0.80469440251291546  0.81838918669648064
  0.83235001608611980  0.84738305047902274  0.86424817658270991  0.88319047375287518
  0.90366328851554401  0.92742420004559611  0.96137567405484903  1.00000000000000000
 -0.00270591118738186  0.01006965980741163  0.02088216083456019  0.03147045930488264
  0.04190968457793112  0.05255684944997130  0.06344246991029397  0.07432356455662367
  0.08519185329594517  0.09598084854696008  0.10690196552490534  0.11776590060334848
  0.12863671403732538  0.13934091951650632  0.15026406512714266  0.16125958084554906
  0.17229229064739762  0.18324759964169723  0.19416933841406933  0.20519272989048118
  0.21614377302839166  0.22694414597321239  0.23731311250992754  0.24740599174208153
  0.25738877022763507  0.26752426588090517  0.27771089533557819  0.28781749639620136
  0.29809862182728497  0.30866258523571788  0.31947094445448482  0.33043820746594538
  0.34172392826859072  0.35304369105540873  0.36369333337198462  0.37400932867503761
  0.38427808381514450  0.39451763141367835  0.40453359972717617  0.41436509355034146
  0.42433628086800979  0.43451805704048230  0.44489451306383154  0.45547104698858909
  0.46639461482982320  0.47772132830534125  0.48929042194012501  0.50085618128004172
  0.51245927571348726  0.52416633343045538  0.53574365762941911  0.54731380689574050
  0.55875550105697513  0.56948183881282510  0.57978253990069217  0.59025522654713547
  0.60060641968486461  0.61091701837356915  0.62116330030223399  0.63158374498307457
  0.64242182809316140  0.65368458411921160  0.66533617783587351  0.67636964383917408
  0.68728700655969721  0.69810791731320188  0.70877206180271768  0.71905955678281508
  0.72923293424141566  0.73944556973336173  0.74963530992284155  0.75980381112348749
  0.77010356149117976  0.78043486010599028  0.79114948661417683  0.80257254426965452
  0.81387536940490368  0.82405249324062679  0.83402248273956192  0.84384261107749370
  0.85374142219805149  0.86361980164954022  0.87357122723374625  0.88354722460288138
  0.89344728275864016  0.90327539107874455  0.91309235772350317  0.92254172289321201
  0.93168365576834600  0.94093207880311769  0.95038843923669603  0.96001830704851032
  0.96975724775500916  0.97958832411627783  0.98977833812675020  1.00000000000000000
 -0.00928413222122895  0.06196390231543217  0.09877225444846252  0.12312156501893658
  0.14397245599747166  0.16380275581233722  0.18286153660307258  0.20042836327342467
  0.21610024439054099  0.23034888824000749  0.24351707548995946  0.25646445732816509
  0.26929479321395450  0.28167760542912212  0.29375250985012535  0.30573861239212791
  0.31728598894446813  0.32802588087098783  0.33807621888557410  0.34752341752296678
  0.35690565418107051  0.36626471893407025  0.37548915660238524  0.38410057304789780
  0.39280273532857651  0.40155820215408827  0.41039199276368071  0.41880588695022430
  0.42663843029633575  0.43449869374834776  0.44217000089912534  0.44978427173876101
  0.45724157731105042  0.46478979371158596  0.47222669919096044  0.47980197331316021
  0.48728100560756465  0.49469117264767065  0.50256424398177213  0.51073164872713006
  0.51897832254497089  0.52705390259112528  0.53485874863453009  0.54260125217703303
  0.55042543093326102  0.55830465179385569  0.56598251977047798  0.57301089480618150
  0.58036254224216899  0.58730027437465127  0.59410134918728152  0.60090819476407964
  0.60783217594798478  0.61477506366542989  0.62157856304698555  0.62832312862884232
  0.63514297786092755  0.64202415627520870  0.64902973237181483  0.65618294759241169
  0.66338411273967368  0.67056222974329616  0.67757318543355505  0.68446811036745459
  0.69141290789512011  0.69848279658947809  0.70562100436768549  0.71283075278407282
  0.72016345611049337  0.72743901800667199  0.73465521197175476  0.74189567483565955
  0.74907252034441729  0.75613278112587057  0.76314643841419350  0.77028460767106566
  0.77768745424981245  0.78513120655475366  0.79252181654035725  0.79998460704300645
  0.80752718842261151  0.81535099098099495  0.82347155217080059  0.83189813461217321
  0.84113185102389609  0.85069664579414861  0.86041140464461952  0.87033949347287776
  0.88065336605024525  0.89154956949495989  0.90274530704473155  0.91471615919740967
  0.92783237347063052  0.94320701022990383  0.96422492826277650  1.00000000000000000
 -0.02209157115724591  0.14800659495404148  0.19979878884214616  0.23450773856437071
  0.26263285121741248  0.28690359712095598  0.30786470824808188  0.32650222248503330
  0.34330497497966678  0.35857990147759133  0.37293478332701868  0.38628618479888466
  0.39900861797484627  0.41095091027781505  0.42196540294239554  0.43246573161148855
  0.44273660331386960  0.45260633742776235  0.46193027624115335  0.47070692090902916
  0.47936867371356767  0.48809981375713762  0.49684497587045989  0.50539491894427957
  0.51358742238009780  0.52147148288485035  0.52899952866353550  0.53644632560340078
  0.54368814335042615  0.55066138007735299  0.55751329628467317  0.56409345118181331
  0.57037476695448397  0.57649663153804087  0.58258951815025728  0.58867098373745907
  0.59470318230711161  0.60072200782012275  0.60631835443692295  0.61177087250058659
  0.61717891699701832  0.62255783346580729  0.62785620219367089  0.63306966252381125
  0.63828262236782318  0.64349004297716994  0.64857748719840047  0.65351325535122928
  0.65830956032106880  0.66296545830727938  0.66766607420671653  0.67246211776382703
  0.67734783602979698  0.68215898429238975  0.68692184218515506  0.69152091839097185
  0.69600348793025268  0.70046574755242785  0.70490362225523884  0.70936518192407305
  0.71384216193839611  0.71834725169009539  0.72289232634380274  0.72736150825209123
  0.73184177060214839  0.73627299297425974  0.74071272733286297  0.74512485432828446
  0.74953637132169348  0.75427969143514351  0.75907987740192806  0.76379901962911512
  0.76853861908909860  0.77343656593507415  0.77854791493082898  0.78390432879276450
  0.78930206797265212  0.79493303261257386  0.80052983911162334  0.80612339004397504
  0.81183889633062090  0.81776564413880615  0.82387084027925472  0.83002764176309718
  0.83619057447145306  0.84244001450738726  0.84891320114965985  0.85598531185909565
  0.86381109797470146  0.87223653833912584  0.88130371438828647  0.89138115145288765
  0.90332616769178131  0.91953212016375874  0.94350910676974897  1.00000000000000000
   3.1613963968046539E-008  -1.0000000000000000     
 T T T T T T T T
  <DiscreteSampler_grid>
  grouped_processes
  1 # 1 for a reference and 2 for a running grid.
  10 # Attribute 'min_bin_probing_points' of the grid.
  1 # Attribute 'grid_mode' of the grid. 1=='default',2=='initialization'
  0.0000000000000000 # Attribute 'small_contrib_threshold' of the grid.
  0.5000000000000000 # Attribute 'damping_power' of the grid.
 # binID   n_entries weight   weight_sqr   abs_weight
    10   10   1.741160269573682E+004   8.819917698950707E+008   1.741160269573682E+004
    11   10   1.741160269573682E+004   8.819917698950707E+008   1.741160269573682E+004
  </DiscreteSampler_grid>
