  0.00008733638466883  0.00147146733250265  0.00255311286914777  0.00338917608350901
  0.00412507774192378  0.00479759634443083  0.00541895926950259  0.00599875770272370
  0.00655016287656420  0.00708527750956417  0.00760246528394695  0.00812718937749725
  0.00865441527528806  0.00915206162066610  0.00965022941492236  0.01012462294315573
  0.01059289768087817  0.01105527318076792  0.01150432920412325  0.01193860092530693
  0.01236212796444350  0.01277945084820330  0.01319785561557270  0.01362223714869757
  0.01405157566733031  0.01448084679209286  0.01490311635992267  0.01531883468303127
  0.01573598941155666  0.01615419259634956  0.01657259736443770  0.01699218920755826
  0.01741077539869939  0.01782494944692399  0.01824515443128966  0.01864386409064179
  0.01904836440890442  0.01946987168136407  0.01989174603051288  0.02030641729663750
  0.02074220360991123  0.02118958033474647  0.02164778174952671  0.02209816248669699
  0.02253010076964346  0.02294314860745637  0.02334739992424490  0.02376256195563220
  0.02419578664138267  0.02461778251807202  0.02506795747930077  0.02552446815257427
  0.02600384961953780  0.02648605394193144  0.02695941914340796  0.02742026304827357
  0.02786870164806429  0.02831118057042825  0.02875858889594320  0.02924829020351419
  0.02974728232333426  0.03025098382070504  0.03075961463740731  0.03127215365806597
  0.03178779702309218  0.03231493221824068  0.03283386967346084  0.03335661962373010
  0.03388301945969473  0.03443292886709227  0.03496693021925776  0.03548748918442200
  0.03599605742292815  0.03650370474865625  0.03701804308780602  0.03754990224574993
  0.03810298302462993  0.03866434951044829  0.03923662216691903  0.03983527860556435
  0.04046950922242287  0.04109958543277269  0.04176081350647166  0.04250142781171645
  0.04328417774433631  0.04412610276681882  0.04502896153240118  0.04606796498880340
  0.04739993982053198  0.04959810436664078  0.05295976141420189  0.05720825859185876
  0.06187057653424786  0.06814676583869589  0.07292173059946144  1.00000000000000000
  0.00841591246439252  0.01877780183109642  0.03184418204773699  0.04291579446543826
  0.05381969438932294  0.06435246224000030  0.07470063520781073  0.08517075815678686
  0.09442131851152245  0.10361535462443040  0.11295869492370167  0.12249037078172699
  0.13248814842210938  0.14158332815711969  0.15277591382315317  0.16503642427355114
  0.17760549748861082  0.18989139253469031  0.20143555230205146  0.21225414080601279
  0.22255357425959707  0.23228906403603805  0.24156832145965187  0.25060452207000578
  0.25956541510048492  0.26849553299304851  0.27771365136922671  0.28728460660693717
  0.29754723580111297  0.30832519752673948  0.31838642863155403  0.32806960343656227
  0.33838961105849918  0.34835991734770388  0.35772255160570093  0.36697404467485256
  0.37664702431887581  0.38702871010834289  0.39733590996449569  0.40734812301828816
  0.41658136332688195  0.42474589265110629  0.43232244816647242  0.44034990355688336
  0.44921553736236247  0.45844948385435441  0.46765545500506928  0.47704008544536231
  0.48693628175425874  0.49724205965150359  0.50771724084598013  0.51829280207568007
  0.52874724016188934  0.53910301029847962  0.54961379904278684  0.56043197817483281
  0.57104079628584592  0.58065815107371888  0.59010440721845792  0.59929112114210747
  0.60833491736275391  0.61742976897448609  0.62690989033164901  0.63692374973039700
  0.64734009500644563  0.65757918463322651  0.66736971566153358  0.67671024996337947
  0.68583792004705901  0.69515363033875510  0.70476170319730491  0.71483661959382172
  0.72542594289210038  0.73550935819987762  0.74496274949595043  0.75483999620357767
  0.76496063417825444  0.77504774216563566  0.78454301149316064  0.79418183092779127
  0.80391686676679419  0.81363098854092564  0.82336165240068993  0.83368324905478919
  0.84467983313032757  0.85659757880928356  0.86874007427475386  0.88056607538381459
  0.89272441276965453  0.90440399561573148  0.91615939140731495  0.92787105583999019
  0.94001240365493588  0.95417213690575386  0.97309677260727800  1.00000000000000000
 -0.00125986506609028  0.00625370006904682  0.00910473344629147  0.01190982152821042
  0.01509053392977321  0.01868057858929901  0.02239970450417238  0.02707279939788947
  0.03169074005335434  0.03607880098284282  0.04089007973659212  0.04589129539080219
  0.05084525099524956  0.05605159846428363  0.06179707895434465  0.06832478302630603
  0.07509745463936369  0.08138370247977120  0.08853406821053877  0.09603905882604037
  0.10327892767989122  0.11059527568312111  0.11836759485195789  0.12695756185471066
  0.13595482964576022  0.14440794621068051  0.15223919164128469  0.15983262740829479
  0.16777006100374384  0.17636702373356797  0.18545025312443211  0.19481134073139991
  0.20351943937031070  0.21179130964075832  0.22049275372108407  0.22947348841482035
  0.23871391647780013  0.24841995473957051  0.25922298881496891  0.27036243336958404
  0.28085124856184585  0.29089775378967875  0.30063086417295198  0.31051756744559716
  0.32053440410438028  0.33088333061654490  0.34101792753997545  0.35042919947520113
  0.35983122356965080  0.36962924168659222  0.37984686858802530  0.38962853570185607
  0.39971339524963378  0.41121314570917022  0.42337446179621940  0.43559540070612701
  0.44838738223766084  0.46168530988100204  0.47503822152076919  0.48817845396638609
  0.50173808275781606  0.51557338109435058  0.52915127543963314  0.54146373311856399
  0.55430997922219938  0.56805004678548832  0.58164748918421139  0.59377451722008467
  0.60567820361657054  0.61716855578941843  0.62872958715745486  0.64110524206837349
  0.65397493185483335  0.66688197846403519  0.67987794937303858  0.69317501215644683
  0.70672129512415283  0.72021681022970907  0.73486079902803625  0.74993619808841350
  0.76543363919235619  0.78119898893438100  0.79690272159912068  0.81212293839667948
  0.82630037163109116  0.84066458917314302  0.85567133687991936  0.87128148770949110
  0.88664924213322915  0.90208290965953253  0.91766617067873535  0.93329667126560756
  0.94871251900079490  0.96526823032618414  0.98239997113521838  1.00000000000000000
 -0.00240069784769330  0.00998159395372002  0.02100224609287493  0.03152110360664936
  0.04194720371045576  0.05200570267942639  0.06211015955495908  0.07203211725760333
  0.08202925168028238  0.09263157542703976  0.10402157993878099  0.11621562181491978
  0.12866853457116559  0.14063690031736953  0.15181930674674776  0.16241666688594406
  0.17259410127647046  0.18238436410734410  0.19194445419630421  0.20121692692601831
  0.21080048308980920  0.22092798660187729  0.23168187542941129  0.24337832458575503
  0.25557236124127425  0.26736023065711378  0.27819306689766204  0.28861279856314154
  0.29925945859576042  0.30951919558809404  0.31973353332447929  0.33006172084960489
  0.34026615324261844  0.35033281157611534  0.35994911484067843  0.36992453113171553
  0.37927886455254256  0.38876189277064538  0.39840700802707951  0.40799657110779264
  0.41733769393016207  0.42717502510566863  0.43756180915369453  0.44731687719410024
  0.45701657245331800  0.46665818047786156  0.47669427174635237  0.48681565206713379
  0.49689057911977103  0.50825417334786982  0.51997777193866079  0.53293429233825163
  0.54612399803853151  0.55900435467618625  0.57049945026296400  0.58121900146160532
  0.59220782466297428  0.60366764766237635  0.61581552099230286  0.62851028466230952
  0.64135592664075536  0.65417732436653375  0.66645468636889937  0.67807584617439853
  0.68892029533780208  0.69823186721366370  0.70766157218442538  0.71787182516041126
  0.72839354095180375  0.73920160608769070  0.75033340118099867  0.76192247547443670
  0.77280909630372074  0.78227038333540089  0.79144278322639794  0.80037112837972668
  0.80913117131695045  0.81808632215600141  0.82714818588907379  0.83633991954540399
  0.84587585931340314  0.85584480862191403  0.86592801327055824  0.87543503344300255
  0.88499398059169887  0.89482049090574667  0.90496444352683414  0.91435208497080023
  0.92388356813964001  0.93391815938653799  0.94380095078981052  0.95389870982569713
  0.96537802387988547  0.97717616552289921  0.98859905542837290  1.00000000000000000
 -0.00325220690638074  0.01271941233546694  0.02469740265027560  0.03523147539726768
  0.04545256156705378  0.05468860531057143  0.06361145390110885  0.07280208779783139
  0.08302855384863274  0.09410306945300895  0.10546411524821586  0.11707800762069943
  0.12846515202606576  0.13950300394963253  0.14964802621335405  0.15913218811792881
  0.16860123873784888  0.17842844138160019  0.18856063032384496  0.19874679383960020
  0.20851017897665633  0.21861335967058224  0.22856309164835092  0.23844832077155725
  0.24874656166819792  0.26015815325515940  0.27259046132937359  0.28560017413720662
  0.29839825599786413  0.31042443483257104  0.32167035642932340  0.33185327130401487
  0.34093462401020236  0.34963532697461902  0.35901930757020822  0.36852640077222976
  0.37778406847530804  0.38677505464546663  0.39586200692099865  0.40536940570272922
  0.41476950686032432  0.42413782119307453  0.43417466853903464  0.44505345290108483
  0.45628108481000812  0.46786465937945698  0.47956187718981497  0.49136406715595032
  0.50300365776482392  0.51436721832584997  0.52578254239456823  0.53761899640031474
  0.54962302437949095  0.56096950132310797  0.57147879734082874  0.58122318669309392
  0.59065572606629291  0.60001725352873714  0.60951935087883102  0.61944502408257884
  0.63006782360860492  0.64136284381864639  0.65214234401669868  0.66211911169415372
  0.67218193202366838  0.68251654157532859  0.69322634092254243  0.70396835788423817
  0.71485534984881272  0.72512607938249984  0.73467836236529938  0.74373261584636274
  0.75330156848869112  0.76349894179661792  0.77370403485702122  0.78336735384878209
  0.79294368096727263  0.80335097165204505  0.81431602173037387  0.82542501816874070
  0.83687863647106753  0.84858085966497687  0.86022778052871274  0.87155857043792206
  0.88267505828076809  0.89330777566917374  0.90431680377554824  0.91527285219452137
  0.92589028993370059  0.93607188408524811  0.94664786179515203  0.95640854784307383
  0.96653362384609698  0.97632719731503614  0.98808588274584763  1.00000000000000000
 -0.00223194294161471  0.00930050085548232  0.01869413195283166  0.02845108432152018
  0.03753957143657192  0.04745897004983211  0.05852661496598765  0.06890819965503509
  0.07944977082270879  0.09036612058944080  0.10172979329927848  0.11111440343227939
  0.12003860111640732  0.12899694361626274  0.13823402311557562  0.14679970620421262
  0.15556108091394549  0.16487824662913345  0.17534303536538326  0.18662455644495191
  0.19702072114216260  0.20740012747090486  0.21726771219427329  0.22708751009244452
  0.23732725603717816  0.24790138876995854  0.25844414771148427  0.26925146497242108
  0.28121701618846734  0.29361311241903898  0.30591406339751509  0.31805811347807195
  0.33026954465094849  0.34247332626326427  0.35455841445378544  0.36673169766794722
  0.37933277972470120  0.39207143011547313  0.40375037924712903  0.41422537082846200
  0.42438761329242780  0.43475133566590013  0.44593898557568112  0.45707259175419729
  0.46709969488069897  0.47621101424632978  0.48523313217912756  0.49469098764322195
  0.50456308320237608  0.51404273933913891  0.52369805984901696  0.53330235020733541
  0.54260267136112739  0.55311639142620783  0.56309608530577038  0.57240727098538313
  0.58119408560084185  0.59027834437565374  0.60018319656155017  0.61064410776316014
  0.62141190605890206  0.63212022121369027  0.64254354281251924  0.65338851937458231
  0.66457112029189336  0.67613594360797347  0.68790221078614600  0.69988329601851196
  0.71145755349580664  0.72198946856240231  0.73224863410266505  0.74272940246214525
  0.75311009373425730  0.76277152645889224  0.77272537858008772  0.78356445928427032
  0.79416248291839298  0.80458111273341304  0.81579527834494203  0.82920982086949946
  0.84243008336665370  0.85521843778377638  0.86591645131761730  0.87665581410198623
  0.88797486377053969  0.89790823296732658  0.90679979863535809  0.91513549786144899
  0.92486979779441258  0.93471096768932749  0.94524959494611716  0.95554778093771131
  0.96611057393639543  0.97655668018070907  0.98801022129057881  1.00000000000000000
 -0.00178054623649172  0.00716563921381427  0.01478268694884262  0.02340538734703193
  0.03304382339921282  0.04231665133222407  0.05163194502089200  0.06041805750882970
  0.07007817761461549  0.08065084977705018  0.09092549309620720  0.10109960340540133
  0.11216071755326289  0.12351109891121834  0.13403656026124811  0.14507333935333819
  0.15613737762970334  0.16833792766742298  0.18028502669900609  0.19235592012007119
  0.20356061625160321  0.21612733356309227  0.22891887363024263  0.24129440788299039
  0.25340077066162026  0.26524793153750942  0.27711227721634324  0.28956362657289902
  0.30277990394644166  0.31641401578623329  0.32992482458160111  0.34250190545273451
  0.35378085228206713  0.36449520370004751  0.37477003096464545  0.38484299337776634
  0.39523118805124291  0.40556944501454262  0.41542190355285979  0.42514100653393888
  0.43560973369660894  0.44727112779435102  0.45898528556443230  0.46996599950139983
  0.48101564268129288  0.49247901285782991  0.50412569629590687  0.51626271071431407
  0.52974067580509454  0.54386050061582070  0.55754961642659739  0.56973476170664050
  0.58053905559365326  0.59063304379617609  0.60057486869805732  0.61048512902368846
  0.62037195873185813  0.63029645501741416  0.64032409687060166  0.65045626334435724
  0.66032409444867257  0.67022502994072208  0.68025461711017599  0.69016505216485446
  0.69970718592629721  0.70948802120430066  0.71933366730916193  0.72862184796821838
  0.73747317422498138  0.74657034528507515  0.75644335775307237  0.76659689485429239
  0.77626939808871520  0.78585965485456588  0.79560117875001157  0.80555699251278334
  0.81561666020388923  0.82597078384242084  0.83624582121572755  0.84607830724611888
  0.85587791640420940  0.86597589263628794  0.87614654297726979  0.88573829125893799
  0.89504357493845943  0.90465801441290883  0.91468718223065404  0.92408153257652037
  0.93251173816591593  0.94092125808110749  0.95012719891644015  0.96008453836343854
  0.96982827260232074  0.97956735004465001  0.98967458836105671  1.00000000000000000
 -0.00390044108241264  0.01309531277522747  0.02635220071422150  0.03876438763744227
  0.04988884718237818  0.06073015881608496  0.07172869664429694  0.08221823046078762
  0.09200717341538982  0.10205995712644010  0.11282076963302214  0.12382122514563475
  0.13392530585107512  0.14384990780082932  0.15421077534100650  0.16493954094832583
  0.17528612489645704  0.18530123770245985  0.19503805905947336  0.20477259425871702
  0.21455788129696862  0.22414171603063832  0.23342527081164932  0.24273676634508931
  0.25244114394346284  0.26294337990783923  0.27302529465411646  0.28218400153664697
  0.29114966294550271  0.30072011841411622  0.31000892171361372  0.31888732259707459
  0.32795237946582118  0.33819121232704841  0.34966001876177111  0.36076602132353053
  0.37166059769179638  0.38279815615290563  0.39359885846152831  0.40417256010729996
  0.41466672989666176  0.42555617776306942  0.43673052114372524  0.44766112917094408
  0.45827700165733720  0.46861593497378740  0.47861086619904941  0.48873661130884943
  0.49868731528262489  0.50810215100948153  0.51713046167827958  0.52625362010138754
  0.53615284400133534  0.54690707644971137  0.55785626484597228  0.56875796911095056
  0.57998665779007519  0.59284798554493945  0.60574933687653032  0.61749236189854717
  0.62813413429718601  0.63764889334898300  0.64709349483236434  0.65627317578705779
  0.66615462306005879  0.67684802060385008  0.68797351114367955  0.69923650549953376
  0.71047522496957771  0.72203644579637527  0.73368797782507156  0.74534316278239909
  0.75700821788391870  0.76829405049757082  0.77921493552406740  0.79001893021333147
  0.80158212445509658  0.81314379705598905  0.82369334502215741  0.83385511395799428
  0.84377837502025244  0.85353502796998659  0.86389864056765098  0.87464620315701913
  0.88607508941892676  0.89834600364132866  0.91053991726043926  0.92231263127852392
  0.93321492967150732  0.94281048850469218  0.95168807847185688  0.96101716269617010
  0.97059810817136660  0.98034347847757985  0.98996902430888800  1.00000000000000000
  0.00532544370815201  0.03440112848784841  0.05592257612775668  0.06910461514028766
  0.08045000647795308  0.08997649653290898  0.09878441699727104  0.10665354360772440
  0.11365112242906042  0.12055838643214749  0.12739962853452019  0.13412943038570740
  0.14077587175776363  0.14721441345800890  0.15361578808814330  0.16004701393807896
  0.16627011371546113  0.17291174158102665  0.17954046352575803  0.18633917397647173
  0.19319112652247800  0.19982173044697435  0.20645322937774391  0.21327291758085234
  0.22009153630434389  0.22707146080454474  0.23347344362643810  0.23989534593957945
  0.24646990480413172  0.25326766373515242  0.26011837969403162  0.26648988562761916
  0.27277760220272423  0.27888252539640479  0.28533602575122902  0.29180716391743672
  0.29813582461605087  0.30466360312449003  0.31099002049245156  0.31727610572664594
  0.32342169720801411  0.32958253163442797  0.33589289899203512  0.34247059514478928
  0.34928517801847431  0.35633323719153015  0.36343930189411100  0.37028434609791167
  0.37708937194957814  0.38406005667681731  0.39116666591160337  0.39822054688446890
  0.40499514963699335  0.41247384360667860  0.42002630431152521  0.42736577692119432
  0.43455674337034716  0.44218798458957709  0.45004193101865281  0.45783888034241493
  0.46553624996405973  0.47275586476447973  0.48027081297987501  0.48821879684270159
  0.49674599209497744  0.50525015305818510  0.51358821701679569  0.52233252034467736
  0.53118510433912358  0.54033135000713495  0.54902030886789255  0.55743488794784535
  0.56557648010733397  0.57380155600757976  0.58279543853289961  0.59278784436035825
  0.60276782310961707  0.61213466269575945  0.62149090791179962  0.63120923273260476
  0.64123546479137761  0.65162522404674295  0.66224742593563501  0.67473515314477295
  0.68897691495375479  0.70360979679057667  0.71762210518745673  0.73159848862494892
  0.74620768384992808  0.76208069731328987  0.77892173939844589  0.79726250798712384
  0.81852501178102799  0.84670159757107910  0.88918594725379940  1.00000000000000000
 -0.01803228736845127  0.13904723107458491  0.19526857247153112  0.22962911002080352
  0.25482139243839064  0.27362261113049458  0.28934079980895711  0.30363262527541496
  0.31708279158986874  0.32943915400420770  0.34152904326257566  0.35299144810360711
  0.36331105931040575  0.37314292962269080  0.38332002058713477  0.39365162231324219
  0.40287064969641434  0.41095807871919388  0.41857078509969364  0.42551845782816466
  0.43268718464776973  0.43964911273914492  0.44608338948825393  0.45216419711725653
  0.45817648898758490  0.46392534971177241  0.46973360039833262  0.47555148765759975
  0.48107842926084965  0.48621558642414731  0.49145240450568650  0.49685838131117815
  0.50242303234188423  0.50770087150255694  0.51279555935592958  0.51779385480693796
  0.52302891539108587  0.52849477303112780  0.53387857118168447  0.53923663047047932
  0.54473598812029289  0.55062999498087450  0.55647693477106897  0.56220403343805325
  0.56773550361981662  0.57296033455395068  0.57846780640226181  0.58360520974171781
  0.58861545817359862  0.59364348217346596  0.59879926891759860  0.60390128210047189
  0.60878164741829432  0.61346742362843731  0.61799048177856453  0.62230026745685796
  0.62668980591509382  0.63113998702412244  0.63573333113585395  0.64051975391720295
  0.64516508708015841  0.64956735289674949  0.65380431013383233  0.65796208787634125
  0.66205317829699972  0.66621944452915238  0.67073029977506904  0.67558564275347488
  0.68039655513026831  0.68536429310632940  0.69060267343543014  0.69614342659318174
  0.70171225048662500  0.70736832887791734  0.71342977792247586  0.72009771550367241
  0.72681304910496813  0.73272214868324359  0.73874294786834527  0.74532565370133763
  0.75192014111331895  0.75838571725580739  0.76479979073420346  0.77144840777674051
  0.77844128226223186  0.78570035891216150  0.79357672000693524  0.80247779743992609
  0.81209390101178192  0.82282486432675173  0.83455790849453915  0.84910117629172943
  0.86531938902597239  0.88451064034248728  0.91405492373447483  1.00000000000000000
   2.4829503862333275E-013  -1.0000000000000000     
 F F F F F F F F T T T T T T T T F F F F F F F F F F F F F F F F F F F F F F F F F F F F F F F F F F F F F F F F T T T T T T T T F F F F F F F F T T T T T T T T F F F F F F F F F F F F F F F F F F F F F F F F F F F F F F F F F F F F F F F F T T T T T T T T
  <DiscreteSampler_grid>
  grouped_processes
  1 # 1 for a reference and 2 for a running grid.
  10 # Attribute 'min_bin_probing_points' of the grid.
  1 # Attribute 'grid_mode' of the grid. 1=='default',2=='initialization'
  0.0000000000000000 # Attribute 'small_contrib_threshold' of the grid.
  0.5000000000000000 # Attribute 'damping_power' of the grid.
 # binID   n_entries weight   weight_sqr   abs_weight
    10   10   4.890591758825220E-002   6.298419068821952E-003   4.890591758825220E-002
    11   10   4.890591758825219E-002   6.298419068821948E-003   4.890591758825219E-002
  </DiscreteSampler_grid>
