##& xmin & xmax & central value & dy & 

<histogram> 100 "log10d01 [] |X_AXIS@LIN |Y_AXIS@LOG |JETSAMPLE@0"
  +0.0000000e+00   +3.0000000e-02   +0.0000000e+00   +0.0000000e+00
  +3.0000000e-02   +6.0000000e-02   +3.0670000e-39   +2.1687000e-39
  +6.0000000e-02   +9.0000000e-02   +1.5335000e-39   +1.5335000e-39
  +9.0000000e-02   +1.2000000e-01   +1.5335000e-39   +1.5335000e-39
  +1.2000000e-01   +1.5000000e-01   +0.0000000e+00   +0.0000000e+00
  +1.5000000e-01   +1.8000000e-01   +1.5335000e-39   +1.5335000e-39
  +1.8000000e-01   +2.1000000e-01   +1.5335000e-39   +1.5335000e-39
  +2.1000000e-01   +2.4000000e-01   +0.0000000e+00   +0.0000000e+00
  +2.4000000e-01   +2.7000000e-01   +3.0670000e-39   +2.1687000e-39
  +2.7000000e-01   +3.0000000e-01   +3.0670000e-39   +2.1686965e-39
  +3.0000000e-01   +3.3000000e-01   +0.0000000e+00   +0.0000000e+00
  +3.3000000e-01   +3.6000000e-01   +3.0670000e-39   +2.1686965e-39
  +3.6000000e-01   +3.9000000e-01   +3.0670000e-39   +2.1686965e-39
  +3.9000000e-01   +4.2000000e-01   +4.6005000e-39   +2.6561028e-39
  +4.2000000e-01   +4.5000000e-01   +1.5335000e-39   +1.5335000e-39
  +4.5000000e-01   +4.8000000e-01   +3.0670000e-39   +2.1686965e-39
  +4.8000000e-01   +5.1000000e-01   +3.0670000e-39   +2.1686965e-39
  +5.1000000e-01   +5.4000000e-01   +7.6675000e-39   +3.4290125e-39
  +5.4000000e-01   +5.7000000e-01   +4.6005000e-39   +2.6560999e-39
  +5.7000000e-01   +6.0000000e-01   +7.6675000e-39   +3.4290103e-39
  +6.0000000e-01   +6.3000000e-01   +1.0734500e-38   +4.0572615e-39
  +6.3000000e-01   +6.6000000e-01   +1.2268000e-38   +4.3373965e-39
  +6.6000000e-01   +6.9000000e-01   +2.1469000e-38   +5.7378194e-39
  +6.9000000e-01   +7.2000000e-01   +1.5335000e-38   +4.8493560e-39
  +7.2000000e-01   +7.5000000e-01   +1.6868500e-38   +5.0860387e-39
  +7.5000000e-01   +7.8000000e-01   +1.8402500e-38   +5.3122321e-39
  +7.8000000e-01   +8.1000000e-01   +2.6070000e-38   +6.3228041e-39
  +8.1000000e-01   +8.4000000e-01   +2.1469500e-38   +5.7378602e-39
  +8.4000000e-01   +8.7000000e-01   +2.9136500e-38   +6.6843705e-39
  +8.7000000e-01   +9.0000000e-01   +2.3002500e-38   +5.9392141e-39
  +9.0000000e-01   +9.3000000e-01   +2.9136500e-38   +6.6843705e-39
  +9.3000000e-01   +9.6000000e-01   +3.6804000e-38   +7.5125885e-39
  +9.6000000e-01   +9.9000000e-01   +2.4536000e-38   +6.1339898e-39
  +9.9000000e-01   +1.0200000e+00   +2.7603500e-38   +6.5061039e-39
  +1.0200000e+00   +1.0500000e+00   +2.7603000e-38   +6.5060787e-39
  +1.0500000e+00   +1.0800000e+00   +1.8402000e-38   +5.3122013e-39
  +1.0800000e+00   +1.1100000e+00   +2.7603500e-38   +6.5061104e-39
  +1.1100000e+00   +1.1400000e+00   +2.7603500e-38   +6.5061104e-39
  +1.1400000e+00   +1.1700000e+00   +2.6069500e-38   +6.3227918e-39
  +1.1700000e+00   +1.2000000e+00   +3.0670500e-38   +6.8580154e-39
  +1.2000000e+00   +1.2300000e+00   +2.6069500e-38   +6.3227670e-39
  +1.2300000e+00   +1.2600000e+00   +3.2203500e-38   +7.0273792e-39
  +1.2600000e+00   +1.2900000e+00   +3.9872000e-38   +7.8193710e-39
  +1.2900000e+00   +1.3200000e+00   +3.5271000e-38   +7.3544293e-39
  +1.3200000e+00   +1.3500000e+00   +2.6069500e-38   +6.3227826e-39
  +1.3500000e+00   +1.3800000e+00   +3.2204000e-38   +7.0273931e-39
  +1.3800000e+00   +1.4100000e+00   +2.7603500e-38   +6.5061147e-39
  +1.4100000e+00   +1.4400000e+00   +2.9136500e-38   +6.6843758e-39
  +1.4400000e+00   +1.4700000e+00   +3.5271000e-38   +7.3544242e-39
  +1.4700000e+00   +1.5000000e+00   +3.0670000e-38   +6.8580143e-39
  +1.5000000e+00   +1.5300000e+00   +1.9935500e-38   +5.5291130e-39
  +1.5300000e+00   +1.5600000e+00   +3.3737500e-38   +7.1927832e-39
  +1.5600000e+00   +1.5900000e+00   +3.5271000e-38   +7.3544340e-39
  +1.5900000e+00   +1.6200000e+00   +5.0607000e-38   +8.8093597e-39
  +1.6200000e+00   +1.6500000e+00   +2.7603000e-38   +6.5061259e-39
  +1.6500000e+00   +1.6800000e+00   +2.6069500e-38   +6.3227714e-39
  +1.6800000e+00   +1.7100000e+00   +2.9136500e-38   +6.6843800e-39
  +1.7100000e+00   +1.7400000e+00   +2.3002500e-38   +5.9392247e-39
  +1.7400000e+00   +1.7700000e+00   +2.6070000e-38   +6.3227770e-39
  +1.7700000e+00   +1.8000000e+00   +4.1405000e-38   +7.9683285e-39
  +1.8000000e+00   +1.8300000e+00   +2.9136500e-38   +6.6843653e-39
  +1.8300000e+00   +1.8600000e+00   +1.8402000e-38   +5.3121961e-39
  +1.8600000e+00   +1.8900000e+00   +2.3003000e-38   +5.9392476e-39
  +1.8900000e+00   +1.9200000e+00   +2.6069500e-38   +6.3227826e-39
  +1.9200000e+00   +1.9500000e+00   +1.8402000e-38   +5.3122027e-39
  +1.9500000e+00   +1.9800000e+00   +2.1469000e-38   +5.7378379e-39
  +1.9800000e+00   +2.0100000e+00   +7.6675000e-39   +3.4290147e-39
  +2.0100000e+00   +2.0400000e+00   +2.3002500e-38   +5.9392248e-39
  +2.0400000e+00   +2.0700000e+00   +2.1469000e-38   +5.7378255e-39
  +2.0700000e+00   +2.1000000e+00   +1.2268000e-38   +4.3373930e-39
  +2.1000000e+00   +2.1300000e+00   +1.8402000e-38   +5.3121946e-39
  +2.1300000e+00   +2.1600000e+00   +1.3801500e-38   +4.6005033e-39
  +2.1600000e+00   +2.1900000e+00   +1.2268000e-38   +4.3373966e-39
  +2.1900000e+00   +2.2200000e+00   +6.1340000e-39   +3.0670000e-39
  +2.2200000e+00   +2.2500000e+00   +1.6868500e-38   +5.0860442e-39
  +2.2500000e+00   +2.2800000e+00   +1.0734500e-38   +4.0572615e-39
  +2.2800000e+00   +2.3100000e+00   +1.2268000e-38   +4.3373947e-39
  +2.3100000e+00   +2.3400000e+00   +7.6675000e-39   +3.4290147e-39
  +2.3400000e+00   +2.3700000e+00   +4.6005000e-39   +2.6561028e-39
  +2.3700000e+00   +2.4000000e+00   +1.2268000e-38   +4.3373930e-39
  +2.4000000e+00   +2.4300000e+00   +7.6675000e-39   +3.4290125e-39
  +2.4300000e+00   +2.4600000e+00   +9.2010000e-39   +3.7562946e-39
  +2.4600000e+00   +2.4900000e+00   +1.0734500e-38   +4.0572615e-39
  +2.4900000e+00   +2.5200000e+00   +9.2010000e-39   +3.7562966e-39
  +2.5200000e+00   +2.5500000e+00   +1.0734500e-38   +4.0572616e-39
  +2.5500000e+00   +2.5800000e+00   +1.5335000e-39   +1.5335000e-39
  +2.5800000e+00   +2.6100000e+00   +3.0670000e-39   +2.1686965e-39
  +2.6100000e+00   +2.6400000e+00   +6.1340000e-39   +3.0670025e-39
  +2.6400000e+00   +2.6700000e+00   +0.0000000e+00   +0.0000000e+00
  +2.6700000e+00   +2.7000000e+00   +0.0000000e+00   +0.0000000e+00
  +2.7000000e+00   +2.7300000e+00   +3.0670000e-39   +2.1687000e-39
  +2.7300000e+00   +2.7600000e+00   +1.5335000e-39   +1.5335000e-39
  +2.7600000e+00   +2.7900000e+00   +0.0000000e+00   +0.0000000e+00
  +2.7900000e+00   +2.8200000e+00   +0.0000000e+00   +0.0000000e+00
  +2.8200000e+00   +2.8500000e+00   +0.0000000e+00   +0.0000000e+00
  +2.8500000e+00   +2.8800000e+00   +3.0670000e-39   +2.1686965e-39
  +2.8800000e+00   +2.9100000e+00   +0.0000000e+00   +0.0000000e+00
  +2.9100000e+00   +2.9400000e+00   +0.0000000e+00   +0.0000000e+00
  +2.9400000e+00   +2.9700000e+00   +0.0000000e+00   +0.0000000e+00
  +2.9700000e+00   +3.0000000e+00   +0.0000000e+00   +0.0000000e+00
<\histogram>
##& xmin & xmax & central value & dy & 

<histogram> 100 "log10d12 [] |X_AXIS@LIN |Y_AXIS@LOG |JETSAMPLE@0"
  +0.0000000e+00   +3.0000000e-02   +4.6005000e-39   +2.6560999e-39
  +3.0000000e-02   +6.0000000e-02   +1.5335000e-39   +1.5335000e-39
  +6.0000000e-02   +9.0000000e-02   +0.0000000e+00   +0.0000000e+00
  +9.0000000e-02   +1.2000000e-01   +1.5335000e-39   +1.5335000e-39
  +1.2000000e-01   +1.5000000e-01   +1.5335000e-39   +1.5335000e-39
  +1.5000000e-01   +1.8000000e-01   +1.5335000e-39   +1.5335000e-39
  +1.8000000e-01   +2.1000000e-01   +3.0670000e-39   +2.1686965e-39
  +2.1000000e-01   +2.4000000e-01   +3.0670000e-39   +2.1686965e-39
  +2.4000000e-01   +2.7000000e-01   +4.6005000e-39   +2.6560999e-39
  +2.7000000e-01   +3.0000000e-01   +0.0000000e+00   +0.0000000e+00
  +3.0000000e-01   +3.3000000e-01   +1.5335000e-39   +1.5335000e-39
  +3.3000000e-01   +3.6000000e-01   +3.0670000e-39   +2.1686965e-39
  +3.6000000e-01   +3.9000000e-01   +7.6675000e-39   +3.4290147e-39
  +3.9000000e-01   +4.2000000e-01   +1.6868500e-38   +5.0860442e-39
  +4.2000000e-01   +4.5000000e-01   +1.2268000e-38   +4.3373931e-39
  +4.5000000e-01   +4.8000000e-01   +2.1469000e-38   +5.7378414e-39
  +4.8000000e-01   +5.1000000e-01   +9.2010000e-39   +3.7562925e-39
  +5.1000000e-01   +5.4000000e-01   +7.6675000e-39   +3.4290125e-39
  +5.4000000e-01   +5.7000000e-01   +1.6868500e-38   +5.0860442e-39
  +5.7000000e-01   +6.0000000e-01   +2.7603000e-38   +6.5060884e-39
  +6.0000000e-01   +6.3000000e-01   +2.6069500e-38   +6.3227826e-39
  +6.3000000e-01   +6.6000000e-01   +2.7603000e-38   +6.5060787e-39
  +6.6000000e-01   +6.9000000e-01   +3.0670000e-38   +6.8580143e-39
  +6.9000000e-01   +7.2000000e-01   +4.7539500e-38   +8.5381767e-39
  +7.2000000e-01   +7.5000000e-01   +5.8274000e-38   +9.4531620e-39
  +7.5000000e-01   +7.8000000e-01   +3.9871500e-38   +7.8193491e-39
  +7.8000000e-01   +8.1000000e-01   +3.9872500e-38   +7.8194048e-39
  +8.1000000e-01   +8.4000000e-01   +4.6006000e-38   +8.3993638e-39
  +8.4000000e-01   +8.7000000e-01   +7.0543000e-38   +1.0400723e-38
  +8.7000000e-01   +9.0000000e-01   +5.6741000e-38   +9.3279889e-39
  +9.0000000e-01   +9.3000000e-01   +6.1342000e-38   +9.6987642e-39
  +9.3000000e-01   +9.6000000e-01   +4.1406000e-38   +7.9683408e-39
  +9.6000000e-01   +9.9000000e-01   +3.9871500e-38   +7.8193704e-39
  +9.9000000e-01   +1.0200000e+00   +5.3673000e-38   +9.0723548e-39
  +1.0200000e+00   +1.0500000e+00   +5.2139000e-38   +8.9418225e-39
  +1.0500000e+00   +1.0800000e+00   +3.9871500e-38   +7.8193704e-39
  +1.0800000e+00   +1.1100000e+00   +4.7540000e-38   +8.5382086e-39
  +1.1100000e+00   +1.1400000e+00   +3.5271500e-38   +7.3544299e-39
  +1.1400000e+00   +1.1700000e+00   +1.8402500e-38   +5.3122335e-39
  +1.1700000e+00   +1.2000000e+00   +3.9871500e-38   +7.8193458e-39
  +1.2000000e+00   +1.2300000e+00   +3.2204000e-38   +7.0274022e-39
  +1.2300000e+00   +1.2600000e+00   +3.8338500e-38   +7.6675418e-39
  +1.2600000e+00   +1.2900000e+00   +3.6804000e-38   +7.5126193e-39
  +1.2900000e+00   +1.3200000e+00   +2.9136500e-38   +6.6843841e-39
  +1.3200000e+00   +1.3500000e+00   +2.3002500e-38   +5.9392153e-39
  +1.3500000e+00   +1.3800000e+00   +1.6868500e-38   +5.0860512e-39
  +1.3800000e+00   +1.4100000e+00   +2.1469000e-38   +5.7378194e-39
  +1.4100000e+00   +1.4400000e+00   +1.6868500e-38   +5.0860442e-39
  +1.4400000e+00   +1.4700000e+00   +2.3002500e-38   +5.9392213e-39
  +1.4700000e+00   +1.5000000e+00   +1.8402000e-38   +5.3121933e-39
  +1.5000000e+00   +1.5300000e+00   +1.3801500e-38   +4.6004924e-39
  +1.5300000e+00   +1.5600000e+00   +2.6070000e-38   +6.3228096e-39
  +1.5600000e+00   +1.5900000e+00   +1.2268000e-38   +4.3373995e-39
  +1.5900000e+00   +1.6200000e+00   +2.3002500e-38   +5.9392200e-39
  +1.6200000e+00   +1.6500000e+00   +2.6069500e-38   +6.3227870e-39
  +1.6500000e+00   +1.6800000e+00   +1.5335000e-38   +4.8493602e-39
  +1.6800000e+00   +1.7100000e+00   +1.5335000e-38   +4.8493544e-39
  +1.7100000e+00   +1.7400000e+00   +7.6675000e-39   +3.4290103e-39
  +1.7400000e+00   +1.7700000e+00   +1.2268000e-38   +4.3373947e-39
  +1.7700000e+00   +1.8000000e+00   +1.2268000e-38   +4.3373965e-39
  +1.8000000e+00   +1.8300000e+00   +7.6675000e-39   +3.4290147e-39
  +1.8300000e+00   +1.8600000e+00   +3.0670000e-39   +2.1686965e-39
  +1.8600000e+00   +1.8900000e+00   +6.1340000e-39   +3.0670025e-39
  +1.8900000e+00   +1.9200000e+00   +1.5335000e-38   +4.8493544e-39
  +1.9200000e+00   +1.9500000e+00   +1.2268000e-38   +4.3373966e-39
  +1.9500000e+00   +1.9800000e+00   +1.5335000e-39   +1.5335000e-39
  +1.9800000e+00   +2.0100000e+00   +1.0734500e-38   +4.0572615e-39
  +2.0100000e+00   +2.0400000e+00   +1.5335000e-39   +1.5335000e-39
  +2.0400000e+00   +2.0700000e+00   +4.6005000e-39   +2.6560999e-39
  +2.0700000e+00   +2.1000000e+00   +4.6005000e-39   +2.6560999e-39
  +2.1000000e+00   +2.1300000e+00   +1.5335000e-39   +1.5335000e-39
  +2.1300000e+00   +2.1600000e+00   +4.6005000e-39   +2.6561028e-39
  +2.1600000e+00   +2.1900000e+00   +4.6005000e-39   +2.6560999e-39
  +2.1900000e+00   +2.2200000e+00   +3.0670000e-39   +2.1686965e-39
  +2.2200000e+00   +2.2500000e+00   +3.0670000e-39   +2.1687000e-39
  +2.2500000e+00   +2.2800000e+00   +0.0000000e+00   +0.0000000e+00
  +2.2800000e+00   +2.3100000e+00   +1.5335000e-39   +1.5335000e-39
  +2.3100000e+00   +2.3400000e+00   +0.0000000e+00   +0.0000000e+00
  +2.3400000e+00   +2.3700000e+00   +1.5335000e-39   +1.5335000e-39
  +2.3700000e+00   +2.4000000e+00   +1.5335000e-39   +1.5335000e-39
  +2.4000000e+00   +2.4300000e+00   +3.0670000e-39   +2.1686965e-39
  +2.4300000e+00   +2.4600000e+00   +0.0000000e+00   +0.0000000e+00
  +2.4600000e+00   +2.4900000e+00   +0.0000000e+00   +0.0000000e+00
  +2.4900000e+00   +2.5200000e+00   +0.0000000e+00   +0.0000000e+00
  +2.5200000e+00   +2.5500000e+00   +0.0000000e+00   +0.0000000e+00
  +2.5500000e+00   +2.5800000e+00   +0.0000000e+00   +0.0000000e+00
  +2.5800000e+00   +2.6100000e+00   +0.0000000e+00   +0.0000000e+00
  +2.6100000e+00   +2.6400000e+00   +0.0000000e+00   +0.0000000e+00
  +2.6400000e+00   +2.6700000e+00   +0.0000000e+00   +0.0000000e+00
  +2.6700000e+00   +2.7000000e+00   +0.0000000e+00   +0.0000000e+00
  +2.7000000e+00   +2.7300000e+00   +0.0000000e+00   +0.0000000e+00
  +2.7300000e+00   +2.7600000e+00   +0.0000000e+00   +0.0000000e+00
  +2.7600000e+00   +2.7900000e+00   +0.0000000e+00   +0.0000000e+00
  +2.7900000e+00   +2.8200000e+00   +0.0000000e+00   +0.0000000e+00
  +2.8200000e+00   +2.8500000e+00   +0.0000000e+00   +0.0000000e+00
  +2.8500000e+00   +2.8800000e+00   +0.0000000e+00   +0.0000000e+00
  +2.8800000e+00   +2.9100000e+00   +0.0000000e+00   +0.0000000e+00
  +2.9100000e+00   +2.9400000e+00   +0.0000000e+00   +0.0000000e+00
  +2.9400000e+00   +2.9700000e+00   +0.0000000e+00   +0.0000000e+00
  +2.9700000e+00   +3.0000000e+00   +0.0000000e+00   +0.0000000e+00
<\histogram>


##& xmin & xmax & central value & dy & 

<histogram> 100 "log10d23 [] |X_AXIS@LIN |Y_AXIS@LOG |JETSAMPLE@0"
  +0.0000000e+00   +3.0000000e-02   +4.6005000e-39   +2.6561028e-39
  +3.0000000e-02   +6.0000000e-02   +1.5335000e-39   +1.5335000e-39
  +6.0000000e-02   +9.0000000e-02   +1.5335000e-39   +1.5335000e-39
  +9.0000000e-02   +1.2000000e-01   +3.0670000e-39   +2.1686965e-39
  +1.2000000e-01   +1.5000000e-01   +3.0670000e-39   +2.1686965e-39
  +1.5000000e-01   +1.8000000e-01   +3.0670000e-39   +2.1686965e-39
  +1.8000000e-01   +2.1000000e-01   +3.0670000e-39   +2.1687000e-39
  +2.1000000e-01   +2.4000000e-01   +7.6675000e-39   +3.4290103e-39
  +2.4000000e-01   +2.7000000e-01   +6.1340000e-39   +3.0670025e-39
  +2.7000000e-01   +3.0000000e-01   +9.2010000e-39   +3.7562946e-39
  +3.0000000e-01   +3.3000000e-01   +7.6675000e-39   +3.4290125e-39
  +3.3000000e-01   +3.6000000e-01   +1.0734500e-38   +4.0572615e-39
  +3.6000000e-01   +3.9000000e-01   +1.2268000e-38   +4.3373949e-39
  +3.9000000e-01   +4.2000000e-01   +1.8402000e-38   +5.3122066e-39
  +4.2000000e-01   +4.5000000e-01   +2.4536000e-38   +6.1340074e-39
  +4.5000000e-01   +4.8000000e-01   +2.4536000e-38   +6.1339943e-39
  +4.8000000e-01   +5.1000000e-01   +2.1469500e-38   +5.7378650e-39
  +5.1000000e-01   +5.4000000e-01   +1.8402000e-38   +5.3122066e-39
  +5.4000000e-01   +5.7000000e-01   +6.1341000e-38   +9.6987199e-39
  +5.7000000e-01   +6.0000000e-01   +3.9872000e-38   +7.8193710e-39
  +6.0000000e-01   +6.3000000e-01   +4.1405500e-38   +7.9683403e-39
  +6.3000000e-01   +6.6000000e-01   +5.9808000e-38   +9.5767296e-39
  +6.6000000e-01   +6.9000000e-01   +5.3673000e-38   +9.0723901e-39
  +6.9000000e-01   +7.2000000e-01   +6.5942000e-38   +1.0055887e-38
  +7.2000000e-01   +7.5000000e-01   +5.9807000e-38   +9.5767032e-39
  +7.5000000e-01   +7.8000000e-01   +6.1341000e-38   +9.6987293e-39
  +7.8000000e-01   +8.1000000e-01   +5.0606500e-38   +8.8093088e-39
  +8.1000000e-01   +8.4000000e-01   +7.5143000e-38   +1.0734499e-38
  +8.4000000e-01   +8.7000000e-01   +7.3609000e-38   +1.0624436e-38
  +8.7000000e-01   +9.0000000e-01   +6.1340000e-38   +9.6987168e-39
  +9.0000000e-01   +9.3000000e-01   +5.3674000e-38   +9.0723516e-39
  +9.3000000e-01   +9.6000000e-01   +4.1405000e-38   +7.9683312e-39
  +9.6000000e-01   +9.9000000e-01   +5.9807000e-38   +9.5767316e-39
  +9.9000000e-01   +1.0200000e+00   +3.6805500e-38   +7.5126286e-39
  +1.0200000e+00   +1.0500000e+00   +3.6804500e-38   +7.5126062e-39
  +1.0500000e+00   +1.0800000e+00   +3.2204000e-38   +7.0274071e-39
  +1.0800000e+00   +1.1100000e+00   +2.3002500e-38   +5.9392247e-39
  +1.1100000e+00   +1.1400000e+00   +2.9137000e-38   +6.6843716e-39
  +1.1400000e+00   +1.1700000e+00   +3.3737500e-38   +7.1927477e-39
  +1.1700000e+00   +1.2000000e+00   +2.9136500e-38   +6.6843758e-39
  +1.2000000e+00   +1.2300000e+00   +3.3737500e-38   +7.1927796e-39
  +1.2300000e+00   +1.2600000e+00   +2.4536000e-38   +6.1340000e-39
  +1.2600000e+00   +1.2900000e+00   +7.6675000e-39   +3.4290125e-39
  +1.2900000e+00   +1.3200000e+00   +1.0734500e-38   +4.0572616e-39
  +1.3200000e+00   +1.3500000e+00   +2.7603000e-38   +6.5060982e-39
  +1.3500000e+00   +1.3800000e+00   +1.5335000e-38   +4.8493602e-39
  +1.3800000e+00   +1.4100000e+00   +9.2010000e-39   +3.7562966e-39
  +1.4100000e+00   +1.4400000e+00   +1.8402000e-38   +5.3121933e-39
  +1.4400000e+00   +1.4700000e+00   +1.5335000e-38   +4.8493560e-39
  +1.4700000e+00   +1.5000000e+00   +1.0734500e-38   +4.0572615e-39
  +1.5000000e+00   +1.5300000e+00   +1.2268000e-38   +4.3373965e-39
  +1.5300000e+00   +1.5600000e+00   +6.1340000e-39   +3.0670025e-39
  +1.5600000e+00   +1.5900000e+00   +7.6675000e-39   +3.4290103e-39
  +1.5900000e+00   +1.6200000e+00   +1.3801500e-38   +4.6004940e-39
  +1.6200000e+00   +1.6500000e+00   +3.0670000e-39   +2.1686965e-39
  +1.6500000e+00   +1.6800000e+00   +1.3801500e-38   +4.6005050e-39
  +1.6800000e+00   +1.7100000e+00   +6.1340000e-39   +3.0670025e-39
  +1.7100000e+00   +1.7400000e+00   +7.6675000e-39   +3.4290103e-39
  +1.7400000e+00   +1.7700000e+00   +3.0670000e-39   +2.1686965e-39
  +1.7700000e+00   +1.8000000e+00   +0.0000000e+00   +0.0000000e+00
  +1.8000000e+00   +1.8300000e+00   +1.5335000e-39   +1.5335000e-39
  +1.8300000e+00   +1.8600000e+00   +3.0670000e-39   +2.1686965e-39
  +1.8600000e+00   +1.8900000e+00   +3.0670000e-39   +2.1686965e-39
  +1.8900000e+00   +1.9200000e+00   +1.5335000e-39   +1.5335000e-39
  +1.9200000e+00   +1.9500000e+00   +1.5335000e-39   +1.5335000e-39
  +1.9500000e+00   +1.9800000e+00   +1.5335000e-39   +1.5335000e-39
  +1.9800000e+00   +2.0100000e+00   +3.0670000e-39   +2.1686965e-39
  +2.0100000e+00   +2.0400000e+00   +1.5335000e-39   +1.5335000e-39
  +2.0400000e+00   +2.0700000e+00   +1.5335000e-39   +1.5335000e-39
  +2.0700000e+00   +2.1000000e+00   +0.0000000e+00   +0.0000000e+00
  +2.1000000e+00   +2.1300000e+00   +0.0000000e+00   +0.0000000e+00
  +2.1300000e+00   +2.1600000e+00   +0.0000000e+00   +0.0000000e+00
  +2.1600000e+00   +2.1900000e+00   +0.0000000e+00   +0.0000000e+00
  +2.1900000e+00   +2.2200000e+00   +0.0000000e+00   +0.0000000e+00
  +2.2200000e+00   +2.2500000e+00   +0.0000000e+00   +0.0000000e+00
  +2.2500000e+00   +2.2800000e+00   +0.0000000e+00   +0.0000000e+00
  +2.2800000e+00   +2.3100000e+00   +0.0000000e+00   +0.0000000e+00
  +2.3100000e+00   +2.3400000e+00   +0.0000000e+00   +0.0000000e+00
  +2.3400000e+00   +2.3700000e+00   +0.0000000e+00   +0.0000000e+00
  +2.3700000e+00   +2.4000000e+00   +0.0000000e+00   +0.0000000e+00
  +2.4000000e+00   +2.4300000e+00   +0.0000000e+00   +0.0000000e+00
  +2.4300000e+00   +2.4600000e+00   +0.0000000e+00   +0.0000000e+00
  +2.4600000e+00   +2.4900000e+00   +0.0000000e+00   +0.0000000e+00
  +2.4900000e+00   +2.5200000e+00   +0.0000000e+00   +0.0000000e+00
  +2.5200000e+00   +2.5500000e+00   +0.0000000e+00   +0.0000000e+00
  +2.5500000e+00   +2.5800000e+00   +0.0000000e+00   +0.0000000e+00
  +2.5800000e+00   +2.6100000e+00   +0.0000000e+00   +0.0000000e+00
  +2.6100000e+00   +2.6400000e+00   +0.0000000e+00   +0.0000000e+00
  +2.6400000e+00   +2.6700000e+00   +0.0000000e+00   +0.0000000e+00
  +2.6700000e+00   +2.7000000e+00   +0.0000000e+00   +0.0000000e+00
  +2.7000000e+00   +2.7300000e+00   +0.0000000e+00   +0.0000000e+00
  +2.7300000e+00   +2.7600000e+00   +0.0000000e+00   +0.0000000e+00
  +2.7600000e+00   +2.7900000e+00   +0.0000000e+00   +0.0000000e+00
  +2.7900000e+00   +2.8200000e+00   +0.0000000e+00   +0.0000000e+00
  +2.8200000e+00   +2.8500000e+00   +0.0000000e+00   +0.0000000e+00
  +2.8500000e+00   +2.8800000e+00   +0.0000000e+00   +0.0000000e+00
  +2.8800000e+00   +2.9100000e+00   +0.0000000e+00   +0.0000000e+00
  +2.9100000e+00   +2.9400000e+00   +0.0000000e+00   +0.0000000e+00
  +2.9400000e+00   +2.9700000e+00   +0.0000000e+00   +0.0000000e+00
  +2.9700000e+00   +3.0000000e+00   +0.0000000e+00   +0.0000000e+00
<\histogram>


##& xmin & xmax & central value & dy & 

<histogram> 100 "log10d34 [] |X_AXIS@LIN |Y_AXIS@LOG |JETSAMPLE@0"
  +0.0000000e+00   +3.0000000e-02   +3.0670000e-39   +2.1686965e-39
  +3.0000000e-02   +6.0000000e-02   +1.5335000e-39   +1.5335000e-39
  +6.0000000e-02   +9.0000000e-02   +0.0000000e+00   +0.0000000e+00
  +9.0000000e-02   +1.2000000e-01   +0.0000000e+00   +0.0000000e+00
  +1.2000000e-01   +1.5000000e-01   +7.6675000e-39   +3.4290125e-39
  +1.5000000e-01   +1.8000000e-01   +9.2010000e-39   +3.7562966e-39
  +1.8000000e-01   +2.1000000e-01   +9.2010000e-39   +3.7562966e-39
  +2.1000000e-01   +2.4000000e-01   +7.6675000e-39   +3.4290147e-39
  +2.4000000e-01   +2.7000000e-01   +4.6005000e-39   +2.6560999e-39
  +2.7000000e-01   +3.0000000e-01   +1.5335000e-38   +4.8493544e-39
  +3.0000000e-01   +3.3000000e-01   +1.3801500e-38   +4.6004957e-39
  +3.3000000e-01   +3.6000000e-01   +2.6070000e-38   +6.3228028e-39
  +3.6000000e-01   +3.9000000e-01   +1.5335000e-38   +4.8493487e-39
  +3.9000000e-01   +4.2000000e-01   +1.5335000e-38   +4.8493544e-39
  +4.2000000e-01   +4.5000000e-01   +3.3737500e-38   +7.1927428e-39
  +4.5000000e-01   +4.8000000e-01   +4.2939500e-38   +8.1145553e-39
  +4.8000000e-01   +5.1000000e-01   +4.9073500e-38   +8.6748336e-39
  +5.1000000e-01   +5.4000000e-01   +3.9871500e-38   +7.8194003e-39
  +5.4000000e-01   +5.7000000e-01   +5.9807000e-38   +9.5767216e-39
  +5.7000000e-01   +6.0000000e-01   +6.4407500e-38   +9.9382640e-39
  +6.0000000e-01   +6.3000000e-01   +6.2874000e-38   +9.8192899e-39
  +6.3000000e-01   +6.6000000e-01   +5.8274000e-38   +9.4531705e-39
  +6.6000000e-01   +6.9000000e-01   +7.8210000e-38   +1.0951359e-38
  +6.9000000e-01   +7.2000000e-01   +5.9808000e-38   +9.5767469e-39
  +7.2000000e-01   +7.5000000e-01   +7.6676000e-38   +1.0843474e-38
  +7.5000000e-01   +7.8000000e-01   +7.6676000e-38   +1.0843489e-38
  +7.8000000e-01   +8.1000000e-01   +6.5942000e-38   +1.0055888e-38
  +8.1000000e-01   +8.4000000e-01   +7.9742000e-38   +1.1058230e-38
  +8.4000000e-01   +8.7000000e-01   +4.4473000e-38   +8.2581701e-39
  +8.7000000e-01   +9.0000000e-01   +7.9743000e-38   +1.1058191e-38
  +9.0000000e-01   +9.3000000e-01   +3.8337500e-38   +7.6675067e-39
  +9.3000000e-01   +9.6000000e-01   +3.8338000e-38   +7.6675290e-39
  +9.6000000e-01   +9.9000000e-01   +2.9136500e-38   +6.6843800e-39
  +9.9000000e-01   +1.0200000e+00   +2.9136500e-38   +6.6843720e-39
  +1.0200000e+00   +1.0500000e+00   +3.3737000e-38   +7.1927607e-39
  +1.0500000e+00   +1.0800000e+00   +2.7603000e-38   +6.5060884e-39
  +1.0800000e+00   +1.1100000e+00   +3.0670000e-38   +6.8580143e-39
  +1.1100000e+00   +1.1400000e+00   +2.1469000e-38   +5.7378379e-39
  +1.1400000e+00   +1.1700000e+00   +1.3801500e-38   +4.6005017e-39
  +1.1700000e+00   +1.2000000e+00   +2.7603500e-38   +6.5060950e-39
  +1.2000000e+00   +1.2300000e+00   +9.2010000e-39   +3.7562946e-39
  +1.2300000e+00   +1.2600000e+00   +1.2268000e-38   +4.3373966e-39
  +1.2600000e+00   +1.2900000e+00   +1.2268000e-38   +4.3373966e-39
  +1.2900000e+00   +1.3200000e+00   +4.6005000e-39   +2.6561028e-39
  +1.3200000e+00   +1.3500000e+00   +1.0734500e-38   +4.0572634e-39
  +1.3500000e+00   +1.3800000e+00   +1.6868500e-38   +5.0860442e-39
  +1.3800000e+00   +1.4100000e+00   +1.0734500e-38   +4.0572596e-39
  +1.4100000e+00   +1.4400000e+00   +6.1340000e-39   +3.0670025e-39
  +1.4400000e+00   +1.4700000e+00   +3.0670000e-39   +2.1686965e-39
  +1.4700000e+00   +1.5000000e+00   +7.6675000e-39   +3.4290147e-39
  +1.5000000e+00   +1.5300000e+00   +9.2010000e-39   +3.7562926e-39
  +1.5300000e+00   +1.5600000e+00   +1.5335000e-39   +1.5335000e-39
  +1.5600000e+00   +1.5900000e+00   +3.0670000e-39   +2.1686965e-39
  +1.5900000e+00   +1.6200000e+00   +1.5335000e-39   +1.5335000e-39
  +1.6200000e+00   +1.6500000e+00   +6.1340000e-39   +3.0670025e-39
  +1.6500000e+00   +1.6800000e+00   +3.0670000e-39   +2.1686965e-39
  +1.6800000e+00   +1.7100000e+00   +1.5335000e-39   +1.5335000e-39
  +1.7100000e+00   +1.7400000e+00   +1.5335000e-39   +1.5335000e-39
  +1.7400000e+00   +1.7700000e+00   +3.0670000e-39   +2.1687000e-39
  +1.7700000e+00   +1.8000000e+00   +1.5335000e-39   +1.5335000e-39
  +1.8000000e+00   +1.8300000e+00   +0.0000000e+00   +0.0000000e+00
  +1.8300000e+00   +1.8600000e+00   +0.0000000e+00   +0.0000000e+00
  +1.8600000e+00   +1.8900000e+00   +0.0000000e+00   +0.0000000e+00
  +1.8900000e+00   +1.9200000e+00   +1.5335000e-39   +1.5335000e-39
  +1.9200000e+00   +1.9500000e+00   +0.0000000e+00   +0.0000000e+00
  +1.9500000e+00   +1.9800000e+00   +0.0000000e+00   +0.0000000e+00
  +1.9800000e+00   +2.0100000e+00   +0.0000000e+00   +0.0000000e+00
  +2.0100000e+00   +2.0400000e+00   +0.0000000e+00   +0.0000000e+00
  +2.0400000e+00   +2.0700000e+00   +0.0000000e+00   +0.0000000e+00
  +2.0700000e+00   +2.1000000e+00   +0.0000000e+00   +0.0000000e+00
  +2.1000000e+00   +2.1300000e+00   +0.0000000e+00   +0.0000000e+00
  +2.1300000e+00   +2.1600000e+00   +0.0000000e+00   +0.0000000e+00
  +2.1600000e+00   +2.1900000e+00   +0.0000000e+00   +0.0000000e+00
  +2.1900000e+00   +2.2200000e+00   +0.0000000e+00   +0.0000000e+00
  +2.2200000e+00   +2.2500000e+00   +0.0000000e+00   +0.0000000e+00
  +2.2500000e+00   +2.2800000e+00   +0.0000000e+00   +0.0000000e+00
  +2.2800000e+00   +2.3100000e+00   +0.0000000e+00   +0.0000000e+00
  +2.3100000e+00   +2.3400000e+00   +0.0000000e+00   +0.0000000e+00
  +2.3400000e+00   +2.3700000e+00   +0.0000000e+00   +0.0000000e+00
  +2.3700000e+00   +2.4000000e+00   +0.0000000e+00   +0.0000000e+00
  +2.4000000e+00   +2.4300000e+00   +0.0000000e+00   +0.0000000e+00
  +2.4300000e+00   +2.4600000e+00   +0.0000000e+00   +0.0000000e+00
  +2.4600000e+00   +2.4900000e+00   +0.0000000e+00   +0.0000000e+00
  +2.4900000e+00   +2.5200000e+00   +0.0000000e+00   +0.0000000e+00
  +2.5200000e+00   +2.5500000e+00   +0.0000000e+00   +0.0000000e+00
  +2.5500000e+00   +2.5800000e+00   +0.0000000e+00   +0.0000000e+00
  +2.5800000e+00   +2.6100000e+00   +0.0000000e+00   +0.0000000e+00
  +2.6100000e+00   +2.6400000e+00   +0.0000000e+00   +0.0000000e+00
  +2.6400000e+00   +2.6700000e+00   +0.0000000e+00   +0.0000000e+00
  +2.6700000e+00   +2.7000000e+00   +0.0000000e+00   +0.0000000e+00
  +2.7000000e+00   +2.7300000e+00   +0.0000000e+00   +0.0000000e+00
  +2.7300000e+00   +2.7600000e+00   +0.0000000e+00   +0.0000000e+00
  +2.7600000e+00   +2.7900000e+00   +0.0000000e+00   +0.0000000e+00
  +2.7900000e+00   +2.8200000e+00   +0.0000000e+00   +0.0000000e+00
  +2.8200000e+00   +2.8500000e+00   +0.0000000e+00   +0.0000000e+00
  +2.8500000e+00   +2.8800000e+00   +0.0000000e+00   +0.0000000e+00
  +2.8800000e+00   +2.9100000e+00   +0.0000000e+00   +0.0000000e+00
  +2.9100000e+00   +2.9400000e+00   +0.0000000e+00   +0.0000000e+00
  +2.9400000e+00   +2.9700000e+00   +0.0000000e+00   +0.0000000e+00
  +2.9700000e+00   +3.0000000e+00   +0.0000000e+00   +0.0000000e+00
<\histogram>

