##& xmin & xmax & central value & dy & 

<histogram> 100 "pt1 [GeV] |X_AXIS@LIN |Y_AXIS@LOG |JETSAMPLE@0"
  +0.0000000e+00   +1.0000000e+01   +3.4657200e-37   +2.3053645e-38
  +1.0000000e+01   +2.0000000e+01   +2.9290000e-37   +2.1193360e-38
  +2.0000000e+01   +3.0000000e+01   +1.7788700e-37   +1.6516375e-38
  +3.0000000e+01   +4.0000000e+01   +1.3494900e-37   +1.4385482e-38
  +4.0000000e+01   +5.0000000e+01   +1.0427900e-37   +1.2645537e-38
  +5.0000000e+01   +6.0000000e+01   +6.1341000e-38   +9.6987755e-39
  +6.0000000e+01   +7.0000000e+01   +7.3609000e-38   +1.0624383e-38
  +7.0000000e+01   +8.0000000e+01   +3.8337500e-38   +7.6675033e-39
  +8.0000000e+01   +9.0000000e+01   +3.6804500e-38   +7.5125841e-39
  +9.0000000e+01   +1.0000000e+02   +2.4536000e-38   +6.1340058e-39
  +1.0000000e+02   +1.1000000e+02   +2.9136500e-38   +6.6843800e-39
  +1.1000000e+02   +1.2000000e+02   +2.4536500e-38   +6.1340210e-39
  +1.2000000e+02   +1.3000000e+02   +1.5335000e-38   +4.8493472e-39
  +1.3000000e+02   +1.4000000e+02   +1.9935500e-38   +5.5291080e-39
  +1.4000000e+02   +1.5000000e+02   +9.2010000e-39   +3.7562946e-39
  +1.5000000e+02   +1.6000000e+02   +1.2268000e-38   +4.3373966e-39
  +1.6000000e+02   +1.7000000e+02   +3.0670000e-39   +2.1687000e-39
  +1.7000000e+02   +1.8000000e+02   +1.8402000e-38   +5.3121999e-39
  +1.8000000e+02   +1.9000000e+02   +6.1340000e-39   +3.0670001e-39
  +1.9000000e+02   +2.0000000e+02   +7.6675000e-39   +3.4290147e-39
  +2.0000000e+02   +2.1000000e+02   +1.0734500e-38   +4.0572616e-39
  +2.1000000e+02   +2.2000000e+02   +3.0670000e-39   +2.1686965e-39
  +2.2000000e+02   +2.3000000e+02   +4.6005000e-39   +2.6561028e-39
  +2.3000000e+02   +2.4000000e+02   +4.6005000e-39   +2.6560999e-39
  +2.4000000e+02   +2.5000000e+02   +6.1340000e-39   +3.0670001e-39
  +2.5000000e+02   +2.6000000e+02   +4.6005000e-39   +2.6560999e-39
  +2.6000000e+02   +2.7000000e+02   +4.6005000e-39   +2.6561028e-39
  +2.7000000e+02   +2.8000000e+02   +4.6005000e-39   +2.6561028e-39
  +2.8000000e+02   +2.9000000e+02   +4.6005000e-39   +2.6560999e-39
  +2.9000000e+02   +3.0000000e+02   +4.6005000e-39   +2.6561028e-39
  +3.0000000e+02   +3.1000000e+02   +6.1340000e-39   +3.0670025e-39
  +3.1000000e+02   +3.2000000e+02   +1.5335000e-39   +1.5335000e-39
  +3.2000000e+02   +3.3000000e+02   +7.6675000e-39   +3.4290125e-39
  +3.3000000e+02   +3.4000000e+02   +7.6675000e-39   +3.4290125e-39
  +3.4000000e+02   +3.5000000e+02   +1.5335000e-39   +1.5335000e-39
  +3.5000000e+02   +3.6000000e+02   +1.5335000e-39   +1.5335000e-39
  +3.6000000e+02   +3.7000000e+02   +1.5335000e-39   +1.5335000e-39
  +3.7000000e+02   +3.8000000e+02   +0.0000000e+00   +0.0000000e+00
  +3.8000000e+02   +3.9000000e+02   +0.0000000e+00   +0.0000000e+00
  +3.9000000e+02   +4.0000000e+02   +3.0670000e-39   +2.1686965e-39
  +4.0000000e+02   +4.1000000e+02   +1.5335000e-39   +1.5335000e-39
  +4.1000000e+02   +4.2000000e+02   +1.5335000e-39   +1.5335000e-39
  +4.2000000e+02   +4.3000000e+02   +1.5335000e-39   +1.5335000e-39
  +4.3000000e+02   +4.4000000e+02   +1.5335000e-39   +1.5335000e-39
  +4.4000000e+02   +4.5000000e+02   +0.0000000e+00   +0.0000000e+00
  +4.5000000e+02   +4.6000000e+02   +0.0000000e+00   +0.0000000e+00
  +4.6000000e+02   +4.7000000e+02   +0.0000000e+00   +0.0000000e+00
  +4.7000000e+02   +4.8000000e+02   +0.0000000e+00   +0.0000000e+00
  +4.8000000e+02   +4.9000000e+02   +0.0000000e+00   +0.0000000e+00
  +4.9000000e+02   +5.0000000e+02   +0.0000000e+00   +0.0000000e+00
  +5.0000000e+02   +5.1000000e+02   +0.0000000e+00   +0.0000000e+00
  +5.1000000e+02   +5.2000000e+02   +1.5335000e-39   +1.5335000e-39
  +5.2000000e+02   +5.3000000e+02   +1.5335000e-39   +1.5335000e-39
  +5.3000000e+02   +5.4000000e+02   +0.0000000e+00   +0.0000000e+00
  +5.4000000e+02   +5.5000000e+02   +0.0000000e+00   +0.0000000e+00
  +5.5000000e+02   +5.6000000e+02   +1.5335000e-39   +1.5335000e-39
  +5.6000000e+02   +5.7000000e+02   +0.0000000e+00   +0.0000000e+00
  +5.7000000e+02   +5.8000000e+02   +0.0000000e+00   +0.0000000e+00
  +5.8000000e+02   +5.9000000e+02   +0.0000000e+00   +0.0000000e+00
  +5.9000000e+02   +6.0000000e+02   +0.0000000e+00   +0.0000000e+00
  +6.0000000e+02   +6.1000000e+02   +0.0000000e+00   +0.0000000e+00
  +6.1000000e+02   +6.2000000e+02   +0.0000000e+00   +0.0000000e+00
  +6.2000000e+02   +6.3000000e+02   +0.0000000e+00   +0.0000000e+00
  +6.3000000e+02   +6.4000000e+02   +0.0000000e+00   +0.0000000e+00
  +6.4000000e+02   +6.5000000e+02   +0.0000000e+00   +0.0000000e+00
  +6.5000000e+02   +6.6000000e+02   +0.0000000e+00   +0.0000000e+00
  +6.6000000e+02   +6.7000000e+02   +0.0000000e+00   +0.0000000e+00
  +6.7000000e+02   +6.8000000e+02   +0.0000000e+00   +0.0000000e+00
  +6.8000000e+02   +6.9000000e+02   +0.0000000e+00   +0.0000000e+00
  +6.9000000e+02   +7.0000000e+02   +0.0000000e+00   +0.0000000e+00
  +7.0000000e+02   +7.1000000e+02   +0.0000000e+00   +0.0000000e+00
  +7.1000000e+02   +7.2000000e+02   +0.0000000e+00   +0.0000000e+00
  +7.2000000e+02   +7.3000000e+02   +0.0000000e+00   +0.0000000e+00
  +7.3000000e+02   +7.4000000e+02   +1.5335000e-39   +1.5335000e-39
  +7.4000000e+02   +7.5000000e+02   +0.0000000e+00   +0.0000000e+00
  +7.5000000e+02   +7.6000000e+02   +1.5335000e-39   +1.5335000e-39
  +7.6000000e+02   +7.7000000e+02   +0.0000000e+00   +0.0000000e+00
  +7.7000000e+02   +7.8000000e+02   +0.0000000e+00   +0.0000000e+00
  +7.8000000e+02   +7.9000000e+02   +0.0000000e+00   +0.0000000e+00
  +7.9000000e+02   +8.0000000e+02   +0.0000000e+00   +0.0000000e+00
  +8.0000000e+02   +8.1000000e+02   +0.0000000e+00   +0.0000000e+00
  +8.1000000e+02   +8.2000000e+02   +0.0000000e+00   +0.0000000e+00
  +8.2000000e+02   +8.3000000e+02   +0.0000000e+00   +0.0000000e+00
  +8.3000000e+02   +8.4000000e+02   +0.0000000e+00   +0.0000000e+00
  +8.4000000e+02   +8.5000000e+02   +0.0000000e+00   +0.0000000e+00
  +8.5000000e+02   +8.6000000e+02   +0.0000000e+00   +0.0000000e+00
  +8.6000000e+02   +8.7000000e+02   +0.0000000e+00   +0.0000000e+00
  +8.7000000e+02   +8.8000000e+02   +0.0000000e+00   +0.0000000e+00
  +8.8000000e+02   +8.9000000e+02   +0.0000000e+00   +0.0000000e+00
  +8.9000000e+02   +9.0000000e+02   +0.0000000e+00   +0.0000000e+00
  +9.0000000e+02   +9.1000000e+02   +0.0000000e+00   +0.0000000e+00
  +9.1000000e+02   +9.2000000e+02   +0.0000000e+00   +0.0000000e+00
  +9.2000000e+02   +9.3000000e+02   +0.0000000e+00   +0.0000000e+00
  +9.3000000e+02   +9.4000000e+02   +0.0000000e+00   +0.0000000e+00
  +9.4000000e+02   +9.5000000e+02   +0.0000000e+00   +0.0000000e+00
  +9.5000000e+02   +9.6000000e+02   +0.0000000e+00   +0.0000000e+00
  +9.6000000e+02   +9.7000000e+02   +0.0000000e+00   +0.0000000e+00
  +9.7000000e+02   +9.8000000e+02   +0.0000000e+00   +0.0000000e+00
  +9.8000000e+02   +9.9000000e+02   +0.0000000e+00   +0.0000000e+00
  +9.9000000e+02   +1.0000000e+03   +0.0000000e+00   +0.0000000e+00
<\histogram>
##& xmin & xmax & central value & dy & 

<histogram> 100 "pt2 [GeV] |X_AXIS@LIN |Y_AXIS@LOG |JETSAMPLE@0"
  +0.0000000e+00   +1.0000000e+01   +8.3883000e-37   +3.5866254e-38
  +1.0000000e+01   +2.0000000e+01   +3.5117200e-37   +2.3206610e-38
  +2.0000000e+01   +3.0000000e+01   +9.9678000e-38   +1.2363494e-38
  +3.0000000e+01   +4.0000000e+01   +6.7475000e-38   +1.0172149e-38
  +4.0000000e+01   +5.0000000e+01   +5.9807000e-38   +9.5767316e-39
  +5.0000000e+01   +6.0000000e+01   +2.4536000e-38   +6.1339886e-39
  +6.0000000e+01   +7.0000000e+01   +2.1469000e-38   +5.7378365e-39
  +7.0000000e+01   +8.0000000e+01   +1.2268000e-38   +4.3373966e-39
  +8.0000000e+01   +9.0000000e+01   +1.8402000e-38   +5.3121961e-39
  +9.0000000e+01   +1.0000000e+02   +4.6005000e-39   +2.6560999e-39
  +1.0000000e+02   +1.1000000e+02   +3.0670000e-39   +2.1687000e-39
  +1.1000000e+02   +1.2000000e+02   +9.2010000e-39   +3.7562966e-39
  +1.2000000e+02   +1.3000000e+02   +0.0000000e+00   +0.0000000e+00
  +1.3000000e+02   +1.4000000e+02   +4.6005000e-39   +2.6561028e-39
  +1.4000000e+02   +1.5000000e+02   +4.6005000e-39   +2.6560999e-39
  +1.5000000e+02   +1.6000000e+02   +1.5335000e-39   +1.5335000e-39
  +1.6000000e+02   +1.7000000e+02   +1.5335000e-39   +1.5335000e-39
  +1.7000000e+02   +1.8000000e+02   +3.0670000e-39   +2.1687000e-39
  +1.8000000e+02   +1.9000000e+02   +0.0000000e+00   +0.0000000e+00
  +1.9000000e+02   +2.0000000e+02   +1.5335000e-39   +1.5335000e-39
  +2.0000000e+02   +2.1000000e+02   +0.0000000e+00   +0.0000000e+00
  +2.1000000e+02   +2.2000000e+02   +0.0000000e+00   +0.0000000e+00
  +2.2000000e+02   +2.3000000e+02   +0.0000000e+00   +0.0000000e+00
  +2.3000000e+02   +2.4000000e+02   +1.5335000e-39   +1.5335000e-39
  +2.4000000e+02   +2.5000000e+02   +1.5335000e-39   +1.5335000e-39
  +2.5000000e+02   +2.6000000e+02   +1.5335000e-39   +1.5335000e-39
  +2.6000000e+02   +2.7000000e+02   +1.5335000e-39   +1.5335000e-39
  +2.7000000e+02   +2.8000000e+02   +0.0000000e+00   +0.0000000e+00
  +2.8000000e+02   +2.9000000e+02   +0.0000000e+00   +0.0000000e+00
  +2.9000000e+02   +3.0000000e+02   +0.0000000e+00   +0.0000000e+00
  +3.0000000e+02   +3.1000000e+02   +0.0000000e+00   +0.0000000e+00
  +3.1000000e+02   +3.2000000e+02   +0.0000000e+00   +0.0000000e+00
  +3.2000000e+02   +3.3000000e+02   +0.0000000e+00   +0.0000000e+00
  +3.3000000e+02   +3.4000000e+02   +0.0000000e+00   +0.0000000e+00
  +3.4000000e+02   +3.5000000e+02   +0.0000000e+00   +0.0000000e+00
  +3.5000000e+02   +3.6000000e+02   +0.0000000e+00   +0.0000000e+00
  +3.6000000e+02   +3.7000000e+02   +0.0000000e+00   +0.0000000e+00
  +3.7000000e+02   +3.8000000e+02   +0.0000000e+00   +0.0000000e+00
  +3.8000000e+02   +3.9000000e+02   +0.0000000e+00   +0.0000000e+00
  +3.9000000e+02   +4.0000000e+02   +0.0000000e+00   +0.0000000e+00
  +4.0000000e+02   +4.1000000e+02   +0.0000000e+00   +0.0000000e+00
  +4.1000000e+02   +4.2000000e+02   +0.0000000e+00   +0.0000000e+00
  +4.2000000e+02   +4.3000000e+02   +0.0000000e+00   +0.0000000e+00
  +4.3000000e+02   +4.4000000e+02   +0.0000000e+00   +0.0000000e+00
  +4.4000000e+02   +4.5000000e+02   +0.0000000e+00   +0.0000000e+00
  +4.5000000e+02   +4.6000000e+02   +0.0000000e+00   +0.0000000e+00
  +4.6000000e+02   +4.7000000e+02   +0.0000000e+00   +0.0000000e+00
  +4.7000000e+02   +4.8000000e+02   +0.0000000e+00   +0.0000000e+00
  +4.8000000e+02   +4.9000000e+02   +0.0000000e+00   +0.0000000e+00
  +4.9000000e+02   +5.0000000e+02   +0.0000000e+00   +0.0000000e+00
  +5.0000000e+02   +5.1000000e+02   +0.0000000e+00   +0.0000000e+00
  +5.1000000e+02   +5.2000000e+02   +0.0000000e+00   +0.0000000e+00
  +5.2000000e+02   +5.3000000e+02   +0.0000000e+00   +0.0000000e+00
  +5.3000000e+02   +5.4000000e+02   +0.0000000e+00   +0.0000000e+00
  +5.4000000e+02   +5.5000000e+02   +0.0000000e+00   +0.0000000e+00
  +5.5000000e+02   +5.6000000e+02   +0.0000000e+00   +0.0000000e+00
  +5.6000000e+02   +5.7000000e+02   +0.0000000e+00   +0.0000000e+00
  +5.7000000e+02   +5.8000000e+02   +0.0000000e+00   +0.0000000e+00
  +5.8000000e+02   +5.9000000e+02   +0.0000000e+00   +0.0000000e+00
  +5.9000000e+02   +6.0000000e+02   +0.0000000e+00   +0.0000000e+00
  +6.0000000e+02   +6.1000000e+02   +0.0000000e+00   +0.0000000e+00
  +6.1000000e+02   +6.2000000e+02   +0.0000000e+00   +0.0000000e+00
  +6.2000000e+02   +6.3000000e+02   +0.0000000e+00   +0.0000000e+00
  +6.3000000e+02   +6.4000000e+02   +0.0000000e+00   +0.0000000e+00
  +6.4000000e+02   +6.5000000e+02   +0.0000000e+00   +0.0000000e+00
  +6.5000000e+02   +6.6000000e+02   +0.0000000e+00   +0.0000000e+00
  +6.6000000e+02   +6.7000000e+02   +0.0000000e+00   +0.0000000e+00
  +6.7000000e+02   +6.8000000e+02   +0.0000000e+00   +0.0000000e+00
  +6.8000000e+02   +6.9000000e+02   +0.0000000e+00   +0.0000000e+00
  +6.9000000e+02   +7.0000000e+02   +0.0000000e+00   +0.0000000e+00
  +7.0000000e+02   +7.1000000e+02   +0.0000000e+00   +0.0000000e+00
  +7.1000000e+02   +7.2000000e+02   +0.0000000e+00   +0.0000000e+00
  +7.2000000e+02   +7.3000000e+02   +0.0000000e+00   +0.0000000e+00
  +7.3000000e+02   +7.4000000e+02   +0.0000000e+00   +0.0000000e+00
  +7.4000000e+02   +7.5000000e+02   +0.0000000e+00   +0.0000000e+00
  +7.5000000e+02   +7.6000000e+02   +0.0000000e+00   +0.0000000e+00
  +7.6000000e+02   +7.7000000e+02   +0.0000000e+00   +0.0000000e+00
  +7.7000000e+02   +7.8000000e+02   +0.0000000e+00   +0.0000000e+00
  +7.8000000e+02   +7.9000000e+02   +0.0000000e+00   +0.0000000e+00
  +7.9000000e+02   +8.0000000e+02   +0.0000000e+00   +0.0000000e+00
  +8.0000000e+02   +8.1000000e+02   +0.0000000e+00   +0.0000000e+00
  +8.1000000e+02   +8.2000000e+02   +0.0000000e+00   +0.0000000e+00
  +8.2000000e+02   +8.3000000e+02   +0.0000000e+00   +0.0000000e+00
  +8.3000000e+02   +8.4000000e+02   +0.0000000e+00   +0.0000000e+00
  +8.4000000e+02   +8.5000000e+02   +0.0000000e+00   +0.0000000e+00
  +8.5000000e+02   +8.6000000e+02   +0.0000000e+00   +0.0000000e+00
  +8.6000000e+02   +8.7000000e+02   +0.0000000e+00   +0.0000000e+00
  +8.7000000e+02   +8.8000000e+02   +0.0000000e+00   +0.0000000e+00
  +8.8000000e+02   +8.9000000e+02   +0.0000000e+00   +0.0000000e+00
  +8.9000000e+02   +9.0000000e+02   +0.0000000e+00   +0.0000000e+00
  +9.0000000e+02   +9.1000000e+02   +0.0000000e+00   +0.0000000e+00
  +9.1000000e+02   +9.2000000e+02   +0.0000000e+00   +0.0000000e+00
  +9.2000000e+02   +9.3000000e+02   +0.0000000e+00   +0.0000000e+00
  +9.3000000e+02   +9.4000000e+02   +0.0000000e+00   +0.0000000e+00
  +9.4000000e+02   +9.5000000e+02   +0.0000000e+00   +0.0000000e+00
  +9.5000000e+02   +9.6000000e+02   +0.0000000e+00   +0.0000000e+00
  +9.6000000e+02   +9.7000000e+02   +0.0000000e+00   +0.0000000e+00
  +9.7000000e+02   +9.8000000e+02   +0.0000000e+00   +0.0000000e+00
  +9.8000000e+02   +9.9000000e+02   +0.0000000e+00   +0.0000000e+00
  +9.9000000e+02   +1.0000000e+03   +0.0000000e+00   +0.0000000e+00
<\histogram>


##& xmin & xmax & central value & dy & 

<histogram> 100 "pt3 [GeV] |X_AXIS@LIN |Y_AXIS@LOG |JETSAMPLE@0"
  +0.0000000e+00   +5.0000000e+00   +5.8734000e-37   +3.0011105e-38
  +5.0000000e+00   +1.0000000e+01   +5.7967000e-37   +2.9814994e-38
  +1.0000000e+01   +1.5000000e+01   +1.5795100e-37   +1.5563327e-38
  +1.5000000e+01   +2.0000000e+01   +6.4408000e-38   +9.9382483e-39
  +2.0000000e+01   +2.5000000e+01   +4.6005000e-38   +8.3993396e-39
  +2.5000000e+01   +3.0000000e+01   +3.2204000e-38   +7.0274022e-39
  +3.0000000e+01   +3.5000000e+01   +1.8402000e-38   +5.3121999e-39
  +3.5000000e+01   +4.0000000e+01   +1.6868500e-38   +5.0860456e-39
  +4.0000000e+01   +4.5000000e+01   +6.1340000e-39   +3.0670025e-39
  +4.5000000e+01   +5.0000000e+01   +9.2010000e-39   +3.7562966e-39
  +5.0000000e+01   +5.5000000e+01   +3.0670000e-39   +2.1686965e-39
  +5.5000000e+01   +6.0000000e+01   +3.0670000e-39   +2.1686965e-39
  +6.0000000e+01   +6.5000000e+01   +0.0000000e+00   +0.0000000e+00
  +6.5000000e+01   +7.0000000e+01   +1.5335000e-39   +1.5335000e-39
  +7.0000000e+01   +7.5000000e+01   +0.0000000e+00   +0.0000000e+00
  +7.5000000e+01   +8.0000000e+01   +3.0670000e-39   +2.1686965e-39
  +8.0000000e+01   +8.5000000e+01   +0.0000000e+00   +0.0000000e+00
  +8.5000000e+01   +9.0000000e+01   +1.5335000e-39   +1.5335000e-39
  +9.0000000e+01   +9.5000000e+01   +0.0000000e+00   +0.0000000e+00
  +9.5000000e+01   +1.0000000e+02   +0.0000000e+00   +0.0000000e+00
  +1.0000000e+02   +1.0500000e+02   +1.5335000e-39   +1.5335000e-39
  +1.0500000e+02   +1.1000000e+02   +0.0000000e+00   +0.0000000e+00
  +1.1000000e+02   +1.1500000e+02   +1.5335000e-39   +1.5335000e-39
  +1.1500000e+02   +1.2000000e+02   +0.0000000e+00   +0.0000000e+00
  +1.2000000e+02   +1.2500000e+02   +0.0000000e+00   +0.0000000e+00
  +1.2500000e+02   +1.3000000e+02   +0.0000000e+00   +0.0000000e+00
  +1.3000000e+02   +1.3500000e+02   +0.0000000e+00   +0.0000000e+00
  +1.3500000e+02   +1.4000000e+02   +0.0000000e+00   +0.0000000e+00
  +1.4000000e+02   +1.4500000e+02   +0.0000000e+00   +0.0000000e+00
  +1.4500000e+02   +1.5000000e+02   +0.0000000e+00   +0.0000000e+00
  +1.5000000e+02   +1.5500000e+02   +0.0000000e+00   +0.0000000e+00
  +1.5500000e+02   +1.6000000e+02   +0.0000000e+00   +0.0000000e+00
  +1.6000000e+02   +1.6500000e+02   +0.0000000e+00   +0.0000000e+00
  +1.6500000e+02   +1.7000000e+02   +0.0000000e+00   +0.0000000e+00
  +1.7000000e+02   +1.7500000e+02   +0.0000000e+00   +0.0000000e+00
  +1.7500000e+02   +1.8000000e+02   +0.0000000e+00   +0.0000000e+00
  +1.8000000e+02   +1.8500000e+02   +0.0000000e+00   +0.0000000e+00
  +1.8500000e+02   +1.9000000e+02   +0.0000000e+00   +0.0000000e+00
  +1.9000000e+02   +1.9500000e+02   +0.0000000e+00   +0.0000000e+00
  +1.9500000e+02   +2.0000000e+02   +0.0000000e+00   +0.0000000e+00
  +2.0000000e+02   +2.0500000e+02   +0.0000000e+00   +0.0000000e+00
  +2.0500000e+02   +2.1000000e+02   +0.0000000e+00   +0.0000000e+00
  +2.1000000e+02   +2.1500000e+02   +0.0000000e+00   +0.0000000e+00
  +2.1500000e+02   +2.2000000e+02   +0.0000000e+00   +0.0000000e+00
  +2.2000000e+02   +2.2500000e+02   +0.0000000e+00   +0.0000000e+00
  +2.2500000e+02   +2.3000000e+02   +0.0000000e+00   +0.0000000e+00
  +2.3000000e+02   +2.3500000e+02   +0.0000000e+00   +0.0000000e+00
  +2.3500000e+02   +2.4000000e+02   +0.0000000e+00   +0.0000000e+00
  +2.4000000e+02   +2.4500000e+02   +0.0000000e+00   +0.0000000e+00
  +2.4500000e+02   +2.5000000e+02   +0.0000000e+00   +0.0000000e+00
  +2.5000000e+02   +2.5500000e+02   +0.0000000e+00   +0.0000000e+00
  +2.5500000e+02   +2.6000000e+02   +0.0000000e+00   +0.0000000e+00
  +2.6000000e+02   +2.6500000e+02   +0.0000000e+00   +0.0000000e+00
  +2.6500000e+02   +2.7000000e+02   +0.0000000e+00   +0.0000000e+00
  +2.7000000e+02   +2.7500000e+02   +0.0000000e+00   +0.0000000e+00
  +2.7500000e+02   +2.8000000e+02   +0.0000000e+00   +0.0000000e+00
  +2.8000000e+02   +2.8500000e+02   +0.0000000e+00   +0.0000000e+00
  +2.8500000e+02   +2.9000000e+02   +0.0000000e+00   +0.0000000e+00
  +2.9000000e+02   +2.9500000e+02   +0.0000000e+00   +0.0000000e+00
  +2.9500000e+02   +3.0000000e+02   +0.0000000e+00   +0.0000000e+00
  +3.0000000e+02   +3.0500000e+02   +0.0000000e+00   +0.0000000e+00
  +3.0500000e+02   +3.1000000e+02   +0.0000000e+00   +0.0000000e+00
  +3.1000000e+02   +3.1500000e+02   +0.0000000e+00   +0.0000000e+00
  +3.1500000e+02   +3.2000000e+02   +0.0000000e+00   +0.0000000e+00
  +3.2000000e+02   +3.2500000e+02   +0.0000000e+00   +0.0000000e+00
  +3.2500000e+02   +3.3000000e+02   +0.0000000e+00   +0.0000000e+00
  +3.3000000e+02   +3.3500000e+02   +0.0000000e+00   +0.0000000e+00
  +3.3500000e+02   +3.4000000e+02   +0.0000000e+00   +0.0000000e+00
  +3.4000000e+02   +3.4500000e+02   +0.0000000e+00   +0.0000000e+00
  +3.4500000e+02   +3.5000000e+02   +0.0000000e+00   +0.0000000e+00
  +3.5000000e+02   +3.5500000e+02   +0.0000000e+00   +0.0000000e+00
  +3.5500000e+02   +3.6000000e+02   +0.0000000e+00   +0.0000000e+00
  +3.6000000e+02   +3.6500000e+02   +0.0000000e+00   +0.0000000e+00
  +3.6500000e+02   +3.7000000e+02   +0.0000000e+00   +0.0000000e+00
  +3.7000000e+02   +3.7500000e+02   +0.0000000e+00   +0.0000000e+00
  +3.7500000e+02   +3.8000000e+02   +0.0000000e+00   +0.0000000e+00
  +3.8000000e+02   +3.8500000e+02   +0.0000000e+00   +0.0000000e+00
  +3.8500000e+02   +3.9000000e+02   +0.0000000e+00   +0.0000000e+00
  +3.9000000e+02   +3.9500000e+02   +0.0000000e+00   +0.0000000e+00
  +3.9500000e+02   +4.0000000e+02   +0.0000000e+00   +0.0000000e+00
  +4.0000000e+02   +4.0500000e+02   +0.0000000e+00   +0.0000000e+00
  +4.0500000e+02   +4.1000000e+02   +0.0000000e+00   +0.0000000e+00
  +4.1000000e+02   +4.1500000e+02   +0.0000000e+00   +0.0000000e+00
  +4.1500000e+02   +4.2000000e+02   +0.0000000e+00   +0.0000000e+00
  +4.2000000e+02   +4.2500000e+02   +0.0000000e+00   +0.0000000e+00
  +4.2500000e+02   +4.3000000e+02   +0.0000000e+00   +0.0000000e+00
  +4.3000000e+02   +4.3500000e+02   +0.0000000e+00   +0.0000000e+00
  +4.3500000e+02   +4.4000000e+02   +0.0000000e+00   +0.0000000e+00
  +4.4000000e+02   +4.4500000e+02   +0.0000000e+00   +0.0000000e+00
  +4.4500000e+02   +4.5000000e+02   +0.0000000e+00   +0.0000000e+00
  +4.5000000e+02   +4.5500000e+02   +0.0000000e+00   +0.0000000e+00
  +4.5500000e+02   +4.6000000e+02   +0.0000000e+00   +0.0000000e+00
  +4.6000000e+02   +4.6500000e+02   +0.0000000e+00   +0.0000000e+00
  +4.6500000e+02   +4.7000000e+02   +0.0000000e+00   +0.0000000e+00
  +4.7000000e+02   +4.7500000e+02   +0.0000000e+00   +0.0000000e+00
  +4.7500000e+02   +4.8000000e+02   +0.0000000e+00   +0.0000000e+00
  +4.8000000e+02   +4.8500000e+02   +0.0000000e+00   +0.0000000e+00
  +4.8500000e+02   +4.9000000e+02   +0.0000000e+00   +0.0000000e+00
  +4.9000000e+02   +4.9500000e+02   +0.0000000e+00   +0.0000000e+00
  +4.9500000e+02   +5.0000000e+02   +0.0000000e+00   +0.0000000e+00
<\histogram>


##& xmin & xmax & central value & dy & 

<histogram> 100 "pt4 [GeV] |X_AXIS@LIN |Y_AXIS@LOG |JETSAMPLE@0"
  +0.0000000e+00   +5.0000000e+00   +8.0968000e-37   +3.5237558e-38
  +5.0000000e+00   +1.0000000e+01   +5.1986000e-37   +2.8234791e-38
  +1.0000000e+01   +1.5000000e+01   +1.1654700e-37   +1.3368757e-38
  +1.5000000e+01   +2.0000000e+01   +3.6804000e-38   +7.5126062e-39
  +2.0000000e+01   +2.5000000e+01   +1.6868500e-38   +5.0860417e-39
  +2.5000000e+01   +3.0000000e+01   +1.0734500e-38   +4.0572653e-39
  +3.0000000e+01   +3.5000000e+01   +7.6675000e-39   +3.4290125e-39
  +3.5000000e+01   +4.0000000e+01   +3.0670000e-39   +2.1686965e-39
  +4.0000000e+01   +4.5000000e+01   +4.6005000e-39   +2.6561028e-39
  +4.5000000e+01   +5.0000000e+01   +0.0000000e+00   +0.0000000e+00
  +5.0000000e+01   +5.5000000e+01   +1.5335000e-39   +1.5335000e-39
  +5.5000000e+01   +6.0000000e+01   +3.0670000e-39   +2.1687000e-39
  +6.0000000e+01   +6.5000000e+01   +1.5335000e-39   +1.5335000e-39
  +6.5000000e+01   +7.0000000e+01   +0.0000000e+00   +0.0000000e+00
  +7.0000000e+01   +7.5000000e+01   +0.0000000e+00   +0.0000000e+00
  +7.5000000e+01   +8.0000000e+01   +0.0000000e+00   +0.0000000e+00
  +8.0000000e+01   +8.5000000e+01   +1.5335000e-39   +1.5335000e-39
  +8.5000000e+01   +9.0000000e+01   +0.0000000e+00   +0.0000000e+00
  +9.0000000e+01   +9.5000000e+01   +0.0000000e+00   +0.0000000e+00
  +9.5000000e+01   +1.0000000e+02   +0.0000000e+00   +0.0000000e+00
  +1.0000000e+02   +1.0500000e+02   +0.0000000e+00   +0.0000000e+00
  +1.0500000e+02   +1.1000000e+02   +0.0000000e+00   +0.0000000e+00
  +1.1000000e+02   +1.1500000e+02   +0.0000000e+00   +0.0000000e+00
  +1.1500000e+02   +1.2000000e+02   +0.0000000e+00   +0.0000000e+00
  +1.2000000e+02   +1.2500000e+02   +0.0000000e+00   +0.0000000e+00
  +1.2500000e+02   +1.3000000e+02   +0.0000000e+00   +0.0000000e+00
  +1.3000000e+02   +1.3500000e+02   +0.0000000e+00   +0.0000000e+00
  +1.3500000e+02   +1.4000000e+02   +0.0000000e+00   +0.0000000e+00
  +1.4000000e+02   +1.4500000e+02   +0.0000000e+00   +0.0000000e+00
  +1.4500000e+02   +1.5000000e+02   +0.0000000e+00   +0.0000000e+00
  +1.5000000e+02   +1.5500000e+02   +0.0000000e+00   +0.0000000e+00
  +1.5500000e+02   +1.6000000e+02   +0.0000000e+00   +0.0000000e+00
  +1.6000000e+02   +1.6500000e+02   +0.0000000e+00   +0.0000000e+00
  +1.6500000e+02   +1.7000000e+02   +0.0000000e+00   +0.0000000e+00
  +1.7000000e+02   +1.7500000e+02   +0.0000000e+00   +0.0000000e+00
  +1.7500000e+02   +1.8000000e+02   +0.0000000e+00   +0.0000000e+00
  +1.8000000e+02   +1.8500000e+02   +0.0000000e+00   +0.0000000e+00
  +1.8500000e+02   +1.9000000e+02   +0.0000000e+00   +0.0000000e+00
  +1.9000000e+02   +1.9500000e+02   +0.0000000e+00   +0.0000000e+00
  +1.9500000e+02   +2.0000000e+02   +0.0000000e+00   +0.0000000e+00
  +2.0000000e+02   +2.0500000e+02   +0.0000000e+00   +0.0000000e+00
  +2.0500000e+02   +2.1000000e+02   +0.0000000e+00   +0.0000000e+00
  +2.1000000e+02   +2.1500000e+02   +0.0000000e+00   +0.0000000e+00
  +2.1500000e+02   +2.2000000e+02   +0.0000000e+00   +0.0000000e+00
  +2.2000000e+02   +2.2500000e+02   +0.0000000e+00   +0.0000000e+00
  +2.2500000e+02   +2.3000000e+02   +0.0000000e+00   +0.0000000e+00
  +2.3000000e+02   +2.3500000e+02   +0.0000000e+00   +0.0000000e+00
  +2.3500000e+02   +2.4000000e+02   +0.0000000e+00   +0.0000000e+00
  +2.4000000e+02   +2.4500000e+02   +0.0000000e+00   +0.0000000e+00
  +2.4500000e+02   +2.5000000e+02   +0.0000000e+00   +0.0000000e+00
  +2.5000000e+02   +2.5500000e+02   +0.0000000e+00   +0.0000000e+00
  +2.5500000e+02   +2.6000000e+02   +0.0000000e+00   +0.0000000e+00
  +2.6000000e+02   +2.6500000e+02   +0.0000000e+00   +0.0000000e+00
  +2.6500000e+02   +2.7000000e+02   +0.0000000e+00   +0.0000000e+00
  +2.7000000e+02   +2.7500000e+02   +0.0000000e+00   +0.0000000e+00
  +2.7500000e+02   +2.8000000e+02   +0.0000000e+00   +0.0000000e+00
  +2.8000000e+02   +2.8500000e+02   +0.0000000e+00   +0.0000000e+00
  +2.8500000e+02   +2.9000000e+02   +0.0000000e+00   +0.0000000e+00
  +2.9000000e+02   +2.9500000e+02   +0.0000000e+00   +0.0000000e+00
  +2.9500000e+02   +3.0000000e+02   +0.0000000e+00   +0.0000000e+00
  +3.0000000e+02   +3.0500000e+02   +0.0000000e+00   +0.0000000e+00
  +3.0500000e+02   +3.1000000e+02   +0.0000000e+00   +0.0000000e+00
  +3.1000000e+02   +3.1500000e+02   +0.0000000e+00   +0.0000000e+00
  +3.1500000e+02   +3.2000000e+02   +0.0000000e+00   +0.0000000e+00
  +3.2000000e+02   +3.2500000e+02   +0.0000000e+00   +0.0000000e+00
  +3.2500000e+02   +3.3000000e+02   +0.0000000e+00   +0.0000000e+00
  +3.3000000e+02   +3.3500000e+02   +0.0000000e+00   +0.0000000e+00
  +3.3500000e+02   +3.4000000e+02   +0.0000000e+00   +0.0000000e+00
  +3.4000000e+02   +3.4500000e+02   +0.0000000e+00   +0.0000000e+00
  +3.4500000e+02   +3.5000000e+02   +0.0000000e+00   +0.0000000e+00
  +3.5000000e+02   +3.5500000e+02   +0.0000000e+00   +0.0000000e+00
  +3.5500000e+02   +3.6000000e+02   +0.0000000e+00   +0.0000000e+00
  +3.6000000e+02   +3.6500000e+02   +0.0000000e+00   +0.0000000e+00
  +3.6500000e+02   +3.7000000e+02   +0.0000000e+00   +0.0000000e+00
  +3.7000000e+02   +3.7500000e+02   +0.0000000e+00   +0.0000000e+00
  +3.7500000e+02   +3.8000000e+02   +0.0000000e+00   +0.0000000e+00
  +3.8000000e+02   +3.8500000e+02   +0.0000000e+00   +0.0000000e+00
  +3.8500000e+02   +3.9000000e+02   +0.0000000e+00   +0.0000000e+00
  +3.9000000e+02   +3.9500000e+02   +0.0000000e+00   +0.0000000e+00
  +3.9500000e+02   +4.0000000e+02   +0.0000000e+00   +0.0000000e+00
  +4.0000000e+02   +4.0500000e+02   +0.0000000e+00   +0.0000000e+00
  +4.0500000e+02   +4.1000000e+02   +0.0000000e+00   +0.0000000e+00
  +4.1000000e+02   +4.1500000e+02   +0.0000000e+00   +0.0000000e+00
  +4.1500000e+02   +4.2000000e+02   +0.0000000e+00   +0.0000000e+00
  +4.2000000e+02   +4.2500000e+02   +0.0000000e+00   +0.0000000e+00
  +4.2500000e+02   +4.3000000e+02   +0.0000000e+00   +0.0000000e+00
  +4.3000000e+02   +4.3500000e+02   +0.0000000e+00   +0.0000000e+00
  +4.3500000e+02   +4.4000000e+02   +0.0000000e+00   +0.0000000e+00
  +4.4000000e+02   +4.4500000e+02   +0.0000000e+00   +0.0000000e+00
  +4.4500000e+02   +4.5000000e+02   +0.0000000e+00   +0.0000000e+00
  +4.5000000e+02   +4.5500000e+02   +0.0000000e+00   +0.0000000e+00
  +4.5500000e+02   +4.6000000e+02   +0.0000000e+00   +0.0000000e+00
  +4.6000000e+02   +4.6500000e+02   +0.0000000e+00   +0.0000000e+00
  +4.6500000e+02   +4.7000000e+02   +0.0000000e+00   +0.0000000e+00
  +4.7000000e+02   +4.7500000e+02   +0.0000000e+00   +0.0000000e+00
  +4.7500000e+02   +4.8000000e+02   +0.0000000e+00   +0.0000000e+00
  +4.8000000e+02   +4.8500000e+02   +0.0000000e+00   +0.0000000e+00
  +4.8500000e+02   +4.9000000e+02   +0.0000000e+00   +0.0000000e+00
  +4.9000000e+02   +4.9500000e+02   +0.0000000e+00   +0.0000000e+00
  +4.9500000e+02   +5.0000000e+02   +0.0000000e+00   +0.0000000e+00
<\histogram>

