 -0.00123071403862038  0.01673702282085552  0.03498338557275103  0.05127510405310197
  0.06636838394853331  0.08052208028322540  0.09377454289296246  0.10606471329470224
  0.11797463008541829  0.12950155197309363  0.14068190610810008  0.15150330448373797
  0.16210271718278427  0.17238913325296809  0.18245072037595936  0.19243317039270783
  0.20216645615521656  0.21173590250780508  0.22107879512792800  0.23035902775352718
  0.23942390219779025  0.24851853283222869  0.25729412736246537  0.26602811086299188
  0.27465931369761371  0.28322870147166418  0.29159648763567331  0.29992638203638516
  0.30813875837420851  0.31627237817636000  0.32438445357758311  0.33245199879138065
  0.34047461228451992  0.34844897121546348  0.35645427564462573  0.36448579377692264
  0.37248234847176381  0.38040252099064992  0.38830974159480969  0.39629558028038459
  0.40438223213507740  0.41249470993106618  0.42058187644837275  0.42864412400899143
  0.43664047057462729  0.44454433536883287  0.45236856998798985  0.46011517391003220
  0.46779283943217809  0.47553971370517717  0.48327910154595000  0.49105884511290465
  0.49887096157317412  0.50666937554245917  0.51447003172793748  0.52221919933576899
  0.52993178970600197  0.53766930646517563  0.54549311971300563  0.55342214737224082
  0.56137065505220030  0.56928446013208589  0.57714354344010133  0.58501858189762079
  0.59265107686873952  0.60086287139507188  0.60939659986675621  0.61809333213181927
  0.62682867953546573  0.63556780121378698  0.64429358469317788  0.65302268894505056
  0.66188786242282016  0.67101334380959354  0.68034576797866841  0.68979931350130352
  0.69932158930798527  0.70901486538563152  0.71869348197909322  0.72863529983852593
  0.73890379546539975  0.74951848651337005  0.76050264564970160  0.77172941314742871
  0.78317462605985044  0.79479402992033488  0.80692767168410529  0.82048804231879147
  0.83481702031035221  0.84980295773758685  0.86559806794436178  0.88248590762801971
  0.90201631054000497  0.92589450490918435  0.95797411149456446  1.00000000000000000
 -0.00218385833016455  0.00895851340664793  0.01875644769320092  0.02931463573400528
  0.04007587219901864  0.05066427221996844  0.06137653242206975  0.07188572635938439
  0.08227078803447571  0.09276507887324287  0.10336476884878415  0.11408510641270972
  0.12508140152699496  0.13625498099552560  0.14732089351384528  0.15793144060948922
  0.16879822334592456  0.18010100243986302  0.19103435324014997  0.20192926520595983
  0.21258791947496011  0.22324076256554723  0.23374912796056327  0.24424777873998157
  0.25463423974932775  0.26497639858606764  0.27539652416505389  0.28596224855120089
  0.29671802626099830  0.30756650880629494  0.31849265608534433  0.32943980825608199
  0.34053099212340099  0.35169419085586440  0.36280979708614025  0.37378192813754885
  0.38450209745601410  0.39503267836120676  0.40556586816887169  0.41622885313887248
  0.42700267063523017  0.43797635611313257  0.44925186194848443  0.46061772743230739
  0.47179543854881267  0.48252006633309935  0.49280216351884354  0.50294166785215622
  0.51312226425391905  0.52345590006209097  0.53380360801230498  0.54446052504195708
  0.55548139661611107  0.56642411905691203  0.57716112396782748  0.58768343112771826
  0.59797188536213008  0.60812416291581328  0.61824063256090067  0.62852413388032913
  0.63910142735625497  0.64981973160980022  0.66055203011709029  0.67100524361726632
  0.68104632476578297  0.69105573175533530  0.70127633544635215  0.71179774341521440
  0.72264803557162327  0.73319118290801244  0.74341409639476774  0.75360611234769725
  0.76378301880218857  0.77398064667101951  0.78424378259132677  0.79472250866755367
  0.80527429670514894  0.81577173585863205  0.82593926006193918  0.83604465720552079
  0.84595937158255818  0.85610736946822619  0.86641373824891599  0.87664700330715195
  0.88662114749551724  0.89662360946669573  0.90688870814992650  0.91705692168846831
  0.92737856625381110  0.93771434256396546  0.94847707070277787  0.95890632018564503
  0.96926120069189226  0.97954581839859389  0.98986912721073472  1.00000000000000000
 -0.01529669566544161  0.07918047788378720  0.12012665546769070  0.14976811786865377
  0.17447550635561929  0.19553628554824498  0.21434312776566264  0.23158158265747364
  0.24841811547383991  0.26520151487637766  0.28080006157225290  0.29440407863677959
  0.30697540486543606  0.31883664581491106  0.33013483787449061  0.34108109300913675
  0.35192280152595828  0.36289752285026999  0.37387458935087775  0.38450745833484062
  0.39485398693255708  0.40502847516961787  0.41474623196222482  0.42376824862415152
  0.43241712956408457  0.44113025075591100  0.44975396080582436  0.45818840081204548
  0.46653061444494159  0.47497887058276406  0.48359520602201211  0.49225089105081266
  0.50076444636012374  0.50908770677178683  0.51730757914293646  0.52546108445600082
  0.53363641774492732  0.54166716062222420  0.54953826960644825  0.55720147494705352
  0.56480201796781748  0.57269543767292153  0.58042226716011658  0.58764237173993805
  0.59466501165417751  0.60162576553497626  0.60855880637430515  0.61547769551873821
  0.62237773475110203  0.62916010821495016  0.63574365904427221  0.64221295231443232
  0.64877062184786682  0.65542537340871176  0.66213552487939542  0.66909846744556600
  0.67632327460754371  0.68359479069241780  0.69073662985132689  0.69771126374150494
  0.70462819530842613  0.71137673830426928  0.71773001452987784  0.72425355945658376
  0.73074578443402194  0.73714976437437085  0.74344131759456666  0.74972430699590853
  0.75605180755629187  0.76237663276211731  0.76870083442196324  0.77508581038864677
  0.78158277886170913  0.78818834862043563  0.79502366901821864  0.80205172503538902
  0.80917899846137298  0.81630291269064170  0.82351475038284128  0.83065191770878810
  0.83814359442521136  0.84554104448350798  0.85292784983849901  0.86037355429344298
  0.86785453125273115  0.87566523477490810  0.88387807680779873  0.89248566128872397
  0.90169820417999802  0.91150949337525922  0.92156354499570980  0.93192540659844281
  0.94331476361858235  0.95659448087157184  0.97402786781730055  1.00000000000000000
 -0.03148389184308446  0.15709963135915675  0.20954775105698928  0.24372218210067695
  0.27076713477476855  0.29412350340468241  0.31485565797195747  0.33351594221487990
  0.35047552034034324  0.36586986704086499  0.38029958510543260  0.39373600007782061
  0.40627781408224561  0.41841251269550833  0.43025015962063973  0.44159185088227432
  0.45243165481874592  0.46291369743590294  0.47297568382215516  0.48267191768523204
  0.49191972270841844  0.50086749307792855  0.50950638324337005  0.51784463824850380
  0.52605767163213468  0.53432369231609422  0.54242974893417917  0.55006972515668728
  0.55757957023910443  0.56480130583189936  0.57175874837808327  0.57857569661437092
  0.58510883135247582  0.59129747536966804  0.59732629897412859  0.60331675247142924
  0.60927183961919884  0.61516823997619097  0.62096080700810519  0.62666292088359854
  0.63228065952428958  0.63778897378398713  0.64324006128696387  0.64878200250572782
  0.65443354797910180  0.66000186111468184  0.66554156170214918  0.67114284072373365
  0.67680068488718947  0.68229287140220818  0.68765252234500807  0.69277568700439451
  0.69773481938833737  0.70259199923845228  0.70736725126130739  0.71206688132586216
  0.71671977312780022  0.72137173142309752  0.72604281161871964  0.73072102364690028
  0.73538440083530154  0.74001198019333292  0.74459502949711265  0.74914122254085347
  0.75364451640476582  0.75815626542160175  0.76265218429528325  0.76711546723908808
  0.77162760006907349  0.77615076758416246  0.78059111833068151  0.78510821029834232
  0.78968126013942741  0.79424697619483964  0.79880499409315919  0.80333936440225517
  0.80789064148817424  0.81259655901867045  0.81753758680683353  0.82257246550456076
  0.82770869278081616  0.83289568398354552  0.83825438907920602  0.84384341186811773
  0.84964786972529416  0.85562168584376996  0.86178397820524411  0.86818175810123288
  0.87495447805001880  0.88222685136924339  0.89010895848840499  0.89916145859306440
  0.90988861407577448  0.92336286992153571  0.94486942439233790  1.00000000000000000
   3.4358820894679202E-007  -1.0000000000000000     
 T T T T T T T T
  <DiscreteSampler_grid>
  grouped_processes
  1 # 1 for a reference and 2 for a running grid.
  10 # Attribute 'min_bin_probing_points' of the grid.
  1 # Attribute 'grid_mode' of the grid. 1=='default',2=='initialization'
  0.0000000000000000 # Attribute 'small_contrib_threshold' of the grid.
  0.5000000000000000 # Attribute 'damping_power' of the grid.
 # binID   n_entries weight   weight_sqr   abs_weight
    10   10   1.169908161426861E+004   4.043097169598328E+008   1.169908161426861E+004
    11   10   1.169908161426861E+004   4.043097169598328E+008   1.169908161426861E+004
  </DiscreteSampler_grid>
