 -0.00031069374556065  0.00682962253962155  0.01685487321261640  0.02762832351141312
  0.03886505112272247  0.04986356550003513  0.06075211012026595  0.07169151250639802
  0.08245281425222442  0.09289347659782836  0.10307058808652431  0.11345393170481688
  0.12349600528736419  0.13318021913637851  0.14262289016675431  0.15179998528883298
  0.16083996986125551  0.16989080208095347  0.17906575338113062  0.18822315671266257
  0.19730362513899141  0.20625006158947465  0.21500181794764353  0.22366828017806728
  0.23224982236607775  0.24069862138307146  0.24919451366858622  0.25771417615512549
  0.26644013763829105  0.27537210566484488  0.28413998152452319  0.29273706391769483
  0.30110220858953540  0.30955301494328508  0.31816956175081756  0.32683084284658209
  0.33531712274903663  0.34375078347437388  0.35219674601807505  0.36052148128754952
  0.36886131709655251  0.37726910311591322  0.38557710254200234  0.39391082413754730
  0.40220273082532088  0.41070297124280891  0.41909517632570426  0.42739660769733973
  0.43577619410494955  0.44427446772344109  0.45277051426755199  0.46121357820047693
  0.46970746723494594  0.47833124947836231  0.48697616194934656  0.49559120175839000
  0.50416442199325662  0.51272302505503564  0.52134600693030753  0.52990046989421846
  0.53863852270844081  0.54724994780909775  0.55576154728610117  0.56429103660714319
  0.57293548404695072  0.58168418169623060  0.59045352128441875  0.59910823185029105
  0.60799821572783397  0.61708722384866865  0.62623741540111399  0.63548979561675145
  0.64488896419951913  0.65461859222102547  0.66454738971553595  0.67476039827175260
  0.68520805640856697  0.69569877475440112  0.70614996738173486  0.71765612159983894
  0.72938836547738273  0.74141441878906955  0.75375979758746836  0.76631682457760686
  0.77948857526483795  0.79321388706761897  0.80748755397067840  0.82207050215624355
  0.83683409974984990  0.85225279668737186  0.87014537540547832  0.88886764896520976
  0.90919180824824575  0.93271571984695201  0.96306722227210573  1.00000000000000000
 -0.00233715653115094  0.00958473804621472  0.01953959321749128  0.03096905027996347
  0.04202831773876969  0.05217160733888257  0.06249972358533316  0.07345333180380546
  0.08425081256089598  0.09491128120281908  0.10538073280107298  0.11587974381704923
  0.12602172756282293  0.13678707833636303  0.14763083482487604  0.15852795646060783
  0.16976457228441499  0.18172115308184175  0.19317648060084569  0.20463512423509489
  0.21534265644367720  0.22616655133070304  0.23658667147909151  0.24680810557602126
  0.25685238557142481  0.26645205451420706  0.27635997414454938  0.28669323912517286
  0.29796233521053966  0.30978537594976069  0.32037135459956717  0.33067377409278481
  0.34097201130463961  0.35102929550503659  0.36116771938950992  0.37135944207010030
  0.38193343064932667  0.39263615443445238  0.40355763121340615  0.41433466650402639
  0.42468936706246174  0.43474674896076793  0.44492459657050626  0.45495755162461166
  0.46455495736648644  0.47384658891082693  0.48378221517596626  0.49444738393891385
  0.50537874783715608  0.51585096306150025  0.52613446973838518  0.53631700240016922
  0.54659962234932313  0.55696498837504160  0.56751197512438489  0.57816547840688071
  0.58897718924712694  0.60018661406543616  0.61129951367408297  0.62240517117857608
  0.63281951734259989  0.64282145846272665  0.65263993244363394  0.66251414861571001
  0.67282927810954518  0.68310218265907463  0.69375512576274234  0.70484256481781948
  0.71621884977798445  0.72768300054843937  0.73879850656455437  0.74996526842050926
  0.76153065886606619  0.77275411443305841  0.78332060118695435  0.79358144501634975
  0.80380681397224985  0.81370117258167074  0.82285432686104731  0.83180992504713225
  0.84170544561440230  0.85169317233198361  0.86181844911467731  0.87164130837499654
  0.88225838642340060  0.89322830103005613  0.90387894904448951  0.91432250467180465
  0.92477511487611053  0.93561816706960721  0.94632154891916098  0.95682732604134935
  0.96735434527561726  0.97795429189849115  0.98865567405593757  1.00000000000000000
 -0.00990275654674286  0.06181014069895727  0.09708961419211269  0.12408364222774455
  0.14774760943253926  0.16806689558287796  0.18538383791125168  0.20061167983717265
  0.21462559479056451  0.22790175626208670  0.24092516550223500  0.25333915149831249
  0.26534645364947873  0.27711590362585864  0.28882465361706472  0.30029761059231336
  0.31127833109092856  0.32159409596870758  0.33148558517313609  0.34102662311810927
  0.35029813540832300  0.35939121551265607  0.36845130312000890  0.37756930214064172
  0.38685844492025689  0.39594594203802225  0.40480537597082200  0.41365468751961704
  0.42277119821840786  0.43205213232951045  0.44102093670148007  0.44951275435500249
  0.45791709127141206  0.46606705746873772  0.47383325304602419  0.48137731504272707
  0.48871618716136989  0.49617723385405188  0.50378362480980232  0.51148128964924833
  0.51903887724263120  0.52632684600853674  0.53352017506113925  0.54062562758776456
  0.54766407459873223  0.55475091479389826  0.56189015040011503  0.56893142184902268
  0.57587672485670416  0.58292044575350943  0.58993414435039515  0.59693371856688793
  0.60355562258305784  0.61037842020709931  0.61711097554889738  0.62408107386122713
  0.63130003277813873  0.63879567820306371  0.64639760578298766  0.65388738288164361
  0.66128899972725264  0.66859321519106263  0.67572901414870046  0.68286744408060907
  0.68987636740531588  0.69671035362268419  0.70362481363226059  0.71047127433077939
  0.71734236644088056  0.72417173012290059  0.73131895157356530  0.73865717530860686
  0.74589548570017594  0.75314685398721015  0.76030693118306358  0.76759357796375505
  0.77505734125253467  0.78274950755642703  0.79051962198057446  0.79821044183682699
  0.80576612859710062  0.81360859745151337  0.82209705356117302  0.83083933140342436
  0.83968261899148555  0.84858874816327612  0.85785693950729769  0.86770309176495541
  0.87794195810271602  0.88849933954192073  0.89962641669094856  0.91198877599146788
  0.92577035668571517  0.94223049124227032  0.96514940434401131  1.00000000000000000
 -0.02126664840464227  0.14792815301843443  0.20036661994671778  0.23667962233934739
  0.26424607952217871  0.28713437334831277  0.30711285362718427  0.32505233834138880
  0.34206079367846109  0.35835166021233011  0.37317062394361122  0.38679328157552995
  0.39912203850775296  0.41056257421994169  0.42144804353981818  0.43168089367501844
  0.44129747340672959  0.45055530843186276  0.45983730373732390  0.46911840309232272
  0.47823426193478258  0.48721214558572734  0.49601880763245448  0.50430748030624239
  0.51211983805052785  0.51963584517073436  0.52674214925519136  0.53357909639709600
  0.54029733501543420  0.54700305951599937  0.55377739687008276  0.56058084789579299
  0.56726320601114311  0.57369613230015815  0.57987382343512550  0.58587865043766651
  0.59178760360950255  0.59764058661675212  0.60369662139479796  0.60934598534305595
  0.61503206262518906  0.62065598689665591  0.62621911177684009  0.63165659258931339
  0.63703476347901056  0.64231242345500505  0.64747301528624235  0.65255797491507461
  0.65764283597928608  0.66284086107427098  0.66808921548409839  0.67322012757593552
  0.67827495680993366  0.68327762508502732  0.68819324992987307  0.69302680508889358
  0.69781613505128826  0.70258173164454218  0.70733271005456577  0.71212766326020116
  0.71688670095183504  0.72166952199223988  0.72647338654287708  0.73113750637970210
  0.73571232833498723  0.74029718996461202  0.74493760682759902  0.74960694425436114
  0.75428405306283786  0.75899003734019288  0.76368063160273425  0.76846029347025957
  0.77323339808311475  0.77806885153929239  0.78293292214367205  0.78782112287040107
  0.79282840643901309  0.79799878044927874  0.80328183858019608  0.80865835445182388
  0.81421962521824875  0.81999320840855694  0.82583395965779005  0.83168700045466093
  0.83763905427892194  0.84389069067793743  0.85043038210794319  0.85758572498954211
  0.86522625689053401  0.87322457458478053  0.88255949982734228  0.89264957300761627
  0.90413888864353009  0.91883324933807264  0.94275161950326314  1.00000000000000000
   3.1941803982678619E-008  -1.0000000000000000     
 T T T T T T T T
  <DiscreteSampler_grid>
  grouped_processes
  1 # 1 for a reference and 2 for a running grid.
  10 # Attribute 'min_bin_probing_points' of the grid.
  1 # Attribute 'grid_mode' of the grid. 1=='default',2=='initialization'
  0.0000000000000000 # Attribute 'small_contrib_threshold' of the grid.
  0.5000000000000000 # Attribute 'damping_power' of the grid.
 # binID   n_entries weight   weight_sqr   abs_weight
    10   10   4.280180896905482E+004   5.226155097155435E+009   4.280180896905482E+004
    11   10   4.280180896905482E+004   5.226155097155435E+009   4.280180896905482E+004
  </DiscreteSampler_grid>
