 -0.00013499882740538  0.00574053400912217  0.01583234301465854  0.02700438436539344
  0.03898541668763970  0.05038499439932240  0.06124690892339726  0.07245738022164193
  0.08340534279488308  0.09408561403392071  0.10434669581576229  0.11451911426705662
  0.12474969884945075  0.13468743090879123  0.14425869867559582  0.15374714735328143
  0.16326452374860947  0.17229738264778827  0.18113365279731586  0.19010975414241899
  0.19930397746656273  0.20826896071338913  0.21702873808302248  0.22583117781788625
  0.23494412649153698  0.24419587850188895  0.25328991038587800  0.26200627007632216
  0.27046253684314625  0.27887783572960861  0.28739434800059849  0.29593179325948010
  0.30435833655133110  0.31260316457325404  0.32070621479290506  0.32877280469031595
  0.33671763312387065  0.34462003341710434  0.35257360100318685  0.36063556668588387
  0.36877787654838307  0.37693637659511181  0.38509435337275266  0.39331867928294617
  0.40170545163128968  0.41008762621314876  0.41827638561805114  0.42641396747543775
  0.43452839216953498  0.44256742868549925  0.45054765069112102  0.45853011575995156
  0.46655712750502160  0.47451590243931868  0.48293379317134622  0.49121647313466682
  0.49950619614824809  0.50781065570597839  0.51604860689913834  0.52419890174777073
  0.53244794179787314  0.54092260459315933  0.54978832452016979  0.55874961890854047
  0.56765685035664215  0.57647599783288161  0.58528086039096539  0.59441934786243211
  0.60397792000755046  0.61349044025820409  0.62291365769447915  0.63241791222543364
  0.64203704214402191  0.65182678473700917  0.66190535885630519  0.67251714182421884
  0.68348804199149360  0.69450666873637601  0.70561775620514788  0.71699843130957186
  0.72864259384420005  0.74044014577996886  0.75244937786620081  0.76473329920152633
  0.77709380704628761  0.78951703447745158  0.80223639605574548  0.81638983369946005
  0.83241136447848163  0.84992478617165335  0.86818124852882472  0.88685730136467844
  0.90787803046270321  0.93276912585382310  0.96277283249957779  1.00000000000000000
 -0.00239847447685060  0.01019412755612959  0.02047733681487631  0.03034563458012593
  0.04067224324308061  0.05079920261238333  0.06075368280992915  0.07023040030927059
  0.08023587121051320  0.09012940709126439  0.09984900571268383  0.10962263644985847
  0.11955807953965832  0.12933720250741956  0.13900112281754096  0.14912806118129449
  0.15961979672331417  0.17016111969452591  0.18060785402375118  0.19097600954619892
  0.20122862680168119  0.21157318030007727  0.22234062407781002  0.23354242008804191
  0.24492041082589580  0.25645298242471715  0.26788769914736577  0.27885372794029462
  0.28955909020044185  0.30050970348040296  0.31191404150090346  0.32417533569927554
  0.33596693675457473  0.34595554105351811  0.35572551405397762  0.36556893422843262
  0.37587208252149795  0.38620134995608019  0.39711298998424699  0.40828460617226769
  0.41999830615509742  0.43154610693731010  0.44341961068646518  0.45567461458254843
  0.46737343887958266  0.47925458931544218  0.49047825118877564  0.50105729668168764
  0.51125137435408241  0.52130281107740395  0.53133741711433513  0.54149706713318435
  0.55172876045229535  0.56169302405991317  0.57141062741576676  0.58101504670648696
  0.59132789225388493  0.60224717823373786  0.61320561498820980  0.62414440332597787
  0.63501355945260141  0.64583658030509095  0.65722490125115351  0.66863967472135055
  0.67949067843415367  0.69020120200961010  0.70044300948994398  0.71046798805481415
  0.72007159880933935  0.72932981977937561  0.73884555615065572  0.74915932605699964
  0.76073985986976689  0.77261635719049848  0.78386667428884671  0.79485986993602675
  0.80632392476912262  0.81844906854558386  0.83049235746970251  0.84158206570565963
  0.85190138918302261  0.86166054977313833  0.87138204669135200  0.88177912103442346
  0.89235421828900841  0.90231991680516233  0.91161749938425929  0.92083438220715874
  0.93001071490600662  0.93918438129805715  0.94833398524564927  0.95767397092625139
  0.96783415083159618  0.97843473034520967  0.98895714520955857  1.00000000000000000
 -0.00741992901035508  0.05489243008740781  0.08755652391172185  0.11255312282253167
  0.13319558467320364  0.15121705067044908  0.16766433047689452  0.18196782407843140
  0.19543747372371748  0.20841057360794060  0.22110420616130297  0.23395005731710519
  0.24741942030685601  0.26027939913291381  0.27287137544274992  0.28607362823391469
  0.29820903334868737  0.30953320284502500  0.32010527650220416  0.33034513815014827
  0.33943532847792396  0.34839426118162214  0.35695895851735832  0.36523554155288868
  0.37332414858607826  0.38139448392338438  0.38927030964761433  0.39707779369589952
  0.40524779350400258  0.41353950428813002  0.42280520513866088  0.43353323776155656
  0.44386654567830219  0.45362127317978773  0.46259676476732087  0.47137783936506228
  0.48040477203950038  0.48900826735442710  0.49704869245236566  0.50476937535788791
  0.51245910358583424  0.52026606033537670  0.52792821719192640  0.53561021540854126
  0.54331674808632457  0.55078436988774138  0.55803429131778048  0.56511313728842560
  0.57213562495081682  0.57940364534257460  0.58652265942217041  0.59425060544180586
  0.60166084506289919  0.60908816133856059  0.61642584978151571  0.62376707587573987
  0.63149095454567938  0.63945451590751712  0.64736189203704020  0.65490463537851529
  0.66221071254990027  0.66960305129295561  0.67707286564687941  0.68451649873498888
  0.69175301187591420  0.69883238908808065  0.70617335100170986  0.71392633291379692
  0.72188072551675775  0.72990164164268712  0.73805662072072209  0.74617162847213359
  0.75409327187093966  0.76195805477396672  0.77010048512575013  0.77881039497094329
  0.78792346842599004  0.79688388857399683  0.80587194906597603  0.81501593165049313
  0.82426716688403634  0.83354297259527876  0.84255745153362283  0.85127165745457256
  0.85990636129278819  0.86867755666777979  0.87778882877600839  0.88723998548379535
  0.89694828436116092  0.90718395839239852  0.91805717110124618  0.92978235863463776
  0.94261593597853943  0.95701448747876328  0.97530420103160931  1.00000000000000000
 -0.02008399274521886  0.13066646199744922  0.17773016722622764  0.21123294502966269
  0.23891343601369960  0.26127279947320720  0.28145102829062024  0.29905639173423804
  0.31573546682631892  0.33189785777765773  0.34644428566519248  0.36043714334999122
  0.37434134114957812  0.38757727190103414  0.40026315735062235  0.41240068904190946
  0.42352664781218052  0.43424157054082857  0.44463696309711020  0.45446990446124491
  0.46427129395888939  0.47414561125388210  0.48374623997898736  0.49304604165277005
  0.50206162622810457  0.51115073433851532  0.51986409423338098  0.52776323523307977
  0.53537494013140186  0.54297478794876408  0.55040744799138430  0.55752063903813054
  0.56464907237430673  0.57196074854541223  0.57916558594836298  0.58623388452916336
  0.59317048718730303  0.60020968283351439  0.60737171939386714  0.61463545393967800
  0.62182402082771071  0.62846184692296347  0.63445723706748680  0.64049739419353913
  0.64649524325440966  0.65282909204803374  0.65903707717754700  0.66502747479405200
  0.67051698904060208  0.67565360478487824  0.68067997505518862  0.68566653807256739
  0.69069800599038811  0.69589210355773223  0.70117747791552498  0.70636532559164744
  0.71136338930804988  0.71621793149427049  0.72103738191934763  0.72569450335156904
  0.73040809564265974  0.73504759664072039  0.73972892458841188  0.74433214034485251
  0.74894566575949484  0.75338078887664583  0.75782004338450593  0.76241490401824319
  0.76708869135515023  0.77190084462370001  0.77694044357050984  0.78211358748741244
  0.78692590317721522  0.79188281877859112  0.79700448560902548  0.80234940754093409
  0.80774784891056439  0.81336453314517621  0.81932299926152652  0.82519929906785028
  0.83123774012109741  0.83721897889134733  0.84315494628666565  0.84906970820652594
  0.85506082998682464  0.86120065654198907  0.86749177347952444  0.87408600227436395
  0.88102631476419646  0.88829065645951832  0.89604981564458142  0.90533823776234623
  0.91594660756052537  0.92921321000216250  0.95070280416050190  1.00000000000000000
   1.1410773063327639E-006  -1.0000000000000000     
 T T T T T T T T
  <DiscreteSampler_grid>
  grouped_processes
  1 # 1 for a reference and 2 for a running grid.
  10 # Attribute 'min_bin_probing_points' of the grid.
  1 # Attribute 'grid_mode' of the grid. 1=='default',2=='initialization'
  0.0000000000000000 # Attribute 'small_contrib_threshold' of the grid.
  0.5000000000000000 # Attribute 'damping_power' of the grid.
 # binID   n_entries weight   weight_sqr   abs_weight
    10   10   6.163513773151810E+003   1.407479029904799E+008   6.163513773151810E+003
    11   10   6.163513773151810E+003   1.407479029904799E+008   6.163513773151810E+003
  </DiscreteSampler_grid>
