0.45399E-01 0.38764E-03 0.00000E+01 45468 0 0 2619 0.57700E+05 0.00000E+01 0.45399E-01 0.00000E+01 0.00000E+01 0
1 0.035403 0.0027133 3.5619 1.467 0.035403
2 0.047132 0.00094121 1.3125 0.33154 0.047132
3 0.045549 0.00036312 0.74103 0.18458 0.045549
4 0.038903 0.0030527 3.6469 1.3882 0.038903
5 0.044778 0.00083971 1.2326 0.32503 0.044778
6 0.045588 0.00034004 0.69333 0.1338 0.045588
7 0.044525 0.0032437 3.3858 1.5221 0.044525
8 0.043865 0.00081975 1.2283 0.26905 0.043865
9 0.045308 0.00034459 0.70694 0.15542 0.045308
