 -0.00026842457965987  0.00660233813785677  0.01661586138311196  0.02757100869032268
  0.03900890085825363  0.05067537855282818  0.06172709772545357  0.07240120651077228
  0.08308292394730254  0.09362307345276916  0.10412108988596346  0.11447745543790828
  0.12456103537800363  0.13449731857808297  0.14420387751428695  0.15359269183318111
  0.16288896973935171  0.17217962595876374  0.18163491335035367  0.19115044095259298
  0.20037908735527274  0.20924764783913291  0.21794408332075710  0.22690679813327419
  0.23572126950243893  0.24404646858238979  0.25226050725629906  0.26069006314866622
  0.26915862547649716  0.27766934615745265  0.28603783487661866  0.29424566570851635
  0.30187562765740977  0.30996339391897942  0.31830537953330496  0.32667851189567426
  0.33530176131523887  0.34385371621424948  0.35228540483107340  0.36075461302621892
  0.36942956597108417  0.37844549776944397  0.38720817268790980  0.39577562503539715
  0.40433692651766839  0.41277535129585691  0.42120311238161556  0.42966785419879538
  0.43808700543572160  0.44644911864841152  0.45490352305081666  0.46334263245295165
  0.47165963505689373  0.47978161105975814  0.48789600074726891  0.49605545625987357
  0.50435958910386325  0.51276182506837553  0.52111968288660770  0.52946299761362492
  0.53776846147245505  0.54592858988446635  0.55414228079395189  0.56250825062917265
  0.57101073201660391  0.57953474440277197  0.58842192056192633  0.59759248742422788
  0.60690289849444978  0.61642546102055229  0.62591867272797974  0.63514402290935290
  0.64436337992798698  0.65373004835423498  0.66324643786083215  0.67284474273512473
  0.68254099937113777  0.69235415850078852  0.70218543537344191  0.71201285125893687
  0.72366367809491028  0.73514915828024419  0.74684209909236821  0.75895823828931841
  0.77164054257912329  0.78488516817904319  0.79898119886059404  0.81319446789090366
  0.82809814327952558  0.84409986872468157  0.86185102524323109  0.88243158292684865
  0.90464302392514395  0.93012040872139445  0.96265748733442513  1.00000000000000000
 -0.00215121807278011  0.00814322831712827  0.01773944393859568  0.02760770966740549
  0.03774274630159415  0.04736114174771647  0.05692672959223144  0.06696909106906673
  0.07751189338833345  0.08838401732689914  0.09889573503895252  0.10915350642225170
  0.11969818614960168  0.13016642199384137  0.14080830252529039  0.15169248739680766
  0.16257057623852980  0.17314660310077537  0.18388096678771160  0.19559796379969868
  0.20765774413103374  0.21969703584571618  0.23096331751212631  0.24120685063504108
  0.25128258550086718  0.26126546474963830  0.27161003453839405  0.28236392404387595
  0.29296260125091589  0.30343668804773821  0.31369109176403376  0.32324970944589182
  0.33241465603757198  0.34173081951017964  0.35104346766787564  0.36081788849843843
  0.37148251828339418  0.38248722119262674  0.39373725426411998  0.40320586571015338
  0.41251397850774846  0.42259063924215667  0.43226245889205972  0.44147708483566184
  0.45047422969211814  0.45994609812206333  0.47010163776858810  0.48044932848788230
  0.49058572014823493  0.50063709661081013  0.51130531139193691  0.52222568060111074
  0.53336763731497472  0.54505911009079311  0.55724434453539351  0.56866359985728987
  0.57885638337656709  0.58929700334727408  0.59974594705082007  0.60965790748424309
  0.61909387354568735  0.62872632702135300  0.63783685435326376  0.64666976991609182
  0.65572081600349896  0.66564582226732516  0.67663370958385161  0.68854823172993651
  0.70160657608269017  0.71444776033783819  0.72655300121563926  0.73820976652436687
  0.74937526222849515  0.76011809876890524  0.77078614398277401  0.78175251165994608
  0.79288957556950568  0.80394669844517253  0.81512182581228121  0.82635471246620196
  0.83792199825793301  0.85012817153124498  0.86217767367211595  0.87352271921813018
  0.88397051033144070  0.89417746833964218  0.90343750426600922  0.91331543039556351
  0.92281057717897019  0.93243947749950284  0.94238740264149812  0.95297161319136703
  0.96428172952754676  0.97623405610403879  0.98808135801962249  1.00000000000000000
 -0.00959063296808403  0.06001139812977106  0.09456817996286297  0.11988032790922286
  0.14163513705345790  0.16163125714716772  0.17958097545416959  0.19541606396423514
  0.21016504362770522  0.22415230210393378  0.23768607937741248  0.25041878905580156
  0.26136870979331916  0.27201105895923322  0.28273451629470292  0.29401851860928879
  0.30480054026058745  0.31540491499038964  0.32650375977060148  0.33689726906237188
  0.34616115272697340  0.35568142565168853  0.36576825030309440  0.37544680539783742
  0.38399566284396291  0.39297029298453828  0.40202594656396895  0.41119756234104582
  0.41967434569896572  0.42764839843722519  0.43554846612897780  0.44326279257221324
  0.45072057652192021  0.45806991510138861  0.46522119107063026  0.47238432753907184
  0.47955609375614566  0.48670492055941006  0.49386190499879329  0.50104469526085227
  0.50835060867415083  0.51546565476061290  0.52273394891386415  0.53036331618347576
  0.53806252612562122  0.54579312622103271  0.55359140780104465  0.56128835981319991
  0.56860929359072598  0.57562868040488968  0.58284781303911526  0.58926610578492911
  0.59615381750905649  0.60300456325683294  0.60978879904179206  0.61652485206188012
  0.62332778294480196  0.63033793357173007  0.63764298799317731  0.64508505140467709
  0.65271486582591798  0.66037377391958008  0.66776080994666864  0.67513588224650678
  0.68262096221002755  0.69014721999314121  0.69770698372847262  0.70519787969545311
  0.71248896003768836  0.71977904355218036  0.72717241472015737  0.73455497809098380
  0.74205988277098356  0.74964068422347085  0.75713280412507100  0.76451575122678617
  0.77199698758827262  0.77953302669674107  0.78684366719911214  0.79426053453482626
  0.80195998311667294  0.80984218718305701  0.81789884446209637  0.82602526454982228
  0.83435328723922420  0.84310182570099912  0.85242545410577952  0.86236228820108707
  0.87306989847021677  0.88460820273795926  0.89674758704153235  0.90945237875511020
  0.92333953122182433  0.93965916730016152  0.96285476598814723  1.00000000000000000
 -0.01983715420511386  0.13240901101685787  0.17919709147599575  0.20813026573989390
  0.23018569304046946  0.24820288358370668  0.26471995398828341  0.27992111359665367
  0.29478927183521131  0.30962373809920546  0.32270313865300226  0.33444969230425792
  0.34562924158121222  0.35615356041832175  0.36571496665343201  0.37524453027426713
  0.38435898762380805  0.39352670250325955  0.40268739807028003  0.41148697962400943
  0.41955776021847013  0.42746933621239280  0.43542960221944693  0.44370539748470955
  0.45188344361609017  0.45999027350167693  0.46810362659278654  0.47551069836964999
  0.48300524241818987  0.49045866592625303  0.49779640717397594  0.50500569980353316
  0.51206585670249594  0.51919512293706849  0.52592252775856796  0.53223733167940057
  0.53858371912771508  0.54470093465665959  0.55056606635067795  0.55626221662429909
  0.56202348309877426  0.56792026281277963  0.57397975383590161  0.57965147466156308
  0.58500652648982365  0.59042959633365300  0.59591994220492850  0.60153939955295210
  0.60721297803564644  0.61277645876547948  0.61828782076364619  0.62381759762380273
  0.62917633987822019  0.63460527420746704  0.63999612386758631  0.64551068290408076
  0.65108647261908015  0.65655451649932539  0.66208361319264586  0.66767296296865986
  0.67327891401108786  0.67884615634902090  0.68428802569953584  0.68953718018435717
  0.69431445691997329  0.69928406049179304  0.70402186544223644  0.70881728858338844
  0.71365504823651116  0.71865203179048542  0.72363086571104340  0.72862298165337480
  0.73375157871740482  0.73907047127576908  0.74433442929188387  0.74950853682698104
  0.75495800825370951  0.76057573536188428  0.76657397609337685  0.77275009240258463
  0.77904937590312384  0.78549083150687948  0.79201627805735686  0.79875791854109746
  0.80550686919185011  0.81206329159183543  0.81965956651295790  0.82758890499037585
  0.83642565635138399  0.84675695189926314  0.85761002638029982  0.87000644344382316
  0.88406846977187636  0.90169658209049997  0.93124229397723168  1.00000000000000000
   3.2061355569006276E-008  -1.0000000000000000     
 T T T T T T T T
  <DiscreteSampler_grid>
  grouped_processes
  1 # 1 for a reference and 2 for a running grid.
  10 # Attribute 'min_bin_probing_points' of the grid.
  1 # Attribute 'grid_mode' of the grid. 1=='default',2=='initialization'
  0.0000000000000000 # Attribute 'small_contrib_threshold' of the grid.
  0.5000000000000000 # Attribute 'damping_power' of the grid.
 # binID   n_entries weight   weight_sqr   abs_weight
    10   10   4.307737845413239E+003   4.867305690751590E+007   4.307737845413239E+003
    11   10   4.307737845413239E+003   4.867305690751590E+007   4.307737845413239E+003
  </DiscreteSampler_grid>
