 -0.00005210003033263  0.00059093853853075  0.00152660859347569  0.00292544730704982
  0.00474986503602169  0.00705487039087999  0.00983462085869877  0.01300517996863889
  0.01659694377448455  0.02053059549949111  0.02465061497307307  0.02922939821905217
  0.03425993544288005  0.03943389407963635  0.04482030681897503  0.05057902325101941
  0.05654712872818642  0.06248324947474763  0.06849804100041380  0.07479333460488556
  0.08149612553630275  0.08836188493627153  0.09563598042844051  0.10291851327256310
  0.11051292480401612  0.11840436910593100  0.12639568768828116  0.13465451436965656
  0.14329471159516269  0.15214205499503253  0.16126091320962213  0.17059063411283079
  0.17987235521475711  0.18927104720341706  0.19906836781108714  0.20907770070161893
  0.21917590064021197  0.22932137716204509  0.23948633631151506  0.24959073501516749
  0.25965342507495665  0.26991472555000784  0.28160600449440926  0.29365504697286238
  0.30574165879139004  0.31768340087225000  0.32942085533985066  0.34104981567540982
  0.35263752450021446  0.36408951324522504  0.37550950149179868  0.38742220880537914
  0.39946991315427843  0.41137390383171735  0.42313177311253625  0.43491982062182222
  0.44694721634647272  0.45932656798011023  0.47191812630380559  0.48508040633693095
  0.49798416694519071  0.51103843454529130  0.52437840609295105  0.53808536900137116
  0.55215229676000710  0.56611421321228428  0.58004055157126411  0.59402393106015594
  0.60801544644055405  0.62176704418675943  0.63494031012245311  0.64754769378133081
  0.66034581784748092  0.67316360316954471  0.68583693053310346  0.69888362712488328
  0.71312323348103113  0.72755149050925538  0.74195993865754795  0.75677654578002740
  0.77162864829398614  0.78608694535750301  0.80042721976634001  0.81437427373977866
  0.82906355319796277  0.84462316481995925  0.86082897758133425  0.87643407913272786
  0.89207602986388235  0.90775056120985731  0.92344701866718581  0.93908316198220521
  0.95443400182596927  0.96970087512450798  0.98490992076524042  1.00000000000000000
 -0.00276911330460797  0.01078439044625019  0.02183882810767775  0.03130287947994387
  0.04105035280958620  0.05049993234395281  0.05979360830657449  0.06916100059446510
  0.07817768263285819  0.08927091061381387  0.10125521121629724  0.11321082809156277
  0.12492735250693103  0.13692011903214046  0.14899869601884125  0.16117110984831068
  0.17318677899178303  0.18507847186123655  0.19649406297216782  0.20740951078564265
  0.21802790615634102  0.22860094685339977  0.23906060540373611  0.24930309017163410
  0.25982800110268295  0.27082051028047921  0.28187989148853798  0.29252221892828406
  0.30313095959676412  0.31359236405728708  0.32382052650684451  0.33467144660233372
  0.34624371170702450  0.35792134319449703  0.36962239689439080  0.38069157780132329
  0.39177085499776126  0.40279278275757197  0.41321207760108797  0.42305996272421809
  0.43221502327285560  0.44156418988062240  0.45111072286479370  0.46090693551094886
  0.47089547676066656  0.48144301360856845  0.49242152014425689  0.50275337233373874
  0.51253601201328047  0.52235718801435949  0.53256426731344542  0.54294825560526827
  0.55340736082663367  0.56433866720147963  0.57494190076379426  0.58524607529822392
  0.59522499369241888  0.60501538725358561  0.61442000723638390  0.62357222937727363
  0.63298597051838545  0.64286536328811950  0.65303716746638951  0.66272983716599076
  0.67298472298930834  0.68365862044498471  0.69592397378693005  0.70806280755682194
  0.71992577714372796  0.73066514811890326  0.74089096579547542  0.75110368115284676
  0.76151781574615829  0.77176972632537721  0.78194060416266520  0.79183101983296700
  0.80251982381542608  0.81294581399469390  0.82215545374226051  0.83110180312089332
  0.84061345291792477  0.85016267334817952  0.85969573211352202  0.86887369740389830
  0.87839288940619065  0.88948080799366724  0.90028099281270502  0.91124422707347741
  0.92246400359825143  0.93406100290875804  0.94561710344055872  0.95695790355523236
  0.96740672906027958  0.97812835069542414  0.98898841033441531  1.00000000000000000
 -0.00147640011739991  0.01146719037381248  0.02183098438187410  0.03069901586016744
  0.03881421128169937  0.04653388842539485  0.05408142300302473  0.06147081483501672
  0.06874169301754260  0.07538171706454010  0.08204106361591564  0.08834141199248639
  0.09426461266100990  0.10011948177819484  0.10598705620707689  0.11190007466105563
  0.11796832893885947  0.12421520465591551  0.13047184270318724  0.13692144243394591
  0.14317638424480592  0.14941778799480934  0.15566656738261322  0.16172160262877802
  0.16782391288479231  0.17416858758452394  0.18064783583975705  0.18725935633222321
  0.19396170786869396  0.20081301454742614  0.20745390915609671  0.21361952843814191
  0.21970008679669648  0.22603777626316371  0.23232678610264890  0.23851160071755659
  0.24478628687106177  0.25124187324631858  0.25778928513383442  0.26430719652556284
  0.27071110721646557  0.27700003581644778  0.28318348110161046  0.28940978018976254
  0.29552762835976104  0.30183858023004490  0.30818333360810013  0.31452893817907385
  0.32102791460667157  0.32774004995327638  0.33470909069566585  0.34182167870097374
  0.34895247121251860  0.35599459646843323  0.36289910512864271  0.36979869180533154
  0.37680613180682465  0.38383903637017203  0.39073658775579817  0.39754288039297564
  0.40447051202304890  0.41175896117721494  0.41954339109989464  0.42770743736479533
  0.43591168024506888  0.44388998394250456  0.45185994739988605  0.46033326724879370
  0.46943560526887990  0.47853646888902873  0.48730175632554662  0.49628113428750403
  0.50636175621729951  0.51690590292688199  0.52665334506730388  0.53600958849239744
  0.54582914351025436  0.55655261780156506  0.56777524237103483  0.57932390281739476
  0.59102832779422865  0.60293367812569121  0.61548938538819498  0.62864810635443724
  0.64277237068332427  0.65967546479645089  0.67908192199931761  0.69963172827749653
  0.72050328902404870  0.74132362952230269  0.76254518138691674  0.78463930749139388
  0.80992715169559892  0.84280294074643469  0.89132585361854333  1.00000000000000000
 -0.01442700152235364  0.08886463062660244  0.12476697044678212  0.15029711490232317
  0.17045060085544708  0.18602629844241117  0.19864545469796782  0.21027572544100290
  0.22125365819928119  0.23211058589191874  0.24275195809037797  0.25315515164147095
  0.26329754686477103  0.27270554356607657  0.28144147803858843  0.28989896462815479
  0.29794217169800119  0.30549042558513806  0.31292697206513037  0.32023116081933989
  0.32730753644507632  0.33417152645166875  0.34086833946517681  0.34734125788881620
  0.35370578357272892  0.36023952312591884  0.36676260441125330  0.37320598236336117
  0.37940974057450955  0.38534510978366282  0.39134428925756093  0.39754978563797638
  0.40371717949967811  0.40986233845331449  0.41592201167017340  0.42178327473292765
  0.42765989737855592  0.43345306447008752  0.43925894258379744  0.44542134627204022
  0.45184131710544428  0.45821654937237938  0.46455331630719343  0.47059513387412638
  0.47659769230603988  0.48256797717444533  0.48835482081894227  0.49392264899571431
  0.49930414547751606  0.50452228059537518  0.50977471938315400  0.51526836738790782
  0.52082909034144720  0.52726753589794750  0.53332978067075010  0.53936679128845377
  0.54544812965854395  0.55152616698884815  0.55746407046073787  0.56315461991736815
  0.56872825119617132  0.57445572712345738  0.58037767704662158  0.58660920425902208
  0.59315015980142127  0.59980714212392294  0.60621696578971052  0.61239761881604449
  0.61855816347885328  0.62481250708362512  0.63123009604830127  0.63780595836389664
  0.64439586137684945  0.65117975560048502  0.65828156793819359  0.66576529900087689
  0.67359844330419694  0.68131668187166972  0.68929561878565804  0.69734026554844020
  0.70564991653097653  0.71442546536062601  0.72349339762326503  0.73302926495712106
  0.74310759276580374  0.75415942472590802  0.76692792684830979  0.77846825558043331
  0.79071029632584655  0.80394486124277142  0.81857733962914947  0.83493583190343235
  0.85431023962489816  0.87759819710594844  0.91186787043146955  1.00000000000000000
   3.5328130314393472E-014  -1.0000000000000000     
 T T T T T T T T
  <DiscreteSampler_grid>
  grouped_processes
  1 # 1 for a reference and 2 for a running grid.
  10 # Attribute 'min_bin_probing_points' of the grid.
  1 # Attribute 'grid_mode' of the grid. 1=='default',2=='initialization'
  0.0000000000000000 # Attribute 'small_contrib_threshold' of the grid.
  0.5000000000000000 # Attribute 'damping_power' of the grid.
 # binID   n_entries weight   weight_sqr   abs_weight
    10   10   3.425009625092770E-002   1.736508859226163E-003   3.425009625092770E-002
    11   10   3.425009625092770E-002   1.736508859226163E-003   3.425009625092770E-002
  </DiscreteSampler_grid>
