 -0.00017649259884167  0.00136900057450494  0.00265331937524233  0.00445819231116842
  0.00674750341531558  0.00949579288480407  0.01251214491464881  0.01600013828520007
  0.01974129849884320  0.02405683041049204  0.02868160103433710  0.03351886895034009
  0.03881913909337678  0.04474266206095306  0.05083912090994550  0.05687981857087529
  0.06323184991081043  0.07023273906848479  0.07773896303614905  0.08527585134940648
  0.09256231213563382  0.10002911168323363  0.10791634850347524  0.11621259932751676
  0.12490961040737951  0.13375814520370735  0.14278841905481388  0.15192476464333340
  0.16098518070920254  0.17017972932841202  0.17932675112556892  0.18864592261185631
  0.19813205878490542  0.20813338498209288  0.21895017681281814  0.23013228350285297
  0.24136370971313578  0.25227916555795077  0.26299104988001232  0.27382637445975561
  0.28487154798018616  0.29601722816614978  0.30718693192046831  0.31826447459342799
  0.32952958563431467  0.34101752301666494  0.35248177098701305  0.36407389487824060
  0.37578023363626950  0.38758924522670740  0.39930596948099206  0.41085734593881529
  0.42244550971555195  0.43403775749307133  0.44596388053540875  0.45810001910713655
  0.47014071059199236  0.48214012441903542  0.49424671754194716  0.50624552757089425
  0.51812849523483162  0.53004148485125679  0.54194336181359826  0.55388742757301757
  0.56569993412036934  0.57748305374796172  0.58942392005363820  0.60162714840137144
  0.61431387573514884  0.62703694098014262  0.64017260601889847  0.65335485246688463
  0.66629780679805040  0.67903567278185029  0.69177900243297741  0.70470586143160230
  0.71785484561037549  0.73141426710828161  0.74517222024842489  0.75916820865386558
  0.77346662198433924  0.78779518897855683  0.80267575069442754  0.81776929412360988
  0.83265807270115255  0.84736082323446438  0.86257055404221183  0.87803766218727053
  0.89369821763642177  0.90933972419189357  0.92473787383203188  0.94011502411464076
  0.95525750828673262  0.97025747635596882  0.98516129450460099  1.00000000000000000
 -0.00277133254967825  0.00988421176925062  0.02041540172311678  0.03040373574307829
  0.04028126580995596  0.05080226315058494  0.06146661522133827  0.07191328799348629
  0.08239704357001816  0.09331911098163462  0.10403834923488783  0.11448182527323066
  0.12487481096364260  0.13563040097290846  0.14650733745306355  0.15775514652741421
  0.16928585003678689  0.18068618365979619  0.19148653978534885  0.20192467811709375
  0.21252633013731528  0.22314250269455388  0.23394937075526473  0.24517795836299211
  0.25666904214503489  0.26817904252822605  0.27929277716316875  0.28998845167451615
  0.30023557329905615  0.31039936562045872  0.32072831916487377  0.33105368435426735
  0.34114176798794671  0.35116118813624031  0.36125414192294325  0.37133466996394598
  0.38146016393278331  0.39179667934513046  0.40182261470952457  0.41182057921801185
  0.42195536510386061  0.43228292558432735  0.44264973748070530  0.45279696408962372
  0.46302676604811871  0.47364024113326514  0.48486341517864923  0.49637455750246362
  0.50757223601414680  0.51818094299498085  0.52818135891195050  0.53806556390534022
  0.54834670831785204  0.55915037292161140  0.57039520317741632  0.58156385066873484
  0.59245892358835373  0.60290006671048302  0.61277233655666941  0.62251544978574169
  0.63228101925540570  0.64243211745536488  0.65238448147958950  0.66233040936982901
  0.67214920880801587  0.68218824512481691  0.69262810717260270  0.70349923439615225
  0.71436736312106530  0.72452754902491501  0.73513173878850180  0.74618065854551197
  0.75766142824931648  0.76862208521269881  0.78004624706546699  0.79153595957247247
  0.80273761969174129  0.81380315577558116  0.82568936241408264  0.83706786912388054
  0.84709300402870902  0.85767226307676692  0.86824077881570938  0.87848267662756996
  0.88824396763972802  0.89826734999241631  0.90886729468858918  0.91939077675845982
  0.92975326150954207  0.93993278639048150  0.95007269434167940  0.96048227710632217
  0.97034928772613771  0.98012266157092864  0.98997689946287304  1.00000000000000000
 -0.00112902274264155  0.01327339471935760  0.02496397168363867  0.03413061860085565
  0.04302821573037989  0.05040512767444081  0.05747122056305945  0.06428194400581656
  0.07100180652017846  0.07774781118981058  0.08457880201965749  0.09138265540367754
  0.09794753112454616  0.10425323801479386  0.11050917205141306  0.11683511873687298
  0.12317729725133042  0.12973390440883120  0.13645421339827232  0.14326781985841722
  0.14969526703382349  0.15582023508743290  0.16175158467623030  0.16752327363861882
  0.17315694424034025  0.17873821785630165  0.18431969964176870  0.18993750143588634
  0.19569321688634242  0.20147552252012318  0.20728591260677912  0.21328372023595357
  0.21946404025352592  0.22549060848386263  0.23215936273211060  0.23888201654648358
  0.24572540062154768  0.25212554745968246  0.25825661882368733  0.26435981996531860
  0.27039929249704842  0.27631478257564018  0.28210979657459467  0.28787342931804655
  0.29392443512898242  0.30054085744795794  0.30715391014846799  0.31391428795282889
  0.32047535337812494  0.32708476207841730  0.33367433705406457  0.34024976368858456
  0.34710954359663670  0.35405959477878801  0.36064088130281285  0.36708172434104214
  0.37377969962641899  0.38108746115564973  0.38841118399150265  0.39550695736021885
  0.40256483748863953  0.40973081821045521  0.41719212019957802  0.42490439533925245
  0.43270845522289753  0.44045441489311438  0.44792442827653223  0.45551291310917441
  0.46337887115878668  0.47148990435210053  0.47987896238912114  0.48871624803750924
  0.49768288014489248  0.50670187417716905  0.51571289169016477  0.52477449346045535
  0.53411249574178510  0.54414264439617999  0.55478721809943088  0.56560506158832635
  0.57658402552538102  0.58907130946095532  0.60227291404238525  0.61531824940465685
  0.62874409930300867  0.64321636035956542  0.65904017334148357  0.67574003684044326
  0.69409753927440598  0.71548611208000157  0.73942305487364035  0.76468414805289697
  0.79242704421157728  0.82620219761478408  0.87697011477201559  1.00000000000000000
 -0.01575036515729617  0.09360105154486295  0.13272308716219239  0.15915573656371435
  0.17905393778837539  0.19514218944309289  0.20945618567235552  0.22235404582989479
  0.23395587198786127  0.24472733819624473  0.25441052254479352  0.26355362611142247
  0.27260678209046846  0.28136304721317285  0.29001700210009324  0.29818265217662177
  0.30604115561584266  0.31367976408495657  0.32134676719298000  0.32883752008914535
  0.33614151360833117  0.34342491446107892  0.35074466396927345  0.35775151368081293
  0.36439341549529963  0.37102329344387325  0.37764107420322801  0.38425202971367528
  0.39078868859016647  0.39716786481223715  0.40297282428771147  0.40890605516978162
  0.41512715206665202  0.42160346868173015  0.42815700982713406  0.43444814011504029
  0.44017700165047452  0.44554966865287465  0.45079562125359779  0.45613835201628411
  0.46174496117209973  0.46752074467251453  0.47327178891399790  0.47887739671001633
  0.48435391948122569  0.48990772312188136  0.49555436224137328  0.50116926946641116
  0.50690057228894392  0.51251198146580401  0.51807433345236087  0.52341698329402331
  0.52875934363968657  0.53423385198213202  0.53989603684199194  0.54576417186806425
  0.55167673425014685  0.55760342321676426  0.56336675631147981  0.56887699775130141
  0.57431235321550456  0.57971216733893738  0.58524119396423779  0.59082225486970386
  0.59637710201333105  0.60185859502099570  0.60731645670140766  0.61288097836104660
  0.61865137139367299  0.62457314548747611  0.63067664046385119  0.63704657391709607
  0.64337806484546955  0.65023802478988391  0.65729201288663741  0.66462343276384106
  0.67235006670452568  0.68062181116202392  0.68888579123213267  0.69706075419134139
  0.70552805882892655  0.71452863723664151  0.72389854462119563  0.73316509604327296
  0.74238141820491144  0.75205401676362094  0.76184935085074568  0.77239410312122736
  0.78330546161026837  0.79503129964127406  0.80786045257041783  0.82262515620627974
  0.84069709411583626  0.86435042546976271  0.90389505538075610  1.00000000000000000
   3.6681723207303033E-016  -1.0000000000000000     
 T T T T T T T T
  <DiscreteSampler_grid>
  grouped_processes
  1 # 1 for a reference and 2 for a running grid.
  10 # Attribute 'min_bin_probing_points' of the grid.
  1 # Attribute 'grid_mode' of the grid. 1=='default',2=='initialization'
  0.0000000000000000 # Attribute 'small_contrib_threshold' of the grid.
  0.5000000000000000 # Attribute 'damping_power' of the grid.
 # binID   n_entries weight   weight_sqr   abs_weight
    10   10   7.153242696680684E-003   6.760696733859120E-005   7.153242696680684E-003
    11   10   7.153242696680684E-003   6.760696733859120E-005   7.153242696680684E-003
  </DiscreteSampler_grid>
