  0.01092983058288290  0.05125804757907297  0.08031046749135501  0.10440451001664633
  0.12515641910895467  0.14284268876400705  0.16008781099112329  0.17630329107703582
  0.19203134814028358  0.20795263852487689  0.22323025728374632  0.23786955347652938
  0.25208533117322357  0.26544773780026237  0.27902053010898964  0.29308451132852087
  0.30831865141214082  0.32241477977420979  0.33626527434941250  0.35022083494004225
  0.36345307857131731  0.37606731366178919  0.38864304212246265  0.40090975298905462
  0.41293139783503957  0.42506351319818497  0.43709100867387174  0.44874443629981570
  0.46054549323498001  0.47262587512171617  0.48468189277644652  0.49620897801342628
  0.50775679005698338  0.51948508079084910  0.53070408167551264  0.54131249680224336
  0.55200721738771497  0.56298706627433770  0.57344979659568207  0.58398945849587358
  0.59506471438019615  0.60645891151449249  0.61715215130410983  0.62753571239259753
  0.63768873543870142  0.64795542920355176  0.65782940654866384  0.66735681683077275
  0.67683147742518390  0.68651189893591047  0.69655901221244498  0.70653893181011895
  0.71597950279672051  0.72500247186706324  0.73430680412599258  0.74411164308495792
  0.75417236708924718  0.76409590256356819  0.77372024678108253  0.78330408619198721
  0.79250186498608255  0.80117709111140778  0.80960720386345586  0.81794411991335103
  0.82612790921687007  0.83428412366262295  0.84260906677873948  0.85088450832497120
  0.85860439418168266  0.86567043608865668  0.87230732385646681  0.87888953068535103
  0.88567907187909523  0.89251895440571671  0.89964773590299285  0.90679415431771804
  0.91339972514758205  0.92002257233220630  0.92649973974682265  0.93287326327667242
  0.93899793196636450  0.94477453849816084  0.95026207937181673  0.95566699428535640
  0.96108621515989046  0.96630065364527884  0.97120522559527467  0.97561959118676056
  0.97933426663646583  0.98269048982686391  0.98578231452713927  0.98867664918760634
  0.99135215733972892  0.99387408351378070  0.99692209195566850  1.00000000000000000
  0.00848065836102620  0.01845950068141087  0.03136990888089155  0.04348337207707496
  0.05419463891845872  0.06415126917531004  0.07411751719118868  0.08434790789835149
  0.09433644999569514  0.10376319211846642  0.11280553728345381  0.12185882930344819
  0.13147781863844529  0.14142607815257768  0.15190831422574996  0.16208062922659452
  0.17146383613669366  0.18041985759456924  0.18946915890354957  0.20028088272066646
  0.21116457341042061  0.22205850708175975  0.23302304598777224  0.24563942278995410
  0.25687890032977873  0.26740041053085950  0.27767341512571775  0.28747962734919913
  0.29702890643642527  0.30639731991931340  0.31578291453908525  0.32520787452068695
  0.33459870967208827  0.34450290936422073  0.35507491813261927  0.36606211460731880
  0.37686090512612319  0.38738693751627817  0.39782043415300805  0.40852042201668620
  0.41951819931312162  0.43040790834091786  0.44125514393504545  0.45245570957314341
  0.46418044408744402  0.47592714126479219  0.48698798035087620  0.49703512389373689
  0.50619837270966239  0.51498670712991579  0.52460639226883798  0.53542066631887120
  0.54725326349989167  0.55916271265621864  0.56967274017790304  0.57971839486751775
  0.58886358112077486  0.59787952327447658  0.60741671700742417  0.61702468693886914
  0.62646229733754255  0.63675186589024357  0.64735929828738648  0.65830504778293519
  0.66894127225788957  0.67908244080508584  0.68934500598064807  0.69949898135852018
  0.70932431964498188  0.71956768862439635  0.72948623702007664  0.74117520860759811
  0.75179763386156195  0.76201373417765017  0.77202554141149671  0.78182889665483501
  0.79146752024456746  0.80078973144289445  0.81081185442796333  0.82125639500030301
  0.83137261699963660  0.84168174362034454  0.85284414158422450  0.86472147244207864
  0.87546628226930778  0.88492926724717580  0.89429804168752625  0.90490216695766512
  0.91584428059422740  0.92602245391543947  0.93627777355079456  0.94761929702811265
  0.95960760126132527  0.97040314438110009  0.98060800100464451  1.00000000000000000
 -0.00088078505132005  0.00433520055018549  0.00684683848581719  0.00941334891902972
  0.01230932458639610  0.01586133281912775  0.01968003090984072  0.02342483951033689
  0.02747834646670576  0.03206730041529753  0.03675114987197475  0.04132697411899160
  0.04679456008332558  0.05299247297950014  0.05897126563653184  0.06501003132755781
  0.07157254842869688  0.07802327218557296  0.08433362122985588  0.09120757095050483
  0.09844859186376829  0.10555246553116931  0.11288096604206443  0.12085211490814510
  0.12920907185030722  0.13743610001614520  0.14580361533147718  0.15417850809795994
  0.16266246308706558  0.17164308632696823  0.18056184346513632  0.18983685310349188
  0.19942274429649298  0.20912979949010763  0.21883504877387128  0.22853350907631598
  0.23803760662586515  0.24732883010028570  0.25662393735609845  0.26657252483006943
  0.27733187332845177  0.28868305500479313  0.29984378140814383  0.31080460264121956
  0.32181645165915312  0.33276296109130443  0.34416004537318984  0.35614569342890373
  0.36855108900773059  0.38058364353104723  0.39162999628167339  0.40245223267694158
  0.41372244416713749  0.42553124091318173  0.43770493614320666  0.45010152351840038
  0.46262527907844475  0.47494043331884445  0.48766627818287733  0.50064414200936647
  0.51363992238444156  0.52690066040442884  0.54045553845971450  0.55352639619225674
  0.56642241000351723  0.57908058682425778  0.59156416494904618  0.60436749297465497
  0.61724495605424889  0.63042964523493505  0.64420840350895558  0.65861176116740372
  0.67298649778442532  0.68659365217268542  0.69977094442220389  0.71307938629928203
  0.72682593342611623  0.74083026907434102  0.75489108387820125  0.76920773464393877
  0.78336984927502218  0.79740796601436215  0.81168275274400081  0.82634229707143969
  0.84083654879175274  0.85520859318007303  0.86984092403679159  0.88408771564425537
  0.89774975451066297  0.91108623777251452  0.92451216826471261  0.93880464393299468
  0.95348952309988433  0.96874588707142428  0.98447153425043465  1.00000000000000000
 -0.00221882796391094  0.01021020503236404  0.02094707058188168  0.03214081124031559
  0.04278559041161023  0.05315451176566358  0.06335922343076045  0.07330041460829968
  0.08324365661728912  0.09360698856647889  0.10494932709188876  0.11552107840393092
  0.12529109515804901  0.13451639527540260  0.14357286006812567  0.15297081112997840
  0.16228662667666308  0.17274474375976501  0.18379751535639435  0.19494699643273167
  0.20616426836819390  0.21699062149332463  0.22732506450567119  0.23743618150103529
  0.24737591240521953  0.25740339717807026  0.26773901421809976  0.27852828776857291
  0.28984531622103582  0.30085717156321334  0.31179488784036075  0.32260473699206299
  0.33302825069364300  0.34303304689623010  0.35302604833784357  0.36322867665532843
  0.37365919836932759  0.38447421490951106  0.39581552417703808  0.40779561346921672
  0.42004813579699229  0.43253149603878488  0.44455107301994956  0.45538112343333914
  0.46622925869764775  0.47702201044324172  0.48830146511142286  0.49965372205794878
  0.51141200411840426  0.52248509820904043  0.53260649269745397  0.54182511082502771
  0.55157629745251613  0.56120667813657166  0.57148850831409437  0.58118801008603382
  0.59157428608703333  0.60196855180429254  0.61228942133902520  0.62296210663860696
  0.63411212207555967  0.64550206538264543  0.65664718137228628  0.66767450778660453
  0.67870524245635511  0.69006998187680102  0.70156382818387730  0.71296261242239944
  0.72387450350418170  0.73449576026988306  0.74493069536607015  0.75492833224852540
  0.76470582911365670  0.77409453313121646  0.78390087560265242  0.79432325155722694
  0.80509644287878013  0.81589942213690470  0.82685619272274713  0.83807381248543877
  0.84942240418177872  0.86084882689752940  0.87201283113647821  0.88322858608240284
  0.89441535887860046  0.90538307047604860  0.91586925694353150  0.92595568553945318
  0.93553029010567290  0.94484106203138507  0.95402251289146700  0.96315607231306721
  0.97261878257158696  0.98231015892400131  0.99138750805019926  1.00000000000000000
 -0.00283958955287308  0.01020492066406823  0.02165991120325644  0.03386788275676915
  0.04515433351502498  0.05620134748944258  0.06764420050636638  0.07907174962771839
  0.09056445625981668  0.10179370800191655  0.11302570108999387  0.12411478119584581
  0.13475412155800892  0.14498136812361673  0.15458598437573048  0.16379967205813298
  0.17311377269286640  0.18286486922442480  0.19222281556103826  0.20109626620842547
  0.21005738365171620  0.22014859152388097  0.23142386684422245  0.24256494646738827
  0.25300819774247346  0.26300330123518700  0.27296549528205211  0.28256293323016751
  0.29243126790001611  0.30362145391431428  0.31527990195025257  0.32623162577862636
  0.33676750525063870  0.34719511995323954  0.35740583327203029  0.36670673846790247
  0.37585292006953119  0.38518706843974648  0.39556775016145584  0.40642156180763211
  0.41646606455619128  0.42599039974690983  0.43567378870661666  0.44539632496714709
  0.45596354520799176  0.46705598334745752  0.47776651530404551  0.48759121137838202
  0.49707936783223378  0.50704438920517947  0.51812455389205236  0.52908172480680937
  0.53960725057730174  0.54965911898229314  0.55990921162716190  0.57073559238396687
  0.58173339274199898  0.59285446521943774  0.60372257803994733  0.61485255946895778
  0.62642361266288560  0.63763582878957448  0.64799109914124697  0.65818357546241646
  0.66862985540043574  0.67980324491871236  0.69079204667444949  0.70193972314933550
  0.71300329879408164  0.72433540245904027  0.73646422487644936  0.74872609591462791
  0.76003982430369854  0.77068472188502357  0.78076885458740608  0.79097732183842595
  0.80159673659298569  0.81249298294674721  0.82342452490703233  0.83364918084280815
  0.84451203097970884  0.85542372725200155  0.86668052956253383  0.87755186282955844
  0.88859964543947423  0.89874743712957017  0.90920073483915231  0.91925604918432435
  0.93126487044251227  0.94278002636017044  0.95436543507161764  0.96425152160441541
  0.97376851080412319  0.98324502394946123  0.99175533143333938  1.00000000000000000
 -0.00192907879024325  0.00869238040120674  0.01802136860754964  0.02822321772772591
  0.03839975068367017  0.05003646958759091  0.06175426510968018  0.07363683022622980
  0.08510921413481674  0.09602299473905593  0.10686137933427822  0.11750975361131921
  0.12853676211323911  0.13979366225398945  0.15069753340305242  0.16111848787529642
  0.17196046525252184  0.18322389779800194  0.19387319702599579  0.20455080716076618
  0.21550604076878471  0.22514564386187425  0.23365155822705666  0.24235457548379827
  0.25195044427205882  0.26242518420903538  0.27280016576159982  0.28314725776328870
  0.29318351393491165  0.30302591073892393  0.31317780861523875  0.32346157285100907
  0.33377210612078345  0.34412794126595336  0.35456453198608084  0.36515108372665717
  0.37551632573904975  0.38522953510945429  0.39436060108043658  0.40344523679079586
  0.41329519568359585  0.42376692264783722  0.43386569413481496  0.44460422534775013
  0.45503850165028498  0.46518825879584874  0.47500757439873104  0.48550212912479834
  0.49723853900197823  0.50992741846157197  0.52271438456114261  0.53471639369633095
  0.54609871956861955  0.55745770254597249  0.56821319185827757  0.57877391611354689
  0.58876443857769656  0.59796509145937160  0.60727096969327543  0.61698724299260510
  0.62773007882762932  0.63837415327097535  0.64839196359453322  0.65838190257083440
  0.66913053606590789  0.68036901457187016  0.69100962135388899  0.70122637977393987
  0.71185285781220664  0.72270916686004461  0.73370574590560278  0.74503161943565699
  0.75697063585806834  0.76878324757439709  0.77990003319828360  0.79070485838321902
  0.80167930055072789  0.81277760991299219  0.82374194045137994  0.83499557332941077
  0.84629093181239112  0.85743783951186625  0.86830411164516741  0.87929052843677435
  0.88972737733909779  0.90027509771643077  0.91045909053517904  0.92140958564964315
  0.93162422634667663  0.94174049465515131  0.95135676266445834  0.96115960379295429
  0.97073760757419758  0.98066221722921587  0.99054935845101044  1.00000000000000000
 -0.00214697875139720  0.00750355997390146  0.01641047261104809  0.02436273444216987
  0.03224125984098061  0.04076147025310625  0.05023808987811512  0.05929068470216024
  0.06811177299045351  0.07722922814028986  0.08723531362943036  0.09864206665550035
  0.11009325830427175  0.12107341012250285  0.13204985532664062  0.14291173615400055
  0.15453673607655383  0.16623046694553947  0.17731755484036971  0.18801019434022678
  0.19905592470519390  0.20929031735929071  0.21996248649850336  0.23108945574395773
  0.24417034433576743  0.25628268466600501  0.26807463869736792  0.27901325840562069
  0.28987461879866877  0.30029559914449044  0.31053612438252687  0.32089051930224471
  0.33125614802536002  0.34215530024152668  0.35273784652296963  0.36423835465725918
  0.37509283938829735  0.38734715922917307  0.39902435423620880  0.41112140433234495
  0.42257464349242302  0.43352422392291967  0.44399635577837365  0.45408474178081409
  0.46378429247727848  0.47334368276848188  0.48340497011380407  0.49318202173236148
  0.50330520657655053  0.51350796760122619  0.52364516823012441  0.53386572264357890
  0.54409409111358076  0.55423715365247495  0.56419629068591171  0.57409006292404574
  0.58480814475279796  0.59682897716257055  0.60973540736771936  0.62147469064451666
  0.63202383770232951  0.64228571072517071  0.65266652414351567  0.66357100970923000
  0.67423882268915791  0.68434810163336268  0.69414637508146726  0.70415568857963984
  0.71464781966099100  0.72482157215881082  0.73514937802045943  0.74571721769227350
  0.75629250556011918  0.76733234293027230  0.77941978918529542  0.79183221370288126
  0.80325250187428832  0.81452810814359733  0.82589930352883600  0.83698261770674798
  0.84777258618686047  0.85847992590110134  0.86947757847671203  0.87969887158933902
  0.88981024244902918  0.90007023382849294  0.91063653981406123  0.92051904310189414
  0.92945303011844049  0.93838432636009228  0.94774547354183025  0.95755986602861154
  0.96731225437266177  0.97702260410829189  0.98831008163154022  1.00000000000000000
 -0.00248254034319697  0.00975234648189029  0.01992584792737523  0.03031365171139251
  0.04008418118853636  0.05004861261113130  0.06026311985121877  0.07094435660755212
  0.08165732229319472  0.09218069877059147  0.10296018489618652  0.11375597113234084
  0.12430394966250442  0.13452204191031306  0.14435980953484656  0.15508969308751194
  0.16614308643233813  0.17803508419091699  0.19008135465472245  0.20208998576475706
  0.21439358552938559  0.22623528547345159  0.23774853871729670  0.24899217233248980
  0.26000691102372431  0.27099947349929682  0.28191345795793477  0.29273172926235236
  0.30337924325079207  0.31396373853956627  0.32473456201705941  0.33629547145952060
  0.34855516294462940  0.36093816713939963  0.37189029069141000  0.38119073331380876
  0.39016970433859383  0.39927041382658474  0.40847483979176974  0.41811784849502093
  0.42821029946011624  0.43937292759210705  0.45118334116126069  0.46253389682320356
  0.47337054938606576  0.48386788535880682  0.49381709158005410  0.50352325630139128
  0.51331699144516674  0.52360357797646406  0.53402315083334995  0.54414708588457394
  0.55411971473296917  0.56440667888477247  0.57498091359427428  0.58527555352333360
  0.59587126216470354  0.60681378451813472  0.61803234929278661  0.62925102100433616
  0.64058494284281831  0.65212522440762044  0.66300565586271698  0.67356421955048473
  0.68390506227096870  0.69391137850641571  0.70371517227849401  0.71371476798226285
  0.72372971412994402  0.73405864578454882  0.74453116553072041  0.75486030854782404
  0.76514752545004605  0.77519667858228036  0.78573436137694808  0.79653413878846246
  0.80722710101088047  0.81795909729956839  0.82878157370610672  0.83963506171446389
  0.85039934556820074  0.86072262715443237  0.87083888859489522  0.88105306662552196
  0.89082464527372784  0.90053538842112957  0.91034176245332932  0.92025032106437155
  0.92987404324474965  0.93901636017956591  0.94811252922960310  0.95782574322134262
  0.96848642634375259  0.97945248617432712  0.99009373791486543  1.00000000000000000
  0.01353170427572463  0.03692216503675487  0.05025970185995096  0.06004426236572575
  0.06842176146625931  0.07745217024168906  0.08681568718313286  0.09575730847812844
  0.10450290117964024  0.11278676146463214  0.12057662435125466  0.12856168837480644
  0.13661440164882171  0.14469555462886363  0.15250509886318644  0.16024908934891394
  0.16730485650914240  0.17393542130100068  0.18044090352685913  0.18695862816352310
  0.19359890244624933  0.19995917888923029  0.20609256654945221  0.21196751408993808
  0.21774342830549409  0.22360770478566183  0.22981359039841498  0.23663302321460142
  0.24372728018153691  0.25082909787382168  0.25814620857550458  0.26532480081507698
  0.27236957725189426  0.27920378782259037  0.28612461288984314  0.29331825947952400
  0.30071094231967682  0.30807304294398635  0.31555561763051121  0.32283960718053462
  0.32989906415570214  0.33699036538576377  0.34412455477255954  0.35124013489267292
  0.35822875365465623  0.36525203595228251  0.37266188495472558  0.38025495969646106
  0.38817002836488274  0.39592329979051699  0.40388774303831465  0.41176457496785318
  0.41908170444556392  0.42609544372105906  0.43318114925408296  0.44041747937189840
  0.44767633766735865  0.45493190945601963  0.46224569787432479  0.46964469635157635
  0.47723654408977628  0.48460572394655849  0.49160768879000172  0.49901617908329993
  0.50670588323300725  0.51483673661682683  0.52243989729967466  0.53038586583843417
  0.53819705941575158  0.54677240774686309  0.55550494255179739  0.56525895739803400
  0.57484475943774593  0.58424474229876555  0.59375239937800162  0.60352065469022131
  0.61344184591651785  0.62417448220239069  0.63481872284438756  0.64514742176320117
  0.65532875202368412  0.66573929853584823  0.67731509268604806  0.68974755996552861
  0.70268116798708669  0.71586711636464406  0.72911309042589867  0.74350083344012952
  0.75866576240025618  0.77519327414452766  0.79360964578858950  0.81448337284791739
  0.83772472324646297  0.86474344283431570  0.90451661315588694  1.00000000000000000
 -0.02077180257465127  0.15356161680393132  0.21300346642206186  0.24716977758525893
  0.27255414961919039  0.29269482019140841  0.31032604392142260  0.32626778759894315
  0.34215917743008661  0.35677645056189727  0.36987559440415635  0.38152420981353175
  0.39311768026274052  0.40355573905551884  0.41333564708037762  0.42237990266720465
  0.43071914038825487  0.43897207028264895  0.44710562656802844  0.45579223544874364
  0.46433146261963515  0.47237631761074567  0.48013277871707105  0.48751726283587032
  0.49450569348788864  0.50108412026820859  0.50729652709992179  0.51376255702679108
  0.51972909876985662  0.52553581566236163  0.53123355053791099  0.53707600913674824
  0.54287084292134347  0.54816634014922361  0.55340349012241974  0.55856831914437688
  0.56395662143588543  0.56921876953584316  0.57409918522651071  0.57884513841573926
  0.58359912944284509  0.58842459986253848  0.59352648932886087  0.59853727113654431
  0.60341423634044855  0.60832397486004197  0.61332456959504578  0.61840174535207526
  0.62344387508391663  0.62837158926342018  0.63328411039950416  0.63821050600737494
  0.64342837578746537  0.64878848404535527  0.65408489497105093  0.65919275064420435
  0.66412629752903019  0.66901756278397728  0.67397131235672325  0.67901258988817537
  0.68437428993369975  0.68986084093072042  0.69531437711012234  0.70070761660397551
  0.70606903822751466  0.71133080388358472  0.71630523109940036  0.72130332411923048
  0.72622298388286288  0.73100491868117412  0.73577324073446504  0.74061926213591300
  0.74565450084828366  0.75085975576891562  0.75614519287881876  0.76143279210299353
  0.76659660952066166  0.77178808401983745  0.77759624533083049  0.78383138963682586
  0.79033318465584212  0.79673256481085331  0.80303963066832174  0.80938017286884467
  0.81581748100082485  0.82245140677503059  0.82937631718852756  0.83682970181890348
  0.84520907752591956  0.85461985987179689  0.86494504669103356  0.87685336892507160
  0.89080786259289180  0.90826152180156794  0.93353618546923933  1.00000000000000000
   5.6525751987647466E-055  -1.0000000000000000     
 T T T T T T T T T T T T T T T T F F F F F F F F F F F F F F F F F F F F F F F F F F F F F F F F T T T T F F F T T T T T T T T T T T T T T T T T T T T T T T T T F F F F F F F F F F F F F F F F F F F F F F F F F F F F F F F F T T T T T T T T T T T T T T T T
  <DiscreteSampler_grid>
  grouped_processes
  1 # 1 for a reference and 2 for a running grid.
  10 # Attribute 'min_bin_probing_points' of the grid.
  1 # Attribute 'grid_mode' of the grid. 1=='default',2=='initialization'
  0.0000000000000000 # Attribute 'small_contrib_threshold' of the grid.
  0.5000000000000000 # Attribute 'damping_power' of the grid.
 # binID   n_entries weight   weight_sqr   abs_weight
    10   10   1.841748878143326E-044   6.977882607343466E-088   1.841748878143326E-044
    11   10   1.841748878143326E-044   6.977882607343460E-088   1.841748878143326E-044
  </DiscreteSampler_grid>
