 -0.00009906888541916  0.00092910239556924  0.00201629899167863  0.00358454587542325
  0.00557738470483266  0.00797159988728180  0.01090278033720653  0.01417780330084036
  0.01774703107711761  0.02157682790119964  0.02586772626497064  0.03051653787471745
  0.03536074498088553  0.04055969541075982  0.04616256555094508  0.05192369137535657
  0.05776729775392380  0.06394257679819824  0.07038409262312328  0.07697483688468711
  0.08372856556531844  0.09071227072063096  0.09778058800356228  0.10507552573546954
  0.11243810562926480  0.11998767236977573  0.12773006756048086  0.13556542233502311
  0.14354167973189738  0.15189232964914165  0.16084410174432173  0.16995756529016612
  0.17912233958176402  0.18847817489507881  0.19764689575320893  0.20682188765679391
  0.21648181615553361  0.22652716850545548  0.23671893431716365  0.24708212451321318
  0.25696189095092914  0.26716639206373494  0.27770708678858513  0.28874516067384121
  0.30022094215513967  0.31213197752904520  0.32445582879045703  0.33696732126681134
  0.34941116921426352  0.36111088284662662  0.37314684345706733  0.38534536398561459
  0.39781174685522569  0.40989463381534541  0.42158871091959588  0.43343552871963487
  0.44550444537373568  0.45805959690307835  0.47099309404261458  0.48400616848490691
  0.49693808038743575  0.50985073240362755  0.52286741309636664  0.53606361873685904
  0.54922640362203512  0.56279261890444188  0.57724509216994357  0.59154236915522229
  0.60545797324740003  0.61939842289161962  0.63318650324543457  0.64643191276322243
  0.65968357652586296  0.67294770306042972  0.68613920321297173  0.69926054111618818
  0.71289673101168127  0.72710393698313469  0.74164584568760972  0.75640966134746812
  0.77129737480828231  0.78622527792772579  0.80131770781273437  0.81605436744871918
  0.83080651370415715  0.84578697457863461  0.86107592007649014  0.87671900975795281
  0.89245837700131692  0.90826066308707731  0.92409939822754550  0.93995892268434955
  0.95531036931647195  0.97040210019349937  0.98529308234307489  1.00000000000000000
 -0.00275176976856124  0.01095848111374427  0.02208080364047785  0.03145301551241022
  0.04099068605445959  0.05030515177516617  0.05935114807841681  0.06879504233324052
  0.07754668271988700  0.08852162611746013  0.10034748226168112  0.11252497256924635
  0.12480603337501311  0.13731107536345716  0.14958895058721036  0.16178949695555295
  0.17361118245605897  0.18535825978791304  0.19668656842589316  0.20754099012503413
  0.21803308655706727  0.22838494674966758  0.23869287538008815  0.24882284841619778
  0.25907477147273505  0.26971165751770121  0.28041425446193047  0.29079142699715643
  0.30110715154217194  0.31150493491123032  0.32170691529318118  0.33214356864154709
  0.34349417041786384  0.35511968293127905  0.36702904191929681  0.37864013754863457
  0.38984645392012335  0.40120198087814579  0.41161880523102923  0.42161529642255846
  0.43085480673150778  0.44019027093755325  0.44986756090187363  0.45973193684973285
  0.46982708093647280  0.48054803509373145  0.49177085438363449  0.50225080139928724
  0.51205126602274675  0.52194349696132170  0.53217636137313917  0.54257859146481047
  0.55309192112456196  0.56418870721504011  0.57501580100280991  0.58550803951460806
  0.59560281479935062  0.60551098625251931  0.61488931336617381  0.62400651769928661
  0.63329259311130570  0.64303355476567015  0.65334248786634286  0.66321349821651199
  0.67372114590422527  0.68434613455345250  0.69634083807777547  0.70821541191953152
  0.71970121593531766  0.73031776346868493  0.74060725158696605  0.75125542947495749
  0.76233206083095295  0.77309360500540891  0.78352475961022094  0.79339901761855691
  0.80384706837659103  0.81377603120244013  0.82283410735268225  0.83194582456358923
  0.84145270583942144  0.85083543223064451  0.86006586985198807  0.86916531111356765
  0.87873726285956100  0.88999195674706011  0.90097987858737616  0.91194534728277132
  0.92304059658908844  0.93426007666573807  0.94569546670451476  0.95680515053068915
  0.96739387486352368  0.97819384795928610  0.98901458928175379  1.00000000000000000
 -0.00113823383025543  0.01174364119627217  0.02239194689301529  0.03145872925038276
  0.03977867300932075  0.04764785768025651  0.05532511668555445  0.06296135904311743
  0.07045493878280537  0.07737478690095462  0.08429269402150322  0.09082441804891177
  0.09694516407120306  0.10299375478115688  0.10902239820503899  0.11514194480800924
  0.12142488794419501  0.12783404720638178  0.13431580088330186  0.14078540586432808
  0.14741773689402263  0.15402333519028105  0.16055612331091318  0.16684110911171882
  0.17321658008095733  0.17967518416054151  0.18618168741301347  0.19267832835040904
  0.19920759238387559  0.20579566012985803  0.21193375116592339  0.21794164861867285
  0.22406106244927385  0.23051905831820402  0.23678653323233040  0.24298752913094973
  0.24940682422349467  0.25599253264756966  0.26264760137928261  0.26927794795812543
  0.27576475118747479  0.28208840990537665  0.28831753990725845  0.29444962106496009
  0.30051011455971816  0.30667711784746998  0.31283865010128109  0.31900159833680536
  0.32549811810625245  0.33207909145809195  0.33882552513627112  0.34553870593997649
  0.35229940409252486  0.35913194778864455  0.36596853230675125  0.37281748053765873
  0.37965960704173563  0.38655312161100563  0.39345859428873509  0.40038709149266372
  0.40751709193545665  0.41501686807289678  0.42291944962579620  0.43097164330457743
  0.43880845115102285  0.44642049529300298  0.45409595064047686  0.46230325777274961
  0.47105936711972929  0.47996454591328447  0.48870777871874493  0.49782921881497266
  0.50777633957945212  0.51781074982086517  0.52724252921035097  0.53644334092933621
  0.54617489289095422  0.55671313525979815  0.56782077234120876  0.57922941076524426
  0.59074487516186158  0.60221333031656310  0.61445234392101489  0.62694088003260362
  0.64103380401295063  0.65708122517661027  0.67599664288273265  0.69629551689746705
  0.71680925289141761  0.73807038940924219  0.75964467972028660  0.78204408386963054
  0.80723161158798529  0.83955226660437920  0.88880567028395485  1.00000000000000000
 -0.01470877941996475  0.09084351395089056  0.12780853473641671  0.15414036681822371
  0.17413519395723698  0.18915990160924614  0.20179948269469047  0.21320720013559211
  0.22388324547307739  0.23476945193915993  0.24547692720149347  0.25590335195824354
  0.26580796091761738  0.27499997129144615  0.28368771554020011  0.29205083834670914
  0.29987293380742097  0.30741998833716944  0.31483978667383450  0.32220561576123480
  0.32926354304941358  0.33601858582403282  0.34256325004322707  0.34905710720775013
  0.35544365194825384  0.36191607903246970  0.36838805212321751  0.37478825005491478
  0.38098131224408116  0.38699281630543769  0.39300579743872494  0.39934083763827266
  0.40557643613815425  0.41170934247636021  0.41765860471859967  0.42337324774902224
  0.42910237585250771  0.43477220504801950  0.44045294190963291  0.44641238604303285
  0.45251307755932035  0.45861080779472135  0.46481604524102804  0.47093340483340362
  0.47701412897890089  0.48295889346037096  0.48870902887590034  0.49425785105507791
  0.49958501757620122  0.50475899550806813  0.50999028318362838  0.51541348118062547
  0.52106712389512677  0.52744207513993413  0.53344872919442021  0.53942537362728471
  0.54541373120541847  0.55136680621788769  0.55715288211029079  0.56270355866687205
  0.56813679206019485  0.57370333740394708  0.57956531108669074  0.58559233576658265
  0.59210890616410505  0.59858515322203865  0.60488886032794453  0.61101755947442438
  0.61712556060604939  0.62332066623405058  0.62964989703453111  0.63609375388420852
  0.64263781108299400  0.64957106691777133  0.65683627573453396  0.66442707688705882
  0.67194653429650275  0.67952555377049662  0.68741556035230211  0.69535800710317508
  0.70377221654428768  0.71248958076073654  0.72161735816008665  0.73064654884636904
  0.74051394391999137  0.75064485163370720  0.76286569284332817  0.77451933062652345
  0.78638783449732474  0.79937260117342823  0.81421193649112855  0.83077155456443608
  0.85027580943099190  0.87431113556727647  0.90938012359603426  1.00000000000000000
   1.8975339780349021E-015  -1.0000000000000000     
 T T T T T T T T
  <DiscreteSampler_grid>
  grouped_processes
  1 # 1 for a reference and 2 for a running grid.
  10 # Attribute 'min_bin_probing_points' of the grid.
  1 # Attribute 'grid_mode' of the grid. 1=='default',2=='initialization'
  0.0000000000000000 # Attribute 'small_contrib_threshold' of the grid.
  0.5000000000000000 # Attribute 'damping_power' of the grid.
 # binID   n_entries weight   weight_sqr   abs_weight
    10   10   1.084498623160073E-002   1.664682847019773E-004   1.084498623160073E-002
    11   10   1.084498623160073E-002   1.664682847019773E-004   1.084498623160073E-002
  </DiscreteSampler_grid>
