 -0.00038154058944497  0.00778069914714853  0.01776980656183530  0.02880152421023286
  0.03975568215214791  0.05080664299665813  0.06163877605938867  0.07240558952309777
  0.08352216035732565  0.09413896102290176  0.10391270662790329  0.11363969568058260
  0.12361133783329449  0.13405785942384701  0.14397637691350593  0.15331931056772355
  0.16238723978033412  0.17170866452079284  0.18114232731060773  0.19059698309974274
  0.20016434556413473  0.20939001689524173  0.21825262163242115  0.22704934030753249
  0.23576616824518326  0.24425808774179553  0.25276195633645404  0.26121863066072903
  0.26932221888643482  0.27738838110240127  0.28570380008367391  0.29389669575296068
  0.30275762353624280  0.31144473602425371  0.32014911236169008  0.32894751457911825
  0.33762782249738071  0.34619304134166917  0.35476323395570847  0.36319483534473179
  0.37145671131290109  0.37948383147140224  0.38748251190996019  0.39556424104717336
  0.40365611610687646  0.41204234450895133  0.42058932576837338  0.42911772905301004
  0.43772773400042986  0.44646317005900149  0.45509957573586585  0.46376136141126917
  0.47238791475421904  0.48115096252598200  0.49000819993207301  0.49883636841744794
  0.50771695101304692  0.51640562635311582  0.52510715514766293  0.53380601791818427
  0.54248742566619257  0.55127826657631607  0.56041559373045624  0.56947257154362574
  0.57850065173367970  0.58769817402403501  0.59702234721850667  0.60643032540969388
  0.61592950765750198  0.62554506738069748  0.63517120117504866  0.64492879059629205
  0.65475092730289608  0.66456009800698157  0.67434821018273783  0.68425384390364297
  0.69459274934137660  0.70516450285099652  0.71583795831858266  0.72656309616774373
  0.73755552381851863  0.74896815851715237  0.76042549916061652  0.77199398102205830
  0.78349440950912841  0.79580974883885791  0.80886635333231649  0.82261171611911255
  0.83703584986256419  0.85217172345910219  0.86924972851840365  0.88767898903950926
  0.90796845389146541  0.93064487147773478  0.96166671348179444  1.00000000000000000
 -0.00202873534780892  0.00998706487662381  0.01964593132060691  0.03069468142922192
  0.04097820864804364  0.05146561005313115  0.06192594939554660  0.07273625573740521
  0.08399274109240173  0.09508533258506718  0.10576288884500784  0.11613224563757880
  0.12649394253103402  0.13718145462642711  0.14823746758885040  0.15913530930326863
  0.16980286222566232  0.18055205535766591  0.19109093005527433  0.20176732955295418
  0.21316781906805959  0.22498583237128192  0.23690420797373524  0.24880301596356535
  0.26053851565661751  0.27202809780214582  0.28310356188685493  0.29368768559391706
  0.30382159268928932  0.31420156687320422  0.32536137369842688  0.33678275413645914
  0.34779451794140787  0.35844210393598352  0.36889694589434491  0.37900640926378787
  0.38858885873954924  0.39802953471374830  0.40739899711434996  0.41684675319525361
  0.42622659321104772  0.43555620055141936  0.44505591012269102  0.45499057375734719
  0.46593472647343309  0.47722600623253564  0.48793201128400349  0.49811771541040634
  0.50849959912692666  0.51902577484793999  0.52931991810785928  0.53947395348714866
  0.55020579280308513  0.56122218134524759  0.57148277670915859  0.58125419705176784
  0.59097756465560114  0.60090004598937119  0.61106553256375740  0.62140837782049130
  0.63224720990333338  0.64333065726241134  0.65530412192124743  0.66716573132056245
  0.67828296180967507  0.68899775509108196  0.69942959527942805  0.70957062441413155
  0.71975265246887765  0.72987941287300306  0.74019561096459530  0.75044819843933408
  0.76012614976661352  0.76970833435358621  0.77916454006212066  0.78893722762336693
  0.79907358977930043  0.80950898283003081  0.82057197748499267  0.83190006595192256
  0.84302929245208669  0.85415407510170005  0.86527195929604916  0.87640891740694404
  0.88672047605467164  0.89703922840057404  0.90725542978080620  0.91778820733492972
  0.92766467807398756  0.93776344060196448  0.94784832400875685  0.95803512127325230
  0.96776747661867646  0.97811654598188125  0.98886289550366491  1.00000000000000000
 -0.00621129128511256  0.05420564083294457  0.08684413802324871  0.11031553413120418
  0.12885520937481332  0.14550141971750130  0.16022206949574724  0.17479118350954082
  0.18911031043943252  0.20263223336057312  0.21559161152189196  0.22784229763763439
  0.23939986673048133  0.25061078001676534  0.26173016847325586  0.27220302021311460
  0.28206673760627804  0.29179508400119286  0.30183909453243846  0.31163002383084049
  0.32042263200548282  0.32883108064298028  0.33727191460469430  0.34561651947131367
  0.35368278359349098  0.36105727007775756  0.36798389627053968  0.37521463240406383
  0.38253191651150970  0.39033314088362914  0.39770644259876764  0.40466460761439110
  0.41139006068209893  0.41818349273794103  0.42492813117207900  0.43172330949420262
  0.43817606260696934  0.44457080908255425  0.45104157222368035  0.45785302463953359
  0.46492972334002769  0.47183896555634741  0.47854010871629193  0.48510104022770933
  0.49176840997696247  0.49831114711457097  0.50461983340658711  0.51071458183942908
  0.51682145170176408  0.52321433713061249  0.52986270326757023  0.53648108852237775
  0.54285383290264133  0.54896137278528012  0.55494459301187782  0.56106799113286243
  0.56735349844330496  0.57384564809206695  0.58033747418926029  0.58667875273833270
  0.59363033327479364  0.60046755842381994  0.60770579622977317  0.61493211809028481
  0.62216726122909538  0.62976715549738060  0.63764064351353233  0.64541828871885043
  0.65277737696402227  0.65985692698897613  0.66721798349049555  0.67509972906710991
  0.68322353413208603  0.69127422733720512  0.69913564993562849  0.70708822983616737
  0.71542868521264025  0.72415825129329670  0.73281122275384514  0.74120720649612593
  0.74968970932537649  0.75849663008855417  0.76770605808886294  0.77740770523612635
  0.78749532763495245  0.79792160821984770  0.80882556956603602  0.82061141061661513
  0.83323230277167193  0.84582766946096610  0.85960784311964067  0.87407438735092868
  0.89056992911331023  0.91205889609623858  0.94386942760975190  1.00000000000000000
 -0.01387115666142792  0.09623812786077630  0.13766754568120956  0.16291888794072151
  0.18109158202709388  0.19616359692030969  0.20977653286875897  0.22253167487657338
  0.23467309657912652  0.24633361541168658  0.25659791015997407  0.26608953488223430
  0.27542251513496596  0.28455305678634041  0.29375876598528256  0.30311391519427638
  0.31204323660959082  0.32083779069324420  0.32943199780745319  0.33782712445642982
  0.34596015240456979  0.35363893543839486  0.36071223357510845  0.36736816964455732
  0.37421021501585544  0.38043297973263074  0.38650343299358797  0.39248803317171155
  0.39826101432200683  0.40376768893291154  0.40930851169801968  0.41501972191449449
  0.42087585821288542  0.42671643412109039  0.43242526346285198  0.43799735189124084
  0.44352971852157680  0.44916080056957153  0.45483308858706589  0.46045348706937483
  0.46553533526410751  0.47074315527716970  0.47594664749123877  0.48107470567728017
  0.48599196061105437  0.49078526217217089  0.49567827599737008  0.50065580785980945
  0.50575911264117857  0.51078393873826233  0.51575508318254115  0.52081703499328158
  0.52607600540447341  0.53135837618781323  0.53666609439615132  0.54209682232464174
  0.54766754914529892  0.55328311536699382  0.55890167881384556  0.56473549739859763
  0.57078568325451007  0.57672837656037113  0.58278865590438989  0.58853449714393624
  0.59465409767769795  0.60070900742203703  0.60687395556774204  0.61310311056419264
  0.61929998895708505  0.62532461925618354  0.63123679693417323  0.63720933106477495
  0.64344096499654102  0.65020962955667216  0.65731441892687748  0.66436109026811008
  0.67165085982255601  0.67938088558469045  0.68705297927895337  0.69480525680808203
  0.70273286140977054  0.71085260000753503  0.71903323134335895  0.72783207012536566
  0.73657350475038974  0.74567702611193387  0.75567859276567928  0.76657411415372634
  0.77819286973174373  0.79065666859479222  0.80495925183596062  0.82112430865370678
  0.84052691469232099  0.86649128127981523  0.90722044235237109  1.00000000000000000
   3.8758615194021801E-010  -1.0000000000000000     
 T T T T T T T T
  <DiscreteSampler_grid>
  grouped_processes
  1 # 1 for a reference and 2 for a running grid.
  10 # Attribute 'min_bin_probing_points' of the grid.
  1 # Attribute 'grid_mode' of the grid. 1=='default',2=='initialization'
  0.0000000000000000 # Attribute 'small_contrib_threshold' of the grid.
  0.5000000000000000 # Attribute 'damping_power' of the grid.
 # binID   n_entries weight   weight_sqr   abs_weight
    10   10   2.634804359959510E+003   1.883060697152614E+007   2.634804359959510E+003
    11   10   2.634804359959510E+003   1.883060697152614E+007   2.634804359959510E+003
  </DiscreteSampler_grid>
