  0.01084034813529244  0.05230199443018822  0.08294788294715023  0.10640443710512472
  0.12449061126863178  0.14151307835795823  0.15794449501721289  0.17443155819449349
  0.19076827541193472  0.20661917138767932  0.22214037059894579  0.23708443801684390
  0.25129134780692053  0.26521020235503789  0.27849839058858583  0.29166521087973041
  0.30545195332822983  0.31891429304023783  0.33128455158850101  0.34371101788217245
  0.35746827262547837  0.37037983047085665  0.38253404792495838  0.39474662551539730
  0.40706973610279434  0.41972660123835359  0.43281325199041143  0.44646412216606912
  0.46016012973936538  0.47355649970958413  0.48695849880665049  0.50027186110756483
  0.51268224261316320  0.52506772522134815  0.53782583769542469  0.54949922505944215
  0.56071926137276928  0.57156269209463206  0.58222800476580083  0.59284686832212674
  0.60385284742346446  0.61526621306232787  0.62666578288158159  0.63792228832633502
  0.64896432729127318  0.65991798111678590  0.67072274344472482  0.68143473128850596
  0.69205393564926165  0.70228937623080034  0.71231157506915666  0.72172234337400554
  0.73068633579092901  0.73970097609790197  0.74895899928989096  0.75839862410355996
  0.76741094368930474  0.77637928872002426  0.78496958933844796  0.79363303384346351
  0.80214124655395869  0.81105350497339157  0.82025069614583912  0.82932529721026693
  0.83802997412682401  0.84680612099312969  0.85546264699162622  0.86401680772818490
  0.87241256179030024  0.88045300468411591  0.88808920798276014  0.89534772365256421
  0.90227429742103715  0.90903805914750124  0.91588162950775176  0.92240566300954696
  0.92901001805862793  0.93524963215348855  0.94087628631271958  0.94615068350027720
  0.95120756527095196  0.95619461480827694  0.96078107576721949  0.96477579265097435
  0.96872566577573216  0.97270353900848994  0.97650881375854903  0.98002394729312925
  0.98324892794022023  0.98614106300028392  0.98858350035806264  0.99092507120238116
  0.99319156200394565  0.99518383406959288  0.99671837477330105  1.00000000000000000
  0.00855927710091904  0.01775092991404324  0.02932318961525742  0.04100328259900263
  0.05155663408864715  0.06241231554591734  0.07356450514837976  0.08458820974921412
  0.09468304451997324  0.10454700161354023  0.11482946596503890  0.12525091098099744
  0.13565234842644996  0.14576642766563649  0.15644779029039754  0.16719733638557907
  0.17848931770169446  0.18960305874076885  0.19989451303860356  0.20986030735943961
  0.21973472046742434  0.22939997963814349  0.23899850608657047  0.24850282852784783
  0.25920684186004828  0.27112980696985051  0.28355009453106073  0.29591305946868307
  0.30794585147495862  0.31932664536149241  0.33038654501855375  0.34107873673213379
  0.35120393068199901  0.36109191541514302  0.37123316315161520  0.38119604593896261
  0.39075616131849333  0.40002846158427524  0.40917489110585031  0.41821701449733828
  0.42767668092920375  0.43732079530069812  0.44703788762284818  0.45684959079658366
  0.46722545383700753  0.47774133933860552  0.48778508223270439  0.49796973008603179
  0.50904654726270449  0.52066424663548783  0.53139106160101890  0.54134470307325977
  0.55148518640564448  0.56207905657218282  0.57326378067024286  0.58470101449044565
  0.59640553206507907  0.60799989256428466  0.61892130721179262  0.62880892284758749
  0.63844316625475994  0.64829764621846631  0.65848973120697796  0.66958485340548934
  0.68170477428779241  0.69327437536476577  0.70391927225233386  0.71450918400644703
  0.72548714250482649  0.73599880504982296  0.74591191991534567  0.75549855085951978
  0.76506863490827171  0.77493148246766652  0.78566162813771490  0.79639218830870251
  0.80668174876711274  0.81742456902589966  0.82817128859452749  0.83822512026472140
  0.84795075387988950  0.85793872905770052  0.86843155314972964  0.87870372229859339
  0.88842308187080232  0.89786912267241070  0.90761236615168739  0.91742667450556548
  0.92684221092915664  0.93647098915744964  0.94612269507755931  0.95630710900086557
  0.96604136782647265  0.97608520669916854  0.98693144987520709  1.00000000000000000
 -0.00086628287345715  0.00465566044242252  0.00723828760587104  0.00973357145400492
  0.01224812259652819  0.01517940279738674  0.01841437207707751  0.02210762971740415
  0.02632210624161936  0.03072022817708376  0.03548783338982967  0.04078653595285493
  0.04617699654869083  0.05171732237188428  0.05750579109514796  0.06369118646118899
  0.06992908634007101  0.07634409519840091  0.08278265435452557  0.08929712931825044
  0.09654697666129053  0.10427083653563066  0.11156379114507586  0.11894832532838651
  0.12672671982494610  0.13454463809246675  0.14254049162414861  0.15104137903729969
  0.16009221557134790  0.16930373247234792  0.17888309417458884  0.18857158579312663
  0.19834351643699050  0.20807080990282267  0.21769292559245776  0.22721205257938487
  0.23630170721053786  0.24540009321681114  0.25491930696944798  0.26495936591216740
  0.27520130116272934  0.28576473629051141  0.29687764730076016  0.30875677635342436
  0.32134863076126496  0.33402071618421586  0.34670182384692250  0.35909656440229748
  0.37139293795014944  0.38340936849663343  0.39521013512861747  0.40708919061586507
  0.41953278010113093  0.43232405287886144  0.44395448121428888  0.45538042230064990
  0.46673018961702861  0.47825416156732997  0.49005649225807690  0.50242855232314898
  0.51511372762459073  0.52752828927108408  0.53959356038175987  0.55120460404677907
  0.56235241275157399  0.57389655582059351  0.58554837789072445  0.59750775988380078
  0.61018219217387581  0.62291494490578403  0.63573703850881280  0.64880271273392465
  0.66213847252894753  0.67592537377182904  0.69073346678343861  0.70514177790648969
  0.71829199859156179  0.73080360421213786  0.74321253994851821  0.75602215086744240
  0.76954095509067411  0.78374026670030361  0.79809695530793479  0.81250993341805688
  0.82634581662604012  0.84066799134525516  0.85572394059721513  0.87129694177001615
  0.88719788090742091  0.90296789275393075  0.91870830505617640  0.93463499189711252
  0.95121486131157706  0.96754370734902650  0.98376642237261924  1.00000000000000000
 -0.00314390877353857  0.01135714921651288  0.02274446553797427  0.03341605122270025
  0.04374871027707027  0.05371649530554985  0.06346797953742087  0.07322952243008909
  0.08310589131271860  0.09401043700796877  0.10497246009196375  0.11604448533274181
  0.12660563659468885  0.13629956459043180  0.14594387702545797  0.15586257261098227
  0.16598781474008933  0.17686823318993602  0.18763046389428706  0.19934541458865604
  0.21082491841375323  0.21965552975118066  0.22891429255042958  0.23729023285293055
  0.24504073384825423  0.25276845757804428  0.26074177586683012  0.26929302313738146
  0.27954559958105468  0.29010585889148460  0.29996205098776946  0.30992541917936250
  0.32091817893217756  0.33256494548294974  0.34334445480197612  0.35391535719850820
  0.36451267128917975  0.37546546881897824  0.38586205534114648  0.39612992404466069
  0.40639323266271965  0.41689192887295734  0.42788541925765800  0.43911859831796635
  0.45006848449406922  0.46079678153979009  0.47149077741817114  0.48297495213108071
  0.49529096861653638  0.50675509357841986  0.51709278003833337  0.52684153558785851
  0.53699532766758928  0.54768695055841121  0.55780502228406226  0.56758101822263929
  0.57771310327571312  0.58777254724896388  0.59840381981952429  0.60890311803683961
  0.61962099812032367  0.62999754544101483  0.64012508959046122  0.65045690918686627
  0.66115774915417924  0.67232044264576907  0.68409960532646164  0.69556444499097547
  0.70703609241563192  0.71858263614840623  0.73027965168446984  0.74182810515496722
  0.75347379121204416  0.76508011023538269  0.77661995352186330  0.78802572555272443
  0.79965848393394223  0.81151319475008754  0.82325008369328567  0.83462553807948459
  0.84539415506491544  0.85613098329248716  0.86677374158381149  0.87733746150153891
  0.88789379492342757  0.89768847098710147  0.90666484522428348  0.91576276740079610
  0.92528316394819998  0.93510079447540850  0.94562780598890639  0.95621930961198198
  0.96712326164151596  0.97843924730949550  0.98877293100138985  1.00000000000000000
 -0.00244957296961992  0.00914701499885114  0.01964458374708031  0.03003383706367433
  0.04068036346621349  0.05080397469100726  0.06103876635018834  0.07174418777510162
  0.08239076876554594  0.09347550019333531  0.10416723254603458  0.11391080991524892
  0.12279700856898763  0.13146944332549101  0.14022433596808692  0.14947504063793274
  0.15877532562719704  0.16833939561115085  0.17893487107054595  0.19006837301408813
  0.20047213813243950  0.21096276932006247  0.22188486891691395  0.23288512488502705
  0.24348504205572297  0.25468066085230551  0.26692914672407542  0.27937698697976282
  0.29164699912975112  0.30429642761717191  0.31627208549573516  0.32660029937005736
  0.33676661687090487  0.34628033504430400  0.35612278238870637  0.36564919219180952
  0.37466089751061665  0.38444645997849780  0.39458849343547525  0.40612748822848560
  0.41799120712901783  0.42956230511263066  0.44064396476662560  0.45174415274104973
  0.46274723786918470  0.47380894976034338  0.48528820859174771  0.49676097726694080
  0.50840278778030101  0.51988482828449989  0.53130514958280806  0.54280195767807837
  0.55424650544976317  0.56475128266638430  0.57446283694941813  0.58391886491259981
  0.59284829113607929  0.60134041494295920  0.60987461830363265  0.61865561243416523
  0.62806335169828276  0.63802262747075622  0.64778376172454610  0.65834052563778123
  0.66926935714756708  0.68067458062084896  0.69166416082776794  0.70242366888757202
  0.71266478248988208  0.72269206088964211  0.73260525833921342  0.74295935371312227
  0.75319434186610057  0.76401840984678560  0.77535093340457573  0.78707043708413360
  0.79741107768387676  0.80723684817585817  0.81751061976799844  0.82851408132266680
  0.83923288902469317  0.85048016557093831  0.86123906145899487  0.87209337742480564
  0.88345010291025661  0.89440033759267168  0.90507816417895726  0.91573678718547669
  0.92713408619204163  0.93917217121905383  0.95015210094012093  0.96005850312803720
  0.96936412393078586  0.97897467754551182  0.98916206008383922  1.00000000000000000
 -0.00227511137228657  0.00816177293695785  0.01815370617175405  0.02862089531538466
  0.03965657822466443  0.05037932587302819  0.06052014785594098  0.07031874687602498
  0.08020530235079082  0.09031911842910761  0.09986167537821772  0.10941725438067157
  0.11927612865495535  0.13009746052113863  0.14151280814163419  0.15281450041929567
  0.16365369886906722  0.17381921415537321  0.18368793921221402  0.19375843019406380
  0.20398373564942396  0.21444574239528585  0.22521998788093328  0.23644061150383530
  0.24763064429314569  0.25787276830025957  0.26759810010856583  0.27736453604861555
  0.28726046768769620  0.29762527787537019  0.30828166127702594  0.31882957256916816
  0.32900259161475848  0.33917281847731173  0.34964760914811838  0.36018248466516717
  0.37064800405805520  0.38167330712533082  0.39310677524180698  0.40446631935690058
  0.41599787886634371  0.42744685514208364  0.43868102045576890  0.44944325224548026
  0.46004950925804894  0.47094151874713175  0.48151007106457727  0.49216459873379903
  0.50299667088837463  0.51422889146332307  0.52596052312467090  0.53788090576967762
  0.54951235904127260  0.56116980631590097  0.57269224072998770  0.58461425320760652
  0.59682223416683944  0.60851896737499256  0.61983245589547220  0.63068680707806757
  0.64168382201214691  0.65218504609489936  0.66253175247758489  0.67311398762745267
  0.68385585135140847  0.69424239250319109  0.70397907036303664  0.71338890338725114
  0.72299088701857950  0.73323114908920139  0.74357815867979704  0.75438482697650899
  0.76574862887211026  0.77731759527964062  0.78889191931574665  0.79972020929912668
  0.81020609489933615  0.82053327035821533  0.83061669436526564  0.84003451085680325
  0.84922385323931904  0.85808097399814487  0.86630926629007166  0.87423070161462424
  0.88262700129887151  0.89198205314689272  0.90229373027077886  0.91261720441983540
  0.92273123249670230  0.93474228692961714  0.94638512583975876  0.95830288958912724
  0.96956692221464447  0.98009096792111605  0.99017629155415687  1.00000000000000000
 -0.00226984208667670  0.00957430002948974  0.01920897180063581  0.02855332935657712
  0.03753626903526715  0.04693154729882989  0.05715481249485387  0.06726291652221519
  0.07708090045126705  0.08663850173856545  0.09672518498476906  0.10653093974441392
  0.11645607391193091  0.12612764676879842  0.13701464018917481  0.14771620407717342
  0.15763280668866089  0.16701304287773705  0.17660587632977451  0.18643362226677970
  0.19683345689696022  0.20784244300509866  0.21853332376089110  0.22944504604213270
  0.24025210411773734  0.25075523557745094  0.26133390985322807  0.27229658337189672
  0.28427997571653191  0.29547920261489979  0.30596864847574989  0.31664808951980444
  0.32747864573694080  0.33794317556891806  0.34859319234973585  0.35946334026534699
  0.37048646201094732  0.38181425039789751  0.39344124114662526  0.40477801094681248
  0.41645084345262878  0.42857652724725970  0.44018455255732297  0.45104669410242909
  0.46191961025759254  0.47357694198481626  0.48518868627650369  0.49696203579763620
  0.50925888759033455  0.52161513950925220  0.53316938657280022  0.54402128935904137
  0.55442693666523923  0.56455196660279205  0.57468759661504609  0.58561139543661622
  0.59759248615781746  0.61018636559198114  0.62259777998546062  0.63402934800252975
  0.64461384735893135  0.65492884990564126  0.66549526785308510  0.67627098889942949
  0.68651813080057300  0.69681708124450747  0.70745761990085931  0.71799983216038432
  0.72889099227407095  0.73981536660743452  0.75030559960338872  0.76011437097745294
  0.76935057344079794  0.77851379174477386  0.78796675790719706  0.79807837091758460
  0.80832642935000842  0.81796176677719334  0.82709360777114882  0.83640251920753206
  0.84599476479450741  0.85592599208319198  0.86634653759351488  0.87694619803663232
  0.88738389409641494  0.89759949893616098  0.90724477289356398  0.91709321840840463
  0.92735270386541657  0.93814988341400030  0.94873425443640524  0.95927757041345785
  0.96976318914713922  0.98001627150592319  0.99019462538822112  1.00000000000000000
 -0.00185905472292707  0.00752359003470018  0.01673107415088888  0.02643235695600627
  0.03769426034052702  0.05037097139723699  0.06371781785666247  0.07655842609011483
  0.08890411698235107  0.10039952505502703  0.11147590053800040  0.12212994567332319
  0.13239502037970483  0.14210808547353307  0.15148848175833998  0.16094468240858445
  0.17083185716148006  0.18110360486233684  0.19119169243229384  0.20175945315160321
  0.21260933770333257  0.22349840120125189  0.23369709555607049  0.24415762866581325
  0.25472322906191602  0.26423801288994558  0.27339958650258656  0.28309427923642660
  0.29351914998427786  0.30430096929605277  0.31516466445475860  0.32655107869871658
  0.33755956456581776  0.34818841260350636  0.35822640218917018  0.36759906115435964
  0.37711249555776771  0.38711063620907454  0.39672758371234979  0.40741175456290307
  0.41808817568180862  0.42943500363669379  0.44020207331158423  0.45125643275345029
  0.46118552678871244  0.47054346457129709  0.48025404838545555  0.49081729604597751
  0.50148742860987416  0.51178831710458894  0.52215419334501878  0.53312645196180919
  0.54414005406641663  0.55483887970909551  0.56642420088026824  0.57806891777252345
  0.58918863697553392  0.59970369237244059  0.60989680197702778  0.62047455426294729
  0.62997236519775968  0.63984258312948161  0.64938378846309031  0.65896379335684185
  0.66868911107393736  0.67943822329547399  0.69122035021405737  0.70333834120373617
  0.71395881673348771  0.72339689972402754  0.73269987837518780  0.74250006862247286
  0.75276857218371696  0.76312403947111862  0.77346733743660412  0.78442956602415559
  0.79475331754032330  0.80443004092783033  0.81458934932737392  0.82519335234082647
  0.83569155267539730  0.84548553773699275  0.85591174255495717  0.86775956733051829
  0.88002441128755859  0.89161026577594849  0.90253788019583969  0.91307575610280267
  0.92388145618323247  0.93494182648480073  0.94654949233380747  0.95810557635522775
  0.96898511272239629  0.97995483111482673  0.98990952319753145  1.00000000000000000
  0.00398114220518280  0.03502037113313147  0.04970358189457180  0.05961032918198882
  0.06886755530098151  0.07787326748676517  0.08646110907651298  0.09453481301457516
  0.10237654110039246  0.11036893846832894  0.11848457606980339  0.12604009629026350
  0.13261052569990889  0.13936743147371589  0.14582810205471580  0.15212065600110103
  0.15831118037095976  0.16457858224329966  0.17075011778468022  0.17687293084273220
  0.18314242421849827  0.18905009309807080  0.19465757035091194  0.20025372004500999
  0.20591666001775136  0.21165233465983066  0.21737110027596798  0.22307544203989255
  0.22873436945305464  0.23478850202200346  0.24109677105843366  0.24725858205151033
  0.25468551286969165  0.26231550342531673  0.26994886752726482  0.27724768347772882
  0.28418557913485931  0.29090983853337365  0.29740687588748088  0.30354923644321213
  0.31007590696823939  0.31606312909507361  0.32202384946587642  0.32808450521465515
  0.33432003183525505  0.34063271310548393  0.34736798460653207  0.35364327395714878
  0.36000872245347176  0.36643592819728626  0.37302500331461080  0.37990745033418782
  0.38689075343613188  0.39385302366595387  0.40107982823505856  0.40870610389472511
  0.41621781980431566  0.42363522138888021  0.43104200480853216  0.43824030565711641
  0.44542950551901095  0.45255211200045037  0.45982389460603229  0.46734630801881427
  0.47480356972625259  0.48241531373183688  0.49059001692131410  0.49882660446514171
  0.50686285910486961  0.51479483642518442  0.52285897594215602  0.53121073300977995
  0.53971804745389318  0.54817018014123042  0.55662304724202383  0.56554664909075492
  0.57574778578585806  0.58768837739863156  0.60032239345667360  0.61221819016269519
  0.62362351201908861  0.63576623811364130  0.64815835123146237  0.66043119128531069
  0.67268003339880189  0.68544336834539765  0.69961492021741967  0.71541400400909083
  0.73221466299535953  0.74904345582374976  0.76729386707329283  0.78771789257627012
  0.81180332921089104  0.84176742322532006  0.88788706535996376  1.00000000000000000
 -0.01557215690691315  0.09672349188236767  0.13883734975689957  0.16401762545309639
  0.18303863590034533  0.20092418802974699  0.21708353503975361  0.23133454523796068
  0.24352608533968886  0.25480033069791080  0.26578938790695816  0.27608275970405710
  0.28586273024641645  0.29489433952426336  0.30336857398227235  0.31170064408248632
  0.31961850112497908  0.32728244918652416  0.33483581474873886  0.34213616220189574
  0.34919650890834097  0.35594078653254507  0.36240910906490775  0.36889710720569685
  0.37524943657926479  0.38152936439615664  0.38780665722782948  0.39412244332590113
  0.40023931935785706  0.40633636238150661  0.41263725421486175  0.41911582972850175
  0.42568891806128323  0.43225396526614140  0.43857811654462925  0.44441178913375146
  0.45004123882674418  0.45563095539791987  0.46075397031159937  0.46590567003917388
  0.47100031185269325  0.47582553703288288  0.48026716426859895  0.48446545857403295
  0.48865700446446714  0.49320410355840433  0.49790015708896940  0.50242802220265403
  0.50686055265189278  0.51121315381844390  0.51556191494939019  0.51990864466053810
  0.52442314605696161  0.52913277254667423  0.53396476279529415  0.53858351471961996
  0.54359438980697439  0.54877687113565976  0.55401145344862812  0.55938297027998574
  0.56515617211793523  0.57134225605093958  0.57765431824164803  0.58395049631416573
  0.59018415870774843  0.59622123840963437  0.60217353858811873  0.60800301349249453
  0.61400483224380009  0.62007189972065913  0.62653563549247360  0.63338321358153926
  0.64038534860998519  0.64748386295958249  0.65435421310326436  0.66096744543364550
  0.66761081788874099  0.67500541180202744  0.68263232651674288  0.69082415494920091
  0.69947452305330315  0.70868915109782160  0.71812655694416117  0.72751985143418352
  0.73684626594877800  0.74648576412574019  0.75651809840820272  0.76699875737051482
  0.77863223175582885  0.79208928186367467  0.80771691356743203  0.82583985811669280
  0.84663872222301617  0.87042241972242096  0.90916316289468879  1.00000000000000000
   1.5017406066785200E-056  -1.0000000000000000     
 T T T T T T T T T T T T T T T T F F F F F F F F T T T T F T T F F F F F F F F F T T T T F F F F T T T T T T T T T T T T T T T T T T T T T T T T T T T T T T T T F F F F F F F F T T T T T T T T F F F F F F F F T T T T F T T F T T T T T T T T T T T T T T T T
  <DiscreteSampler_grid>
  grouped_processes
  1 # 1 for a reference and 2 for a running grid.
  10 # Attribute 'min_bin_probing_points' of the grid.
  1 # Attribute 'grid_mode' of the grid. 1=='default',2=='initialization'
  0.0000000000000000 # Attribute 'small_contrib_threshold' of the grid.
  0.5000000000000000 # Attribute 'damping_power' of the grid.
 # binID   n_entries weight   weight_sqr   abs_weight
    10   10   1.225732340655666E-044   3.407546765569034E-088   1.225732340655666E-044
    11   10   1.225732340655664E-044   3.407546765569025E-088   1.225732340655664E-044
  </DiscreteSampler_grid>
