 -0.00138396283680479  0.01706722949225959  0.03512243980774018  0.05121244451914506
  0.06586869531834454  0.07962637352634848  0.09255602487099923  0.10499011494775061
  0.11702465453345336  0.12836377525195297  0.13921559779924300  0.14970246755679661
  0.15985863167227896  0.16976718381337227  0.17970526286131025  0.18945864708633264
  0.19885078552328639  0.20799465141403592  0.21709067344865940  0.22616900169702261
  0.23504864282211416  0.24384042219145899  0.25250148718512522  0.26123505685053305
  0.26989673323710400  0.27840873365044894  0.28674145166626541  0.29495662424285002
  0.30315704776912988  0.31130580043688089  0.31948736116506765  0.32773156542418752
  0.33593209092730064  0.34399296833495913  0.35203258331696086  0.36012846528099102
  0.36813822251847828  0.37607709283690643  0.38399702066400937  0.39190565268520761
  0.39991432788996834  0.40788468148127754  0.41581801878471258  0.42372684990256765
  0.43163661897295147  0.43958624168027471  0.44754438524688256  0.45545268665627986
  0.46334538273482673  0.47126803447260768  0.47912542158283195  0.48692706465068081
  0.49473850567516103  0.50254259124510503  0.51024088819188496  0.51804445910445540
  0.52586462170177761  0.53379497387868990  0.54175992119408178  0.54970623041423872
  0.55765288511843258  0.56562905090443139  0.57367808030268197  0.58183693734286845
  0.59004330526364701  0.59828801703858026  0.60658344552366528  0.61494899340590126
  0.62332801786203573  0.63183420484851793  0.64048250307203614  0.64951330346460256
  0.65887335485730747  0.66834562499415695  0.67778165073143470  0.68721360420534316
  0.69674676065289576  0.70620678193282238  0.71688261349004145  0.72758906417685465
  0.73838209508613417  0.74934426701854606  0.76060860100054850  0.77227609210726444
  0.78437526765075116  0.79688085560798438  0.80976594987691719  0.82307979656428976
  0.83697333696360376  0.85157717024653568  0.86816444007729465  0.88558588761275614
  0.90499323357410510  0.92807472809113545  0.95923855999560070  1.00000000000000000
 -0.00233403428300692  0.00945654279315626  0.01924473957005244  0.03056736395279524
  0.04166077276172046  0.05171442758317276  0.06199259315616674  0.07270228766660843
  0.08332156727261712  0.09384729459855831  0.10426073778800296  0.11480951990960830
  0.12497805373073612  0.13613315077577143  0.14707019490251069  0.15774808090238226
  0.16850995290044640  0.17997645541346780  0.19111311050848720  0.20216439276120884
  0.21263491917252722  0.22299991739944991  0.23331899381119378  0.24355535129281219
  0.25373818985317759  0.26369851717498488  0.27374606029005560  0.28426347422652204
  0.29513634504965175  0.30668753383067848  0.31746769021498122  0.32780359977635398
  0.33804979720239131  0.34816707136956643  0.35835926286784259  0.36852447371446961
  0.37905161341952281  0.38962472280203680  0.40054549350524665  0.41157393648188140
  0.42220158370585020  0.43238823368460871  0.44262941646373960  0.45277161707148644
  0.46260402255776378  0.47222204457904882  0.48232575873374411  0.49305754159905729
  0.50385991244395856  0.51438790282999147  0.52472316358691484  0.53508640097476623
  0.54564632689253745  0.55640467134105820  0.56714468456791634  0.57767447320117649
  0.58816387257060276  0.59935491960301701  0.61020598816957938  0.62143208797929839
  0.63186809381391040  0.64229950069386998  0.65233789974247647  0.66233631379000002
  0.67258841593720020  0.68284382637730578  0.69333045110653269  0.70404638726606139
  0.71486898665083753  0.72602696914524290  0.73671772180259643  0.74765098368594352
  0.75893566983824534  0.77025735888592350  0.78084649345684076  0.79124872261575552
  0.80147009418425408  0.81186508775455291  0.82091574294986180  0.83023951216726488
  0.83995226211840934  0.85015273597024776  0.86036475608299690  0.87075887038080990
  0.88156437185971459  0.89269765375462851  0.90326610902458437  0.91340350746482801
  0.92384834412924688  0.93460823734659138  0.94535460569509189  0.95600546899284078
  0.96654014842823011  0.97735264623973495  0.98828261854022137  1.00000000000000000
 -0.01400741768247119  0.07436956750937797  0.11345192501257043  0.14213724814279471
  0.16575229790888421  0.18549198798219727  0.20257891868341152  0.21827169832062537
  0.23299648685541419  0.24706022892756413  0.26058239976899134  0.27342351969613360
  0.28577177581008700  0.29757316449335819  0.30889260867689405  0.31978806461251763
  0.33035191499411498  0.34056467722240336  0.35040799882935247  0.35994222033013379
  0.36930552502484354  0.37864215751645475  0.38792579582881598  0.39706443059211721
  0.40602940489711614  0.41491471251212791  0.42384384117513096  0.43278433581568881
  0.44153742130340123  0.45000338309295373  0.45826326186538818  0.46636587803399654
  0.47425570527426675  0.48188560606786834  0.48921578890141804  0.49668833237546023
  0.50426525727095761  0.51185397446981296  0.51935015962760334  0.52650792042580463
  0.53348688215610840  0.54053762437513175  0.54745074447377229  0.55440702257638275
  0.56136281079508188  0.56817631615704312  0.57491699132240337  0.58163663710813851
  0.58835903315423765  0.59502193584007146  0.60169771278967432  0.60830922732262205
  0.61497365608691501  0.62145209422137559  0.62828236027232776  0.63531823169222179
  0.64240708673517066  0.64949296729209371  0.65655908918097550  0.66361336349350397
  0.67058095324223310  0.67740829730063978  0.68416747771279629  0.69083725295742260
  0.69748865389284065  0.70424377256950987  0.71096173120703754  0.71767164011950701
  0.72437302654358626  0.73114199050978745  0.73809721004052165  0.74514384038218906
  0.75202608078028332  0.75890739312877720  0.76571664329572942  0.77290949673194931
  0.78029166731895039  0.78781003572751629  0.79530481956649379  0.80264871296932305
  0.81003375547296175  0.81777638596161395  0.82596831124481618  0.83427992753285440
  0.84264074996567950  0.85120246513113862  0.86018591643727538  0.86960711505155419
  0.87930363886211160  0.88940361430631554  0.90032571248163018  0.91238187910621815
  0.92567622823561635  0.94142978807834865  0.96382408804430475  1.00000000000000000
 -0.03264567936874431  0.16936397113510759  0.22513607365602203  0.26084141601944671
  0.28771857181766647  0.31060281922964456  0.33077506304338106  0.34928907878533877
  0.36618071264223923  0.38155408492839543  0.39543735895249460  0.40813652021840263
  0.42001122850128031  0.43105485663028165  0.44145468622324974  0.45146936638220803
  0.46138027123035291  0.47114802340279233  0.48068945068550117  0.48993957558009843
  0.49875304344938376  0.50693764481806947  0.51466711497265660  0.52215158871316880
  0.52933405553808133  0.53630979243717702  0.54313248183724272  0.54984500354009025
  0.55653850807338967  0.56313944557632389  0.56956110184487696  0.57580670924387145
  0.58186098405461206  0.58781136249225407  0.59369794226704475  0.59952388087298814
  0.60543588014561200  0.61100103843018339  0.61648173571074816  0.62184688566655122
  0.62715593556530924  0.63241051920901681  0.63763066853270467  0.64276168492114105
  0.64775816357951865  0.65264567920775807  0.65751111151492858  0.66240732968364469
  0.66730999074068853  0.67218122374612133  0.67699815482702885  0.68175048320155729
  0.68645423322210264  0.69111345750646169  0.69572171857986520  0.70027852195013984
  0.70479849316384191  0.70929743505217602  0.71382924870144393  0.71829804040954348
  0.72279139543208470  0.72731672033238559  0.73178246750204401  0.73619442103251520
  0.74060353227209652  0.74500901617902571  0.74940909395798927  0.75381767389242538
  0.75824263684590387  0.76269379872421017  0.76716062947102059  0.77170839141416459
  0.77623818261389821  0.78080167990588223  0.78539293055126524  0.79004563764755420
  0.79481286174314181  0.79964797945242061  0.80456545199520357  0.80959375576659054
  0.81481062042858465  0.82026139835644096  0.82581808807338075  0.83145953337367084
  0.83724835031467437  0.84322621910393569  0.84946774080261755  0.85611982642796725
  0.86331523410238686  0.87102335380565155  0.87955035932125925  0.88919013105830869
  0.90024736403296701  0.91426105154251858  0.93763080154735945  1.00000000000000000
   2.9861136427390116E-008  -1.0000000000000000     
 T T T T T T T T
  <DiscreteSampler_grid>
  grouped_processes
  1 # 1 for a reference and 2 for a running grid.
  10 # Attribute 'min_bin_probing_points' of the grid.
  1 # Attribute 'grid_mode' of the grid. 1=='default',2=='initialization'
  0.0000000000000000 # Attribute 'small_contrib_threshold' of the grid.
  0.5000000000000000 # Attribute 'damping_power' of the grid.
 # binID   n_entries weight   weight_sqr   abs_weight
    10   10   4.180883706481221E+004   5.176906492535611E+009   4.180883706481221E+004
    11   10   4.180883706481221E+004   5.176906492535611E+009   4.180883706481221E+004
  </DiscreteSampler_grid>
