  0.00878264276111321  0.01772335870115764  0.02995865439309107  0.04195996306373791
  0.05316420679872948  0.06395290656940193  0.07453403611254214  0.08493501317859829
  0.09473819650493209  0.10426280621609563  0.11365589293967836  0.12312450827988909
  0.13305294292125033  0.14318241207750901  0.15366100192388629  0.16429775281878797
  0.17482215658905412  0.18516558100039024  0.19497562911776242  0.20468203510821112
  0.21430572380001578  0.22358189606657519  0.23269537315477551  0.24186944624264009
  0.25136042354839783  0.26122369556837893  0.27154479300985990  0.28230578621255992
  0.29330421513111726  0.30442069308822678  0.31528517556598085  0.32588747639886556
  0.33650892895858597  0.34746331780709605  0.35783913867474637  0.36737394331071521
  0.37656662431150706  0.38644030832104909  0.39675302851562788  0.40760475951592040
  0.41899760829910004  0.42983878322206143  0.44014490223869462  0.45086142407325419
  0.46221306422302050  0.47366584594662409  0.48471299216098385  0.49545093946058888
  0.50646352021019736  0.51793334016032999  0.53046632227087254  0.54257111479379916
  0.55524742463868371  0.56676420212698886  0.57791528508898460  0.58903779778304655
  0.59997504647207833  0.61021980811133325  0.62036961933800183  0.63115467816655091
  0.64215251279318120  0.65274110266923469  0.66262584402462343  0.67222430049725201
  0.68162665855746907  0.69126167363072366  0.70099360364448104  0.71050398317439201
  0.71983947436059881  0.72940567707163229  0.73938707913691903  0.75037380835982115
  0.76179107749581154  0.77313111850349714  0.78360747534022179  0.79362982967119111
  0.80384088614784144  0.81367115657016154  0.82407650881334826  0.83412328510681455
  0.84519859663753638  0.85580640740097713  0.86667254568996177  0.87688843117609350
  0.88708673108650893  0.89717415029293657  0.90753303904298976  0.91791496538366923
  0.92868069120389407  0.93950449323995999  0.95042911363643889  0.96167014724143474
  0.97309869956543249  0.98317724206115686  0.99114265402896473  1.00000000000000000
 -0.00082689984821216  0.00440346680616010  0.00689602483488855  0.00948505619575883
  0.01224973148718051  0.01543492775737939  0.01911985990724235  0.02317172250997874
  0.02722842804940218  0.03167524582081478  0.03649716389303999  0.04135709723163738
  0.04663168479166506  0.05246764811806690  0.05852996483113041  0.06473752247653655
  0.07090770122001117  0.07736779401388121  0.08415025403243334  0.09106610497687931
  0.09796602384560309  0.10485993761290915  0.11198611122245103  0.11928052367260486
  0.12677590182875415  0.13479980412161319  0.14358672723004928  0.15294881563610416
  0.16230874046709268  0.17135198028256571  0.18038212886541274  0.18952828205227831
  0.19891576255272314  0.20865162422864245  0.21848663049233358  0.22800999971476829
  0.23776491507632111  0.24740869126621098  0.25742254493169914  0.26784905531274306
  0.27856220512249252  0.28956055368593153  0.30083140350307463  0.31182979214670020
  0.32274122245390102  0.33398332010514864  0.34494641261359255  0.35583391472670123
  0.36700822568034908  0.37834342539466503  0.38951101240735220  0.40054202075661621
  0.41194389305513213  0.42381592943637458  0.43575705942717530  0.44776709085735505
  0.45972949837895399  0.47131309274583089  0.48278277731837704  0.49437852857412790
  0.50654410701839681  0.51937987976215727  0.53264382467976301  0.54602897811061502
  0.55937772113001594  0.57253431432690682  0.58572651063864001  0.59879811865864330
  0.61141791981518134  0.62390159993703032  0.63678261512422418  0.64992280135634661
  0.66317672887750201  0.67657624602087918  0.69010532305107974  0.70394225039275382
  0.71803133599113844  0.73234704869108380  0.74676115091998629  0.76058365150444562
  0.77416182318554116  0.78759058687430417  0.80153374326732552  0.81576898187527946
  0.82984613247835626  0.84431462177459338  0.85892097487925567  0.87353246726470191
  0.88870344753398545  0.90451753672900959  0.92064962664980188  0.93666902051693002
  0.95283270303679868  0.96877132502427465  0.98446747071561092  1.00000000000000000
 -0.00184386187274848  0.01040415176613273  0.02170170721847125  0.03239037965246639
  0.04305900721655487  0.05243558008690253  0.06214672397956424  0.07200684410749784
  0.08119033376492750  0.09073116333295668  0.10060069806004930  0.11130076655960743
  0.12280787801561012  0.13395279604374738  0.14497758465050831  0.15594993448696456
  0.16694542341241364  0.17747521976277911  0.18805669050407706  0.19873546450476920
  0.20950917022156942  0.21975782727408938  0.23004127203104474  0.24110451577210790
  0.25254903062629414  0.26355757525391477  0.27397001409230348  0.28374718516244091
  0.29388253771271977  0.30413558433664206  0.31403706967382389  0.32360192963884876
  0.33356813381204764  0.34441586273814423  0.35552140901125900  0.36634029139510188
  0.37670872888973633  0.38705659110934765  0.39748756359478915  0.40858179502531922
  0.41990270252097855  0.43073506407335582  0.44124787884109562  0.45192742647921219
  0.46278742476516516  0.47378344970637926  0.48540875856421101  0.49693815911572348
  0.50803313249278370  0.51887933873514336  0.52964454883016499  0.53980675441512371
  0.54928248382988587  0.55842141543595736  0.56792600491861922  0.57753276707411472
  0.58683417525596215  0.59622348120245805  0.60575927973150412  0.61595082447316019
  0.62620661258878585  0.63673253623040671  0.64725084654677700  0.65803872990138124
  0.66900775785572697  0.67961039529029432  0.68960301801828006  0.69917156058867536
  0.70892486933357080  0.71871796896541995  0.72850906076882771  0.73864939698588639
  0.74924519850907545  0.76001119601558242  0.77082270448203682  0.78170116317489191
  0.79278941185858853  0.80462768485134151  0.81703126665507264  0.82906819932582776
  0.84157811058716714  0.85360727269078074  0.86518703059612345  0.87602493905706258
  0.88629972636081245  0.89690991178836366  0.90772663521047980  0.91846203787484104
  0.92916660197677414  0.94000909113233289  0.95090669223442070  0.96128151474456203
  0.97098547163117654  0.98049623070427416  0.99012988223098886  1.00000000000000000
 -0.00217968584012480  0.00819450009499793  0.01726296614013260  0.02672211253913830
  0.03631854296687315  0.04650884724520060  0.05665795112894030  0.06743934154936020
  0.07818059180226239  0.08917106821331401  0.10035174932065279  0.11071219581642470
  0.12086929427703778  0.13019505335180762  0.13912946162705900  0.14881749649149961
  0.15882915571730966  0.16905157760905667  0.17857626402420471  0.18772563242880422
  0.19725735745147474  0.20753744305949740  0.21840031783799474  0.22867622710028998
  0.23939817253925441  0.24998217636381623  0.26083491137415837  0.27161441482693732
  0.28245430817764317  0.29327577174283154  0.30396183003769928  0.31506342446428570
  0.32639712571709895  0.33725254214523970  0.34718150994248898  0.35703496267538309
  0.36717675419244306  0.37756614255970922  0.38810177309410537  0.39892816414574145
  0.41003049437390654  0.42073466939654613  0.43098829361739160  0.44225881212026474
  0.45514505342472728  0.46725441004515816  0.47845452932528348  0.48919175868300907
  0.50029391340262230  0.51190353700626223  0.52303935686376579  0.53375825643296215
  0.54440244979523322  0.55504572056529078  0.56584301200814202  0.57624175908386344
  0.58635151188296319  0.59635337100911534  0.60680334918015844  0.61829186996859664
  0.63006015399954407  0.64162729814115238  0.65202250728183897  0.66159221885548281
  0.67124233001913891  0.68085775984630559  0.69046021686322290  0.70002896245710600
  0.71021553052050956  0.72231297406007078  0.73443319509848348  0.74580973470903611
  0.75707005172478181  0.76833073939867258  0.77981726741209823  0.79151436760862093
  0.80296318498508734  0.81424399772493439  0.82526902507442612  0.83576525251379097
  0.84597747043510774  0.85634950394213483  0.86687096617036419  0.87717545243061823
  0.88717622538501262  0.89701758465365089  0.90695531522656536  0.91696618859069978
  0.92681631918859075  0.93681250909413316  0.94710469895214877  0.95763159400486053
  0.96817169068315179  0.97851863259062200  0.98926950383007695  1.00000000000000000
 -0.00276518428523080  0.01023324861519888  0.02072552169535278  0.03166496315358354
  0.04287493709505445  0.05454754687223984  0.06598493978270788  0.07716993453898817
  0.08737290122559989  0.09728564478722879  0.10723098066219790  0.11711149393924743
  0.12666924181263040  0.13615522204215469  0.14564621894902224  0.15624258679112507
  0.16737118744328452  0.17794482039765766  0.18785394485694326  0.19784249941078935
  0.20800494789213730  0.21813113256540856  0.22783785937079043  0.23756278113510024
  0.24731967516079845  0.25710167022697633  0.26687394691050392  0.27650827889399610
  0.28628661815523915  0.29638575696289537  0.30714994015141156  0.31835511161250829
  0.32959068639408656  0.34067359843461548  0.35176044426679554  0.36286711194412763
  0.37394484172783660  0.38424009933430425  0.39416103088237425  0.40427079994374004
  0.41455595786592403  0.42488812738207715  0.43523705320397410  0.44537263090145651
  0.45544784234345198  0.46547817475383413  0.47574232542082900  0.48651899126333076
  0.49744845118671105  0.50848099002488012  0.51973302454124937  0.53016544047127889
  0.54141258184765728  0.55216324311033793  0.56313628314694031  0.57408553600096446
  0.58489510239309350  0.59579404167277461  0.60687807579280750  0.61814608571774254
  0.62936073128824643  0.64022808383515784  0.65119381809597809  0.66165682869214038
  0.67151990794832961  0.68114323968116985  0.69109911797116308  0.70133188484351905
  0.71155376154523520  0.72162509474752690  0.73158697259410799  0.74144373613769454
  0.75143411506322921  0.76164961952585752  0.77234951791000339  0.78351391753897304
  0.79511855633695028  0.80699768581089470  0.81838708792428705  0.82936706886820732
  0.83983617534069299  0.85032386963229767  0.86180996708358582  0.87338336901722702
  0.88481902385261157  0.89620739255974169  0.90717580051578617  0.91821923763023627
  0.92812607381157974  0.93845044346155304  0.94819087943422797  0.95884657072435475
  0.96941382021999345  0.97960475325953367  0.98972886925701620  1.00000000000000000
  0.00644614951936735  0.03589369171479551  0.05310099122032110  0.06454917640063232
  0.07360813810196444  0.08220045983280821  0.09082035623649638  0.09933988989598500
  0.10734706649607959  0.11483208256932285  0.12220192622522198  0.12985064970588917
  0.13771510451584951  0.14536420919485088  0.15265148201382908  0.15951514894117244
  0.16643531857058916  0.17325589280974193  0.18049876027815143  0.18782821789563264
  0.19524001604215135  0.20251424969476325  0.20942536701151557  0.21627042097807173
  0.22318767612535859  0.23037974908677941  0.23781059991522410  0.24504457728129769
  0.25200403028103269  0.25877287514442421  0.26568330166753046  0.27241939521552966
  0.27899726195508029  0.28556036465745954  0.29230124322856726  0.29945239208728353
  0.30669807624721485  0.31410161793626795  0.32167719684975521  0.32914319434602890
  0.33659771350954326  0.34425524186740747  0.35190276302426415  0.35947829286382682
  0.36738068975456684  0.37524141865322830  0.38337528749926780  0.39121501294770367
  0.39861109124988375  0.40578567421959805  0.41294960405737297  0.42029063384853249
  0.42790165484465692  0.43559697933394748  0.44298534201383089  0.44982532628349586
  0.45674152577095944  0.46384587186690801  0.47108112583148937  0.47856232534697346
  0.48630671018089350  0.49451209600079965  0.50293542347904185  0.51185229909132490
  0.52049149182366961  0.52884104515859232  0.53735484951517509  0.54615773828507597
  0.55485095858309541  0.56324630253202856  0.57174807500448221  0.58051857663982520
  0.58977760630257048  0.59902846625342654  0.60834935198652773  0.61796569717556693
  0.62767463578544402  0.63735007719769654  0.64709315590203464  0.65696072309547626
  0.66721660457801679  0.67727840897600677  0.68748917083096717  0.69840702937744603
  0.71012803693283677  0.72261932765020442  0.73596301366334638  0.74982029912260617
  0.76478521832054203  0.78087322203625587  0.79854342834899938  0.81886419628004714
  0.84283862845879542  0.87073284370236426  0.90980464451238729  1.00000000000000000
 -0.02103531236893896  0.15564601613909512  0.21043879614138231  0.24598278042971056
  0.27209980423007341  0.29368519364520607  0.31234480975039780  0.32916838821433647
  0.34472749234416644  0.35930996255559966  0.37281092043718378  0.38455540136861616
  0.39527751344536971  0.40562345539308514  0.41524874416867474  0.42411095077610789
  0.43234440729799101  0.44067648368485418  0.44902643891609600  0.45742886664444676
  0.46538066312472426  0.47268035331978825  0.47975214190791038  0.48689878706090534
  0.49410698381337953  0.50113143087194401  0.50778197946940329  0.51429847266704021
  0.52038724519901836  0.52625862798515599  0.53197184637261064  0.53779913955228986
  0.54356921998312002  0.54885293611035679  0.55403397612841787  0.55914130144816965
  0.56428642270100360  0.56949515831092645  0.57468782049007916  0.57978324922780278
  0.58482866084932850  0.58991299459053437  0.59502253803410010  0.60010533678510292
  0.60517017240623250  0.61026670509408865  0.61534325803021239  0.62023469645517626
  0.62508166509601359  0.62999015970941419  0.63501620144777815  0.64006805168473291
  0.64511402503224113  0.65018028012381168  0.65521098970225378  0.66006287124606133
  0.66484495601725324  0.66944145165228197  0.67395894753979735  0.67850416041084705
  0.68315911371155524  0.68790876727789740  0.69270659609669039  0.69755759891964997
  0.70245162899426816  0.70731563652259755  0.71215211168493664  0.71709865761678382
  0.72208209492354891  0.72700981827747557  0.73190654414079526  0.73690718745039163
  0.74184792355116902  0.74687293658305931  0.75200491687789883  0.75709045989100188
  0.76236343866856937  0.76784150327910017  0.77334710543986307  0.77896418042754789
  0.78452698709865620  0.79011131281437419  0.79655298512502770  0.80305453947749361
  0.80981756331853461  0.81690095615955605  0.82432220674849821  0.83245063994419066
  0.84154395334551679  0.85152164300360134  0.86228809803304718  0.87434969038566213
  0.88858340741177411  0.90633433105574324  0.93280753771504832  1.00000000000000000
   8.5282178218715008E-034  -1.0000000000000000     
 T T T T F F F F F F F F T T T T T T T T F F F F F F F F T T T T
  <DiscreteSampler_grid>
  grouped_processes
  1 # 1 for a reference and 2 for a running grid.
  10 # Attribute 'min_bin_probing_points' of the grid.
  1 # Attribute 'grid_mode' of the grid. 1=='default',2=='initialization'
  0.0000000000000000 # Attribute 'small_contrib_threshold' of the grid.
  0.5000000000000000 # Attribute 'damping_power' of the grid.
 # binID   n_entries weight   weight_sqr   abs_weight
    10   10   1.806673360786829E-021   4.516252192982751E-042   1.806673360786829E-021
    11   10   1.806673360786831E-021   4.516252192982753E-042   1.806673360786831E-021
  </DiscreteSampler_grid>
