 -0.00014278925277116  0.00596691078374491  0.01615096603970755  0.02722599543964910
  0.03873171571575774  0.05024055950037822  0.06181415441712172  0.07295130702531477
  0.08386337135409906  0.09439386047463214  0.10469386909171435  0.11464276692752010
  0.12463756986379056  0.13448013656092675  0.14413934348430002  0.15376796233603277
  0.16340408182869873  0.17321973455074566  0.18328510947401500  0.19333812675521503
  0.20314302435193021  0.21275387292805611  0.22151963278815431  0.23034165295147774
  0.23896612794987948  0.24736255760137341  0.25561736963616827  0.26383088093501322
  0.27239310009218803  0.28089215079911861  0.28941603665329835  0.29797799199983394
  0.30648487608373715  0.31485132651739267  0.32330555851414472  0.33189507473231505
  0.34049041243923872  0.34905730677513125  0.35758156284802861  0.36576673361973261
  0.37390832396988621  0.38198739524189412  0.38997871026740477  0.39800169673779578
  0.40604987446124097  0.41404825357070235  0.42198003580736670  0.42990837959875761
  0.43790293633056293  0.44596717109091050  0.45403460018063568  0.46196894182743392
  0.46982876699653897  0.47775655884178553  0.48589087364305034  0.49429980359722908
  0.50283365359234133  0.51133739305849923  0.51983568002703329  0.52823132360572844
  0.53683443164258693  0.54571561238692246  0.55464236947869128  0.56354679312473421
  0.57247832826548795  0.58147877533125136  0.59057679550394060  0.59972817412830137
  0.60911977084181923  0.61864375167526819  0.62818601709920308  0.63779731355660674
  0.64747466614617877  0.65731460067748371  0.66730728199223066  0.67750807957774595
  0.68792792535798186  0.69841555001617772  0.70893929723420701  0.71952048601804197
  0.73039559697636702  0.74176968939027299  0.75362301976022694  0.76575354591478639
  0.77799818681188337  0.79039963986268480  0.80324594514765557  0.81740018608065523
  0.83327833694274489  0.85059537541656249  0.86832834791906255  0.88740217175757963
  0.90860236005628070  0.93339982655042741  0.96416894832711519  1.00000000000000000
 -0.00216089965396697  0.00961732495515088  0.01963413626631448  0.03030676455552471
  0.04060309756172988  0.05196166086522004  0.06320914836125921  0.07488165599969475
  0.08639081864732291  0.09788652914471900  0.10850794772326401  0.11877073886495067
  0.12899980341398848  0.13904986818282927  0.14926472186010398  0.15978444158962410
  0.17064904598340908  0.18193991064516860  0.19291124316693203  0.20332611236172216
  0.21347658268326200  0.22350929171309214  0.23348328726308049  0.24354711962369427
  0.25400632826943120  0.26477546255676981  0.27523472920919034  0.28547687898357121
  0.29572950275916121  0.30615169738486286  0.31683055107496150  0.32749700517016411
  0.33825356973544268  0.34879798845099014  0.35944796568613935  0.37015273856636627
  0.38077119733580905  0.39129930558258352  0.40210416702986174  0.41297283475212909
  0.42377024854741679  0.43433265450976183  0.44501368838041439  0.45581928885343553
  0.46693035710960751  0.47783946497705548  0.48827530697477972  0.49833614503880663
  0.50826881263456924  0.51829728044187162  0.52827530779776055  0.53824255892812078
  0.54828865876409971  0.55841333497786316  0.56894950924684751  0.57958345345639428
  0.59080937369566811  0.60195721593887153  0.61273769150160196  0.62316575309076050
  0.63335098615389229  0.64344451318217455  0.65364922554975624  0.66368461433479431
  0.67458659948589306  0.68506542317388175  0.69588288878901339  0.70678099940754091
  0.71729361348668208  0.72761469937231038  0.73760773658398437  0.74754300943163832
  0.75780963588535333  0.76785408983386982  0.77827940247656635  0.78841562045974412
  0.79957262799780382  0.81060986606983776  0.82137409347029178  0.83192444346563010
  0.84259371030700736  0.85334251711941578  0.86400757250942495  0.87468533565217121
  0.88563416809181383  0.89672368885426601  0.90789676775055594  0.91842851167418416
  0.92845443459760990  0.93830676875321872  0.94794304319526368  0.95762599873964549
  0.96778011444752454  0.97844272960384937  0.98940713584863582  1.00000000000000000
 -0.00884050729983040  0.05321006691431408  0.08462488309220045  0.10817169812102584
  0.12822103680105781  0.14589485620405312  0.16242800661841336  0.17789163161114821
  0.19246947257485125  0.20644811876620403  0.21983576625575166  0.23286304043720107
  0.24568444692081184  0.25766060314348221  0.26887359428862578  0.27983739194132651
  0.29070184092806906  0.30128813810098243  0.31175931208684082  0.32202771679313980
  0.33187294732265638  0.34106210336824822  0.34989284866768261  0.35869862261982577
  0.36756435737105014  0.37625439355825840  0.38445954742542560  0.39248274486203072
  0.40050368333516517  0.40853572838721519  0.41646524222032222  0.42402104919150746
  0.43132247410933588  0.43874535722810470  0.44648333534041579  0.45429445999420054
  0.46195358894420468  0.46953769743563345  0.47726089991583615  0.48533013429621474
  0.49353010779765821  0.50130198506566459  0.50823958665245828  0.51549039813917774
  0.52287653656260558  0.53026577881355652  0.53748455367837500  0.54442866258472000
  0.55129455171075503  0.55806423257214721  0.56511886306649184  0.57225559110382940
  0.57944082135901154  0.58680282974686071  0.59425784704733942  0.60180923511507867
  0.60958693888773496  0.61759916525092251  0.62559427885216456  0.63342473267759725
  0.64125040204770301  0.64913700303241118  0.65709774498449081  0.66503805318890707
  0.67270103008964754  0.68016311548469510  0.68758651528997961  0.69521217426022863
  0.70299367595026807  0.71113160115936835  0.71957975643778693  0.72797687961772406
  0.73627388453532916  0.74455175876123392  0.75315178889020684  0.76218451404003029
  0.77133029636045691  0.78017953556939323  0.78886397247074225  0.79785481025204252
  0.80697947039969264  0.81617404943964678  0.82577970840326032  0.83535680840653859
  0.84510599339454773  0.85492555076695398  0.86475420621722876  0.87488675959340301
  0.88541750912243089  0.89635809537075950  0.90804631456521778  0.92079394059251307
  0.93536561833531551  0.95150045796686678  0.97236607388891938  1.00000000000000000
 -0.01946031010426465  0.12221499756023568  0.16591007158685531  0.19258343806163800
  0.21423724207883299  0.23335917785554788  0.24974570918494188  0.26526074065375987
  0.27943479977585750  0.29244864679951327  0.30502572137023493  0.31684043648486099
  0.32784865928654339  0.33877625420385554  0.34968659519953821  0.35996240331167861
  0.36959818118844134  0.37904249345598612  0.38848610170150732  0.39776194734654918
  0.40676823075848195  0.41556119035398398  0.42444383312687956  0.43317010240616183
  0.44132643764505669  0.44902466818162406  0.45670786946289815  0.46442775203717851
  0.47205614577079308  0.47943854460011709  0.48663917933257189  0.49381561740629404
  0.50108607276507922  0.50848984444448020  0.51566552671808197  0.52308075373801000
  0.53060484133635855  0.53796566959947179  0.54509792618101915  0.55201165545682174
  0.55882928692043388  0.56565160219560984  0.57245320087530338  0.57923146889023891
  0.58585297565908856  0.59224275909222390  0.59859956924093893  0.60500316015044864
  0.61145601569093333  0.61775413825540071  0.62388982971310536  0.62990599474421138
  0.63589002787205984  0.64196626584161609  0.64796725028621849  0.65371378148529580
  0.65951746512049947  0.66525446329495574  0.67078630517273152  0.67619125977433303
  0.68155788094399061  0.68692815709546318  0.69210177377925786  0.69733452593800493
  0.70260596685767651  0.70793358833986220  0.71329215627143894  0.71867466887376863
  0.72408611593752514  0.72955206322424382  0.73515484616936189  0.74083235531964076
  0.74645369828703256  0.75226784442604189  0.75822590765959141  0.76432647147626043
  0.77042424506385077  0.77654151005173877  0.78268418682583096  0.78883103854879755
  0.79516956666994876  0.80171306026418032  0.80814754697547286  0.81461034642075358
  0.82118356851588026  0.82787745265703405  0.83503071752885916  0.84324259510494493
  0.85186661332187230  0.86104574548892077  0.87086572746439506  0.88238161504348667
  0.89577968185699719  0.91209768321166773  0.93747116569985800  1.00000000000000000
   1.7162282710742171E-007  -1.0000000000000000     
 T T T T T T T T
  <DiscreteSampler_grid>
  grouped_processes
  1 # 1 for a reference and 2 for a running grid.
  10 # Attribute 'min_bin_probing_points' of the grid.
  1 # Attribute 'grid_mode' of the grid. 1=='default',2=='initialization'
  0.0000000000000000 # Attribute 'small_contrib_threshold' of the grid.
  0.5000000000000000 # Attribute 'damping_power' of the grid.
 # binID   n_entries weight   weight_sqr   abs_weight
    10   10   4.722866030211274E+003   4.660360738202753E+007   4.722866030211274E+003
    11   10   4.722866030211274E+003   4.660360738202753E+007   4.722866030211274E+003
  </DiscreteSampler_grid>
