  0.00997225731008173  0.05161209991029322  0.08006446086846203  0.10137321706251035
  0.12043211176618332  0.13847799383931719  0.15565639026739431  0.17228566025617503
  0.18848867050245963  0.20511244042668858  0.22158271362888474  0.23741156054131404
  0.25228766958228732  0.26762958228773598  0.28128528580168832  0.29489518297111800
  0.30935502800968806  0.32397841566516533  0.33830543455461076  0.35250997329038702
  0.36592086856996270  0.37891675711118949  0.39223468395001282  0.40542096077144152
  0.41963728040948256  0.43429891879125715  0.44829989241512408  0.46139882078917588
  0.47382070788206576  0.48609259069539934  0.49756584379340435  0.50926393167515527
  0.52090550513518497  0.53306563755959002  0.54557052311190402  0.55851548881931112
  0.57008876566358679  0.58062392130801010  0.59071153017339972  0.60072838245727733
  0.61114861687473743  0.62204306271745557  0.63363061407342647  0.64490818652373361
  0.65566942717242727  0.66616145723499598  0.67695517462199128  0.68743307185682245
  0.69841884686901823  0.70954629257569202  0.72099051686241333  0.73259302476960364
  0.74343407745575696  0.75318947594316987  0.76205486001585976  0.77103179134833455
  0.77971214072849981  0.78800727028498763  0.79572016654786359  0.80326528702895861
  0.81081631885396677  0.81836382514641304  0.82585729866941737  0.83352424337395115
  0.84157872649324228  0.84970613307921361  0.85796195919801976  0.86631677014775410
  0.87469457449120147  0.88287234239592827  0.89058364675943091  0.89803688025329587
  0.90482862078854609  0.91137123673581399  0.91809905143570114  0.92479039002055907
  0.93135080022792704  0.93760520676179604  0.94349580292546065  0.94902892406151795
  0.95452035000066571  0.95957139111641387  0.96413616499801824  0.96825866827867058
  0.97206681438314291  0.97573416266550939  0.97909759574345279  0.98217894759654067
  0.98492074702563792  0.98743105163620426  0.98977952085832099  0.99181075870157553
  0.99382014187375622  0.99546004869704396  0.99655599108659287  1.00000000000000000
  0.00893809958720458  0.01743855136291093  0.02872576459748019  0.03990650214957951
  0.05072344924958624  0.06169875861615997  0.07269913755945646  0.08328137470802553
  0.09339137222036660  0.10322075407895567  0.11303921545578006  0.12288804425745210
  0.13259138546724306  0.14221240667366816  0.15210727080766642  0.16262639404049115
  0.17332397158869928  0.18454484362297105  0.19646789900214776  0.20919856598830736
  0.22155928023067473  0.23409377856457816  0.24641910588374175  0.25804037369153660
  0.26973816254698879  0.28055222445514016  0.29144041671172177  0.30143497382047568
  0.31119070133475701  0.32116095269044409  0.33111960820248110  0.34095251507579405
  0.35069821642703780  0.35986602116820693  0.36899770843290824  0.37824619348045319
  0.38782577901849646  0.39768191875395370  0.40750628378482212  0.41741383869889570
  0.42730410250141387  0.43711922519123053  0.44689014600218047  0.45664310045490036
  0.46663633508197200  0.47726786232838903  0.48824614275813311  0.49859191598021230
  0.50774369407826148  0.51673661631168533  0.52592092889920916  0.53539285741202691
  0.54502973058670212  0.55395951729928039  0.56276153983187782  0.57171431328519795
  0.58121862953454062  0.59189108043827332  0.60313301934064734  0.61401082341557789
  0.62453273087879524  0.63467989590515217  0.64502128698824235  0.65568014711622669
  0.66658018321249091  0.67761078089596816  0.68856119552524664  0.69972705988123751
  0.71045558290097754  0.72091803026591739  0.73113306490213525  0.74131838905714187
  0.75173705461806428  0.76179084601195535  0.77147433769138429  0.78152063144765804
  0.79258262504025812  0.80394967925299010  0.81487699922847900  0.82579498759714764
  0.83667844069200270  0.84823764123557166  0.85859846507003734  0.86870161122618306
  0.87932843743246814  0.89011920546004519  0.90144709776132226  0.91301542495979560
  0.92530527428715292  0.93808435667233947  0.94988013131700477  0.96148278640054130
  0.97238655441120669  0.98202098390747372  0.99147840751251837  1.00000000000000000
 -0.00070289205841383  0.00383242933090340  0.00647433292232805  0.00914588714667315
  0.01198421494966128  0.01496535267196266  0.01831649014449800  0.02193019806477393
  0.02630320286056751  0.03111524497580487  0.03610219646414810  0.04105132710714329
  0.04611294373044023  0.05148075239681532  0.05718781227357112  0.06318691093743389
  0.07004267368924262  0.07722753749454439  0.08413575221031253  0.09094660374875096
  0.09797361049495885  0.10509179328483828  0.11235806190461330  0.11991200172260605
  0.12780068402480826  0.13563399589806482  0.14362442543658768  0.15216299593970339
  0.16166581943811129  0.17156034443453258  0.18113886045423630  0.19018464454431627
  0.19936982296262534  0.20839128364411483  0.21748169593785843  0.22693817166303074
  0.23685913671182987  0.24695055084415893  0.25679107987104283  0.26626734867297064
  0.27541838740067126  0.28455218544563915  0.29415257010403123  0.30454369236027812
  0.31581803849840612  0.32747589963623341  0.33890864775391993  0.35057973120366287
  0.36292059287088946  0.37545135188502593  0.38791825731714835  0.40022890225128466
  0.41236681540349257  0.42431344755352290  0.43609880784764365  0.44834227620575190
  0.46068470602509087  0.47315701224971085  0.48526540639538784  0.49721614633423072
  0.50893841821148578  0.52037543210943515  0.53200698165972071  0.54443140492034903
  0.55720310360311032  0.57031530603319525  0.58473948854765223  0.59840681933750295
  0.61144382422442600  0.62426528955501526  0.63717690259731619  0.65024879755544018
  0.66340879968586064  0.67708710480396028  0.69092439711909448  0.70522957830332966
  0.71954570815664243  0.73385087546482830  0.74824162635846947  0.76285174569333558
  0.77697803992090986  0.79169943154953448  0.80648574522271921  0.82099483910882065
  0.83526689357461104  0.84953350672060979  0.86381305234540318  0.87805690564256622
  0.89270522659349560  0.90795697614882609  0.92392344862777320  0.94023240223794369
  0.95557550540847846  0.97054733167685470  0.98534368271334061  1.00000000000000000
 -0.00269290721810616  0.01187940100151888  0.02361809916054316  0.03515627295702498
  0.04706199015494694  0.05900792654981236  0.07027857715608739  0.08098241675095119
  0.09194208789069386  0.10339927540852439  0.11469653439367532  0.12489200074053311
  0.13439282499018648  0.14388940124386804  0.15437023182554935  0.16573596866637333
  0.17699491629641548  0.18808681206874184  0.19861232351331756  0.20866224455647547
  0.21825636593888781  0.22721118187957612  0.23594886899812981  0.24439828029770652
  0.25433095996578420  0.26456874308833983  0.27588207593158598  0.28714440426331755
  0.29788897955169275  0.30842120677098134  0.31887288471677278  0.32951572275110574
  0.33987927771174020  0.34986539691253377  0.35942108895359753  0.36891714754649946
  0.37890317423057807  0.38880927462099957  0.39876964493162786  0.40852979875191892
  0.41805684916320424  0.42785930642278774  0.43804342383708628  0.44915656143959881
  0.46038657018010487  0.47122935600635824  0.48231411411456082  0.49371949935939119
  0.50486090266504002  0.51517936444778101  0.52615824549437729  0.53755053262227093
  0.54791271322301094  0.55758413478450830  0.56706671178382162  0.57660049703147942
  0.58656332140172074  0.59672905537781784  0.60704227890375639  0.61783618532983819
  0.62852170138443475  0.63950237250827457  0.65130423212302335  0.66320181015428836
  0.67490865830703572  0.68609853488187689  0.69711175265805003  0.70805500487451534
  0.71930875174690712  0.73019275502787828  0.74043128146828285  0.75086946741938687
  0.76167559660518180  0.77197435288026617  0.78161823931294194  0.79148310352346540
  0.80249120519985007  0.81390953647118047  0.82485084970179157  0.83573533486380780
  0.84695337434730467  0.85774684568357440  0.86790965452725211  0.87828184399412490
  0.88927765571803397  0.89971764740298998  0.90864889687480421  0.91778406321292394
  0.92744301867165135  0.93745977451896645  0.94730216955332236  0.95668423911959632
  0.96651570056209035  0.97678027459401928  0.98797586420126604  1.00000000000000000
 -0.00258627270167211  0.01064050002624531  0.02181463373797956  0.03291676273370715
  0.04511949622416907  0.05682922011647132  0.06887454052875405  0.08002488161578759
  0.09020427803820903  0.09967823061126493  0.10935727456370421  0.11930971277288141
  0.12942419570509728  0.13986309006955550  0.15051398502796864  0.16169040964856352
  0.17216991083961142  0.18185235264541072  0.19144402951041015  0.20115634869384580
  0.21108876988324812  0.22019570834232763  0.22955705065059245  0.23856977221202971
  0.24723698244973605  0.25604070472642515  0.26533763143616623  0.27590789353166684
  0.28848307017960184  0.30180152413257627  0.31523917294137105  0.32900302467525938
  0.34191085629527046  0.35453922655575004  0.36700142050780332  0.37913002837299764
  0.39178333945181015  0.40320639538533504  0.41348514006771642  0.42342509714431575
  0.43332333489545855  0.44285346283664179  0.45233673780146261  0.46256647124462513
  0.47351020311486608  0.48326694041756540  0.49286074031642119  0.50284037007469851
  0.51364078989809780  0.52414772397099263  0.53426620347003206  0.54453699663121313
  0.55531543520808802  0.56578865607747053  0.57563113292499923  0.58602711109438810
  0.59651299932065271  0.60655604918652994  0.61676304855373254  0.62778737096970716
  0.63952122533784361  0.64993394438455931  0.66013197812566560  0.67029601680851458
  0.68114872214733657  0.69198710680586772  0.70279806714096282  0.71309421035280351
  0.72316953534532924  0.73308053515329419  0.74291987902352086  0.75299438736988411
  0.76367318757856084  0.77454725786341072  0.78543934569974905  0.79613133508132172
  0.80714520689120750  0.81787487378456025  0.82853233916600255  0.83968453768457840
  0.85083637924220445  0.86131225794656896  0.87151689999895876  0.88204662017475444
  0.89240196547435457  0.90206373927898709  0.91114645083444035  0.92101240177013111
  0.93163913481746774  0.94206469194177023  0.95228935746248533  0.96310755106680579
  0.97363423572265284  0.98310438919720189  0.99169668539800793  1.00000000000000000
 -0.00138791336426955  0.00923126569420157  0.01922468864143944  0.03000410970917933
  0.04043775077829259  0.05180812229881020  0.06320466095392197  0.07367611894439600
  0.08406875478505138  0.09423539048729974  0.10479821544247760  0.11566881113896041
  0.12631984718812850  0.13666286088654789  0.14704496349589935  0.15730516727684765
  0.16725848055711659  0.17685576415492374  0.18668607108875629  0.19719188609803873
  0.20860534892815588  0.22065389391695264  0.23217233849138255  0.24287650076868600
  0.25381871339855311  0.26502577452248316  0.27680501813633801  0.28824495677799955
  0.29945266283614075  0.30963207334972154  0.31931877369429362  0.32832862139960611
  0.33731225579954904  0.34652483501266590  0.35611445365496702  0.36662949976592790
  0.37742474652109387  0.38864695477457878  0.40045581891465698  0.41231759987934496
  0.42461301075745628  0.43751008786769879  0.45003106450867075  0.46175434462924314
  0.47293972463824824  0.48325123001684078  0.49358019159261918  0.50313650977067326
  0.51191066282019881  0.52075634638090307  0.53004947892747512  0.53972037586124866
  0.54986145085855243  0.55971927381627329  0.57031996902686888  0.58094371939645983
  0.59107921453302648  0.60118033798138903  0.61177747515828884  0.62224939181819905
  0.63229123733598103  0.64207494531420539  0.65199240325709962  0.66254853407604630
  0.67387427589968885  0.68587392485039189  0.69760323766099896  0.70889463790057761
  0.71967418105491043  0.73025385920576846  0.74110564886403951  0.75231521302304472
  0.76380650765363722  0.77506414247012889  0.78538433083135650  0.79535488924040487
  0.80581579019725369  0.81650860183093765  0.82712171067142870  0.83773257002694734
  0.84856546296786128  0.85941507340201684  0.86931848229748776  0.87823713989731700
  0.88688853090166386  0.89574254511721363  0.90566997514913938  0.91632445227244086
  0.92734650005883168  0.93771471956639840  0.94787936509769588  0.95806518754692127
  0.96936070678203057  0.97974903033259164  0.99020449497423046  1.00000000000000000
 -0.00221122483112478  0.00794191684679744  0.01627696078283085  0.02513968570605084
  0.03453271130327153  0.04356568880178002  0.05234287236230206  0.06115357241676024
  0.06961188113908287  0.07883974609960406  0.08808991478822790  0.09699970883008567
  0.10614206672308356  0.11638864821491555  0.12726577941191963  0.13833499034487426
  0.14882743525149070  0.15952278561005534  0.17030906749703467  0.18079977461477575
  0.19049585932625729  0.20019623251842750  0.21062857089567200  0.22171785865991389
  0.23229075642704297  0.24320689016264460  0.25344035295914458  0.26364307592599601
  0.27453599167607423  0.28633855115479467  0.29915654893061772  0.31155423801364807
  0.32257956364864571  0.33311375807002691  0.34195976181529225  0.35151683140808793
  0.36165534844894881  0.37287783067479535  0.38501676035721027  0.39639939227051452
  0.40810955516137665  0.41920578466704062  0.42980599495858995  0.44113811239614509
  0.45199149525501525  0.46273918733615216  0.47313372199359527  0.48393542582594024
  0.49549115480592415  0.50648979468831812  0.51715659680403248  0.52799711828485207
  0.53919768487343378  0.55046203399667082  0.56211516089689950  0.57465150585260993
  0.58715898103635644  0.59843738055475726  0.60868444422919887  0.61889283203196954
  0.62938357378793308  0.64045040496898764  0.65192662079080155  0.66348513257309516
  0.67456177452084198  0.68518110507873420  0.69611879645632369  0.70726657390162029
  0.71842302607499653  0.72893470951627870  0.73916813720246899  0.74965119202154362
  0.76041062826009020  0.77179192695983834  0.78293558388967832  0.79401965230159410
  0.80533236368113348  0.81628369774669007  0.82715242814546697  0.83769385444644096
  0.84831097204548123  0.85921662085904027  0.86984800284758634  0.87988143054505286
  0.88892649744976848  0.89797393497298972  0.90674734211351393  0.91525265281221935
  0.92385217776401019  0.93316331876027636  0.94372708836811603  0.95504719487895029
  0.96616503889145944  0.97779898014364985  0.98888101939210837  1.00000000000000000
 -0.00278850797729517  0.01065680108990806  0.02234840345776843  0.03432955196980550
  0.04564772131368177  0.05616904332481205  0.06643751477387332  0.07621067752167084
  0.08560825642593083  0.09468134790987723  0.10425339366359737  0.11432441126309917
  0.12447928061958882  0.13441396781701628  0.14457151496691553  0.15493631980135092
  0.16535559978048261  0.17589732132150698  0.18623190872965553  0.19585088582463273
  0.20516295130932455  0.21456150545457472  0.22464778193102761  0.23539428419287345
  0.24611979440211212  0.25629256076073514  0.26641274907885210  0.27628944241348885
  0.28675998659040686  0.29695502377242627  0.30645787395060325  0.31545241853035683
  0.32442755710170584  0.33379788352219297  0.34326165272862097  0.35220065176051890
  0.36265744791973209  0.37438330449909873  0.38615817111078599  0.39832868043167152
  0.41016661937863985  0.42152582381530929  0.43274316629063991  0.44367943894352591
  0.45502742716316036  0.46554374164963258  0.47722157381901137  0.48932840113000642
  0.50132769193770155  0.51234853697247196  0.52292382203033427  0.53297432660711397
  0.54327005114476690  0.55394861683112340  0.56545847963548090  0.57748620325736644
  0.58862204494407933  0.59904174776418084  0.60946193107999735  0.62057272282241704
  0.63180794672081086  0.64232612569082348  0.65196213419206539  0.66128511215133245
  0.67052237123026404  0.67989723527401114  0.68918916779486405  0.69916960007630324
  0.70967239276523886  0.72133121927444543  0.73287037403644273  0.74347150869005840
  0.75386043835846406  0.76401855931072238  0.77417900555878949  0.78423853476511762
  0.79452079529956365  0.80554662521399867  0.81630485371560424  0.82711316810564350
  0.83840567371581742  0.85152907906642084  0.86442679606448825  0.87749630672409717
  0.88929097676885949  0.89983707179574901  0.90920663362526899  0.91883960269610543
  0.92911074320352727  0.93875818122112564  0.94799747111486909  0.95775854805009042
  0.96875526217338626  0.98057364234019606  0.99041220765920190  1.00000000000000000
  0.01221630594410669  0.03624465685579572  0.05269653812138525  0.06415587250639868
  0.07396007629663176  0.08277757979172405  0.09090574973243444  0.09881861386671054
  0.10655896943500369  0.11393621376168270  0.12090478741450247  0.12773748955658523
  0.13444363415519925  0.14163573994170880  0.14870501862656565  0.15569072542201665
  0.16249444202177840  0.16937780600845667  0.17660773134844257  0.18393014155648929
  0.19099910116533231  0.19774629149667661  0.20432236571725065  0.21095407947217823
  0.21780456085183234  0.22491895216084934  0.23247746248229958  0.24040416157338956
  0.24829999974370270  0.25493144919840738  0.26124129242375882  0.26779418767192698
  0.27424831390591847  0.28065921080140660  0.28710029888127686  0.29355211933137865
  0.29983549285387184  0.30574315638021748  0.31158510372296533  0.31771397383727978
  0.32400399619274084  0.33024585784466037  0.33635385722496253  0.34252909348840954
  0.34904257444907349  0.35564034902537189  0.36231565796456855  0.36902874419671178
  0.37595002087328655  0.38306465705343329  0.38991562779595607  0.39672895887660148
  0.40347365319021095  0.41065954629362245  0.41841393783846398  0.42625893994289604
  0.43405349552225153  0.44173440865358815  0.44932680269653635  0.45738006292014521
  0.46548560550765616  0.47361257457633599  0.48153363003825056  0.48900302592883271
  0.49659880320203387  0.50427160086000966  0.51250927033575711  0.52121930363303537
  0.53028714469643712  0.53978599117265658  0.54942698685541402  0.55936785423557467
  0.56967369854723648  0.57995044437796339  0.58915020846557642  0.59788908608628333
  0.60720565402542481  0.61722012898478973  0.62740922263084076  0.63783637883895461
  0.64916672535458686  0.66148339951874269  0.67455095560074663  0.68764825417826214
  0.70016755273108566  0.71268056736086727  0.72585195811691083  0.73998999308978208
  0.75561350599984989  0.77283915944610271  0.79070063199012475  0.81116505810403361
  0.83462075077276310  0.86275678580714599  0.90474998086452496  1.00000000000000000
 -0.01934946437698214  0.14429882557872717  0.19849596834007663  0.23089489132885144
  0.25394658436081957  0.27382439736763270  0.29044449087609064  0.30625848164529729
  0.31864919315726381  0.32894435303397745  0.33905219843231116  0.34873728757639655
  0.35804616483624307  0.36660892860645483  0.37463906788815537  0.38277886479716433
  0.39099453432201869  0.39879081560590679  0.40610991534418772  0.41327824301415311
  0.42049658241063537  0.42783899218759508  0.43506772538183480  0.44177656558543765
  0.44805083108851207  0.45400785168562030  0.45996248387008254  0.46600558360223437
  0.47210337559384569  0.47816025246938015  0.48411802002423432  0.48983401825169559
  0.49526501337489204  0.50086999725834669  0.50693801048028597  0.51317138718777622
  0.51932647553718214  0.52481201119977983  0.53020300625570693  0.53558840094856619
  0.54104677865575823  0.54660047775969045  0.55222645709802831  0.55789141467144132
  0.56351491123948527  0.56920006853314287  0.57483424226076008  0.58037274336223854
  0.58564441357725472  0.59074449689108688  0.59591504949537566  0.60125435357169521
  0.60644743312778626  0.61129214839508572  0.61612556062750024  0.62094745607864510
  0.62567005910250173  0.63055628605126046  0.63573682439208878  0.64089863759297572
  0.64613210056047077  0.65089908892746196  0.65544417075010331  0.65994737262720926
  0.66452471756977072  0.66903160207362089  0.67361120074139180  0.67822574972922023
  0.68283408204869489  0.68761901701192463  0.69251026432419083  0.69752525709852409
  0.70267877454432148  0.70773754532682231  0.71328612710858341  0.71891420501550907
  0.72471749429469268  0.73065682647105434  0.73701728394470345  0.74377282542077106
  0.75065259249613348  0.75738944843720990  0.76393528756941420  0.77064787908460552
  0.77799105455881945  0.78596645518883734  0.79446661217591630  0.80358592922830141
  0.81338455521673392  0.82429482347765726  0.83674301020802266  0.85114298149015288
  0.86718634795494909  0.88738518119137932  0.91735345625448139  1.00000000000000000
   2.5982361853245738E-055  -1.0000000000000000     
 T T T T T T T T T T T T T T T T F F F F F F F F F F F F F F F F F F F F F F F F F F F F F F F F T T T T T T F T T T T T T T T T T T T T T T T T T T T T T T T T F F F F F F F F F F F F F F F F F F F F F F F F F F F F F F F F T T T T T T F T T T T T T T T T
  <DiscreteSampler_grid>
  grouped_processes
  1 # 1 for a reference and 2 for a running grid.
  10 # Attribute 'min_bin_probing_points' of the grid.
  1 # Attribute 'grid_mode' of the grid. 1=='default',2=='initialization'
  0.0000000000000000 # Attribute 'small_contrib_threshold' of the grid.
  0.5000000000000000 # Attribute 'damping_power' of the grid.
 # binID   n_entries weight   weight_sqr   abs_weight
    10   10   1.367472683155466E-044   4.743492772125103E-088   1.367472683155466E-044
    11   10   1.367472683155468E-044   4.743492772125116E-088   1.367472683155468E-044
  </DiscreteSampler_grid>
