  0.01024667066361238  0.05402941310176398  0.08248505595884544  0.10472527497608697
  0.12519919054197975  0.14386105337446925  0.16069237381820695  0.17666621883775291
  0.19265186641264392  0.20810084246286981  0.22338267356274599  0.23820320482484716
  0.25289614790113113  0.26709802169969088  0.28114719243075764  0.29502857636027768
  0.30965233730680802  0.32569042004575116  0.34101366704107966  0.35507570040653685
  0.36849296635047091  0.38179183629611280  0.39461453857322887  0.40751900422167597
  0.42023739437376600  0.43308283789000429  0.44670251841574266  0.46004366470756380
  0.47215416493660878  0.48367460966434034  0.49493440050849369  0.50669202633173194
  0.51871853213183661  0.53075281034404631  0.54217504943885386  0.55354458828389386
  0.56475556461232179  0.57627090606556630  0.58755136626169568  0.59926880404792260
  0.61096451630923432  0.62255374311175171  0.63367265192273448  0.64491342999999035
  0.65698765321966890  0.66904610377235740  0.68026252219796945  0.69116186912302735
  0.70265421554097385  0.71355916577526768  0.72351644233276924  0.73316772894141735
  0.74265407693587748  0.75230872477142230  0.76133440972763156  0.77045015031687247
  0.77990589131614718  0.78928498949013692  0.79905900682521169  0.80797309641831028
  0.81673709334906341  0.82525626098310467  0.83371767120767792  0.84188652727165980
  0.84992863946912434  0.85752180354277097  0.86491732559648415  0.87236200959819099
  0.87953466564364469  0.88652527617104082  0.89315525296073095  0.90015010299606324
  0.90693906979961059  0.91336099443680840  0.91970729458720224  0.92612292410663744
  0.93261004453147900  0.93907318909749316  0.94558266959344039  0.95239892785771729
  0.95792161835415024  0.96251229496717283  0.96644777249690828  0.97007944250823097
  0.97355624895660120  0.97686393775868197  0.98001014748195414  0.98286058243497343
  0.98553528055159256  0.98787546514195790  0.99000354473850605  0.99206123381157563
  0.99396434035237935  0.99551107138997152  0.99670085539577369  1.00000000000000000
  0.00882153920374998  0.01749342102873936  0.02853224372709829  0.03969111953598072
  0.05062632130184910  0.06131767613118002  0.07171706032271556  0.08182483173668034
  0.09337049550205347  0.10465773573027186  0.11576026688948152  0.12662225889987555
  0.13760090181678794  0.14769593107277407  0.15789177777980046  0.16844646805592975
  0.17944428923347022  0.19004721739425523  0.20028984085542015  0.21099472387856386
  0.22084841524070895  0.23058118729368576  0.24033257933149313  0.25040450043650125
  0.26046771203016805  0.27064588091551273  0.28126682348861137  0.29216360797831359
  0.30261116415370881  0.31288035708437839  0.32332977018792824  0.33396429353378865
  0.34408144680400876  0.35424529092103330  0.36418451774624322  0.37407217852108160
  0.38377215555986366  0.39304405709367746  0.40232991773197729  0.41129415762743582
  0.42080452532282930  0.43094985698289501  0.44154620228766212  0.45191406414243063
  0.46267155974907137  0.47374648369061045  0.48471412922941809  0.49564103336890519
  0.50741209105071527  0.51935569805802417  0.53071023826300834  0.54136787134816289
  0.55180281817837062  0.56268297546634627  0.57380038718865567  0.58571444477074008
  0.59730917168405262  0.60786012999205552  0.61847306570053151  0.62805231127087646
  0.63735029249571129  0.64654586743907283  0.65586279776839507  0.66538990029450806
  0.67534394444288304  0.68523080135991687  0.69438350013695993  0.70315612700137475
  0.71219919489274508  0.72127395744199707  0.73033983103646838  0.73946392396432037
  0.74929756567353389  0.76143447328015057  0.77463843005783628  0.78695832423875500
  0.79883421665754228  0.81069675001064900  0.82137493166143272  0.83157383472240576
  0.84164079133448377  0.85124526810579737  0.86102001738462630  0.87063623520435007
  0.88024387716337738  0.88978557250806456  0.89942846047299163  0.90919846706519636
  0.91931953624055418  0.93002484204341618  0.94149888929262737  0.95345317581399402
  0.96508074400279065  0.97637470241769975  0.98792420694115735  1.00000000000000000
 -0.00096887539884843  0.00495356178676592  0.00736869471637141  0.00997219799606086
  0.01310605264877220  0.01649167728436711  0.02011851720538045  0.02427803000238467
  0.02887901776173781  0.03367366481320554  0.03856811275765584  0.04311642692535526
  0.04813356353858354  0.05354978384097075  0.05920472082327457  0.06515178397326195
  0.07196832517386118  0.07917730967149106  0.08635041341169483  0.09348478130599587
  0.10045253813785850  0.10758699455536759  0.11547984274425881  0.12388982992264973
  0.13193021103430844  0.13944300351835878  0.14732386342199008  0.15573369284918476
  0.16487045070521586  0.17373049256539846  0.18307876781366181  0.19255871538232433
  0.20171692450315787  0.21056850264540755  0.21942933882783547  0.22868537984591039
  0.23849313812938600  0.24856706296361572  0.25905477212756522  0.26984360507412047
  0.27993859711007069  0.29038159111142403  0.30123315640126358  0.31205678520266877
  0.32330310111664612  0.33460736891469023  0.34560477492207065  0.35627359335802988
  0.36679035616619104  0.37749604572896889  0.38876536979346110  0.40056000677298931
  0.41290948654560033  0.42632627926327998  0.43956039920631917  0.45248662133728307
  0.46499973449944010  0.47723631802020222  0.48935153212709576  0.50124282468959469
  0.51254693996512557  0.52390580233223294  0.53614283878075653  0.54921997557526314
  0.56304520528013247  0.57680802032847345  0.59035475640483548  0.60410517813664177
  0.61904594798873103  0.63353072627963558  0.64821995451391623  0.66304922184912740
  0.67742116040970890  0.68971401627615958  0.70293457275377591  0.71619275805165150
  0.72942746119829971  0.74316951729977587  0.75705677314189657  0.77040906147448973
  0.78374604569179540  0.79717965287464687  0.81070438230232589  0.82373629797944126
  0.83643490427377176  0.84922686008425552  0.86176989516472635  0.87499591522626774
  0.88839848416622325  0.90233427961739354  0.91700351441718975  0.93212306984730542
  0.94850021740036716  0.96534451054088921  0.98253233194014200  1.00000000000000000
 -0.00253150905562880  0.01024217458845266  0.02114588958291820  0.03156698709639676
  0.04193883438032983  0.05298687701677229  0.06396315286456168  0.07493690000655263
  0.08539463815641336  0.09588571248538795  0.10559395181940315  0.11471246724532472
  0.12384779937912466  0.13352091677599309  0.14368364120960370  0.15400135169770099
  0.16387734098812157  0.17409007699145193  0.18469303092028708  0.19453313909482978
  0.20394670175159524  0.21350651297580089  0.22335912444756997  0.23337012587927838
  0.24302561534021402  0.25230119980761340  0.26187607668289020  0.27200425595823235
  0.28284221471069021  0.29363755081475545  0.30384996284249177  0.31373272019939313
  0.32341868512251326  0.33310330475076294  0.34298840767114891  0.35324299324447028
  0.36386394125890420  0.37460903298634712  0.38570844473149307  0.39702280792199968
  0.40817278580345329  0.41908548978520616  0.43010541166521782  0.44174111518895970
  0.45339783523971627  0.46449225531363214  0.47517165624653340  0.48626633970762873
  0.49775633183959656  0.50858695307583346  0.51935104596557180  0.53088480894667245
  0.54291025413061778  0.55442692664708182  0.56585012051569739  0.57708871702729747
  0.58819110572679956  0.59897532874812742  0.60912463354831226  0.61860329694049931
  0.62908944137320288  0.63925474336348997  0.64907875489834410  0.65787448533008752
  0.66740461658643768  0.67839749824366680  0.69036240049534070  0.70236215823139225
  0.71391665466241294  0.72499460096015655  0.73547318164360409  0.74540033632474223
  0.75517556012793063  0.76537698137211385  0.77637777776725692  0.78775074024018343
  0.79908030312265954  0.81017890785369240  0.82041372462667195  0.83000810856574736
  0.84017991202785525  0.85056283265068100  0.86122742409749409  0.87178579024033875
  0.88281764483829217  0.89409154080133857  0.90508172372214579  0.91567946567564806
  0.92603612195183960  0.93646948255127516  0.94697824305152800  0.95745745184102626
  0.96779248379594529  0.97807640150606756  0.98887305041829099  1.00000000000000000
 -0.00184169994851871  0.00878990355232293  0.01812232664990742  0.02699424563103283
  0.03582554237731191  0.04468266702054855  0.05394797484461696  0.06347076014702051
  0.07350808168236340  0.08446513909557087  0.09603734610527742  0.10799759903942538
  0.11999031861889915  0.13211896247968766  0.14393523688287940  0.15484324894186677
  0.16492744361634012  0.17452861541145381  0.18420160247387923  0.19381263062072931
  0.20347808334660514  0.21357780622182101  0.22432502060776355  0.23532848760346853
  0.24591625880615184  0.25638134871919388  0.26720465992596210  0.27859495568564935
  0.29004681042219255  0.30108214871997679  0.31164432545054066  0.32193309161296901
  0.33231055643421664  0.34309519155474916  0.35465988970623880  0.36682665728608599
  0.37829568694595550  0.38860037774184075  0.39883080669754428  0.40931468647598096
  0.42017255032730016  0.43097458975495140  0.44221314202718254  0.45382824269278177
  0.46493171802840477  0.47606936339586925  0.48801414266848492  0.50034503188529511
  0.51267478303224445  0.52484259653139831  0.53688998853136694  0.54709016306551472
  0.55663958104969469  0.56651179234246385  0.57744252802798823  0.58794738964267257
  0.59793410660208279  0.60849387803477162  0.62079528430234188  0.63164974959203790
  0.64091691691422992  0.64995869769678860  0.65905742048116289  0.66869498392600557
  0.67881585336755479  0.68969390534741604  0.70155856315269938  0.71351127016697058
  0.72513766641900756  0.73607230465322004  0.74647006291980822  0.75581835305626699
  0.76453375374070875  0.77399311622914280  0.78301438968745429  0.79215655136168062
  0.80184279609906317  0.81207674391516327  0.82299089435600703  0.83412836790848210
  0.84511132288209634  0.85601404107193990  0.86670559570986982  0.87747091311531500
  0.88721620871430840  0.89742494472964884  0.90635558800635729  0.91492115872918400
  0.92405304324221538  0.93386268076334045  0.94477739677442463  0.95592928388653942
  0.96717284837927497  0.97897529068831479  0.98960953912140792  1.00000000000000000
 -0.00242354485689255  0.00973454116463166  0.02049281930876522  0.03117534894836523
  0.04124557862240375  0.05121244668611011  0.06139725858882353  0.07309165132594543
  0.08506989680627189  0.09771640562085743  0.11020153598985845  0.12181255779519598
  0.13204281230902171  0.14153018613953719  0.15115013288226198  0.16055717598726352
  0.16981313823966748  0.17923974626249334  0.18966768132705172  0.20034238348478209
  0.21018491493763664  0.21867074453765820  0.22707151484872823  0.23613068434046661
  0.24594108137199391  0.25535854756288973  0.26467027738892013  0.27385171987094403
  0.28431598385003659  0.29499946405939520  0.30613194699195623  0.31745673908060101
  0.32886963713854395  0.34034976423907232  0.35199872104669055  0.36385263815583668
  0.37563695221929022  0.38658683994207799  0.39704165290916410  0.40738269103201863
  0.41772435129394131  0.42773163848872392  0.43751815651007586  0.44704816066501618
  0.45697949339063593  0.46670471598197272  0.47562258338314600  0.48489519096477995
  0.49453922301744135  0.50529801293093335  0.51651403438385657  0.52749284073084357
  0.53809861052977315  0.54877290975905468  0.55969808562178025  0.57113501262910926
  0.58218707102960165  0.59295524913271669  0.60409169109114280  0.61551200077459978
  0.62731623686003324  0.63947731994382306  0.65092220971131642  0.66143878169376791
  0.67188511044566879  0.68212972078104617  0.69226072149267803  0.70213377601609717
  0.71190311176930865  0.72184479331731288  0.73218315401532363  0.74230724412430105
  0.75263715960166744  0.76300700754826067  0.77443439463356722  0.78572511727894256
  0.79732447202961765  0.80874319882592205  0.82037597537366758  0.83168581393115815
  0.84261252068024173  0.85296857665203341  0.86279888657715231  0.87259266356092302
  0.88233584253797281  0.89191446090937043  0.90238463240767042  0.91321181739333968
  0.92409023945114421  0.93484747302029836  0.94567626154161721  0.95655370936530959
  0.96754104655801221  0.97814663856134210  0.98897766715475099  1.00000000000000000
 -0.00197527740106167  0.00815736377412416  0.01704919456836421  0.02653551242855256
  0.03613555659516719  0.04643841294614942  0.05681690405535669  0.06731444947677043
  0.07800202445559602  0.08864221987407139  0.09922353934555644  0.10903584245131245
  0.11826702442516066  0.12702543466005589  0.13590683762611916  0.14511743786643669
  0.15472886352975038  0.16422589350053068  0.17407265459527033  0.18413009866453339
  0.19409123725392083  0.20465963641998694  0.21498380615198140  0.22605729682172412
  0.23642728890661868  0.24722832786858115  0.25801226128738641  0.26945620717853258
  0.28018766410517548  0.29083432494349937  0.30168259842052791  0.31265439353291941
  0.32348442330053395  0.33427580606932794  0.34530711925672203  0.35703591831326020
  0.36874471547487847  0.38006689817519340  0.39107020914234425  0.40179446388359402
  0.41193706696266347  0.42176893878139843  0.43146571908478321  0.44178781677340867
  0.45233935264030306  0.46326391923536653  0.47464577917959477  0.48628702811297914
  0.49792118059981116  0.50947063095625000  0.52062971735276098  0.53142502947025283
  0.54241430905366539  0.55357621404448010  0.56452704069255943  0.57485149434298521
  0.58477088821319378  0.59464862138675112  0.60470791039128191  0.61447505927205559
  0.62395799140774377  0.63359049392293643  0.64315827551809690  0.65315137974225657
  0.66373166960725516  0.67498459686775292  0.68598705161767404  0.69645486649721278
  0.70682045797183712  0.71755296299777827  0.72870095319460404  0.73996355151609372
  0.75102238940678367  0.76197046240124811  0.77287869675486642  0.78379906305334857
  0.79499389773305362  0.80646763635277907  0.81837076319464441  0.83023330348926516
  0.84098156194406737  0.85088235380816246  0.86078621580026926  0.87100281464289531
  0.88153836929957741  0.89209101744396890  0.90275463900852693  0.91360860137830147
  0.92454906439082296  0.93545905471515756  0.94599843646306137  0.95605203005589512
  0.96626955228199041  0.97684590569545360  0.98823953225522398  1.00000000000000000
 -0.00327392643789369  0.01142709029844081  0.02389009790403277  0.03599672805315650
  0.04848627665106653  0.06085943141723453  0.07217695390493038  0.08281384955805911
  0.09354736498374795  0.10433767476363102  0.11511553773478783  0.12633863040379253
  0.13809863363496644  0.14978140004852064  0.16118772831716494  0.17282734345402323
  0.18446863285198389  0.19551337190961038  0.20601298825042361  0.21609456144883765
  0.22656998694729144  0.23729027321093379  0.24813433021777559  0.25854347896765267
  0.26888107667608546  0.27933394758250862  0.28958013890424944  0.29915049437323710
  0.30875157754938609  0.31971679077509702  0.32914193867555153  0.33823699745150104
  0.34676209759949350  0.35554900417652741  0.36599912394871825  0.37607696123004841
  0.38685746680433725  0.39761367793400265  0.40771708676699020  0.41747012022934038
  0.42615227836689301  0.43529049526966906  0.44481682733405475  0.45480176224438956
  0.46460502768701600  0.47387463743416364  0.48287887985706268  0.49259764524271221
  0.50283031301291659  0.51310235052380160  0.52328271965218576  0.53357676088072159
  0.54436073783597216  0.55558180955802239  0.56688422560805118  0.57823054451588241
  0.58901877359555654  0.59932043030138837  0.61018247603715214  0.62145834111980836
  0.63292032908072093  0.64448085644215281  0.65645804172712530  0.66911661076386353
  0.68116505977316977  0.69220295261533116  0.70192872133908302  0.71164848845418716
  0.72173349740817527  0.73295424821626021  0.74427418258978617  0.75426563107657030
  0.76402586073840528  0.77408065067745602  0.78509702366145395  0.79608246141719963
  0.80669573566481778  0.81691320210576579  0.82762769137621406  0.83826832355290570
  0.84921477980675630  0.86023922054845492  0.87072839054511830  0.88028557595656609
  0.88885632714281826  0.89715175101803335  0.90537109906534352  0.91424459139723624
  0.92409859736009792  0.93393732170294808  0.94529512503306934  0.95728414946464524
  0.96831053566567549  0.97900904576238479  0.98928179001325300  1.00000000000000000
  0.00432660384400520  0.03517626733235887  0.05175957518307547  0.06402511058004637
  0.07422078075722838  0.08314895276219253  0.09112383674498706  0.09906764000824853
  0.10639485770184212  0.11331645585318717  0.12092500030962725  0.12884357220301401
  0.13638428797546046  0.14365002499977136  0.15079354594336494  0.15781704516920567
  0.16452139533012311  0.17144504541998920  0.17862664005097520  0.18574165106546139
  0.19281322600148076  0.19973271582552629  0.20653285343942157  0.21314904138141288
  0.21960715619152513  0.22611267844286678  0.23274020720450775  0.23954375620487270
  0.24665067015353528  0.25355366016534525  0.26000626905915530  0.26618503199353744
  0.27232393692645646  0.27874578016566526  0.28530993352263773  0.29152420714355909
  0.29830261203128156  0.30459513757534051  0.31099056166034378  0.31745120275603467
  0.32416617680396537  0.33107972258549823  0.33801370405986531  0.34471471575672730
  0.35122845093065036  0.35767264324184372  0.36410701054931960  0.37063730979338377
  0.37740292459796537  0.38442208776903358  0.39151103785981783  0.39870800671152262
  0.40609933236431017  0.41369274897297048  0.42089599127699862  0.42779660217145216
  0.43497640126039372  0.44236328097086308  0.44997270836343778  0.45739189920167100
  0.46463124566853264  0.47193333280968075  0.47983866668948477  0.48831334653856040
  0.49703992545984993  0.50589171699756008  0.51477279866706904  0.52368607914881204
  0.53256367185102316  0.54135866774405417  0.55005101925814059  0.55862214484938122
  0.56741752405052337  0.57682783735548249  0.58676388276157521  0.59748663832175408
  0.60865580432658406  0.61964351902250614  0.63060909286656774  0.64164032752814637
  0.65315923878382198  0.66604079982566455  0.67885521695479889  0.69076572176575901
  0.70223104597153574  0.71494783138053319  0.72872852832705326  0.74366481239333293
  0.76016792901889119  0.77813512029958909  0.79658492615568077  0.81524409405009834
  0.83647258697144655  0.86218699456098558  0.90236209792933508  1.00000000000000000
 -0.01837073031148948  0.14380496872884338  0.19835382772685817  0.23258834954586569
  0.25671374542665715  0.27694177272375559  0.29522491920871424  0.31169083433794925
  0.32704484783738891  0.34021838613026567  0.35160559339268554  0.36165766043537084
  0.37122474233217057  0.38045930388819355  0.38935458574691728  0.39785344711904752
  0.40554899025629604  0.41290882518951627  0.42021977690801249  0.42778548314465559
  0.43515359854093605  0.44209360841988576  0.44800681477293736  0.45359411366385716
  0.45925559685534612  0.46502690741445535  0.47108772224495776  0.47705690376073284
  0.48267790315456249  0.48807915131399510  0.49333811222907520  0.49865260371149073
  0.50404432417281519  0.50942170409731613  0.51473367756755972  0.52000985011920275
  0.52531437178651685  0.53062475575101631  0.53573761902852401  0.54043089410312628
  0.54512183872594544  0.54976615044463206  0.55442385135694949  0.55922376319908373
  0.56413513003695004  0.56902527354844046  0.57386703781740389  0.57861464780438610
  0.58334334851534397  0.58799419606139436  0.59261087081744501  0.59716832768278871
  0.60183856089126841  0.60688548621294780  0.61230132016015582  0.61798629701641317
  0.62376187203137023  0.62929351861302596  0.63470336180255538  0.63996437558337993
  0.64514576685353553  0.65031559825460050  0.65541366828802483  0.66056277775079897
  0.66580275767077446  0.67099457951819041  0.67612150836166396  0.68130966969097817
  0.68663869828498258  0.69216485316462095  0.69780479562463793  0.70336907868996446
  0.70891337087179407  0.71458508145340849  0.72036421278400420  0.72616362182800920
  0.73195879600327340  0.73765231156998001  0.74383135387589050  0.75033405549396803
  0.75705183184416691  0.76398411973784197  0.77063100508135485  0.77695692598196742
  0.78357745801904422  0.79110641550251237  0.79970567445316321  0.80823688669966565
  0.81659098092082993  0.82585808678490635  0.83711088876339435  0.85080276875134042
  0.86608415282258622  0.88513114385095881  0.91749271171930147  1.00000000000000000
   1.8707477933782322E-055  -1.0000000000000000     
 T T T T T T T T T T T T T T T T F F F F F F F F F F F F F F F F F F F F F F F F F F F F F F F F T T T T T T T T T T T T T T T T T T T T T T T T T T T T T T T T F F F F F F F F F F F F F F F F F F F F F F F F F F F F F F F F T T T T T T T T T T T T T T T T
  <DiscreteSampler_grid>
  grouped_processes
  1 # 1 for a reference and 2 for a running grid.
  10 # Attribute 'min_bin_probing_points' of the grid.
  1 # Attribute 'grid_mode' of the grid. 1=='default',2=='initialization'
  0.0000000000000000 # Attribute 'small_contrib_threshold' of the grid.
  0.5000000000000000 # Attribute 'damping_power' of the grid.
 # binID   n_entries weight   weight_sqr   abs_weight
    10   10   9.902737431216407E-045   2.096812237114851E-088   9.902737431216407E-045
    11   10   9.902737431216419E-045   2.096812237114858E-088   9.902737431216419E-045
  </DiscreteSampler_grid>
