 -0.00030419625666059  0.00683187367917769  0.01649683641485634  0.02715420785010890
  0.03835505109548721  0.04927538839134020  0.06071763020589766  0.07161999557358410
  0.08279023624628461  0.09335720275862364  0.10335719025956301  0.11335088354007997
  0.12371149700153587  0.13429175546355471  0.14461033051787070  0.15422995650016758
  0.16346083595666877  0.17250112741640847  0.18120420089231601  0.18977132920257000
  0.19819032561412153  0.20659298366363393  0.21479653859364020  0.22299417611971384
  0.23157370780942271  0.24007818284457241  0.24866996269300376  0.25689245530004490
  0.26534871417177719  0.27392601675811962  0.28256471038793718  0.29118965715933171
  0.29946574256769215  0.30762976333418829  0.31616980267072287  0.32496095622948362
  0.33379013128851420  0.34238939817564296  0.35072554009059692  0.35894920963316340
  0.36714396338508226  0.37539610475531165  0.38376945042650773  0.39205590753020436
  0.40041334738672651  0.40876596191408965  0.41708747221482634  0.42547692358701200
  0.43390216241954843  0.44233777580656247  0.45073665375408473  0.45899780392121042
  0.46730835618397931  0.47554967748284210  0.48403639637981422  0.49268820076291792
  0.50129464937602297  0.51010379536703288  0.51975481844013494  0.52923688794036761
  0.53883687946079617  0.54831831600256797  0.55756460809176800  0.56653972351505910
  0.57534897904211180  0.58450766235460982  0.59375916328542477  0.60305521231864190
  0.61249999991424120  0.62213889111398835  0.63161350468300026  0.64117011635218368
  0.65083145467187953  0.66056967525215327  0.67042221112932221  0.68039120227937355
  0.69026419241096815  0.70023076806310192  0.71004819191672675  0.72071447150666701
  0.73200480808879631  0.74341707336049090  0.75489302803193803  0.76676489606163378
  0.77912669818942015  0.79198544863435716  0.80528304471071410  0.81861191851083814
  0.83207664123606562  0.84653131459359410  0.86277955604510870  0.88143127699716439
  0.90147788308100718  0.92577333458386524  0.96097510061404201  1.00000000000000000
 -0.00289013919391894  0.01078884500402821  0.02174582769783917  0.03207738899363713
  0.04272496471205380  0.05347638708422039  0.06422004864744295  0.07446180333054976
  0.08485889081882331  0.09593532686506896  0.10750643439900386  0.11890196750520503
  0.13054851965563549  0.14220449165104279  0.15348596627279606  0.16406794083354179
  0.17395490699761762  0.18367967296000379  0.19358585370060943  0.20358128708816284
  0.21362032222814756  0.22315760740960269  0.23287932097514710  0.24344231946662467
  0.25412689917141779  0.26474012088121412  0.27494334484888877  0.28497040789734107
  0.29452934303395029  0.30378522910711925  0.31271612159259315  0.32185734201903188
  0.33124623091770000  0.34138645185996253  0.35181508796380540  0.36207754320350016
  0.37235358183189871  0.38316300485725552  0.39432579098272397  0.40499612542604774
  0.41547317365449105  0.42684031045675730  0.43882962449466206  0.45063663694623912
  0.46187482534848162  0.47416585327077526  0.48556021211930317  0.49709933661677458
  0.50896771293355314  0.52086877429708711  0.53174179633268648  0.54227290210252332
  0.55332109059177148  0.56462559341465823  0.57554381035760671  0.58637234151710016
  0.59719893651259603  0.60828559524335057  0.61925065831943815  0.63033187691727599
  0.64140652700232748  0.65234138448486534  0.66308636681522459  0.67345929956906114
  0.68386764594800387  0.69448052249692949  0.70505038983698975  0.71540836394362994
  0.72554554141533290  0.73579590149252050  0.74623635757403473  0.75653408999583593
  0.76664250751793839  0.77661012390590167  0.78607524432531628  0.79555010485272271
  0.80504465559653249  0.81457786086667627  0.82392556051703036  0.83348796924678925
  0.84382586701366702  0.85483161364373006  0.86501874953500724  0.87541149642533234
  0.88529745434125118  0.89483608653825641  0.90459213528063021  0.91445049270079859
  0.92522268036393673  0.93619875360970317  0.94708997085542579  0.95801747679238747
  0.96886389784764082  0.97961267480033298  0.98981331157196550  1.00000000000000000
 -0.00820706826420378  0.05705770698031596  0.09175244872172503  0.11600063222445188
  0.13433185369976461  0.15066843303870514  0.16650044447439044  0.18165648828232750
  0.19589151767792687  0.20894738685818001  0.22095045056814011  0.23250461038340686
  0.24414833584550705  0.25535998622705952  0.26594240744826464  0.27588502281657507
  0.28598070558244798  0.29593442506847195  0.30549381745585485  0.31469326539865994
  0.32368388582463892  0.33278255505274507  0.34143647084886564  0.34981465166697956
  0.35771257480481322  0.36535721739888727  0.37299539903796969  0.38070830330313754
  0.38844171105696829  0.39605944662919274  0.40342561913999864  0.41065548020435422
  0.41797441054681678  0.42534522422316839  0.43270959972359696  0.44028972316330306
  0.44833767175148737  0.45669077693064336  0.46492770666641559  0.47321650889947225
  0.48060673137681598  0.48760830283178003  0.49469855556176362  0.50169324626356560
  0.50838237099095196  0.51483399917137596  0.52117362178926463  0.52752846372993267
  0.53420936565274424  0.54133854701821282  0.54856872804034240  0.55562132003557640
  0.56220413288744031  0.56916036119857594  0.57635936664580101  0.58398009516987892
  0.59135678815519133  0.59885575809765568  0.60625050149994919  0.61362637555854804
  0.62091676421662223  0.62817958380296202  0.63516937175895538  0.64195247230008612
  0.64895764473263318  0.65615491949607507  0.66357517811272271  0.67130908540221013
  0.67888132767524967  0.68683938514618526  0.69395572705942954  0.70089903075297610
  0.70810438803701725  0.71538535222831423  0.72282702797392950  0.73019668340245014
  0.73757559476065593  0.74499180058059633  0.75318949179366035  0.76252588057538639
  0.77223865995455976  0.78195261579060193  0.79206362018079102  0.80264132991711479
  0.81295075381795812  0.82251653240339517  0.83223865589937718  0.84307145387904803
  0.85442425186227555  0.86584912917308798  0.87769949975061479  0.89108173423874970
  0.90707370989175518  0.92595924889691728  0.95148741579110641  1.00000000000000000
 -0.02046491723393711  0.11976400718571105  0.15462145609433720  0.17603952621166155
  0.19365754339163727  0.20830140378662593  0.22129321044706990  0.23250771404976753
  0.24218284340490548  0.25134365377960255  0.25992210260429105  0.26825472022854346
  0.27619683171484066  0.28408676954183093  0.29196496861277743  0.30053037655821635
  0.30874558270005337  0.31644157263150846  0.32358008421297918  0.33049078663832748
  0.33727727685309972  0.34407207562238923  0.35085952601968140  0.35742908178678112
  0.36379405016151189  0.37031313356189827  0.37680293732849163  0.38255172119919678
  0.38818890518059213  0.39387294606718704  0.39957424530222335  0.40543999030490874
  0.41097601265164524  0.41643277512522586  0.42180038966967992  0.42694916339733108
  0.43200456094542289  0.43704030133387983  0.44214898550500509  0.44731543970827353
  0.45262589816276799  0.45806190637862837  0.46347935480581565  0.46884148496936273
  0.47420452875388325  0.47945738938693927  0.48450607026604453  0.48965267488849545
  0.49469187844732121  0.49987669407438062  0.50501821564815708  0.51017569210357872
  0.51539221095875665  0.52065081238026123  0.52617574472806894  0.53172828253629600
  0.53724188028454933  0.54274474371997550  0.54819734303817713  0.55365062025280909
  0.55920137973176043  0.56496586908203750  0.57094426636662188  0.57678673750331932
  0.58259590880385304  0.58851509593665097  0.59455359156220100  0.60045140737231606
  0.60717236756373905  0.61434580806185290  0.62145296225592317  0.62841060368823143
  0.63515773914982843  0.64191063099369738  0.64871426875006943  0.65546997838690080
  0.66226229618545618  0.66926292246303398  0.67658557744272030  0.68437504223507017
  0.69285235433547487  0.70164576977474991  0.71034827287897762  0.71922942248791844
  0.72835451476531698  0.73737748328091890  0.74642888155453524  0.75602689331695483
  0.76664076305734163  0.77879866016883703  0.79225732976805907  0.80724013888389567
  0.82502023484355036  0.84777525312645885  0.88275599046819508  1.00000000000000000
   7.3582421482443553E-009  -1.0000000000000000     
 T T T T T T T T
  <DiscreteSampler_grid>
  grouped_processes
  1 # 1 for a reference and 2 for a running grid.
  10 # Attribute 'min_bin_probing_points' of the grid.
  1 # Attribute 'grid_mode' of the grid. 1=='default',2=='initialization'
  0.0000000000000000 # Attribute 'small_contrib_threshold' of the grid.
  0.5000000000000000 # Attribute 'damping_power' of the grid.
 # binID   n_entries weight   weight_sqr   abs_weight
    10   10   5.997407743968071E+003   9.121626147416422E+007   5.997407743968071E+003
    11   10   5.997407743968071E+003   9.121626147416422E+007   5.997407743968071E+003
  </DiscreteSampler_grid>
