 -0.00140095233321121  0.01719355274393682  0.03486417313794251  0.05083910210126561
  0.06538131601927571  0.07901007187297338  0.09217769479399078  0.10458439646025366
  0.11630718720940708  0.12767865832335201  0.13854040886631944  0.14900553227803021
  0.15909670636622594  0.16903672397152006  0.17883943593466564  0.18855286134595303
  0.19813608297253649  0.20758834750659827  0.21690656261360702  0.22611964547807517
  0.23518662326548626  0.24414201420215415  0.25310288559049132  0.26207653199263620
  0.27089335822176647  0.27963566815750296  0.28832061782030732  0.29689427497284832
  0.30525671649031155  0.31355412034209673  0.32179960826646087  0.33005544113505347
  0.33823770054595076  0.34640530776006356  0.35454044749038233  0.36260118767431743
  0.37056721291672923  0.37841445849977562  0.38623000342096464  0.39403807689747733
  0.40178263633929590  0.40950390218108579  0.41722793366849215  0.42499045668469682
  0.43277135283869406  0.44053692413544870  0.44826456047684354  0.45609293357532738
  0.46421166549202125  0.47232632644642980  0.48053093977977113  0.48860918215243881
  0.49664992414462117  0.50471321714781336  0.51278917037517768  0.52087628796925656
  0.52904925169394335  0.53726411037853716  0.54545603131412168  0.55360493497452201
  0.56169601113784429  0.56977613984965680  0.57783302534673242  0.58584367430181772
  0.59411034671673335  0.60246779119659577  0.61090767917348754  0.61946705302433847
  0.62805221343424822  0.63672075278958562  0.64547075597164871  0.65430515861042593
  0.66326731562389529  0.67233449362627773  0.68146651040428352  0.69064777529485200
  0.69996430431769652  0.70940161391776635  0.71943275843115351  0.72975314966692706
  0.74017678189499736  0.75079515678287401  0.76167599966393773  0.77297634637855683
  0.78485234527054293  0.79712949810645162  0.80946532091443546  0.82207335710531326
  0.83528964038193476  0.84969520996572612  0.86618410605120777  0.88374451969702050
  0.90334534234398212  0.92633941261238317  0.95875883128204620  1.00000000000000000
 -0.00247610546509698  0.00937163390806542  0.01998649213321556  0.03111547292333344
  0.04221565826845835  0.05276691655098207  0.06339646784992095  0.07427099001684051
  0.08518701334012185  0.09570855211395110  0.10646306118710248  0.11760185936507041
  0.12896689278496365  0.14019882800427896  0.15112102103437594  0.16175887933125813
  0.17222561431444491  0.18254041358307818  0.19277241452680391  0.20285471682148123
  0.21289059068185739  0.22289571523227636  0.23318164969552613  0.24376847672398347
  0.25435370942411806  0.26457551548885333  0.27471775488594702  0.28484227474029961
  0.29499222549227722  0.30519514269153741  0.31535655163969978  0.32549365407494674
  0.33570611706373943  0.34587064019338554  0.35592141384947962  0.36597437942096839
  0.37658185234544544  0.38782026173341028  0.39916533440514879  0.41046828200281416
  0.42179122254927676  0.43294138155379092  0.44351095382156375  0.45369396141826707
  0.46415611107034788  0.47496207370746707  0.48582373497185921  0.49655378103051090
  0.50768294252356949  0.51896547511778790  0.53010345395293712  0.54108384183600755
  0.55209419482002575  0.56297581450530865  0.57348765699742910  0.58371251380372535
  0.59391359569506286  0.60411771406011050  0.61423686611132999  0.62445945027874872
  0.63492928959225092  0.64546752175545230  0.65582582400882816  0.66606097805444242
  0.67621287479595171  0.68622015614367371  0.69636868519756545  0.70666290358742179
  0.71751135659666232  0.72834142031002913  0.73906271279581703  0.74969130440306819
  0.76049599887494235  0.77129322236700892  0.78217114213752470  0.79285695312341642
  0.80350985734526870  0.81385552213408585  0.82377683769096932  0.83362645418592962
  0.84355776356806988  0.85385414722628472  0.86446933364151579  0.87520527511192625
  0.88578114542481301  0.89632088070917282  0.90694614090798475  0.91753435014361096
  0.92793854138444198  0.93828775373828843  0.94884343842611396  0.95938212268633383
  0.96962807349568347  0.98006428753774066  0.98996140406436905  1.00000000000000000
 -0.01353551490041119  0.07373094724869569  0.11522175517719949  0.14347934021466346
  0.16562482641000265  0.18537213887722553  0.20352931723630283  0.22025996043451840
  0.23547722663147111  0.24943433832735595  0.26260490139940268  0.27525920316510077
  0.28781958247650441  0.29975301574948920  0.31132270782526783  0.32220013760550492
  0.33260864789363098  0.34248329058203797  0.35203357492681486  0.36157445939427274
  0.37096424077046569  0.38025898728104229  0.38952388819684292  0.39853516491624769
  0.40729844985446595  0.41584706382730652  0.42432770947606768  0.43281832715849172
  0.44125564108417353  0.44947447349865260  0.45782154651794121  0.46597049497203535
  0.47401809700777575  0.48170067999835664  0.48919468523798171  0.49670959507386203
  0.50427421312667653  0.51178864937968505  0.51922648756975964  0.52650853284033294
  0.53374067968336913  0.54087110910625558  0.54803225185894833  0.55512304938312174
  0.56222752973618007  0.56941274933728037  0.57667323219211286  0.58372105899078985
  0.59046822233546015  0.59716603680592040  0.60388865668912384  0.61070551642276372
  0.61750491996622170  0.62424478790074434  0.63096112996414189  0.63770009019704610
  0.64448209528505240  0.65132265396623878  0.65819948903531911  0.66500359009084764
  0.67169815311415104  0.67839565174117089  0.68519973461177897  0.69203351019845749
  0.69880866227603333  0.70552811472331001  0.71233591524952733  0.71912911023466153
  0.72608292849225564  0.73312351875052895  0.74027311897929138  0.74747129465232798
  0.75482890628675636  0.76239395374967978  0.77001425192889661  0.77749257396724847
  0.78481106062523076  0.79221336504141238  0.79985522893709871  0.80758363253318566
  0.81522609474076180  0.82274305147224713  0.83040699798974227  0.83838699222258806
  0.84650386958324420  0.85473413078618343  0.86309662494371275  0.87176427649997357
  0.88095029753220400  0.89072764241422109  0.90121642821659931  0.91256113649808668
  0.92563115713205202  0.94111293541314156  0.96326491017413052  1.00000000000000000
 -0.03384686157574782  0.17223517293580973  0.22665849775512398  0.26130297912151501
  0.28832830708727503  0.31141888174388782  0.33153069375953959  0.34984084840568863
  0.36645126985382054  0.38187088315985351  0.39640592622956089  0.40978096693584776
  0.42213484667936202  0.43365171568366062  0.44469807668965028  0.45514524699881609
  0.46488445494360331  0.47418231536238742  0.48308540560663610  0.49165554776930220
  0.49987400979792868  0.50777279760633343  0.51551780850002960  0.52300286083799186
  0.53011566766973539  0.53703431475363872  0.54380940920818632  0.55043307086724946
  0.55681020649591229  0.56308202290734133  0.56919166883068117  0.57528461690817423
  0.58128551747070412  0.58712878507457578  0.59286107024759183  0.59848610949120540
  0.60403804191638777  0.60954579191155167  0.61492234483224550  0.62027188825445656
  0.62543179371299074  0.63055032393488131  0.63566591108464354  0.64070182232955952
  0.64565791602281875  0.65058432995924376  0.65548632326342449  0.66038138950056224
  0.66530911731952924  0.67025997454401942  0.67517635496014439  0.68001598625790938
  0.68480219858789304  0.68961044667589022  0.69423342400954546  0.69895439558721195
  0.70361014717611392  0.70823021849671763  0.71281117106923864  0.71736625305039370
  0.72189108342927255  0.72628815039269157  0.73056234984039425  0.73479011489583712
  0.73903874176275586  0.74333290474081559  0.74769537971193978  0.75213368940828806
  0.75661271669402397  0.76108336952326527  0.76549481034602385  0.76989787824620526
  0.77441733059810769  0.77913358990765991  0.78391379156982943  0.78892301719313807
  0.79376168245379752  0.79867834122878667  0.80361374643168693  0.80863789450103063
  0.81376930972777517  0.81909110995718915  0.82454980614947082  0.83016173164642126
  0.83596325466609456  0.84193747006236375  0.84810283269801745  0.85471927032686013
  0.86199611691139999  0.86984078563681178  0.87849965141588493  0.88844545889412874
  0.90011995834549774  0.91483723352363289  0.93780365597034443  1.00000000000000000
   2.9467869388881185E-008  -1.0000000000000000     
 T T T T T T T T
  <DiscreteSampler_grid>
  grouped_processes
  1 # 1 for a reference and 2 for a running grid.
  10 # Attribute 'min_bin_probing_points' of the grid.
  1 # Attribute 'grid_mode' of the grid. 1=='default',2=='initialization'
  0.0000000000000000 # Attribute 'small_contrib_threshold' of the grid.
  0.5000000000000000 # Attribute 'damping_power' of the grid.
 # binID   n_entries weight   weight_sqr   abs_weight
    10   10   3.524099106444090E+004   3.613390975969424E+009   3.524099106444090E+004
    11   10   3.524099106444090E+004   3.613390975969424E+009   3.524099106444090E+004
  </DiscreteSampler_grid>
