 -0.00014508019592293  0.00602079902302313  0.01637729488384160  0.02763189055174063
  0.03887434040020012  0.05033036064165283  0.06208471429515692  0.07319205818938369
  0.08397330386413963  0.09441255097585732  0.10436368869647691  0.11394371623056801
  0.12350240740802892  0.13299042365974997  0.14255875835388349  0.15207146363977117
  0.16143780087433732  0.17055722469950810  0.17984248909637882  0.18921867251229174
  0.19859998201647949  0.20802095501178791  0.21729789006047076  0.22654663325850150
  0.23573900948567525  0.24481715097939735  0.25373141688633527  0.26250531831353130
  0.27110736907057764  0.27955929765814486  0.28794874492546507  0.29628939381218711
  0.30454514994449350  0.31276923796708905  0.32079547544723108  0.32892532150548659
  0.33703613752032124  0.34504305577150124  0.35305369547934806  0.36118271807555358
  0.36943732352081948  0.37773054061088940  0.38593610953184115  0.39404859125864700
  0.40266153351559975  0.41140190883489852  0.41994452110801272  0.42853299183537491
  0.43710621175767506  0.44559261712313325  0.45403017877456192  0.46251651443296016
  0.47076630138218345  0.47906971195613102  0.48746682651473366  0.49606406230158107
  0.50479624443081716  0.51349408079212810  0.52211277487868335  0.53057918960184469
  0.53914443402424450  0.54784364834439181  0.55657568812211511  0.56528973838649488
  0.57406264874220936  0.58285908444696066  0.59163263308044356  0.60072732840336729
  0.61011345917160553  0.61966334520929467  0.62925851116719489  0.63886134630865776
  0.64831627826523197  0.65825297798586946  0.66847303439600758  0.67892167769892675
  0.68964118509789629  0.70056716814644915  0.71141954594763479  0.72215569081073483
  0.73326192280353930  0.74478494656227801  0.75660176423604963  0.76865916403194334
  0.78114514821289927  0.79386289364549589  0.80710735818019519  0.82115549675303467
  0.83619087301893236  0.85229445195235043  0.86942358283716259  0.88755438185651059
  0.90816240310599983  0.93306247789199770  0.96319727964195778  1.00000000000000000
 -0.00228520360676406  0.00916540264202250  0.01832975362783046  0.02813798900494517
  0.03793456418105917  0.04854444633821658  0.06015737764817256  0.07197959316134632
  0.08386423487077130  0.09591447456036814  0.10753273274251055  0.11843831077572310
  0.12911244412048131  0.13963431363518089  0.15026297667847940  0.16110554434948707
  0.17198194280155432  0.18292419516721933  0.19354970571918159  0.20445638997049156
  0.21520257770888843  0.22530896118555926  0.23470508127322873  0.24364450394955556
  0.25303251946270033  0.26288736380084571  0.27287032917698734  0.28299177913324219
  0.29329424289519718  0.30388323076005241  0.31441132929418403  0.32454555262079438
  0.33483019350158522  0.34524698635481160  0.35556145888227952  0.36610918544058246
  0.37680302015340089  0.38787969939851230  0.39928784010358270  0.41082879355818219
  0.42225207230402778  0.43317970384578547  0.44415563498092431  0.45510122991793800
  0.46605289921870396  0.47719734565118271  0.48851913002039943  0.50007792131779027
  0.51155526972771614  0.52267438546750877  0.53372267872739232  0.54449671222299767
  0.55500084992967746  0.56516303353083208  0.57479191448624256  0.58442559948138584
  0.59392948726142114  0.60363144995284634  0.61352525590344975  0.62357092481879783
  0.63403495477228167  0.64461028341885573  0.65501061540373484  0.66541084105095172
  0.67603886667751101  0.68648339240106160  0.69660576411847841  0.70665473027427250
  0.71700882279467248  0.72742701835363122  0.73788529883170606  0.74856672380956213
  0.75942728608761934  0.77039442348769904  0.78116727385625595  0.79167044687938670
  0.80203216014348144  0.81228919209207773  0.82237978065262540  0.83241639886098417
  0.84267485396092179  0.85296156700233550  0.86322845289555272  0.87359202568742966
  0.88399462198044543  0.89443034947584565  0.90494085534565183  0.91568990414255746
  0.92588989872662486  0.93637603112261147  0.94738548754213969  0.95826901014203958
  0.96854829923886809  0.97862665318543918  0.98937666352432518  1.00000000000000000
 -0.01098281644650745  0.06605685750216915  0.10519158855152795  0.13364589867514243
  0.15683489284209595  0.17742172355318814  0.19676001499753909  0.21516781158137302
  0.23196741259404402  0.24707169034369311  0.26177169930783478  0.27588107237010845
  0.28919178167837839  0.30184521473728970  0.31397072574391444  0.32555786067092823
  0.33710760278130997  0.34858924025922333  0.35957134312585437  0.36997423091430492
  0.37993429230541176  0.38982744521416846  0.39974056170289562  0.40947996937610048
  0.41898579917812989  0.42831096620993020  0.43755936958541458  0.44669673284318795
  0.45572964174626202  0.46501940364859012  0.47451241881135159  0.48376225694371772
  0.49266041858316517  0.50144398578462224  0.51023995213272910  0.51893213506233971
  0.52745704104053492  0.53565448227292067  0.54384614481345350  0.55229001888946683
  0.56052930323888206  0.56835628643095382  0.57607468962737196  0.58376694347542113
  0.59129097729679536  0.59858053841073700  0.60560605242896315  0.61239470784349392
  0.61916890197214303  0.62608180336118779  0.63317487311208198  0.64044413133682254
  0.64744128510381083  0.65431869406546317  0.66103682259912233  0.66785395538518910
  0.67510030709304314  0.68231072682408400  0.68971190549075612  0.69754548867800314
  0.70544644137681933  0.71311315387449759  0.72053305394099076  0.72773100283120906
  0.73457002569872820  0.74112366132788254  0.74782467451481871  0.75429592740897033
  0.76082617468619607  0.76736554568083837  0.77403348287988727  0.78073997222798519
  0.78742204756388523  0.79434463483105677  0.80145518385552328  0.80858488141537932
  0.81578523000913916  0.82310084692526519  0.83054446463876908  0.83818815539970137
  0.84597784525978326  0.85368446972396173  0.86124767719728668  0.86884257877466153
  0.87653169234031325  0.88443236721407081  0.89245181134604401  0.90070683302638188
  0.90918301571581639  0.91801010739119127  0.92729938498696018  0.93712880764275885
  0.94762563916565468  0.95954229999660057  0.97578633185513564  1.00000000000000000
 -0.02090264038369270  0.13272339790151044  0.18328434973668767  0.21670209133592422
  0.24398840878894001  0.26763564420349539  0.28816456165790583  0.30658270059057724
  0.32303061654965898  0.33824884936784166  0.35228468765756649  0.36554019681482447
  0.37844843223127528  0.39142071763726127  0.40421721575152286  0.41661085002017512
  0.42838922934685802  0.43944865124570470  0.44981637996069612  0.45964130445927931
  0.46928279538533035  0.47881235458432042  0.48804211958012472  0.49683203007711041
  0.50518045958685354  0.51336796889890013  0.52141526353563294  0.52908189520971072
  0.53654317814515440  0.54388366185304426  0.55082828458348565  0.55767939153194568
  0.56437908669861936  0.57111216980054147  0.57769946799741478  0.58411008433635325
  0.59073361417590042  0.59723469328304457  0.60379410746620898  0.61015333745163858
  0.61656768286781494  0.62285453391786672  0.62901405534344879  0.63506274516394001
  0.64100319428268515  0.64682417217746968  0.65241193477590576  0.65782970510437999
  0.66327702843249259  0.66879395367275474  0.67460624323515983  0.68034159565331698
  0.68606321905637824  0.69167896120038497  0.69724898871745278  0.70276282020399738
  0.70817274781919848  0.71344128233032200  0.71859199799502993  0.72370108149811785
  0.72877430361539752  0.73380225101657737  0.73887320682728475  0.74394092793048827
  0.74909206582574017  0.75436983784086231  0.75965479035711581  0.76473404279906942
  0.76976071226935672  0.77474980078983391  0.77976098981337594  0.78498869641457225
  0.79027710024870923  0.79547383096311985  0.80065428430630392  0.80594584504615474
  0.81123379219652370  0.81633975317458307  0.82135067268796458  0.82632491744896019
  0.83140952129970314  0.83664058559263055  0.84199221580279437  0.84749129916911980
  0.85326624533653939  0.85948763799792460  0.86602991799047557  0.87259571489111432
  0.87956940758044977  0.88711155928529550  0.89538803996426874  0.90488823357037973
  0.91591510226475803  0.93015400070203269  0.95209958221982982  1.00000000000000000
   6.9502882467334171E-007  -1.0000000000000000     
 T T T T T T T T
  <DiscreteSampler_grid>
  grouped_processes
  1 # 1 for a reference and 2 for a running grid.
  10 # Attribute 'min_bin_probing_points' of the grid.
  1 # Attribute 'grid_mode' of the grid. 1=='default',2=='initialization'
  0.0000000000000000 # Attribute 'small_contrib_threshold' of the grid.
  0.5000000000000000 # Attribute 'damping_power' of the grid.
 # binID   n_entries weight   weight_sqr   abs_weight
    10   10   1.473307959941512E+004   9.056083946724552E+008   1.473307959941512E+004
    11   10   1.473307959941512E+004   9.056083946724552E+008   1.473307959941512E+004
  </DiscreteSampler_grid>
