  0.00861808579675177  0.01752161939603356  0.02821348588729850  0.03956969775491966
  0.05058597375399659  0.06141318895793161  0.07239930390919380  0.08310955294755440
  0.09423201294357961  0.10490592283535520  0.11591211075897047  0.12633967333908119
  0.13680858627900025  0.14717861633471385  0.15826825017113394  0.16965367214359081
  0.18126898198845773  0.19263565888250386  0.20380227474524346  0.21430155066994389
  0.22460075889255438  0.23487279101656841  0.24548278169778198  0.25562483857400364
  0.26630107872187192  0.27724219406862061  0.28853995766675405  0.29923095971041092
  0.30953219874333632  0.32004967911086368  0.33107230145743316  0.34229076772200856
  0.35391124926400419  0.36460738793083242  0.37547208812169408  0.38591232786869062
  0.39626065034521513  0.40637346626716775  0.41649115357372035  0.42694741626904664
  0.43724740121007105  0.44719000185591845  0.45712947796771120  0.46728527026404770
  0.47729545873135848  0.48711168467583454  0.49680516063965008  0.50756106341559881
  0.51852324195612831  0.52913010811185535  0.53948494955777282  0.54962568641123966
  0.55969640059370906  0.56924480517498544  0.57846354509184894  0.58796138898365891
  0.59823911669027852  0.60882245347553932  0.61922297056107500  0.62992481627054553
  0.64114005417753062  0.65212327175046547  0.66256688780604334  0.67316974266810470
  0.68376882809267536  0.69382029853697169  0.70376572471140453  0.71460057347098005
  0.72601015816616898  0.73756631007943807  0.74909283200220844  0.76026212387481884
  0.77091717104105384  0.78106992054524482  0.79102824474984601  0.80126453573566359
  0.81159097264593694  0.82185854488509946  0.83201670515023385  0.84202754582945960
  0.85202455662944609  0.86155603859464269  0.87111328766775487  0.88078055754257023
  0.89053463766623153  0.90040029379621200  0.91012993789389596  0.92012341313140533
  0.93094955887886632  0.94183677384251430  0.95239366048344898  0.96281763929311215
  0.97278000631256278  0.98195153816254788  0.99147670724253878  1.00000000000000000
 -0.00087221270189917  0.00457382770420841  0.00709199484593201  0.00969013283163164
  0.01251466495918275  0.01573913967178100  0.01939086851551659  0.02332660093370255
  0.02765877411868596  0.03248208185059176  0.03727209945255553  0.04240936078402584
  0.04806952613515199  0.05400667477909744  0.05994223784624218  0.06621098198145534
  0.07284976630743618  0.07981763457115140  0.08713869614936594  0.09488618232387579
  0.10307873015147673  0.11139802850656719  0.11964494395519040  0.12769743566762359
  0.13583986386696006  0.14449669560692288  0.15361820438387797  0.16286685571893764
  0.17198810135412709  0.18089294156434643  0.18978807609729839  0.19882262880158988
  0.20819831007965539  0.21771996799565749  0.22726674827265947  0.23705251441321029
  0.24736375047229844  0.25802182252262862  0.26885900790541473  0.27914531730568226
  0.28929967939670759  0.29941681375187723  0.30927626247763063  0.31912956113296037
  0.32924565306403147  0.33966402298918319  0.35030551824843226  0.36107919468238725
  0.37211427542312064  0.38343262414894713  0.39484297809736779  0.40618804650583301
  0.41748489149741441  0.42889446354072697  0.44050895138443552  0.45197939626481531
  0.46383510018904689  0.47600498937387598  0.48886873832143679  0.50211899031100060
  0.51545407035608226  0.52846836416416387  0.54101841285445118  0.55352441014602294
  0.56604414527282920  0.57901224844767774  0.59201424745093501  0.60514707196184514
  0.61830420850999579  0.63144656216255024  0.64480062043529329  0.65875109555595479
  0.67233084086162642  0.68558960825987969  0.69865308764527501  0.71172134518237817
  0.72489277067266367  0.73823130225013123  0.75190837170059233  0.76656371863521899
  0.78111022050523549  0.79561404836803939  0.81044626880325377  0.82575771341956727
  0.84108590111164361  0.85619644167927422  0.87096884363243454  0.88558186008896767
  0.89994114246483681  0.91373470257142242  0.92732914701148528  0.94123604207184219
  0.95544634784027427  0.96998497546781570  0.98484921756588906  1.00000000000000000
 -0.00192656687890491  0.00809725890797401  0.01652676876661140  0.02563843851013739
  0.03531050805781817  0.04521644074531780  0.05548327119107967  0.06594303324026457
  0.07704745982487905  0.08799135600313260  0.09851597876724508  0.10881269283527949
  0.11868545244732188  0.12870508107098738  0.13927280991845736  0.14987281198975771
  0.15975910845221275  0.17029068276347242  0.18108396980409924  0.19168911068979810
  0.20166034609500616  0.21200920736404980  0.22311729199795541  0.23421705485339814
  0.24455193279325588  0.25484666590283783  0.26496247806014295  0.27527114730493057
  0.28576322320735192  0.29611178679883599  0.30619313402654957  0.31618843186775580
  0.32621469809222925  0.33627749725777012  0.34619363763704419  0.35641397542655862
  0.36687740243368178  0.37739375720622959  0.38803394160757376  0.39895312505049046
  0.41036720338142763  0.42251357729836492  0.43459009060351267  0.44574176946952782
  0.45564771814146310  0.46576059104405504  0.47643699675197504  0.48720826152222280
  0.49848766416020501  0.51106858047819104  0.52420556390007189  0.53561383757918146
  0.54663954870445719  0.55727585887508679  0.56805685010665796  0.57897803867198472
  0.58920900813402988  0.59913240234211473  0.60885009454882544  0.61873069360111133
  0.62891722531887451  0.63942905148275553  0.65002394862244939  0.66103621931043666
  0.67162952562075362  0.68183196859713358  0.69191305358647204  0.70151524529069065
  0.71099965757877470  0.72075226382348745  0.73064299439867442  0.74090337084057523
  0.75151794361096302  0.76277781667495281  0.77397631289031321  0.78507654232292012
  0.79699039395780691  0.80927519602862930  0.82053841166290087  0.83138345828914528
  0.84208174785441292  0.85330821142530400  0.86379628779366935  0.87436417909927633
  0.88528268530478327  0.89589607367448931  0.90613867190539710  0.91628112480266855
  0.92705824219740762  0.93810975172569899  0.94868740478061764  0.95918513127727589
  0.96978222593282926  0.97994126840786000  0.99003047733339378  1.00000000000000000
 -0.00172888636260961  0.00923714125023668  0.01954671029711076  0.03027214414313047
  0.04133266479651488  0.05162571028711732  0.06137508470161927  0.07033666977243312
  0.07919602339973281  0.08828829989612347  0.09784358085985138  0.10801098135822090
  0.11867658401050932  0.12972135418379818  0.14097763381795683  0.15203054157156215
  0.16252373122593039  0.17261060820756741  0.18253671939622731  0.19244689574367990
  0.20255661087619264  0.21264428763125609  0.22281889021817097  0.23307363007685583
  0.24368649185715097  0.25452511243488352  0.26536075219153848  0.27664645030263030
  0.28870016746633864  0.30114270102001839  0.31400243996551769  0.32716530910599223
  0.34010030597663526  0.35281938455497447  0.36538464628149131  0.37733687651004322
  0.38843846704658397  0.39899827008124578  0.40927211474067726  0.41926869768149322
  0.42945917323945831  0.44023176424464844  0.45125237254257861  0.46211145374345974
  0.47303918037618375  0.48394124752454620  0.49461387549252661  0.50498845918328950
  0.51510498084570544  0.52495402142872349  0.53487320107601211  0.54593959757665189
  0.55704944684838398  0.56823737417926123  0.57950514203201897  0.59096228134843076
  0.60217018160616254  0.61290096698959540  0.62385921157847091  0.63447491859218874
  0.64487635356372885  0.65465902197265446  0.66386878090837509  0.67451677566097223
  0.68594860446102912  0.69803640062732064  0.70970562728426323  0.72057802331449572
  0.73143153701820840  0.74272773887039767  0.75369097920812489  0.76361823547466712
  0.77346777624721919  0.78364693549678133  0.79380373192897558  0.80363051637662108
  0.81391614816419000  0.82512949907186428  0.83621344525857899  0.84673628347375085
  0.85704673801544129  0.86719269781783359  0.87741326545607268  0.88766750868330035
  0.89732511131011417  0.90618378960062040  0.91516515466706927  0.92450131008216818
  0.93395304500514753  0.94320314504718139  0.95210417052280261  0.96084005188456412
  0.97090329675779175  0.98063044871914418  0.99056059823008102  1.00000000000000000
 -0.00303508040120036  0.01143190695348702  0.02382673826090164  0.03549909767875058
  0.04630386661662487  0.05656261456208969  0.06683271537354525  0.07691892095427397
  0.08758879417218213  0.09815397399301280  0.10896725956012616  0.11968902742943742
  0.13033013302751520  0.14144793367062838  0.15275234071248420  0.16418877499723353
  0.17466279073491550  0.18500394989503771  0.19468245247219307  0.20405618461014435
  0.21351138777320161  0.22352256155371272  0.23374297820128309  0.24393146434982038
  0.25413275740079183  0.26463923548050183  0.27495331988578975  0.28512506302937024
  0.29532566071679262  0.30540513294679195  0.31543763154589644  0.32568352982608184
  0.33716287533770345  0.34861364497366465  0.35913612857808497  0.36917043842809216
  0.37920204947068070  0.38903585048717643  0.39883065716278771  0.40854697399811662
  0.41822386272781498  0.42825584255321081  0.43826056949206693  0.44918130799557954
  0.46001403149140674  0.47091625535832982  0.48158215110574393  0.49212030150775971
  0.50242398506812824  0.51277427432006384  0.52307486291021277  0.53355577754122341
  0.54410705035687734  0.55493583382139766  0.56558606722991378  0.57607420836530943
  0.58709531573795670  0.59833758507753299  0.60919945759724714  0.61943564043163013
  0.63018942461447358  0.64118210956955191  0.65207977110721715  0.66290664012760447
  0.67382652022605871  0.68466262278053214  0.69494147546052376  0.70475719423079763
  0.71445318414481185  0.72419904139610614  0.73442084624835802  0.74529091867314523
  0.75687922714522049  0.76869962040250062  0.77977845878750240  0.79036050478991093
  0.80072610690084201  0.81073512154508554  0.82073828581026687  0.83092023251869573
  0.84136059079926162  0.85180413913565356  0.86215944003091516  0.87273101032707057
  0.88384721792849719  0.89500295966673138  0.90636613534749344  0.91764524467994601
  0.92850736284917279  0.93958696436145461  0.94986427434850340  0.95937721691382727
  0.96915068153640027  0.97901933939349428  0.98948541443351401  1.00000000000000000
  0.00578099747041116  0.03634002613229029  0.05182055964094730  0.06332672144120709
  0.07381074300977061  0.08366664093508845  0.09328809943794207  0.10252656614837402
  0.11127340946907882  0.11988022034170863  0.12809512900316566  0.13579220234571474
  0.14325987727183201  0.15046987904917611  0.15745577302698191  0.16444052418536301
  0.17140224373092558  0.17849548964741596  0.18574390504037144  0.19301630299794958
  0.20054042119294876  0.20763724019211496  0.21490650909978926  0.22218150527716682
  0.22930737749192673  0.23625860214963287  0.24302529909084983  0.24977551303784210
  0.25705797413401343  0.26474905528967746  0.27219215274964020  0.27891871795687356
  0.28557130697628541  0.29206873260162702  0.29891127654059796  0.30608417670204285
  0.31323324849072115  0.31999478838109013  0.32636625853976708  0.33260238756712135
  0.33904147180526373  0.34579649108618016  0.35273083239517755  0.35980348843466736
  0.36706741809745724  0.37430993539289287  0.38117678590103571  0.38819348418246613
  0.39523096786711154  0.40254411674103924  0.40976417650822800  0.41678001420362282
  0.42354123438981534  0.43014981362571408  0.43700893012395992  0.44412344764729933
  0.45136889766390287  0.45837789324251615  0.46500216228830371  0.47174034671751836
  0.47873441085394980  0.48606331764237037  0.49332523621485463  0.50038658127429825
  0.50761701569793372  0.51504187734693152  0.52274665157434397  0.53083520889946134
  0.53900699640702454  0.54764556368821926  0.55641117364565951  0.56513145695693978
  0.57419766938717154  0.58354301931468133  0.59327481922002456  0.60315279649995035
  0.61274256973625629  0.62221642174879099  0.63154992015155786  0.64101882337514704
  0.65098526217512509  0.66145057756304304  0.67281598154265410  0.68430763735431199
  0.69848812658212966  0.71300233130001789  0.72697578388360418  0.74149953888906273
  0.75662294059668300  0.77336923182112394  0.79212476389016839  0.81311691426969834
  0.83702060545785562  0.86716016020569542  0.90949896058131285  1.00000000000000000
 -0.02153968533607028  0.15608503273360474  0.21195317432313773  0.24872776025975923
  0.27561541782710197  0.29564750833665432  0.31305513106716526  0.32890209907219620
  0.34324107084301925  0.35690913058775153  0.37002904319779295  0.38251646826876773
  0.39440590760276545  0.40519254732340926  0.41521630847000818  0.42480729657202337
  0.43400496809628081  0.44276398115359339  0.45098444245966324  0.45895463282044097
  0.46693712845534646  0.47470417740439352  0.48219113001957037  0.48926244968969640
  0.49627025648771195  0.50303775425349762  0.50957366175466556  0.51602605196305518
  0.52209081667031332  0.52790949067047155  0.53363666837844781  0.53949657778043703
  0.54521126923171837  0.55070707418619780  0.55599194589343370  0.56125047082988888
  0.56643429495580966  0.57166963583450858  0.57680819016841411  0.58187216674975717
  0.58699761488775304  0.59212643111828245  0.59720802614995228  0.60227297846092231
  0.60729377276569307  0.61225105283817438  0.61717155898347664  0.62182683057653032
  0.62650788731718998  0.63118967309712148  0.63583487413266049  0.64051051052671437
  0.64526531731753634  0.65008561274516874  0.65492024685824146  0.65976233266370155
  0.66464275766017178  0.66941277078087158  0.67426377565937945  0.67910024444100048
  0.68397417320822640  0.68870064770126393  0.69340441531066721  0.69804864536817546
  0.70268808277187822  0.70744521786848902  0.71239555195555149  0.71730720048130470
  0.72223206169278897  0.72704913835893969  0.73203888493975344  0.73716100881117341
  0.74235005944805310  0.74755701261941832  0.75269389918186591  0.75767315118948486
  0.76254235683584182  0.76753688902438122  0.77271246654802950  0.77796817932583451
  0.78356271999017324  0.78930993403467786  0.79543832835016937  0.80186966134587290
  0.80850368971267617  0.81555290439505690  0.82343465332413868  0.83155820400876690
  0.84058235312288965  0.85043853200691655  0.86117056526146596  0.87349252821457679
  0.88762539805906515  0.90564663721676786  0.93370334543933520  1.00000000000000000
   8.6999487200881504E-034  -1.0000000000000000     
 T T T T F F F F F F F F T T T T T T T T F F F F F F F F T T T T
  <DiscreteSampler_grid>
  grouped_processes
  1 # 1 for a reference and 2 for a running grid.
  10 # Attribute 'min_bin_probing_points' of the grid.
  1 # Attribute 'grid_mode' of the grid. 1=='default',2=='initialization'
  0.0000000000000000 # Attribute 'small_contrib_threshold' of the grid.
  0.5000000000000000 # Attribute 'damping_power' of the grid.
 # binID   n_entries weight   weight_sqr   abs_weight
    10   10   1.760344601512076E-021   4.002233083896306E-042   1.760344601512076E-021
    11   10   1.760344601512077E-021   4.002233083896311E-042   1.760344601512077E-021
  </DiscreteSampler_grid>
