 -0.00131510319484695  0.01701549860062099  0.03476200798417709  0.05088763007297807
  0.06549364087015835  0.07928949364204874  0.09243945766362041  0.10468145304630522
  0.11635245865495364  0.12749824420288813  0.13808729704861092  0.14851516969309811
  0.15873720657750448  0.16888970141424839  0.17895482972612081  0.18890309299185756
  0.19866706972942705  0.20816373706933167  0.21744843579650969  0.22663412552951176
  0.23578489417138593  0.24482821518560238  0.25385354136633614  0.26285072105636148
  0.27162608776233782  0.28019531457040037  0.28864216725532016  0.29705706552933958
  0.30542243975839878  0.31379064338987916  0.32209477159619432  0.33026091569793714
  0.33827912858385806  0.34628260642065123  0.35425440122163032  0.36222761088998462
  0.37021518762368150  0.37810497074900884  0.38589111925995045  0.39364055680074428
  0.40146101038344068  0.40927880257181287  0.41702288177793978  0.42473419585495181
  0.43250639885883801  0.44043496677041216  0.44847066634337157  0.45648731195514153
  0.46449055240082882  0.47253875892982738  0.48069158255464428  0.48899340251453927
  0.49724753462350890  0.50532154156144182  0.51337997528074764  0.52145633594914387
  0.52958005838538336  0.53771297031201581  0.54582746515514580  0.55392516649141199
  0.56197745866370741  0.57001121225821005  0.57811208164545302  0.58627983517808790
  0.59461667344918057  0.60299000417511028  0.61142347819476828  0.61994865127107923
  0.62854387985008853  0.63722858729191179  0.64592737673793588  0.65464260272589347
  0.66346746426922942  0.67237511719847398  0.68132069066721801  0.69038392934536152
  0.69994508061672267  0.70978780154438759  0.71969689923731084  0.72985113821408021
  0.74011577195032252  0.75065200670902976  0.76164625647865902  0.77305414952062257
  0.78485682543426993  0.79694773712756717  0.80916450826966413  0.82203540160512878
  0.83568811020079425  0.85027031301447664  0.86644873200722783  0.88383379686141295
  0.90344322716045633  0.92664232854833495  0.95878274537974228  1.00000000000000000
 -0.00251809286776625  0.00948945173550541  0.02033956267769906  0.03151831735250116
  0.04270644226636648  0.05355699008379066  0.06440250907825515  0.07544602991156378
  0.08645470170501854  0.09731198266004779  0.10815814471174146  0.11916134212579108
  0.13035337495916316  0.14159774895266414  0.15256315730490394  0.16316899151740669
  0.17348157943327047  0.18365966758732155  0.19385077767106901  0.20391906345872438
  0.21390235764514900  0.22391651026474652  0.23421142635271019  0.24472809133891910
  0.25524777850084257  0.26554921073548421  0.27575480838151079  0.28589330727098677
  0.29605993159355226  0.30629676893412205  0.31656476959871144  0.32664444323080571
  0.33681628684542991  0.34692517322235200  0.35696845925911674  0.36691757399918329
  0.37748062935007431  0.38873580998317886  0.39999054970875175  0.41123990241986275
  0.42251108801041920  0.43362435309517622  0.44413555197946497  0.45433451111107387
  0.46476829833819061  0.47550438883028356  0.48627409607079652  0.49694015885520110
  0.50804284823216217  0.51929361567036803  0.53039527268308462  0.54136319814642131
  0.55241621217664860  0.56334762429516849  0.57387518705515150  0.58408860478900804
  0.59429013346850956  0.60454327696063304  0.61470768385469843  0.62495168023991399
  0.63542278933082419  0.64596805674234037  0.65634574570151960  0.66663903147863335
  0.67687155878296468  0.68702389187616497  0.69724943785794669  0.70776630573964450
  0.71871872007931403  0.72974344601097463  0.74050911115205598  0.75114717416662169
  0.76189412917404331  0.77269572578021195  0.78352508662413978  0.79424908385420456
  0.80486595567859420  0.81519283514886975  0.82510636278562077  0.83489419733067349
  0.84470280059471292  0.85493691194971755  0.86540181754328582  0.87601682603327213
  0.88643866831820028  0.89690527465611702  0.90753856661223598  0.91812086862121667
  0.92848190730898528  0.93878092074824127  0.94927205399738201  0.95969310827177579
  0.96984085215310856  0.98018566822300512  0.99003767255943764  1.00000000000000000
 -0.01392041275530733  0.07579973800763941  0.11837992037549069  0.14711375904671195
  0.16983472033143349  0.19028825495593574  0.20904112583289253  0.22621318265633084
  0.24153282401575377  0.25575849606043061  0.26922748514216288  0.28231535217952819
  0.29496858406107435  0.30703180029386912  0.31867267303749169  0.32980422830875128
  0.34041003539840831  0.35054302534888060  0.36042827060721494  0.37033160285085409
  0.38001000746949826  0.38960176216175885  0.39895149243205341  0.40797239322274931
  0.41682480480747575  0.42558266681952833  0.43417912674387493  0.44266071276741153
  0.45108432881143207  0.45953638052941581  0.46797537607955914  0.47621449568048746
  0.48418941039475955  0.49189828443073247  0.49962956629409377  0.50733895268874751
  0.51502563992635952  0.52260104980587685  0.53006202132518110  0.53743499190926303
  0.54482017442287667  0.55215612851792661  0.55947931738530832  0.56675669467454881
  0.57406886001931390  0.58134575337652383  0.58849552068112365  0.59538724114601849
  0.60222546775148011  0.60898084511119466  0.61574203446262621  0.62261953602273157
  0.62941954691143798  0.63614305070696864  0.64286682818052798  0.64974193122745783
  0.65672995503985110  0.66370723595990011  0.67058396062600645  0.67734995199770220
  0.68407811891283377  0.69083275263397770  0.69764003820347731  0.70444837875570887
  0.71120503672391511  0.71792576981589462  0.72469168326991962  0.73144339275158321
  0.73841483732302315  0.74539193743919530  0.75253399385328568  0.75973922442410846
  0.76710776038861472  0.77452142060798890  0.78180475467854704  0.78901587872637713
  0.79632598498897578  0.80378742135645587  0.81122780460643795  0.81856179907461479
  0.82582362278330801  0.83319172540782704  0.84083991125189861  0.84862226639309335
  0.85643507122303308  0.86432926018647149  0.87241979924374902  0.88099272894091141
  0.88988599128577273  0.89928371385355121  0.90926014409243749  0.92021083056246111
  0.93281261169074625  0.94748320415647802  0.96810119382612247  1.00000000000000000
 -0.03279883579922998  0.16673552861618984  0.22079958892698109  0.25537288510863021
  0.28268073186207210  0.30604255431348959  0.32641396223318447  0.34486604501816603
  0.36162448605398828  0.37717399556135572  0.39203334191982192  0.40580790634678304
  0.41862239427593972  0.43052403433147546  0.44193100828263604  0.45282879004008769
  0.46304687719878396  0.47277241637870754  0.48210267793314387  0.49108567049988716
  0.49971808084799491  0.50799686351115880  0.51608088930030405  0.52386028582359057
  0.53126660735918585  0.53848384744591848  0.54551951801435505  0.55236901398488059
  0.55896552987932113  0.56544204402087472  0.57177909683174843  0.57810318033518293
  0.58434459817957130  0.59038570582192862  0.59628924151925933  0.60206800123642878
  0.60772578997458748  0.61333954087916276  0.61885794848894982  0.62431193982965594
  0.62961195477113396  0.63489438031434975  0.64012646490560043  0.64535420962540002
  0.65051816152105035  0.65563942250810925  0.66071118004960083  0.66581045995025090
  0.67094646160177795  0.67605753976215477  0.68111141937088127  0.68608060342515387
  0.69091997881039213  0.69568362139708906  0.70045554206332394  0.70532006044762130
  0.70988841692697058  0.71440792806459874  0.71899307992308592  0.72359507416202373
  0.72812528574890323  0.73249602831040350  0.73674109242168317  0.74096530009637895
  0.74524485493482651  0.74958827150490137  0.75401574504479385  0.75849998070120239
  0.76295978045046320  0.76737404805256126  0.77179706467155174  0.77628597475205041
  0.78088566938963311  0.78559950220012997  0.79040309295647315  0.79527461359512985
  0.79998722376092724  0.80481406164894209  0.80965823484222255  0.81466443114422271
  0.81978798435837341  0.82505311855510011  0.83041428937996753  0.83596018152623153
  0.84163624286064631  0.84741558078778845  0.85352434279731149  0.86018498310595093
  0.86735301655551578  0.87501282885633225  0.88356037590751790  0.89325752060726971
  0.90446587314745275  0.91864402493953057  0.94077057902385253  1.00000000000000000
   7.5197975314865001E-008  -1.0000000000000000     
 T T T T T T T T
  <DiscreteSampler_grid>
  grouped_processes
  1 # 1 for a reference and 2 for a running grid.
  10 # Attribute 'min_bin_probing_points' of the grid.
  1 # Attribute 'grid_mode' of the grid. 1=='default',2=='initialization'
  0.0000000000000000 # Attribute 'small_contrib_threshold' of the grid.
  0.5000000000000000 # Attribute 'damping_power' of the grid.
 # binID   n_entries weight   weight_sqr   abs_weight
    10   10   3.362574152481089E+004   3.411141399776392E+009   3.362574152481089E+004
    11   10   3.362574152481089E+004   3.411141399776392E+009   3.362574152481089E+004
  </DiscreteSampler_grid>
