 -0.00028836786548877  0.00679806222955489  0.01698401282280917  0.02783491601127638
  0.03907887117414394  0.05071965296540837  0.06186039722394831  0.07270414017890700
  0.08328348632336388  0.09376373136680313  0.10440502742468552  0.11485655312640469
  0.12518790915101274  0.13540065666362949  0.14548267815165011  0.15512047094869880
  0.16416045976551141  0.17307097498889390  0.18207122537827400  0.19132237413807843
  0.20052719099521768  0.20976539307525874  0.21858808931174201  0.22746856736754237
  0.23623680806969302  0.24475233458681320  0.25289893321972173  0.26123310782765863
  0.26979875373994172  0.27828431013126564  0.28763021180955545  0.29638088337674939
  0.30522570310792591  0.31416864147030499  0.32307800918781771  0.33186107586575098
  0.34053676423381679  0.34923237762676423  0.35791255438068031  0.36637377425137790
  0.37463114109735046  0.38269382652274209  0.39068457680079954  0.39869323012815328
  0.40667417972068420  0.41465601527730211  0.42265748662763353  0.43065645531496510
  0.43874261699858175  0.44696883350447109  0.45496395760111685  0.46319796989442880
  0.47152357232382591  0.47977807756043650  0.48796392997750365  0.49620068469943446
  0.50458496772740558  0.51296332502287278  0.52166738133344781  0.53040978802146399
  0.53914311056701225  0.54765444587581413  0.55600679236778416  0.56424281625242967
  0.57235097985141314  0.58069136653043385  0.58903855624399382  0.59746446857154067
  0.60604190371302136  0.61469580348289399  0.62342131653670352  0.63222834342819911
  0.64114402221237432  0.65033012885092623  0.65987782007041129  0.66978221016543804
  0.68000414752738381  0.69029086650107618  0.70048625817963106  0.71101521833979919
  0.72251350354865729  0.73409498570364151  0.74577532934457047  0.75745398704058531
  0.76955005684511590  0.78340546959030177  0.79753973459620164  0.81213698330401096
  0.82709641902966480  0.84288925310236240  0.86028328705475010  0.87971718348633898
  0.90056107168248289  0.92562794614519839  0.95968379593381647  1.00000000000000000
 -0.00246088768081888  0.00938481300018256  0.02003423594406456  0.03086615372283906
  0.04205500992775581  0.05326972833135044  0.06470638364317344  0.07730792018689701
  0.08895155795154865  0.09992270867578436  0.11103595344326840  0.12210302464484461
  0.13200365616811238  0.14090033057586551  0.15044858025283692  0.16061190030155684
  0.17123552653478966  0.18201237629847497  0.19315832216036294  0.20480529831107316
  0.21657407874915607  0.22799470575319311  0.23831342112952864  0.24855611691742244
  0.25946774786062382  0.27024905551970319  0.28003705499063797  0.28945149508685841
  0.29993365909805603  0.31036505968611861  0.31965193329428010  0.32892968624549490
  0.33856636359290465  0.34824673848731746  0.35811439758734909  0.36794028998161116
  0.37828252237221693  0.38869128810041548  0.39897707000471722  0.40856832919256619
  0.41814510459331083  0.42867172808891552  0.43866940865632559  0.44969579657361164
  0.46109664882571749  0.47339614949333841  0.48519944535060955  0.49635291593126435
  0.50692815498785704  0.51697086100052791  0.52686918883984579  0.53674878774935131
  0.54724277210573768  0.55792466457702716  0.56877488821499478  0.57996892371751296
  0.59103064988372700  0.60179005482161985  0.61196063579568150  0.62188033652942942
  0.63192719090547111  0.64193023197699883  0.65214930922844827  0.66257097296186118
  0.67295761463918258  0.68364277050968125  0.69405706576320625  0.70435149052743418
  0.71505212052768818  0.72588282468309262  0.73676814164376347  0.74782594954057247
  0.75935318276760233  0.77041060215649815  0.78049695955066534  0.79015430033177381
  0.79995580227834684  0.80996970311329808  0.82044339232195107  0.83137320037269979
  0.84312193066070074  0.85432036010338686  0.86461773226774441  0.87429682386839991
  0.88434239319557673  0.89453716353877955  0.90456154779498055  0.91435684051126176
  0.92488265931585245  0.93591915798564040  0.94709916838422314  0.95867598988411606
  0.96890604250897938  0.98007106660733989  0.99008592373416504  1.00000000000000000
 -0.01149286520710898  0.06809342951338289  0.10283738041027596  0.12759513159221761
  0.14886541386018542  0.16917305777444261  0.18755811266952177  0.20417256839136214
  0.21885065985842050  0.23178249008747845  0.24354208171822947  0.25502603770822058
  0.26627271475311759  0.27732648949374850  0.28779823594154191  0.29839577619190394
  0.30890726376847327  0.31916021736200983  0.32940154537757083  0.33929599710669894
  0.34869998246379436  0.35810626042288785  0.36806827046102919  0.37769220156712019
  0.38638341094291168  0.39453019378762000  0.40270147010117840  0.41095429249617593
  0.41904816946488399  0.42716854280955446  0.43517249914312178  0.44359355949294454
  0.45230324375519693  0.46096494060820364  0.46954263376957223  0.47801346110531395
  0.48623586613936953  0.49424047603949622  0.50253968549817585  0.51037686636027935
  0.51850077009190176  0.52610880939431670  0.53403405425736572  0.54148744283167638
  0.54867909165739226  0.55539777957575942  0.56215026351556652  0.56896755668730203
  0.57587503702948073  0.58300185595354437  0.59038734125712755  0.59790787062566286
  0.60521675898284755  0.61176297222352227  0.61830238677285621  0.62491003028611469
  0.63148479924078738  0.63832064154407586  0.64516650233102146  0.65198144576122741
  0.65867926966717438  0.66535113564410242  0.67279038209489828  0.68033601335792993
  0.68775327423178312  0.69515290195140023  0.70263032357060484  0.71014961893596273
  0.71759754734145043  0.72498735294664474  0.73221325438520890  0.73934450538987384
  0.74659001575357764  0.75429271480176296  0.76251577013926453  0.77047526749883022
  0.77850099368493109  0.78646523419806535  0.79428858359268673  0.80194892985535238
  0.80965492798678429  0.81723088957823764  0.82490031479383819  0.83274681886199164
  0.84073675770631751  0.84905953467288153  0.85827907879058973  0.86884886735982048
  0.87934923517990715  0.89082851521752449  0.90296612490115813  0.91648724205506260
  0.92996492786024587  0.94537305714811259  0.96584215039427601  1.00000000000000000
 -0.02067783871790476  0.13744800894240181  0.18659812815943119  0.21559687624173876
  0.23838009752461908  0.25870419267232148  0.27688446750497336  0.29363006102787231
  0.30856464376584991  0.32185994666514772  0.33372047171691605  0.34444499231156750
  0.35458241405962465  0.36453536405093317  0.37452294888579779  0.38425616867970441
  0.39356389752631665  0.40188003029127295  0.40979114018478996  0.41768739593985404
  0.42535663242190203  0.43310585360329917  0.44055759745235906  0.44782806560491090
  0.45482061383097783  0.46186505314270404  0.46907792664385550  0.47625968496148180
  0.48337022783114064  0.49043843898497291  0.49740299933288595  0.50449968841558068
  0.51161787938831249  0.51860786858616703  0.52530373767653693  0.53168742869482277
  0.53799519497303072  0.54437989849409163  0.55080610953017783  0.55722603102661317
  0.56348771023545408  0.56938298355207784  0.57517732620020345  0.58109451522756417
  0.58707794646210776  0.59311084401180680  0.59924012258803083  0.60509261249000534
  0.61048053148853909  0.61559127831635463  0.62061256999332448  0.62564925635155588
  0.63066258027116917  0.63571387055504758  0.64076821295465392  0.64557593974306060
  0.65014769502852876  0.65464171721000664  0.65914299541901789  0.66376731026233038
  0.66866012411501319  0.67374967636378291  0.67868570064397804  0.68366284241885511
  0.68873576565336980  0.69384814841264797  0.69913520889995839  0.70404888804935661
  0.70949686796827494  0.71529476794740965  0.72136204253146574  0.72734357356494062
  0.73317725949725465  0.73900587484216362  0.74482695283122780  0.75057610736660851
  0.75609834658717723  0.76157606251290366  0.76726847057568004  0.77285213287887888
  0.77857174268800489  0.78440568511113207  0.79047828861026415  0.79664345604192133
  0.80296642931781259  0.80944034959176347  0.81695838993025016  0.82554751208215715
  0.83434322380790082  0.84396472553427992  0.85409454776988347  0.86736160003973639
  0.88240732479864192  0.90152185831254472  0.93083728039301727  1.00000000000000000
   2.1320115824846059E-008  -1.0000000000000000     
 T T T T T T T T
  <DiscreteSampler_grid>
  grouped_processes
  1 # 1 for a reference and 2 for a running grid.
  10 # Attribute 'min_bin_probing_points' of the grid.
  1 # Attribute 'grid_mode' of the grid. 1=='default',2=='initialization'
  0.0000000000000000 # Attribute 'small_contrib_threshold' of the grid.
  0.5000000000000000 # Attribute 'damping_power' of the grid.
 # binID   n_entries weight   weight_sqr   abs_weight
    10   10   4.214774263168219E+003   5.606507600181593E+007   4.214774263168219E+003
    11   10   4.214774263168219E+003   5.606507600181593E+007   4.214774263168219E+003
  </DiscreteSampler_grid>
