  0.00015087402337476  0.00140698371287560  0.00249864379883669  0.00334962743180971
  0.00407817918785196  0.00472751894640665  0.00532764744970785  0.00589597732273625
  0.00643493956522268  0.00694714748022640  0.00744364198271396  0.00793281608001808
  0.00842067986473617  0.00891989116454339  0.00940598059271431  0.00988170513847849
  0.01034794897265214  0.01080145347236940  0.01125050365231605  0.01171266738236148
  0.01213897123161983  0.01256710981432362  0.01300068502257193  0.01343368197381660
  0.01387309730801237  0.01432807333036874  0.01479518538640359  0.01525912717798426
  0.01570454413352039  0.01614459549837009  0.01658091177323910  0.01699188496306361
  0.01739229289942125  0.01779305653873240  0.01819656904232288  0.01861027330203546
  0.01904680326264650  0.01949192143019053  0.01991347356234748  0.02031840059414855
  0.02070596078151750  0.02116570136544854  0.02165031222952767  0.02213302293286384
  0.02260624207061181  0.02306821672041600  0.02351418639255895  0.02394169485387396
  0.02437388892181627  0.02481161199467408  0.02525999824375843  0.02570217374631638
  0.02615005654101875  0.02661074920912233  0.02707593947367791  0.02755181365621731
  0.02803181045270700  0.02851053047215364  0.02899165596133743  0.02947068882789191
  0.02995436717302756  0.03045134375504440  0.03096364484494034  0.03147703623401898
  0.03197308431469708  0.03247704959150647  0.03298509971142879  0.03349578878540489
  0.03400803988488206  0.03452119844818248  0.03503903780257880  0.03558507458870375
  0.03612991289519634  0.03668816189668745  0.03724249406420122  0.03778420835243070
  0.03834843784187362  0.03893281698378310  0.03953845061546077  0.04016924074189692
  0.04079547892695861  0.04142079320266039  0.04208168199189065  0.04280368581430197
  0.04357319080226698  0.04440714073581713  0.04534221845462234  0.04652065775563206
  0.04815419636388576  0.05042187013565253  0.05361466106420239  0.05750308257722182
  0.06195973828443335  0.06850775622761870  0.07287806576376810  1.00000000000000000
  0.00828313032549051  0.01869488425488306  0.03371617611045314  0.04685736633337614
  0.05920378724789983  0.06928372756315331  0.07838391434427454  0.08755439976592937
  0.09644049165091416  0.10547281881459632  0.11463319975609315  0.12387932434403540
  0.13457375971376423  0.14597087975956541  0.15784971357625205  0.17002211128909894
  0.18223054634992442  0.19328167805056104  0.20359156548767468  0.21389195846604381
  0.22435079050962226  0.23516371400749211  0.24594975004928638  0.25650067276725480
  0.26644210529815537  0.27551042995399477  0.28411375140824136  0.29279750987934977
  0.30097685110999861  0.30857093426894805  0.31628143511042217  0.32419399400345772
  0.33265398322222595  0.34182541969558011  0.35122455994315183  0.36100431625436258
  0.37150027823823129  0.38250755802150943  0.39374181391071961  0.40499323389222897
  0.41624851102686977  0.42796116122188127  0.43943410614795675  0.44907175836992846
  0.45873232646887613  0.46815479770751967  0.47765375204448224  0.48738840164732122
  0.49781436843115995  0.50767671915998602  0.51816390940997115  0.52787125266728552
  0.53796595020218252  0.54766801148087152  0.55741326939991054  0.56770763639087962
  0.57871455084178436  0.58913576518305655  0.60015966353543193  0.61096676856174448
  0.62220146028928203  0.63291347741000137  0.64309492616747543  0.65303777389978213
  0.66281849940268800  0.67280585060637521  0.68300834266382826  0.69330733739788575
  0.70362925485807293  0.71385100510829769  0.72396962682375066  0.73390017358278259
  0.74333059429253612  0.75220478023542581  0.76067267441282660  0.76911098266605482
  0.77754607498487927  0.78585199270841832  0.79426402778195981  0.80271526703013785
  0.81115620534247790  0.82114425647799250  0.83104588754900832  0.84049698988267829
  0.85017638607394919  0.86066594359029192  0.87152924675136700  0.88235749941714037
  0.89352818667524303  0.90601931115650580  0.91965030091813005  0.93260395802758822
  0.94537659465173252  0.95892571781728297  0.97633199699775819  1.00000000000000000
 -0.00112530115379056  0.00580400925021253  0.00847416712524682  0.01143002678880533
  0.01427229097893971  0.01770613350510032  0.02131871964575095  0.02539529455501193
  0.02975045817138402  0.03435456952927746  0.03900035203202338  0.04398411491674233
  0.04964771158794034  0.05515491844846197  0.06077408917880991  0.06652622621075813
  0.07259410520271803  0.07949263066969851  0.08635311970371617  0.09352296123857452
  0.10121703610649686  0.10924026216038037  0.11709536904193571  0.12521166368653031
  0.13454123118639688  0.14371661350161297  0.15228324317014177  0.16097603511631112
  0.17015602744709582  0.17962823502260136  0.18867838405583695  0.19782428286273193
  0.20763178594726384  0.21657596094405779  0.22536618160132540  0.23375403220701405
  0.24209470552482851  0.25077385107775962  0.25988240146222541  0.26978310242600134
  0.28003274593768734  0.29112279863047141  0.30200129577475920  0.31299851020557301
  0.32407934909862801  0.33645649717736320  0.34819742252542718  0.35932134634553498
  0.37086631073453502  0.38315927247520243  0.39568347275633153  0.40807066116804314
  0.42050509152070514  0.43339584139026560  0.44673750659225836  0.45875177210391088
  0.47046047350035536  0.48214224205016726  0.49369786851453729  0.50447671649055847
  0.51501040878864590  0.52611191991394191  0.53786098870210486  0.54982505085240296
  0.56179728676960961  0.57385421073676246  0.58595749872851643  0.59979146094395819
  0.61375583562693037  0.62764166684270073  0.64158239878399881  0.65568391901479683
  0.67105140341296765  0.68675491780111730  0.70258803666271175  0.71825303608497393
  0.73255426820580860  0.74592265088567855  0.75955800480964530  0.77376199926616396
  0.78843227357441570  0.80321781870917275  0.81770332145900460  0.83101649938683775
  0.84435407117972272  0.85820338318444189  0.87247649666211768  0.88682344239903699
  0.90130543252150785  0.91560522150357082  0.92967004061456704  0.94383564817685772
  0.95797681124152723  0.97206517230992340  0.98611762314414919  1.00000000000000000
 -0.00236676592062346  0.00994795634409887  0.02005526976321362  0.03023958102599993
  0.04005086181538534  0.04980116070367410  0.06023040656753125  0.07115974419996694
  0.08265779967889875  0.09422378238002700  0.10611031915687825  0.11863327157727080
  0.13078524689428328  0.14176627816616541  0.15155428879619523  0.16084648218628908
  0.17070627779614328  0.18174525819127832  0.19375554773524675  0.20585964061306389
  0.21847289737460218  0.23041285908833584  0.24074284427754850  0.25047554505168718
  0.26024044880692848  0.27001441131257470  0.28008553092985433  0.29049428410101141
  0.30199260408138345  0.31355962990859382  0.32407065516881678  0.33429672318340958
  0.34502066986158386  0.35612430000659995  0.36718221574521909  0.37814913628159730
  0.38956190394537904  0.40058796302704275  0.41063722591271201  0.41974337511014465
  0.42854150910576572  0.43750990620015656  0.44632095639978042  0.45571031966661091
  0.46539325227996126  0.47543504174009832  0.48522573390947793  0.49471022001686610
  0.50472624544846856  0.51549066544101141  0.52705635101190940  0.53937260982549684
  0.54990484326274536  0.55930038453236708  0.56895065050957749  0.57860959677762247
  0.58883332562271895  0.59905740048142642  0.61004668478438595  0.62148107005491726
  0.63243080355590320  0.64313915995791415  0.65410794167898767  0.66500880868627099
  0.67532447760129111  0.68551901575088481  0.69502151433406589  0.70391085929273767
  0.71263269660382156  0.72143008705993128  0.73054604380378163  0.73981197186346304
  0.74930693130456194  0.75940142940814670  0.76940974023584396  0.77969391849562653
  0.78979914257233585  0.79986444167862558  0.81051786505351797  0.82200821654140599
  0.83425115057262600  0.84665619991401753  0.85870853517273804  0.87032972291755240
  0.88141320900021125  0.89257641339254645  0.90499032473018959  0.91741246820710820
  0.92943954510102123  0.94066675245603493  0.95191561085731879  0.96206051481870247
  0.97181823205549878  0.98117143605274026  0.99077174911415511  1.00000000000000000
 -0.00224763360150371  0.01031957413555106  0.02133055718588491  0.03258204719141066
  0.04378469017960216  0.05510212754683948  0.06606766378531032  0.07703391032448402
  0.08787511089480866  0.09864804373236184  0.10972635465989973  0.12092640162794931
  0.13201912836048327  0.14310338870595016  0.15418463510654976  0.16504264509573532
  0.17547527522941953  0.18566744960897258  0.19603229759904284  0.20615576966006099
  0.21609249460361338  0.22637036923530740  0.23675603835583672  0.24700566627922377
  0.25661770102864750  0.26563641995678655  0.27465392549668338  0.28424531361483840
  0.29409834985545458  0.30412388577743599  0.31370025632418902  0.32434637698031077
  0.33502737416962070  0.34654122906012919  0.35733641491438567  0.36836025496114949
  0.37817842195327828  0.38793486972742891  0.39788469025773793  0.40613861969216436
  0.41437768127627839  0.42272618796042249  0.43126787421485524  0.43979576639415019
  0.44843251527362959  0.45700977989632163  0.46707120661041340  0.47851693871245649
  0.49009532313463361  0.50157601227449766  0.51318354529537036  0.52413930466095005
  0.53551851877331302  0.54714378054287716  0.55979647187042181  0.57182423930676407
  0.58330771554746497  0.59440717726333481  0.60497337354777092  0.61478495503450903
  0.62441065615389846  0.63407255535838991  0.64371426545931676  0.65389250180473002
  0.66452585734166869  0.67544891102422688  0.68656154986857287  0.69811401508353399
  0.70973338225808658  0.72056853636060969  0.73090444083819328  0.74090133249632095
  0.75069655364329668  0.76021633886961526  0.76985402364415811  0.77964750858267207
  0.78966083285456623  0.79986117676615320  0.81004140523053780  0.82003619800543714
  0.83004852741464863  0.84078613205449304  0.85250067875919655  0.86432564649609522
  0.87641583411499091  0.88855159858757127  0.90055819692555961  0.91196853502826292
  0.92308949246287653  0.93480794344137097  0.94641127189728880  0.95786019492691354
  0.96871551364313913  0.97902650983269313  0.98954389741908866  1.00000000000000000
 -0.00222611489072026  0.00931709866888159  0.01900796436143409  0.02856264711229042
  0.03838048532692265  0.04770738027756383  0.05737470803355851  0.06650755452462907
  0.07481809168570240  0.08368005957587688  0.09277557474311436  0.10161914040383754
  0.11034158833219321  0.11906929775914556  0.12872104573087162  0.14020783970795594
  0.15170834087546589  0.16249241068924702  0.17297486663863254  0.18345242476526050
  0.19350801390224934  0.20316729802530381  0.21296721842566546  0.22284587704228473
  0.23270858726100196  0.24245470997040916  0.25249223161445233  0.26324757453036235
  0.27465478960945422  0.28674763908692358  0.29873556409265373  0.31102784410970880
  0.32371274453345589  0.33613311670925500  0.34808293532706092  0.35945884452923271
  0.37052331407657796  0.38164196064154848  0.39239537549082881  0.40227732935260840
  0.41158841731499296  0.42132532466580058  0.43167029185343281  0.44193656769385498
  0.45170964082737325  0.46141448800669455  0.47214975983598356  0.48303257559095064
  0.49514540929302475  0.50724098457677069  0.51879893535516974  0.52983878818750152
  0.54105721501490689  0.55273617303246647  0.56438611976350461  0.57528515434162819
  0.58574969156173340  0.59606210432923501  0.60628741353745585  0.61635482847269052
  0.62700831502373733  0.63850878318409343  0.65021887702794623  0.66159917752775377
  0.67159639750511091  0.68062459462466396  0.68957399683004728  0.69919523375063786
  0.70926409843743454  0.71834008895460921  0.72651104177368353  0.73569988586460133
  0.74539572065872528  0.75524195759824575  0.76523113262348308  0.77735695376087544
  0.79065449634176022  0.80375954845840092  0.81666009551595808  0.82955752992536369
  0.84134079836719289  0.85183316597293524  0.86228904211087132  0.87305257552089621
  0.88352886735327985  0.89398812013742968  0.90466105995502377  0.91515785352698853
  0.92526684196000086  0.93539036168882728  0.94552671407001943  0.95575408835279307
  0.96641220439063369  0.97748076389748850  0.98876482461560466  1.00000000000000000
 -0.00170633099864542  0.00760700625930334  0.01553603920165136  0.02436535953196427
  0.03396828816648861  0.04411728325169131  0.05408476053922845  0.06436909146568429
  0.07341070660769156  0.08299695371451081  0.09190441387662779  0.10114081364811567
  0.10999846420797860  0.11916051660843165  0.12932368281175469  0.14019630617954634
  0.15131135816032221  0.16281669228674917  0.17398195748284112  0.18442168233433268
  0.19466469096443861  0.20472403090754376  0.21536825288256450  0.22555112933962834
  0.23679521694376265  0.24915356428724972  0.26183943072195620  0.27422904611227156
  0.28651307240093521  0.29730071030077138  0.30794648225975757  0.31842611780472152
  0.32934386183671704  0.33989928229892519  0.35037393614570472  0.36218799821530917
  0.37469764352387236  0.38743726180374816  0.39973120670607865  0.41137774627880586
  0.42306866349048650  0.43502076354655950  0.44596341117545157  0.45694161238330627
  0.46823983733343855  0.47977420741259574  0.49165863757879708  0.50400770117729288
  0.51638917211972313  0.52804753663589044  0.53932987296107848  0.55083921149135762
  0.56190142265867260  0.57273738401696572  0.58268307718938439  0.59259251818423775
  0.60265282820204624  0.61378850590565304  0.62480417500193886  0.63584290604021743
  0.64716053630612835  0.66054523334693094  0.67363379327319017  0.68600927908733789
  0.69856319153063173  0.71061261167456291  0.72232670676058996  0.73412158105287917
  0.74602244492096759  0.75817418204846299  0.77011670439651103  0.78077425333957695
  0.79062918827327777  0.79913766406331466  0.80704400966008361  0.81496223892620889
  0.82294603480048345  0.83091219760585078  0.83994334369556833  0.84976091180762170
  0.86084647556677907  0.87214773807418766  0.88167768882519904  0.89080785645137539
  0.90069441610809953  0.91070050135261693  0.92067281575259063  0.92997465454757888
  0.93843868128234220  0.94758718938040787  0.95678205279835438  0.96589202344637137
  0.97494785841828246  0.98322813511700913  0.99186471734542259  1.00000000000000000
 -0.00274935876915639  0.01132590345030052  0.02190846070865218  0.03196171042018710
  0.04156660506760558  0.05109084614490628  0.06094906428638705  0.07184470042758667
  0.08378368130685560  0.09668857621743018  0.10962218582209396  0.12073227911010835
  0.13176297014732702  0.14231355286109215  0.15206067650536276  0.16169905931411022
  0.17161325934589647  0.18119763141344827  0.19045919378124967  0.19964925360831892
  0.20899202154820343  0.21972832238606343  0.23101528560605084  0.24293083469219448
  0.25514939603661646  0.26707122393123373  0.27789529042694389  0.28772810228411938
  0.29787721962354735  0.30786666791391215  0.31757189395025565  0.32691416261125528
  0.33725713146487690  0.34949526931419861  0.36250670103819288  0.37470886583634855
  0.38531293142345513  0.39550934972394997  0.40610244865659367  0.41659046791211646
  0.42633250034644748  0.43601176599289498  0.44666056792059800  0.45768834110861789
  0.46851477027650029  0.47921050365854606  0.48956174475570935  0.49971119555160737
  0.50884115825144516  0.51807349662144186  0.52745742790282890  0.53665552924453908
  0.54580417973028750  0.55498861977878056  0.56458081369975099  0.57534494274573345
  0.58618177948761307  0.59571827299422209  0.60500494893370671  0.61497666392477091
  0.62435640559607464  0.63325878185203599  0.64193370660874116  0.65252094163297769
  0.66294976387298898  0.67312813726075327  0.68379544864416419  0.69572202449241904
  0.70792533115152001  0.71952154015911141  0.73096505289978253  0.74245367986348965
  0.75348451233270763  0.76395791590710893  0.77475813948417849  0.78608457340183235
  0.79738494154132700  0.80836260441217445  0.81903909621643378  0.82955260800081487
  0.83977546814678661  0.84985117090209417  0.86078648607270825  0.87164975582018578
  0.88340809216806671  0.89532102658834412  0.90635705365693253  0.91688026998157757
  0.92625104674910996  0.93583109687731103  0.94553978864022403  0.95610334858979651
  0.96681076795475263  0.97786198846292915  0.98891503332743846  1.00000000000000000
  0.00525017747196623  0.03627160594800354  0.05742774040652548  0.07115445871786671
  0.08294641137775118  0.09146434975267655  0.10012431836619498  0.10857196318942566
  0.11647739813334992  0.12409111103946903  0.13085388449219440  0.13749961177571127
  0.14414221111931574  0.15101646866067350  0.15765041936940236  0.16406629653929086
  0.17005573057312706  0.17589942098298966  0.18163014604890568  0.18737905143063777
  0.19325019910206695  0.19918103603062248  0.20515149198693886  0.21111105725749738
  0.21695234461810467  0.22272383445778712  0.22848629033034890  0.23436464190723919
  0.24059396397760260  0.24694753961650998  0.25386655306380340  0.26069952210157804
  0.26729561363301058  0.27398219612138153  0.28076292551108734  0.28743967688626992
  0.29438754552556301  0.30156660155405463  0.30893120066187540  0.31638598629772069
  0.32367610007837577  0.33079661969620611  0.33778411501960065  0.34453726067311918
  0.35154009798353875  0.35843168241180401  0.36527311824737096  0.37224100168635210
  0.37959493358697199  0.38744666880395584  0.39515678365036561  0.40376087927995785
  0.41240084151295414  0.42046135392680373  0.42844639540306861  0.43643155657044880
  0.44358458543199880  0.45030405077847024  0.45699384219201283  0.46380146418353502
  0.47073030834890955  0.47763737335230133  0.48533615649922884  0.49308268864141330
  0.50058490441953851  0.50825954120484662  0.51605665472519724  0.52436287531397074
  0.53345288873138708  0.54239040602999489  0.55120780171696981  0.55989304316404720
  0.56910378952889384  0.57853079252920003  0.58763512675788887  0.59643472784706397
  0.60567925125417610  0.61534824588868831  0.62576832959936368  0.63680754993748667
  0.64881944602448005  0.66192710384982911  0.67744686516131347  0.69174243805262470
  0.70479611269608600  0.71706366031670798  0.72928570150839800  0.74162635037077473
  0.75529980582770562  0.77009744756021192  0.78601592083435412  0.80465170450706913
  0.82767434529741568  0.85519741524882154  0.89730439606209256  1.00000000000000000
 -0.02132258722847254  0.15225853188512056  0.21370390658682181  0.25022158897070956
  0.27312263096596817  0.29253182369862452  0.30970966242585873  0.32421843252028937
  0.33707413660202629  0.34947764800089309  0.36133147321192266  0.37268583372165265
  0.38396473367278539  0.39469136317892389  0.40430329031907902  0.41347939774179049
  0.42271976969815522  0.43175982600755775  0.44031848467754403  0.44833428093397210
  0.45622543786145597  0.46386858005825377  0.47095516753040995  0.47765577543064108
  0.48390840949311759  0.48989590383853215  0.49609435723036266  0.50223586236607154
  0.50846036494719327  0.51455543170831552  0.52022288134031591  0.52561575525572513
  0.53091756466883389  0.53605603357959186  0.54098237788077608  0.54569673383779205
  0.55049727046105135  0.55587004947602481  0.56135260920511476  0.56669741837998644
  0.57207181595854317  0.57715966893125392  0.58261720711501819  0.58773764106972981
  0.59279892546504453  0.59765850775267682  0.60234412188259778  0.60697110559293022
  0.61164788842987139  0.61639375928704854  0.62116719588055858  0.62595429463209917
  0.63078291522593033  0.63567185301280771  0.64058806365432364  0.64548342616450516
  0.65052760132589438  0.65530058447527639  0.65998052552071029  0.66478872004954603
  0.66990431206709000  0.67539454785746145  0.68105243118541581  0.68664391279683390
  0.69211555766138910  0.69745930795429201  0.70268992383397555  0.70782221169334247
  0.71290119388530193  0.71815688165005553  0.72370124690567161  0.72905147595096498
  0.73423868151116467  0.73952124518613771  0.74474591307248106  0.75004522550700203
  0.75540721190476057  0.76071890740839421  0.76621884684012409  0.77204203263496518
  0.77812216047677585  0.78429228538103324  0.79022130653653455  0.79637537514201306
  0.80300697384637976  0.80982036570733040  0.81751603102107950  0.82527096638302699
  0.83377882592054908  0.84352881141424252  0.85477667274375158  0.86770219951854044
  0.88189014893062700  0.89952915746370021  0.92880027549845079  1.00000000000000000
   7.5878953272293874E-013  -1.0000000000000000     
 F F F F F F F F T T T T T T T T F F F F F F F F F F F F F F F F F F F F F F F F F F F F F F F F F F F F F F F F T T T T T T T T F F F T F F F F T T T T T T T T F F F F F F F F F F F F F F F F F F F F F F F F F F F F F F F F F F F F F F F F T T T T T T T T
  <DiscreteSampler_grid>
  grouped_processes
  1 # 1 for a reference and 2 for a running grid.
  10 # Attribute 'min_bin_probing_points' of the grid.
  1 # Attribute 'grid_mode' of the grid. 1=='default',2=='initialization'
  0.0000000000000000 # Attribute 'small_contrib_threshold' of the grid.
  0.5000000000000000 # Attribute 'damping_power' of the grid.
 # binID   n_entries weight   weight_sqr   abs_weight
    10   10   3.776503650374752E-002   3.678713396986276E-003   3.776503650374752E-002
    11   10   3.776503650374752E-002   3.678713396986275E-003   3.776503650374752E-002
  </DiscreteSampler_grid>
