  0.01013954276828488  0.05372887905661489  0.08259324242604428  0.10404460075037034
  0.12259931104872640  0.14204248467252290  0.16138522149412587  0.17937911023868033
  0.19649947906151768  0.21305553188457135  0.22890360111090036  0.24361177564049252
  0.25761274855686495  0.27145019098581485  0.28496672887637725  0.29870096909458249
  0.31245069260576852  0.32580829096630193  0.33937535657387347  0.35320257466259525
  0.36655956301882830  0.37969779840036244  0.39252639671764328  0.40557989967976121
  0.41803509398914118  0.43037038832191665  0.44276003687118121  0.45578210196488594
  0.46836414297535167  0.47979154172025218  0.49166277825719096  0.50311913408265185
  0.51443595218336691  0.52562955645890452  0.53650426058109302  0.54697929000389678
  0.55709418787350118  0.56735051689338167  0.57788671885435505  0.58879907048616120
  0.60006785289904374  0.61085536250216610  0.62146243837011328  0.63229952853395388
  0.64408257451099826  0.65632636910757192  0.66765562793036004  0.67876729424642868
  0.68957313116694396  0.70002494213051303  0.71016403160484698  0.72024392100262136
  0.73048118620648173  0.74070600666598230  0.75085590189623408  0.76072039073417530
  0.76998860060307717  0.77913961715133351  0.78860175603836435  0.79835722976305901
  0.80782478315041140  0.81638348787826676  0.82445371398135847  0.83223987100568619
  0.83991884297401187  0.84758162592856257  0.85552291169216732  0.86315789841298651
  0.87024852537453012  0.87733282712051486  0.88459144769556830  0.89195734679501981
  0.89935134132732020  0.90663543523359880  0.91371985127730948  0.92062600004551065
  0.92727354104737680  0.93357842625809750  0.93953893018584345  0.94466493730645085
  0.95001532645861131  0.95520687798514670  0.95995032609374209  0.96426066648914477
  0.96817936102333824  0.97183704166391127  0.97538786949327383  0.97874454570538716
  0.98167816210470027  0.98443009536519810  0.98707697692944618  0.98963728543597029
  0.99205149551919369  0.99442876177404593  0.99683385824676984  1.00000000000000000
  0.00859517003445505  0.01809383580288366  0.02958899011242233  0.04161219157168584
  0.05253445176599434  0.06363865561749062  0.07437548606049829  0.08534510574293454
  0.09500746415678293  0.10481556256548065  0.11474002059166877  0.12454812118077083
  0.13426247938288030  0.14416593121746202  0.15459375693706195  0.16547097257674834
  0.17630143918152527  0.18715587372829037  0.19854837100472869  0.20933772706052067
  0.22020956528072269  0.23173622012836531  0.24426770978428619  0.25712865161388737
  0.26985080024071939  0.28007032328079146  0.28977845160495930  0.30000614549903615
  0.31032490784407196  0.31992379071114435  0.32935568386428771  0.33902643143655664
  0.34880801980406567  0.35785278724002684  0.36680951719790811  0.37610457335121994
  0.38779917209266140  0.39926643483038288  0.41047376958376919  0.42130050301106259
  0.43301139462259874  0.44403408990221105  0.45486125173519720  0.46519187224768344
  0.47581527598568857  0.48634082222589115  0.49716680354475462  0.50726645818288840
  0.51717643899320132  0.52699500296350965  0.53722603989503237  0.54769628430266515
  0.55832203021623705  0.56830154273844014  0.57820705633975444  0.58746892073655121
  0.59626332247853853  0.60514528976053383  0.61464873420390986  0.62491033218889835
  0.63656265182166183  0.64857388900030744  0.66030686000688887  0.67226462875728055
  0.68444900271149756  0.69646647781614068  0.70801879636216603  0.71956680659854610
  0.73123487466854720  0.74235203263861471  0.75309354006734619  0.76340926393737818
  0.77362949845082818  0.78344436799678097  0.79266761358257842  0.80150884945524092
  0.81049943617353604  0.81974847470078405  0.82901955165293384  0.83776050329869056
  0.84617410549117322  0.85487819616373861  0.86543656926759338  0.87647774634768416
  0.88737186787424638  0.89776543497833450  0.90821612552589892  0.91871193629976855
  0.92929151492494466  0.94016000660001087  0.95089755641718277  0.96141907430540730
  0.97142541944512295  0.98150764126836543  0.99143795390762635  1.00000000000000000
 -0.00088310876899005  0.00457057604026599  0.00713023166040230  0.00962659700142676
  0.01250391408475840  0.01566558361460032  0.01945901130786355  0.02350791617592357
  0.02792332245594803  0.03254092135421895  0.03734112350377172  0.04261821946172496
  0.04833282273334022  0.05377737404777294  0.05948584423517615  0.06594256416968457
  0.07283581537636785  0.07959290764238236  0.08561381261483990  0.09174401126474374
  0.09881286591742092  0.10686344827483527  0.11496587589869867  0.12279221330016919
  0.13104224489192029  0.13930445446534440  0.14747359684285327  0.15538327991748929
  0.16348540202156830  0.17175015167209681  0.18110939247871669  0.19190380641836260
  0.20335747280658131  0.21444964014087231  0.22449106376026795  0.23417767165946843
  0.24387270313800283  0.25334913874384185  0.26288419878800734  0.27244261821169735
  0.28260250711266066  0.29358830731122759  0.30466713724909716  0.31579147909912125
  0.32668658858700816  0.33708737560517832  0.34702261555719538  0.35689066962865429
  0.36715638964887493  0.37777609830202408  0.38833793174235559  0.39915071993132217
  0.41116579974326201  0.42359092480686045  0.43553049992258269  0.44715771563391371
  0.45893430820266334  0.47099149405674023  0.48328993773439216  0.49592691121291005
  0.50899958773109877  0.52243957712345324  0.53589789909826790  0.54865921443091825
  0.56115432337514848  0.57336292917563458  0.58598990135513251  0.59901114340645423
  0.61240683194238699  0.62604680332176377  0.63970985476207098  0.65369960401119986
  0.66735234502947682  0.68118384497940598  0.69483285331790789  0.70823908742359132
  0.72163698880199489  0.73542235342123352  0.74942427305724102  0.76343127413608591
  0.77736591713656567  0.79106793116837093  0.80425993218342018  0.81682223582587321
  0.82913557504507673  0.84219512395718110  0.85590381453135456  0.86968170529673583
  0.88323200385548928  0.89755774356378693  0.91381957314894613  0.92990696741164303
  0.94724687266961527  0.96506484136868254  0.98279359094141772  1.00000000000000000
 -0.00177443510121442  0.00952254481570050  0.01938722354329567  0.02927688184754332
  0.03926718374890242  0.04923832911828074  0.05887095493015930  0.06862828739315942
  0.07860825631527918  0.08856505556435416  0.09856606057918803  0.10878480476343291
  0.11860378837823325  0.12861905010742666  0.13795566099156517  0.14761441372949488
  0.15834958213162187  0.16970844128220669  0.18064690946147002  0.19099344257748171
  0.20127383799521470  0.21182228279643514  0.22277590186567867  0.23338115422879541
  0.24491767985567239  0.25715800077205225  0.27000532669259841  0.28108655818317840
  0.29087063429040139  0.30012586299761868  0.30950728087582974  0.31919480223067681
  0.32957570777214396  0.34024498024047395  0.35125116008196339  0.36270015224938024
  0.37402563632960967  0.38486766188380817  0.39538343631079542  0.40539479797162048
  0.41562466966676004  0.42593269228346708  0.43580606636265257  0.44549738371249464
  0.45542617919474482  0.46738883695326677  0.48024624011644401  0.49095975175270645
  0.50152085588802187  0.51147681532238110  0.52160687323141719  0.53144042994931184
  0.54111940312105311  0.55144384999287288  0.56147050011165289  0.57121233669230465
  0.58091176975965531  0.59123795061390028  0.60219109684572814  0.61310634816766763
  0.62398219609907357  0.63513021546591641  0.64668386845825887  0.65785366595253314
  0.66847829400483949  0.67883435835205608  0.68908962481203817  0.69872975417080252
  0.70825030489187313  0.71815264815388646  0.72849417816452300  0.73937500361583175
  0.75057701172073199  0.76163479476875373  0.77280629632846565  0.78336945642543687
  0.79417304943047939  0.80557072722794287  0.81756574686341377  0.82935596068886019
  0.84035232056108600  0.85050046210970953  0.86008702113184943  0.86993671283957585
  0.88088688147090577  0.89246136621089489  0.90352595810981595  0.91400105363004502
  0.92430422347749464  0.93415447746437352  0.94435227769932284  0.95409673856296517
  0.96501049831079422  0.97552510248524160  0.98771480704945713  1.00000000000000000
 -0.00179596011641095  0.00871904965917918  0.01773558925971483  0.02808013439070700
  0.03856575357183031  0.04947957490436992  0.06041618396073199  0.07162249031740250
  0.08282239286550440  0.09389137688519196  0.10517478389800509  0.11529764204621706
  0.12544298439393625  0.13541623283626478  0.14572387501282771  0.15601055849405476
  0.16638207605068864  0.17732795309261185  0.18808039118727565  0.19921773795786143
  0.21077316224158926  0.22373485733514284  0.23583113168970202  0.24713150239595269
  0.25797513412978756  0.26842853473980660  0.27856113390275339  0.28823672677713552
  0.29767669244496525  0.30658583173319631  0.31562458161688156  0.32461392489527519
  0.33415428413786519  0.34297610833536873  0.35135269851216261  0.36017233366265355
  0.37004214110542266  0.38023838248298103  0.39104653047830301  0.40158120673848779
  0.41202788572505578  0.42256195574192046  0.43282632406903204  0.44314256224908743
  0.45365634038150660  0.46447294004302558  0.47615525225676725  0.48825728342422192
  0.50001898174176407  0.51083458962464312  0.52129542671466156  0.53127258032739355
  0.54172521943084928  0.55198491647974546  0.56216157980583736  0.57188246412720622
  0.58164047666484497  0.59147946958743780  0.60115170979686694  0.61084384921957680
  0.62081020291294831  0.63064659981182436  0.64012389353871491  0.64993532965273226
  0.66072108188845469  0.67212845179796665  0.68351405645221308  0.69492818909293619
  0.70636421782748338  0.71742584675646948  0.72877807937814387  0.74005633006286164
  0.75127703022344638  0.76252222938460568  0.77366140359412117  0.78448481863316677
  0.79474747236606214  0.80512522408051757  0.81576210080217615  0.82664837961195292
  0.83692792639215008  0.84654385348468653  0.85642027823054578  0.86692056736336320
  0.87733140898531781  0.88737062705747161  0.89781504756527053  0.90926343535951382
  0.92155466405846476  0.93382375336760759  0.94526872233943415  0.95610359737648598
  0.96710166001971842  0.97884619192612543  0.98935273547977076  1.00000000000000000
 -0.00338340869259342  0.01234503665489540  0.02441059264241083  0.03526912441073567
  0.04648402368101121  0.05825221345725624  0.06985986800669526  0.08107982154702413
  0.09212645685318581  0.10261940149328870  0.11264817661289854  0.12249353937446890
  0.13264818772736603  0.14346274756159527  0.15495288350609127  0.16642254739988216
  0.17749985362266490  0.18815518385085009  0.19837205529248922  0.20847500599272409
  0.21852013534162673  0.22854584189493884  0.23875854073215108  0.24845960561414887
  0.25807452457842123  0.26790583335823542  0.27838446694352414  0.28899874029007472
  0.29992243650347328  0.31108266892300879  0.32207950096734389  0.33274976459188910
  0.34301252835245388  0.35303890592758230  0.36330638608619858  0.37388916495476915
  0.38453596725561795  0.39569428208155955  0.40749908230900739  0.41874486978209974
  0.42884691455629592  0.43877396559411419  0.44954631544289192  0.46065164651708085
  0.47130953524327207  0.48220762392825967  0.49369031688446130  0.50452388230397482
  0.51444594112285347  0.52423259041360715  0.53382059511473334  0.54303445322512356
  0.55201271298469889  0.56125364307133729  0.57167673841024957  0.58235103679600986
  0.59208557299319697  0.60210844579342682  0.61232044493632909  0.62226175973442166
  0.63210284471880085  0.64162557227482675  0.65275224365984352  0.66458144692140042
  0.67647471955263749  0.68844617149652532  0.70030308092508997  0.71223610453100883
  0.72392773104625863  0.73475725810882186  0.74500958584764221  0.75570729703248007
  0.76674097537639829  0.77704403426578739  0.78675132728587449  0.79708547716130218
  0.80797095404533914  0.81883512003872871  0.82941562956060222  0.83927108466099509
  0.84875562198776588  0.85814768099076022  0.86769431832733479  0.87751272054553198
  0.88750712369843110  0.89709047112924223  0.90708614735129867  0.91756090490758246
  0.92858673687651294  0.93985330397778266  0.95111573903949931  0.96161888981036525
  0.97097367934118450  0.98045272419641061  0.99015591932087632  1.00000000000000000
 -0.00241289510825406  0.00841450134364043  0.01855563231942705  0.02943115196098144
  0.04086014370732549  0.05175961671476465  0.06269330143927576  0.07415771630141182
  0.08584660893194088  0.09791238173766598  0.10999913657059959  0.12156129253565658
  0.13273557430946642  0.14357708256335708  0.15486592037973745  0.16628532856750261
  0.17749911508463581  0.18867308487264400  0.20011339186701699  0.21111704564290268
  0.22150612789956342  0.23234432629286000  0.24336785198604230  0.25379067128592753
  0.26388663867492695  0.27383932553543872  0.28472079080000079  0.29504026920167398
  0.30471696243443563  0.31468098916326165  0.32480065547986869  0.33463001516821167
  0.34420287508484326  0.35395782235751178  0.36414079456559928  0.37461644452810228
  0.38469268229327697  0.39422382863923761  0.40360740719407506  0.41311986886870944
  0.42334199721607280  0.43376681157444597  0.44413579247076673  0.45461035098547764
  0.46542603178976216  0.47654188165376543  0.48714656477601220  0.49756055423602108
  0.50770564728551415  0.51755480462209424  0.52716717432034377  0.53671418744463373
  0.54690843122677857  0.55748315215530053  0.56841943968745390  0.57874483214339956
  0.58885439457177469  0.59909628268072379  0.61087653165977962  0.62191068841536445
  0.63224472834783552  0.64267765860801984  0.65385905114435938  0.66568317516827591
  0.67741161682678552  0.68913230614373189  0.70040810859982516  0.71107878064717900
  0.72132402714514410  0.73158493024232807  0.74212566163508042  0.75360116712256309
  0.76581191172279250  0.77752997579892347  0.78920028753798521  0.80197576281499561
  0.81397563407676088  0.82407987929204418  0.83376817838854100  0.84290032045665897
  0.85180560802786009  0.86040106131211724  0.86917457929892561  0.87886066391722006
  0.89010633059182620  0.90022468595855076  0.90927770281350351  0.91836468619740474
  0.92738773771389971  0.93728721720841213  0.94749884043264088  0.95776695965420944
  0.96811282484048466  0.97849910912216320  0.98921876217827387  1.00000000000000000
 -0.00253908542030337  0.01053416680396112  0.02203835194101831  0.03366115246976825
  0.04486752202426925  0.05581715646791831  0.06654478876725055  0.07730148474979145
  0.08809273226688480  0.09878058779255866  0.10919735556733383  0.11975571022668666
  0.13057662804047623  0.14155064174393867  0.15274484710629754  0.16387014258909749
  0.17409100083475479  0.18384048816904494  0.19311847013266548  0.20246000008705478
  0.21168456973630870  0.22059048157396779  0.22960773482904592  0.23979249323263688
  0.25032984714500739  0.26021450614546626  0.27025312530712681  0.28014613786988263
  0.28998049763956762  0.29851314627512088  0.30697290905661473  0.31609586339908241
  0.32689345812969944  0.33727907767288784  0.34806295478309413  0.35937856878505203
  0.37151628733998709  0.38296931881870250  0.39339847189647020  0.40319949101520042
  0.41261488461400453  0.42240000253269527  0.43290918835194137  0.44350067985264652
  0.45413915378311742  0.46471091648101470  0.47502347615292900  0.48511326517796910
  0.49494206335278645  0.50468974970594060  0.51417695442560996  0.52347984005246839
  0.53231930913444947  0.54101219497214570  0.54967313182677302  0.55866257354763904
  0.56826087757640931  0.57810650761519555  0.58817307970580579  0.59848889868291388
  0.60947166278545661  0.62112437431318046  0.63275039564908309  0.64413644642728551
  0.65519442566838892  0.66563353076981124  0.67590723171897304  0.68632222694230027
  0.69762326491723792  0.70874440452319176  0.71883738559704025  0.72842437897270973
  0.73829815022333511  0.74857932672222827  0.75903321376183497  0.76964648459942409
  0.78059738496802977  0.79203841259551422  0.80367390242798464  0.81564048628729402
  0.82742318619127619  0.83976012564658320  0.85250053980920404  0.86464400084103865
  0.87639056518610614  0.88720909012541060  0.89762033215188142  0.90814784907116397
  0.91939010309395675  0.93104809554915358  0.94295765488083716  0.95623036602269351
  0.96786598047189198  0.97911660278647694  0.98938690588599465  1.00000000000000000
  0.00678499686459839  0.03586606919427997  0.04985558663124971  0.05983128101330940
  0.06878601836937268  0.07705159966484873  0.08473984607694106  0.09202865480839909
  0.09908061338306019  0.10586066173451972  0.11258326635460270  0.11950186784192611
  0.12646393655750737  0.13318185654248932  0.14008310942606916  0.14666945150938485
  0.15316504236267389  0.15957017822080272  0.16568643346676271  0.17159281762964093
  0.17736921860454097  0.18309867886447106  0.18876119845928080  0.19438217278197761
  0.20022868289017151  0.20636478182667706  0.21263087924151061  0.21891759234243979
  0.22517345220945800  0.23143674833841607  0.23758993068036860  0.24359166801722629
  0.24945824148143603  0.25547353522121763  0.26172516510628435  0.26759382534241272
  0.27396606479046748  0.28027157367406463  0.28663991475646622  0.29300214009197717
  0.29922905868592597  0.30543561179076034  0.31166804134506870  0.31791255285926351
  0.32441845857494833  0.33124983146506742  0.33847282010320601  0.34569013047121755
  0.35265012453305372  0.35960831283951339  0.36675563657514293  0.37398543155635222
  0.38160799243214621  0.38959377139342810  0.39764670569536043  0.40546930573900097
  0.41275337709271243  0.41977938122409836  0.42638362596369966  0.43377357811584094
  0.44127949305702047  0.44868346992750074  0.45600316515795203  0.46343310549149569
  0.47093659109666486  0.47843741962082037  0.48668389524996197  0.49502762454628585
  0.50399155474184376  0.51367227311910102  0.52329670891554270  0.53284287847814626
  0.54252188803492896  0.55202852869787511  0.56134294162439069  0.57091029235633239
  0.58095935528614884  0.59155548072254449  0.60227722056371114  0.61308773492773905
  0.62409199903193224  0.63552881757170132  0.64676064615615070  0.65698012654223115
  0.66755620341948763  0.67821700703159649  0.68937717351655659  0.70066636257618009
  0.71403570731558108  0.73067852745016182  0.74965517491458478  0.77156203383196598
  0.79655693204400968  0.82805688307218905  0.87492037425191038  1.00000000000000000
 -0.02378560941980119  0.13682244300771210  0.17591947833564839  0.19969736507181585
  0.21758473972182318  0.23133984137724217  0.24271306577908341  0.25339337564409126
  0.26347391228615669  0.27255946352116028  0.28101856206597420  0.28953447842959940
  0.29828583660491848  0.30701069564162842  0.31523273038525246  0.32286244522036606
  0.33029586030308006  0.33738209700811111  0.34445668914098621  0.35164510579755848
  0.35871382579774880  0.36566399754388107  0.37242413873665109  0.37873800038038463
  0.38453360119684382  0.39004422397575361  0.39528697172676647  0.40009638774727690
  0.40492209462040335  0.40986384455954594  0.41498992815255564  0.42009765946087779
  0.42519303904304190  0.43030187065458536  0.43537827909341892  0.44041903087550510
  0.44531594244997236  0.45010229690333226  0.45489749945322860  0.45989153212371409
  0.46515614380498127  0.47030994276341620  0.47531574630441631  0.48037388971546585
  0.48547951810275547  0.49049756909810299  0.49560986102291121  0.50041406203688632
  0.50517118268147410  0.50993458941750414  0.51479447232157272  0.51973855742211061
  0.52464375111433426  0.52951464975415374  0.53439038465781463  0.53936338012099649
  0.54444758798141879  0.54960275210967435  0.55496847929216198  0.56029819716366036
  0.56564950246833434  0.57087852573997988  0.57602723521857357  0.58113160889769666
  0.58626708278772399  0.59157250347037282  0.59677653206397829  0.60244190341427095
  0.60768187655855022  0.61294613660180353  0.61830840091679407  0.62344523179492484
  0.62895075873177186  0.63431112186036021  0.63998660541547725  0.64590886756558885
  0.65204920654295817  0.65818783254409297  0.66440127178152975  0.67095843494304530
  0.67816009707574121  0.68527409882163581  0.69314423309551021  0.70154521100612910
  0.71043618455851365  0.71976770683035041  0.72988394316431227  0.74050583338352749
  0.75177921624760935  0.76378460243644752  0.77666303079182786  0.79136295271043455
  0.80877185045611821  0.83152588247816595  0.86676640238155811  1.00000000000000000
   4.3074066630052520E-056  -1.0000000000000000     
 T T T T T T T T T T T T T T T T F F F F F F F F T T T T T T T T F F F F F F F F T T T T T T T T T T T T T T T T T T T T T T T T T T T T T T T T T T T T T T T T F T T F F F F F T T T T T T T T F T T F F F F F T T T T T T T T T T T T T T T T T T T T T T T T
  <DiscreteSampler_grid>
  grouped_processes
  1 # 1 for a reference and 2 for a running grid.
  10 # Attribute 'min_bin_probing_points' of the grid.
  1 # Attribute 'grid_mode' of the grid. 1=='default',2=='initialization'
  0.0000000000000000 # Attribute 'small_contrib_threshold' of the grid.
  0.5000000000000000 # Attribute 'damping_power' of the grid.
 # binID   n_entries weight   weight_sqr   abs_weight
    10   10   6.606928231244890E-044   1.033850416494597E-086   6.606928231244890E-044
    11   10   6.606928231244890E-044   1.033850416494598E-086   6.606928231244890E-044
  </DiscreteSampler_grid>
