 -0.00013657665498280  0.00588525346779130  0.01619227750818459  0.02735402653091795
  0.03857760208350340  0.05016091855229710  0.06170711310843775  0.07230643043312900
  0.08231226616148714  0.09228472378709379  0.10239634371866865  0.11242770612033455
  0.12238022776645098  0.13249396590172580  0.14287904136031337  0.15307931566544070
  0.16273532803290164  0.17205138359322000  0.18109807995308808  0.19000206511963214
  0.19883349363067981  0.20748058437029399  0.21611757193955955  0.22465700296152744
  0.23315710256193478  0.24151015140632906  0.24978477740746016  0.25813542487100727
  0.26669049964600150  0.27530333961754211  0.28387709092435259  0.29248012284120817
  0.30093150400041707  0.30914143672351629  0.31743837792805257  0.32622099871370053
  0.33508272962336255  0.34414564307028894  0.35334688475760251  0.36249926370350788
  0.37149812366852292  0.38041384121970934  0.38942589988745335  0.39880404316858559
  0.40836741964324719  0.41787244483395219  0.42717317151079010  0.43622142594984137
  0.44446066514583210  0.45264994654087132  0.46070745059725854  0.46887616586396352
  0.47722444502597522  0.48573138434062280  0.49443584512986444  0.50330665369665828
  0.51210070964017662  0.52084837986998833  0.52939494489405470  0.53772528753152860
  0.54594636136360397  0.55400078857776358  0.56240182757628454  0.57097669113590643
  0.57958568410561284  0.58789045095030434  0.59651867699152539  0.60560397955054512
  0.61447676723179689  0.62321862968390196  0.63209734301892428  0.64117006428027601
  0.65039535233345602  0.65990314130293448  0.66977442232772200  0.67979115094045584
  0.68983704683983571  0.69996002776722910  0.71001694962007189  0.71987110099256879
  0.73043245171329818  0.74197652508237422  0.75391514426446593  0.76607018748208044
  0.77888014979144249  0.79212837236366840  0.80600629093843390  0.82069996773943132
  0.83626318426436452  0.85254133153723810  0.86925915721183555  0.88663364317036342
  0.90720004637257234  0.93230004043767767  0.96289923223817775  1.00000000000000000
 -0.00180583238015435  0.00819191613264341  0.01670284269994098  0.02583140807008932
  0.03481225707846854  0.04373838324174942  0.05229607275218788  0.06115781095578689
  0.07070630467626103  0.08049305747046384  0.09026182014291161  0.09987879795956943
  0.10944627824127155  0.11906787769835821  0.12879604400172304  0.13904789073497087
  0.14985526085354520  0.16078885675604243  0.17135683948898997  0.18181873096501300
  0.19215578942465206  0.20251760421494175  0.21294212892414993  0.22353575256779648
  0.23414886875736157  0.24432032620575156  0.25445853246182570  0.26520956123888562
  0.27602477658774255  0.28660557189923763  0.29699115687862482  0.30768801400846973
  0.31812962674212447  0.32780789174254948  0.33715246060155374  0.34667224552128156
  0.35657194012559679  0.36688187601174727  0.37807428553200573  0.39007871313790798
  0.40206500677432661  0.41356091119450111  0.42496597996556851  0.43655084512633496
  0.44791001567674138  0.45908273667738486  0.46949822135453595  0.47936722483712746
  0.48915447995838257  0.49890572662025701  0.50857224111284294  0.51800906494668864
  0.52820841513640238  0.53903161527876264  0.54931317153800752  0.55903215005217510
  0.56863866579665889  0.57857760230835298  0.58912915131411892  0.59964542954200051
  0.60976301406641498  0.61957740808683226  0.62951549342780244  0.64001782368462090
  0.65122859160005520  0.66291275875710887  0.67466702369601028  0.68660256526421493
  0.69897615499350374  0.71124324101814440  0.72284512285280433  0.73411036793217832
  0.74548981231581879  0.75703122245198462  0.76874402061486080  0.78114780055698740
  0.79319651633434984  0.80415574647948829  0.81436638463795041  0.82376913010761665
  0.83311176370156881  0.84247366870511575  0.85186166103828942  0.86162936375303145
  0.87185254481948327  0.88255700861356690  0.89385737581374358  0.90529082794757787
  0.91658900850766301  0.92737094175599533  0.93807779438195948  0.94963886511482720
  0.96212073005663368  0.97508514447511607  0.98752863385883483  1.00000000000000000
 -0.00966891978944210  0.05528834564192870  0.08780285211162644  0.11209324254468624
  0.13296906934672689  0.15030466571450815  0.16610306121015145  0.18094363304838312
  0.19519219433502422  0.20876770172331768  0.22124880734977542  0.23282039009963920
  0.24372206455866050  0.25478891116909569  0.26604245564538398  0.27683838090928931
  0.28736828318599283  0.29682661013309464  0.30572539350074618  0.31442001072114462
  0.32335885235125633  0.33254615027334478  0.34202604948175364  0.35109664556563885
  0.35964131518719045  0.36792260091986362  0.37589080340820047  0.38390278598414401
  0.39190868629601383  0.40019657531626474  0.40857314925309368  0.41702007901428412
  0.42549677332243480  0.43370343530441097  0.44170203537592090  0.44971235403719095
  0.45772006325316661  0.46569492787856065  0.47362712848235361  0.48175748379975758
  0.49020828543794004  0.49863153273806787  0.50702764277335044  0.51567050361444944
  0.52401863238279789  0.53206327732053293  0.53995027057513534  0.54744133297148012
  0.55484506377753973  0.56215330751556902  0.56883979743950375  0.57572205777873819
  0.58232687701315700  0.58941451217773833  0.59638317803270491  0.60358481197775804
  0.61115126597967873  0.61884127211511952  0.62641682908990648  0.63573912574190072
  0.64480796782870498  0.65333883003917181  0.66179026963538712  0.67009747006332787
  0.67792478157055647  0.68612538172129700  0.69436486049436552  0.70271259683805554
  0.71115718739531864  0.71975659031014105  0.72812621950045597  0.73615879429361808
  0.74409444434376437  0.75214081961584511  0.76026500663536634  0.76832604914069813
  0.77612893802194127  0.78381370516078508  0.79205322739660455  0.80142440699608219
  0.81153597319296522  0.82131037083982339  0.83103608950464236  0.84024963472499148
  0.84949716793238494  0.85894100742808110  0.86877272912115844  0.87864358387301345
  0.88896719014187708  0.90021426076077904  0.91263451890940361  0.92532039551046164
  0.93822826294330319  0.95302608236240727  0.97245183672287872  1.00000000000000000
 -0.01874407012696031  0.11845314819965172  0.16418075285010370  0.19342483416594233
  0.21739720029077839  0.23614892020577133  0.25179246730595728  0.26600319512989173
  0.27935859395932111  0.29204824761837178  0.30493401975780199  0.31708077951122132
  0.32867414511863846  0.33983522633184060  0.35048472377052742  0.36091061065752444
  0.37099004012238984  0.38093305716137760  0.39070100201627500  0.40020674228046571
  0.40942788541967262  0.41845422686331241  0.42712077217382505  0.43563060245333324
  0.44408744172083892  0.45252735801956800  0.46090001897555799  0.46896603379490764
  0.47668036799573471  0.48419939965241021  0.49161510340329811  0.49899360578916402
  0.50610095301525260  0.51297979777516711  0.51981022013982781  0.52638762688731378
  0.53293101410009680  0.53939047210827207  0.54574134792455509  0.55206488351723737
  0.55833418277520541  0.56463261922128927  0.57106024031818203  0.57740672105742430
  0.58381199693754626  0.59074960561414380  0.59777528131004476  0.60466583144130337
  0.61119100051314790  0.61751228516158319  0.62376124957519707  0.62973756673731474
  0.63566464340902362  0.64149506918987831  0.64715250307860883  0.65241236634250199
  0.65773940677483289  0.66304181359238934  0.66826542007771395  0.67343248373941411
  0.67867112094624904  0.68400755481773790  0.68938003742932563  0.69492976015296160
  0.70043626629679967  0.70602759226319434  0.71173525062936638  0.71746660652667371
  0.72318850788012168  0.72902205706480094  0.73557959653160954  0.74224930321093197
  0.74887903115368626  0.75533838511226725  0.76167813180604671  0.76822337556529452
  0.77511774770760145  0.78197193799763376  0.78880981216719748  0.79549291869794425
  0.80164901091574425  0.80820783899728355  0.81471124662332839  0.82150609568319677
  0.82862852200051806  0.83603349432811680  0.84358514329737999  0.85120460647282337
  0.85914727114951905  0.86759364433096287  0.87681366053223242  0.88717897206968221
  0.89959090213646098  0.91523909301147210  0.94029149810570134  1.00000000000000000
   6.7977500818645293E-007  -1.0000000000000000     
 T T T T T T T T
  <DiscreteSampler_grid>
  grouped_processes
  1 # 1 for a reference and 2 for a running grid.
  10 # Attribute 'min_bin_probing_points' of the grid.
  1 # Attribute 'grid_mode' of the grid. 1=='default',2=='initialization'
  0.0000000000000000 # Attribute 'small_contrib_threshold' of the grid.
  0.5000000000000000 # Attribute 'damping_power' of the grid.
 # binID   n_entries weight   weight_sqr   abs_weight
    10   10   8.932377202600559E+003   2.952843814030752E+008   8.932377202600559E+003
    11   10   8.932377202600559E+003   2.952843814030752E+008   8.932377202600559E+003
  </DiscreteSampler_grid>
