 -0.00030411767911833  0.00682710187617775  0.01675632482686651  0.02751045624535167
  0.03852963580230650  0.04954660751647087  0.06044216180692170  0.07110909848241193
  0.08202857212976379  0.09260954922081878  0.10288190025911848  0.11301536244788342
  0.12322028817158705  0.13329838219142745  0.14329827082060922  0.15316967367823209
  0.16308714753722736  0.17273350319392591  0.18206398025164922  0.19126037394946988
  0.20028269002361429  0.20905218453316235  0.21763110846654310  0.22623289766389573
  0.23488346567176252  0.24347684535054459  0.25183407295880472  0.26024032200037406
  0.26894902132935694  0.27797736470156337  0.28696275910360658  0.29566050064819555
  0.30431274019319227  0.31293046430538207  0.32164678411710229  0.33039512225887341
  0.33889449239507830  0.34702186796080486  0.35495648613658193  0.36282770673615244
  0.37061640985248206  0.37834165658304825  0.38608712716154087  0.39393590456020838
  0.40183135685738847  0.40973315781751402  0.41764043186246436  0.42558710949470052
  0.43376782874600189  0.44223624407122575  0.45066286791725174  0.45895134159742712
  0.46696776453419808  0.47537086677733081  0.48370166270508097  0.49192594191514072
  0.50011993323894455  0.50844953038841867  0.51716713755738009  0.52600208252255798
  0.53487944849529845  0.54360402320282974  0.55241246853565007  0.56157152189459003
  0.57097471517098153  0.58020986857178203  0.58930541238729472  0.59827189305276085
  0.60748185581051428  0.61693869543239033  0.62661611884847812  0.63645230574422240
  0.64615534865286173  0.65593606412347571  0.66605127930133634  0.67635894468916247
  0.68673161715723119  0.69715473452428556  0.70778494363349798  0.71862210450721731
  0.72964887968239700  0.74088734095132514  0.75230148315998191  0.76397340648384970
  0.77624684032368685  0.78914756392120899  0.80284011769950325  0.81665472867381883
  0.83090619680329691  0.84596981290427820  0.86254117033123823  0.88152122950268186
  0.90171760522748023  0.92551601760254054  0.96109458638903633  1.00000000000000000
 -0.00237197193654255  0.00938576624995194  0.01867785647262339  0.02881535712948221
  0.03849606119411780  0.04919980985578069  0.06080757371832658  0.07118237727770656
  0.08214355815702065  0.09281418880964902  0.10357710879201797  0.11389567944298257
  0.12413356351702423  0.13400805515515762  0.14375014849607987  0.15381118351327960
  0.16425479563228590  0.17474968480959968  0.18566938871932728  0.19707766887137140
  0.20848161149662128  0.21851731572985722  0.22836520444187614  0.23858664692741463
  0.24885443377825725  0.25906279004518928  0.26952524750855311  0.28091272499763731
  0.29299580274026804  0.30574555472339249  0.31791744854719306  0.32986864109937991
  0.34153966469424696  0.35312247434549837  0.36418234658416476  0.37481833605659537
  0.38520553357964193  0.39560019088596338  0.40603248018388044  0.41612826453057139
  0.42604566885248712  0.43613372930032340  0.44702636943660790  0.45808836725448548
  0.46873362515331624  0.47902478813364968  0.49013732525218934  0.50126466572109329
  0.51170965025409476  0.52209870557779114  0.53241256232201395  0.54293954756474605
  0.55316308118620594  0.56369356384457192  0.57439473663945717  0.58515899672416982
  0.59603251522822664  0.60724945754139459  0.61873840511559364  0.62947976322600163
  0.63976068470516956  0.64987991411582768  0.65980623736085142  0.66987334536788223
  0.68023156362135373  0.69066971360729279  0.70095462220185367  0.71079906224844924
  0.72065915858224006  0.73089594653177647  0.74104128658962842  0.75096513605246851
  0.76079079169007602  0.77071933121909719  0.78145880793593980  0.79200515705148478
  0.80239716642063863  0.81254334486605628  0.82342896380635866  0.83430159459728326
  0.84541728180945208  0.85668277113184410  0.86816708592838021  0.87911838589601365
  0.88998314990846927  0.90039532681195833  0.91043355408956439  0.92051791439616526
  0.93103373461634109  0.94140680302034885  0.95149522145259879  0.96127337470160201
  0.97090621478566330  0.98069349120334914  0.99023521023753680  1.00000000000000000
 -0.00888163052463058  0.06066183545608760  0.09887198383709687  0.12601856176074697
  0.14656065620818223  0.16537630464188371  0.18269827611592482  0.19899584151743382
  0.21402684724974860  0.22819864706424012  0.24132164106700615  0.25384911793084186
  0.26537014019773492  0.27715123386698282  0.28884847112527090  0.30029405346381011
  0.31132093673429023  0.32235477175762439  0.33302434178890505  0.34283898052161305
  0.35216456417005987  0.36156092104931042  0.37110198406109213  0.38059804013470694
  0.38994205199729010  0.39925898453317704  0.40876597256145636  0.41833046222721093
  0.42766158983065022  0.43702223874093710  0.44586950317573132  0.45450501414607219
  0.46291352694636340  0.47114879633414264  0.47906592740919468  0.48650789702081709
  0.49371103177908843  0.50095041638134652  0.50819327381437318  0.51542277018069371
  0.52262265034317756  0.52982030271436886  0.53713246215635568  0.54446372043394664
  0.55180775254755987  0.55907417793415592  0.56593513018980168  0.57267406414196664
  0.57954990396817285  0.58648138199916511  0.59363228999587092  0.60069269189026064
  0.60780363032370766  0.61490818301980010  0.62191611499322108  0.62871764041613920
  0.63543995275735632  0.64215812869730471  0.64881719012443195  0.65543047077312078
  0.66202573581201096  0.66866829465064781  0.67541446900112123  0.68213308728862687
  0.68893397557846636  0.69601927959929955  0.70325656646422674  0.71054583292529416
  0.71797870371591632  0.72543183064592565  0.73277540521216744  0.73987851792381265
  0.74713564675981725  0.75429156961384591  0.76162063670768398  0.76900765643261737
  0.77666335782894858  0.78436168140889251  0.79224531892149808  0.80040370814929962
  0.80871548351743106  0.81740071720361707  0.82645366924378683  0.83566336887125681
  0.84447227588469576  0.85339404151295817  0.86234916394524097  0.87189818728379342
  0.88188282951770858  0.89219531972995014  0.90303572152459466  0.91519086576923725
  0.92876010763686956  0.94445756770181200  0.96569879485831689  1.00000000000000000
 -0.02193807381288565  0.14844903559890216  0.20275509267311811  0.23790496487880541
  0.26572979534569896  0.28841806065294673  0.30854786252530469  0.32641466131947638
  0.34244447550972534  0.35713565471258385  0.37073403924359716  0.38360943038716777
  0.39574772629630928  0.40744003444642790  0.41876554161524460  0.42963424166733949
  0.44010234988920632  0.45035108780420641  0.45989258117454257  0.46879761757145050
  0.47743038422613826  0.48603296432898296  0.49433965327325741  0.50212887089539859
  0.50956259608628018  0.51690644987684997  0.52449458773186997  0.53222614742308516
  0.53962767126482780  0.54669329174656600  0.55352352903715851  0.56022529179541636
  0.56667907667794493  0.57291729614280051  0.57910609438303395  0.58519370575492025
  0.59115760804391704  0.59706686592763081  0.60277988780483072  0.60824226311680352
  0.61359748944869363  0.61899959464762888  0.62447729701084331  0.62993994722623314
  0.63534588098150291  0.64075509557565058  0.64601539106312289  0.65099682725404517
  0.65583091478339017  0.66063306145390788  0.66541032900062969  0.67014601215656089
  0.67484000474179573  0.67944570764181467  0.68402056978528036  0.68862902401673631
  0.69319160083467934  0.69780468866200174  0.70247283175071806  0.70724297802136460
  0.71210732192840598  0.71699605132373367  0.72185893496032338  0.72671833395747254
  0.73159605735804079  0.73657355550522818  0.74150644963795298  0.74640250390862228
  0.75127214896717831  0.75615945420607900  0.76110185313617873  0.76609124077453550
  0.77110694934912916  0.77610479044034242  0.78108917183801541  0.78611111391916022
  0.79112701441524480  0.79632195902679459  0.80160687347604287  0.80698031844035534
  0.81247962153718745  0.81809604377818401  0.82373732159989843  0.82928019515914131
  0.83510035718615738  0.84169069640582750  0.84861513503908315  0.85611600869191162
  0.86427037924302252  0.87302966552181027  0.88240658880119316  0.89279385498081665
  0.90475875900794389  0.91998837033917724  0.94356584989000691  1.00000000000000000
   3.4015457411937461E-008  -1.0000000000000000     
 T T T T T T T T
  <DiscreteSampler_grid>
  grouped_processes
  1 # 1 for a reference and 2 for a running grid.
  10 # Attribute 'min_bin_probing_points' of the grid.
  1 # Attribute 'grid_mode' of the grid. 1=='default',2=='initialization'
  0.0000000000000000 # Attribute 'small_contrib_threshold' of the grid.
  0.5000000000000000 # Attribute 'damping_power' of the grid.
 # binID   n_entries weight   weight_sqr   abs_weight
    10   10   6.126518064602018E+004   5.713879082298174E+009   6.126518064602018E+004
    11   10   6.126518064602018E+004   5.713879082298174E+009   6.126518064602018E+004
  </DiscreteSampler_grid>
