 -0.00016423820924210  0.00138996193961982  0.00275441712993883  0.00450546011000742
  0.00664625161814540  0.00931744721473002  0.01231649758802935  0.01571529665577177
  0.01954066030953710  0.02374763436783224  0.02828808540979436  0.03308460679264716
  0.03852193601415094  0.04420093186819708  0.04990103311784478  0.05574820630835690
  0.06192099700998625  0.06805455806886254  0.07434708502029544  0.08091169252728775
  0.08779252448520262  0.09495906274745722  0.10231686099082407  0.11026095916556486
  0.11843717381339201  0.12677472145484031  0.13516814463477911  0.14357090058954386
  0.15196753666038493  0.16069214789447953  0.16979997938849598  0.17945038498091370
  0.18962143232303211  0.19980368799151241  0.20984008323183445  0.21978953334902032
  0.22944303503522265  0.23921016000992648  0.24943663072389796  0.26027008368593024
  0.27175152856725221  0.28351099548137282  0.29536070002593434  0.30726452963233813
  0.31917572921039394  0.33075983011264926  0.34249024489373281  0.35456342281293790
  0.36672360505094881  0.37880145982269947  0.39078789273445153  0.40258484236458980
  0.41427327855896079  0.42609488663464595  0.43800605994189629  0.45013792488210580
  0.46197811312198511  0.47378845911206774  0.48596149318075799  0.49824294246673401
  0.51093946909981580  0.52429498454166101  0.53728715570191365  0.55033611000043581
  0.56350014250493008  0.57664745098761450  0.58968253998704845  0.60263887921192050
  0.61552593309160619  0.62850643401115458  0.64177476482867590  0.65531397999955809
  0.66910488237536403  0.68306539474038930  0.69688732088184802  0.71077693886976456
  0.72453407963510863  0.73850447025444121  0.75270531180672495  0.76692929896274520
  0.78134887684034815  0.79611580286228323  0.81112365729396951  0.82619004338558832
  0.84111708146182496  0.85577092579521019  0.87009074538850162  0.88430332507281495
  0.89842059116271289  0.91251816595117052  0.92683388493554697  0.94138136154611141
  0.95595368081333321  0.97057140130278563  0.98525500292184565  1.00000000000000000
 -0.00210034344548636  0.00971871280295544  0.01987961438690332  0.03011760496461454
  0.04054326919662479  0.05150263832150617  0.06271826039364767  0.07324154725024161
  0.08430441344589995  0.09507350216169858  0.10613209041934406  0.11685573359861341
  0.12781459883089141  0.13818211761091950  0.14808336169391825  0.15777197376750302
  0.16728837025215015  0.17627395810529237  0.18516882142851748  0.19469556245289626
  0.20451482353858155  0.21465213832966407  0.22485864310731624  0.23565139352073317
  0.24595732500151590  0.25625873421875994  0.26668496593756125  0.27721512872121407
  0.28722885226489259  0.29720575557367274  0.30738342838403215  0.31793611020700246
  0.32824760509100831  0.33879966764396890  0.34958382515856706  0.36045333901628718
  0.37075207715406056  0.38113056882136437  0.39133496231640802  0.40158470939643609
  0.41203054005560819  0.42202827223878969  0.43194628682232772  0.44167688291580420
  0.45132771695641594  0.46098916109500737  0.47010693896102018  0.47914037187847147
  0.48902273098900850  0.49909586555476176  0.50887964407400366  0.51855616005971716
  0.52852699434999362  0.53867354465957840  0.54865209452674291  0.55870313049257281
  0.56923267521924914  0.57996807490673119  0.59084067897127990  0.60181009585532574
  0.61243641521390824  0.62283078296468464  0.63325405185972106  0.64388787140119419
  0.65443996185319908  0.66477118386086531  0.67481181111225252  0.68457665672734991
  0.69424867038844562  0.70384931800676043  0.71380457715075496  0.72412647713299638
  0.73473631375602855  0.74540756167896760  0.75720075422521682  0.77013492765909219
  0.78280533393470131  0.79516714339300831  0.80713924930605374  0.81799162043183926
  0.82838818404058312  0.83919883430573783  0.85042179598711842  0.86185329180885339
  0.87314608589818909  0.88455914217674170  0.89589595325137383  0.90779738670650856
  0.91950900618076736  0.93081733795897725  0.94170850657555960  0.95266025046105840
  0.96391040388426441  0.97557318458739417  0.98740823547977119  1.00000000000000000
 -0.00032900676685821  0.01211811501590327  0.02303503440720396  0.03237306514323676
  0.04077312649791466  0.04835554911097218  0.05562083259553224  0.06260636478654107
  0.06913630851671772  0.07562595802254213  0.08213401194482110  0.08850057721243389
  0.09458073660109766  0.10059044777213651  0.10663715027304260  0.11286722732565266
  0.11905090683300053  0.12556204331508122  0.13242160159822250  0.13918737871225920
  0.14556389853627341  0.15168958216594436  0.15786620430003204  0.16429494196917774
  0.17109265414961317  0.17787954015911825  0.18454714452505744  0.19056860633559866
  0.19637118945023277  0.20205241362001844  0.20782020457550041  0.21388794273731926
  0.22019225851241589  0.22655862070846752  0.23287077082088567  0.23890143877378572
  0.24473207649101245  0.25057485803980301  0.25657045034261750  0.26284215238742203
  0.26919651588541721  0.27540185835884995  0.28152909916313112  0.28775334218880666
  0.29397145743245701  0.30024767404096608  0.30658612634144478  0.31301117146659235
  0.31958771840760047  0.32625269386823291  0.33288964548483280  0.33946656857581309
  0.34585575871322671  0.35232893464604953  0.35878098505152828  0.36541852756273840
  0.37189824860739995  0.37849996254214396  0.38552214006320085  0.39294725031986810
  0.40065488733720434  0.40821209319209112  0.41533775916186677  0.42238378715022223
  0.42939389407481371  0.43689618950178127  0.44518868434881187  0.45351304323758695
  0.46181145526022965  0.46998820707916639  0.47850605449035544  0.48688978270828670
  0.49539183979108192  0.50393806374558148  0.51260317805398492  0.52163698013979154
  0.53078050996374260  0.54057886086810880  0.55160751753849180  0.56346470096054757
  0.57517328483366947  0.58696951870375336  0.59914280783294438  0.61215427512056808
  0.62632958319028798  0.64112203071963858  0.65640619583476500  0.67276340730902251
  0.69068230831821753  0.71045608674358540  0.73302922640692658  0.75967755055222586
  0.78954080050238373  0.82561753499743706  0.87912221834307092  1.00000000000000000
 -0.02042931167431053  0.11967485071417627  0.15353514726222589  0.17334744866864812
  0.18973145594392618  0.20421492072103076  0.21789354104889810  0.23078180060360812
  0.24205372962481128  0.25280705699245920  0.26206507845273763  0.27121807422184951
  0.27936116174393955  0.28726152312316466  0.29506429443184917  0.30297384998627275
  0.31055246002163012  0.31791800707908419  0.32493810928459788  0.33179560587143553
  0.33852183840573702  0.34494524648260549  0.35133523221380669  0.35774068707690670
  0.36396223538323202  0.37028292120918160  0.37633486398045829  0.38231204926260337
  0.38836188960499141  0.39440723076614598  0.40020947334670343  0.40588716065093594
  0.41162435435468608  0.41728652913937081  0.42277458376379928  0.42815427026697012
  0.43332150997637098  0.43846307646750005  0.44380070103000391  0.44915359237569091
  0.45459157311294968  0.46000565627720869  0.46542471812965863  0.47082548836391774
  0.47634668106677353  0.48213627589140057  0.48774199345075075  0.49312428200329694
  0.49841128042044053  0.50343854293696855  0.50841053793733060  0.51345331461391019
  0.51850491415433542  0.52363999291569374  0.52884483266530335  0.53411595158283287
  0.53934200135106758  0.54463401742670847  0.55019584531747812  0.55558275974335780
  0.56117122772822792  0.56728022376410736  0.57369772835012678  0.58011795141448297
  0.58641805230401878  0.59266728286411152  0.59891466572755703  0.60507401983640563
  0.61115628764695373  0.61710961889246929  0.62310289848270339  0.62929531501108504
  0.63550916476433394  0.64188358297825487  0.64830365882547669  0.65499941948916562
  0.66177558459715158  0.66872843160220574  0.67579170781151110  0.68296628806256476
  0.69042869438904775  0.69811531171763896  0.70584518585492095  0.71396030423030588
  0.72266934325134469  0.73196057881233234  0.74169908595683098  0.75168981655309408
  0.76235557998886516  0.77394902013931299  0.78698918227132075  0.80217027438019728
  0.82016286297266672  0.84301579101899271  0.88113877786498152  1.00000000000000000
   6.4517175325471119E-014  -1.0000000000000000     
 T T T T T T T T
  <DiscreteSampler_grid>
  grouped_processes
  1 # 1 for a reference and 2 for a running grid.
  10 # Attribute 'min_bin_probing_points' of the grid.
  1 # Attribute 'grid_mode' of the grid. 1=='default',2=='initialization'
  0.0000000000000000 # Attribute 'small_contrib_threshold' of the grid.
  0.5000000000000000 # Attribute 'damping_power' of the grid.
 # binID   n_entries weight   weight_sqr   abs_weight
    10   10   1.750136501220328E+000   4.135235981523310E+000   1.750136501220328E+000
    11   10   1.750136501220328E+000   4.135235981523310E+000   1.750136501220328E+000
  </DiscreteSampler_grid>
