 -0.00032567784777192  0.00693891146101228  0.01685314452122233  0.02753406238420213
  0.03856780064445221  0.04952007405812364  0.06050851129517788  0.07117047735639087
  0.08196866688166095  0.09257649161046587  0.10286922544804772  0.11293238628046377
  0.12312282187994202  0.13323540439807971  0.14320728959792617  0.15308762831531542
  0.16293828613910247  0.17261760866270440  0.18200836390106673  0.19122141546577834
  0.20031331111913683  0.20922506431965021  0.21788023738760107  0.22646755342438721
  0.23518553006091836  0.24374903350127791  0.25216321714849466  0.26040413840678317
  0.26884222393340146  0.27793817904893020  0.28691794886946387  0.29566001312245654
  0.30430973003755535  0.31289722028070743  0.32157229610408367  0.33038720040714337
  0.33905635693079073  0.34732510550481921  0.35530251206450408  0.36319363368302660
  0.37092681205731054  0.37869443387579366  0.38650973654043108  0.39439801396535423
  0.40231148664664140  0.41021007689963496  0.41811506943492066  0.42606937204040518
  0.43417779511196242  0.44250759297655418  0.45092980327366822  0.45933193077395817
  0.46740036176352401  0.47567377393632032  0.48396096829096852  0.49220583419345132
  0.50044325158902048  0.50878309504136932  0.51737926204540208  0.52607791743800381
  0.53500127149009291  0.54378367772413472  0.55255735113432369  0.56158918176570394
  0.57087787700093695  0.58010703413219933  0.58924966625304109  0.59830072897060260
  0.60752860428033950  0.61698159867532387  0.62667411074458002  0.63656049209168275
  0.64628883615762922  0.65604161777554915  0.66612355329696959  0.67642873736980280
  0.68682398182501858  0.69726717004123795  0.70794380859237993  0.71879282542918044
  0.72984347860725995  0.74114884861257468  0.75266239201099872  0.76438868318708508
  0.77660946096562622  0.78940296914428221  0.80310112521963950  0.81696997209386013
  0.83120455466189691  0.84618514402883149  0.86265367249653868  0.88162196949181582
  0.90188465649211036  0.92552223661066790  0.96097380560549228  1.00000000000000000
 -0.00236530822258898  0.00942453950613902  0.01872704540750149  0.02880661455393867
  0.03850285684355496  0.04911942847300464  0.06070087329992226  0.07101708427225323
  0.08192070500865810  0.09258883254438699  0.10336251528658272  0.11371408673796399
  0.12393575951482866  0.13380896715402363  0.14355834131209619  0.15361783192378933
  0.16408589798897752  0.17464398495055300  0.18569185845073671  0.19717128271895559
  0.20873895769632803  0.21874787419585073  0.22862949223811671  0.23881917930380739
  0.24902412604851801  0.25921483820584923  0.26963940225159627  0.28103921389851877
  0.29310074965621546  0.30585902380970442  0.31801326245962191  0.32997022891560340
  0.34161745941343558  0.35317454876039717  0.36420705341065851  0.37486119388386935
  0.38525683200501348  0.39566089488161366  0.40609000139636731  0.41616339801132513
  0.42606767411803337  0.43614986378030091  0.44705636175661950  0.45811893354150524
  0.46875371871808058  0.47908999662367480  0.49017909694284106  0.50127932696570499
  0.51172156502203614  0.52211762902320924  0.53244481867518767  0.54293120166701647
  0.55309846969099041  0.56357239270633563  0.57424102488780460  0.58502377233295499
  0.59591705553291119  0.60711904114513471  0.61861743536431291  0.62933055225296786
  0.63958630709645947  0.64969943591552215  0.65961352190942180  0.66964947432675215
  0.67998359209391745  0.69039128848629150  0.70068659864152971  0.71051355757516399
  0.72036119766477436  0.73061040867646176  0.74075348813835340  0.75068132535144916
  0.76049895018801894  0.77037522971611683  0.78109948902902637  0.79161904174623177
  0.80203155797173498  0.81214613208421460  0.82307359900640020  0.83395445156148540
  0.84509400241055566  0.85635685102048287  0.86784585296641337  0.87883332049666929
  0.88974924066703076  0.90022481194096649  0.91029840073257251  0.92040984083263633
  0.93093174540043144  0.94132352616135362  0.95143653340711865  0.96124677092952704
  0.97090365698256476  0.98070624273254059  0.99024178938156238  1.00000000000000000
 -0.00882855047781824  0.06040458853256448  0.09843284518775766  0.12529420329616420
  0.14566904894192054  0.16437771673246240  0.18165438375764256  0.19787307357045272
  0.21278822182590917  0.22682822522747037  0.23984835161582746  0.25231855463851111
  0.26381964601077884  0.27555459739212601  0.28724367427126413  0.29866819850660770
  0.30961859338929854  0.32057826836533709  0.33133610989217427  0.34122316098450067
  0.35048539380174576  0.35981007473892918  0.36930616550034184  0.37875505036090390
  0.38803665239383511  0.39724807026843195  0.40663524717423732  0.41613312795814289
  0.42539586697148396  0.43470748643902174  0.44355470068388042  0.45214439567199471
  0.46050605643211845  0.46861743928178007  0.47649117297993393  0.48399429139436212
  0.49115215030607051  0.49826303097447222  0.50541555569148389  0.51257504403303877
  0.51972733506497182  0.52691324209711365  0.53420834208542678  0.54149343577354458
  0.54880329710596132  0.55606609974947052  0.56305967353631792  0.56988144785812755
  0.57668756510853403  0.58352266799843377  0.59051768974965002  0.59756928384571484
  0.60467203769004130  0.61178039589309496  0.61879864301206666  0.62563204614055379
  0.63236457985729955  0.63911059489027400  0.64585429881981882  0.65253746179940797
  0.65916062019947796  0.66578560874316084  0.67251139772320823  0.67930302668087172
  0.68607908908454829  0.69312810579820117  0.70035418628981949  0.70763036806340052
  0.71503274246066018  0.72252399173163517  0.73004995555238217  0.73720427649557296
  0.74443805223724224  0.75167346927206902  0.75903426724169021  0.76644724886926419
  0.77406586916832520  0.78181057490179917  0.78965259842317037  0.79778787402369788
  0.80613368211317660  0.81481909562082055  0.82394251981406263  0.83333445476173318
  0.84220807882434356  0.85119411689206570  0.86022628351202757  0.86982248664464135
  0.87984618173062179  0.89024289048839467  0.90113181049589119  0.91342667911277009
  0.92717522093084936  0.94312507913623833  0.96467783194858303  1.00000000000000000
 -0.02201558074375639  0.14939907481309342  0.20381577398457429  0.23904789327661319
  0.26686401741101595  0.28944104956369487  0.30948402885906079  0.32724457928444906
  0.34324107934027615  0.35791745107103479  0.37150275186639692  0.38438234651408398
  0.39653464356542423  0.40819763683300347  0.41945758211417400  0.43024732259847009
  0.44064449620388990  0.45080143569868991  0.46019492717598298  0.46897013991472453
  0.47748714142850751  0.48599149746737863  0.49422190788750731  0.50192989398340593
  0.50927099398695241  0.51651077844558269  0.52398671385848827  0.53163429998359657
  0.53900039575217840  0.54602936530391444  0.55280677857799454  0.55945961740173178
  0.56589150233519592  0.57209544236993615  0.57822996967008189  0.58427523559158978
  0.59019026857242318  0.59604214449725890  0.60172328529904529  0.60717535041849424
  0.61249882329166627  0.61785606593786402  0.62328669511376933  0.62869535683878364
  0.63404591346480565  0.63941851304212516  0.64464863217635260  0.64962879365671189
  0.65446076449188695  0.65926390046048855  0.66404981438144384  0.66879097764543660
  0.67349601612968535  0.67809318752307179  0.68265782215034310  0.68722952945611515
  0.69175835104093153  0.69633326708856613  0.70096184553867225  0.70568715239090374
  0.71052750613812687  0.71542963734145792  0.72030886773584968  0.72516913022237128
  0.73002253323453770  0.73505127078978327  0.74004471691622653  0.74499835762241695
  0.74990964777093083  0.75481489988763606  0.75975745791589056  0.76474297529834434
  0.76978523990212699  0.77481133848154105  0.77982371177151633  0.78486889729205289
  0.78990874618108819  0.79509892234956281  0.80039204073286907  0.80577472637712111
  0.81126348492639377  0.81686992366221567  0.82252895289795758  0.82811897618678931
  0.83391065103344064  0.84043724151480736  0.84740610164583141  0.85492556991186408
  0.86313526284766218  0.87199486365147649  0.88144334544881531  0.89193905195787804
  0.90397354234998473  0.91928787470972118  0.94297230715996383  1.00000000000000000
   2.7870678285941629E-008  -1.0000000000000000     
 T T T T T T T T
  <DiscreteSampler_grid>
  grouped_processes
  1 # 1 for a reference and 2 for a running grid.
  10 # Attribute 'min_bin_probing_points' of the grid.
  1 # Attribute 'grid_mode' of the grid. 1=='default',2=='initialization'
  0.0000000000000000 # Attribute 'small_contrib_threshold' of the grid.
  0.5000000000000000 # Attribute 'damping_power' of the grid.
 # binID   n_entries weight   weight_sqr   abs_weight
    10   10   6.236301014562021E+004   5.913998016272362E+009   6.236301014562021E+004
    11   10   6.236301014562021E+004   5.913998016272362E+009   6.236301014562021E+004
  </DiscreteSampler_grid>
