  0.00298250693921240  0.01430652310124054  0.02704290392197890  0.03925473042435919
  0.05114178957162061  0.06270312727291386  0.07406561709632667  0.08520854724004896
  0.09634957233329704  0.10748483275053322  0.11864527645889764  0.12979321651719464
  0.14097415124076831  0.15221776820838459  0.16346983036557439  0.17465217988029957
  0.18565953249723416  0.19643400522445009  0.20702127639433754  0.21759541487417020
  0.22824291758143264  0.23891375907471657  0.24946922429799870  0.25998727891084766
  0.27064146528211741  0.28137128200140921  0.29189116352120664  0.30217372581539842
  0.31254323746740159  0.32313880379893267  0.33386680918504802  0.34450863461755243
  0.35498319002789175  0.36548578453744918  0.37603252841234447  0.38650602070319723
  0.39687487742456729  0.40722662847943070  0.41790923293270454  0.42868944188481312
  0.43936167106524804  0.44991605494903769  0.46043063728884576  0.47102707353617668
  0.48163190805713157  0.49233110869619029  0.50308931346475239  0.51360023492938189
  0.52389597397255372  0.53423444248186569  0.54475989835737171  0.55554764060182626
  0.56623768932271301  0.57668773475145685  0.58689983962956183  0.59699489791715266
  0.60720830214925081  0.61739988892193598  0.62755497132174476  0.63772106645195858
  0.64809949968613190  0.65895987989699001  0.66982220717548768  0.68070735720936371
  0.69141178891644195  0.70199095667684219  0.71248221538643886  0.72275056317747388
  0.73295572535061893  0.74308570862642187  0.75341026047817639  0.76386066092853200
  0.77409732594954583  0.78419986250220031  0.79436145358874144  0.80476056029107201
  0.81530473741864018  0.82583424744907330  0.83625455742879018  0.84649166959891342
  0.85652882637799332  0.86642346122140212  0.87621603163836936  0.88591883814268246
  0.89560976933718706  0.90536621764968861  0.91520699550910267  0.92514036162045332
  0.93522037823505599  0.94539007433296229  0.95541253380676727  0.96501295342051163
  0.97423210033236374  0.98320111014733913  0.99171078550867986  1.00000000000000000
  0.00000239973301335  0.00000257820468871  0.00000277685393808  0.00000298258765640
  0.00000318176636587  0.00000338818038526  0.00000360108251289  0.00000382986749339
  0.00000407318283241  0.00000432825667798  0.00000459958353490  0.00000489102803142
  0.00000520619367389  0.00000554114658407  0.00000589382534464  0.00000627239768739
  0.00000667623642985  0.00000710496604828  0.00000756951517224  0.00000805144034252
  0.00000858925163742  0.00000913803035112  0.00000972578092112  0.00001034674084790
  0.00001100931346859  0.00001173185398890  0.00001246372305273  0.00001327127919871
  0.00001408411592773  0.00001498893664882  0.00001593908755709  0.00001694321465477
  0.00001801362183612  0.00001910781516897  0.00002029899992678  0.00002155030564598
  0.00002286938155723  0.00002428018082011  0.00002576303861018  0.00002734365447149
  0.00002900028090716  0.00003071188800642  0.00003258041574122  0.00003455291573053
  0.00003672543350378  0.00003902010262873  0.00004145923992786  0.00004406535444314
  0.00004672262847764  0.00004963406748235  0.00005272069509739  0.00005606008879457
  0.00005959850482507  0.00006331622968738  0.00006724440065533  0.00007129302038006
  0.00007565444956248  0.00008045909959330  0.00008572048753480  0.00009153391844994
  0.00009775704024365  0.00010445411741104  0.00011165533809592  0.00011935172144498
  0.00012776963268935  0.00013652577553431  0.00014661200555336  0.00015731897426236
  0.00016960062678244  0.00018368415476839  0.00019958382241176  0.00021718693595612
  0.00023675438249521  0.00025807348652020  0.00028321740006160  0.00031012163854764
  0.00033848609165414  0.00036931400144469  0.00040585808575891  0.00044772847994732
  0.00049450477182707  0.00054908898514209  0.00061418857066169  0.00069208038227592
  0.00078909201146136  0.00091474617991464  0.00106304073750179  0.00123257669468777
  0.00142899946617821  0.00168522372578106  0.00192965942237132  0.00221769958406844
  0.00259478999845786  0.00348852248358911  0.05439842512529593  1.00000000000000000
 -0.00155599926171690  0.00527486304751460  0.01174764589838660  0.01805911494719410
  0.02441587743628490  0.03092515915582003  0.03744585805735100  0.04413846870136259
  0.05106275295470035  0.05794699737378024  0.06491251387040881  0.07204896305553705
  0.07910649687300972  0.08639220219120314  0.09381502564838605  0.10137854814660888
  0.10913256901349559  0.11686950838038689  0.12449695101813223  0.13215570545698502
  0.13995775981620395  0.14781380437716310  0.15562842809731239  0.16342629553784488
  0.17109226480022552  0.17898989955328584  0.18710307424221029  0.19541732235666215
  0.20356915707636852  0.21163458320947526  0.21974615791073074  0.22790099637697125
  0.23625971861993925  0.24478992490846221  0.25345637431362733  0.26244943539907800
  0.27146486743173415  0.28078882511609815  0.29015956801640158  0.29969208974794870
  0.30930829340525501  0.31888449642315764  0.32843224428528156  0.33797783222032829
  0.34762563732032337  0.35749559704324646  0.36746831005247049  0.37771074910775226
  0.38817997648547431  0.39874479063391721  0.40925873219617914  0.41966513414204260
  0.43009892885992801  0.44088107857020892  0.45195104365857303  0.46329893180354081
  0.47491671804026769  0.48669818811874532  0.49860375530919754  0.51041628067285749
  0.52242844198987648  0.53459300934510368  0.54701314343698249  0.55954969379532293
  0.57198412816408428  0.58444259437057611  0.59716992784835865  0.61017092352114100
  0.62342217453990334  0.63691645949396669  0.65047911909698952  0.66403132934668962
  0.67771372345242509  0.69171546561676245  0.70588972946443662  0.72014769468696294
  0.73449192188324652  0.74901571321303895  0.76358840506378889  0.77828785761793984
  0.79305324848579795  0.80781557169782514  0.82252778871361287  0.83701837064169093
  0.85131425750126855  0.86564328234377996  0.88001740742334456  0.89414612359363665
  0.90783281053743148  0.92139030718443193  0.93503177571469287  0.94853367953072221
  0.96179973456779477  0.97497249252528340  0.98756357310759357  1.00000000000000000
 -0.00268100206770656  0.00993523386507274  0.02052923148690447  0.03100170521220338
  0.04166604923535201  0.05201562121259441  0.06224597304465292  0.07217868639758035
  0.08205216809515337  0.09224242135411294  0.10250560747269219  0.11329874747017239
  0.12399344035970598  0.13570471933864653  0.14714366443028890  0.15830090988942985
  0.16919572289987600  0.18020377092980658  0.19094208666499976  0.20159615296582564
  0.21205075658224662  0.22252959567853611  0.23289786336328669  0.24309159049766693
  0.25325555780568165  0.26344235686604461  0.27387392099138452  0.28428259470579093
  0.29466194699438503  0.30513326199212815  0.31576236977458927  0.32647250886349244
  0.33726638557789101  0.34838083353752652  0.35960183666175405  0.37077595840721278
  0.38170598520184712  0.39232312895163862  0.40260564705982099  0.41274700282679538
  0.42311351722982632  0.43353812043827139  0.44402033780703759  0.45439434436788129
  0.46502010322105775  0.47566354405086436  0.48635263805495871  0.49685297388561900
  0.50732889016334426  0.51778179945513370  0.52836728589725757  0.53878460420943208
  0.54906843809738637  0.55925347749582377  0.56942791173326457  0.57976176994091999
  0.59013080358339431  0.60057946699192599  0.61111578248603249  0.62204693098696673
  0.63317023645463777  0.64412771021227677  0.65445497170937628  0.66464075244738507
  0.67491739418124386  0.68531972059537538  0.69556828877366328  0.70563486783014429
  0.71586303241590965  0.72645056573790212  0.73716913647638671  0.74797392661409501
  0.75879150842722709  0.76957973900938503  0.78019489208802728  0.79067418916313825
  0.80116670118809241  0.81167300730193104  0.82217301918665886  0.83257865562355005
  0.84329290888748154  0.85414410093468762  0.86508404893283930  0.87573729291898372
  0.88643114144963864  0.89698168195205030  0.90724560657031672  0.91746080451884104
  0.92782492597655752  0.93816283065089523  0.94837565932545043  0.95840467651885108
  0.96892423712973141  0.97930596189959940  0.98982919772159939  1.00000000000000000
 -0.00248823812001693  0.00966117424125084  0.01974548262059053  0.02997452964753773
  0.04021638139089335  0.05047187402302320  0.06063715647436214  0.07110520897936679
  0.08184577353854464  0.09265479328024238  0.10338791183416234  0.11395217456876473
  0.12460963263532616  0.13513224164707094  0.14581961391072121  0.15665542390128256
  0.16730406392177155  0.17788418476495568  0.18823342306530447  0.19878586727856037
  0.20958443723941991  0.22047159018011403  0.23120799381509224  0.24199037546303059
  0.25282217055968326  0.26402712316859761  0.27504087484600559  0.28615820587285656
  0.29700088279537956  0.30779551347708262  0.31876460968184711  0.32971930286704426
  0.34049065607821816  0.35103627250688457  0.36166335411969269  0.37228348099618647
  0.38283498519803405  0.39301744700938812  0.40321268536671206  0.41341948111724558
  0.42421623029382888  0.43509798628318341  0.44581609313927190  0.45637331921658214
  0.46643847216965933  0.47666241831963285  0.48674994936471294  0.49711882516429201
  0.50733164747721637  0.51741935026501740  0.52762918474211740  0.53775599976325705
  0.54816270762592112  0.55840084211829433  0.56880578993199693  0.57905432319323902
  0.58928625926754352  0.59942662289349724  0.60973378663677846  0.62033070239818977
  0.63111858593229042  0.64165781131507427  0.65214341633174167  0.66250475799055963
  0.67284918555976714  0.68319195974554436  0.69382810425854380  0.70487127575185293
  0.71572668172074438  0.72642075372562265  0.73693969329228892  0.74750312252752515
  0.75814568613227806  0.76864989577417830  0.77925610611065810  0.78982118369914056
  0.80047227059511039  0.81123705777395116  0.82163898693387338  0.83204218295004095
  0.84254322717174746  0.85303767416704346  0.86349982016020999  0.87396534567754980
  0.88461227148117694  0.89558859146299663  0.90615433856140015  0.91692620019462800
  0.92735932924086284  0.93769163876699924  0.94771350277768496  0.95786761644248775
  0.96845062485085620  0.97903773119330961  0.98967814100732721  1.00000000000000000
  0.16230608614252987  0.28986770808079931  0.30785305329548623  0.34129197495105129
  0.36346138917527621  0.38114193679624875  0.39853918904233404  0.40798892519286628
  0.41637658359179819  0.42350956093851450  0.42998272142235866  0.43677213168164047
  0.44424810304046308  0.45190106389831131  0.45913505692186107  0.46484807127645661
  0.47030761082435418  0.47622870001636280  0.48288469679387508  0.49018386961434152
  0.49742550981063449  0.50475028998262239  0.51098296031533352  0.51682806966539740
  0.52231082277249441  0.52788771225514752  0.53370515519029094  0.53955157458017988
  0.54538879982845667  0.55118692065711872  0.55685585301688556  0.56248717592703834
  0.56814228712606318  0.57380906712663726  0.57942861281208669  0.58497047790245005
  0.59054815283647555  0.59621305673649494  0.60196310585129553  0.60771946692659218
  0.61349845795621882  0.61920484853293667  0.62493498045702733  0.63056182964896679
  0.63615252905933617  0.64181279538718372  0.64755287738441170  0.65329308080258108
  0.65905660131540733  0.66485590643513237  0.67066331479612662  0.67645667718113134
  0.68222483812244317  0.68806070963602639  0.69403127093107686  0.70009918925792403
  0.70621643010771207  0.71232788681369474  0.71838511270148719  0.72437417145292460
  0.73038546208336919  0.73661384313492517  0.74291828364484158  0.74923253096793863
  0.75560615845713308  0.76200036955944017  0.76846232236444012  0.77498797925096929
  0.78152714944652424  0.78807838491678106  0.79455877014556076  0.80104805387362799
  0.80762828495569228  0.81430858159318420  0.82097925737630861  0.82758494938157301
  0.83415728516032528  0.84081282422666459  0.84754981588602307  0.85438185237306585
  0.86141363170350083  0.86862304062738382  0.87584724108545475  0.88301703485788907
  0.89012523569145063  0.89745690979567927  0.90514667824333739  0.91307314705005782
  0.92132539425051252  0.92984115066813722  0.93882607782172400  0.94826147481919132
  0.95824857850671152  0.96934396729221339  0.98296266991931225  1.00000000000000000
 -0.00844065539767816  0.04481517549895631  0.06568631015022129  0.07930668465545927
  0.08994872338816626  0.09926352313878124  0.10770567418088853  0.11553740892516996
  0.12285293310594587  0.12966864019359189  0.13621390986522569  0.14262194747913473
  0.14877649260848569  0.15463298529739586  0.16032592438266841  0.16596849707636538
  0.17154758550656832  0.17700607860660136  0.18252902794598788  0.18802326378240652
  0.19346636416496429  0.19885110461863359  0.20419567527579846  0.20957247203756910
  0.21502621411946068  0.22048969388063802  0.22591480679286710  0.23135572638209725
  0.23681546040541798  0.24236225742992765  0.24791267395644612  0.25350008967988313
  0.25905599435110627  0.26467705567031541  0.27036899487320842  0.27611580575775568
  0.28188117988643796  0.28761414575968514  0.29338918172124312  0.29931671431898027
  0.30534234722990411  0.31149342890924958  0.31764747556750000  0.32368675466605956
  0.32973687690790460  0.33590023398956576  0.34223504377367758  0.34860584246237725
  0.35509038608992122  0.36157159798659999  0.36808034087895675  0.37457645025362685
  0.38108842689877981  0.38772716591519346  0.39447791681508992  0.40137636767940260
  0.40837564490014749  0.41545813202267706  0.42274762311096054  0.43022381415031069
  0.43769439157445961  0.44538407453480083  0.45298001889284506  0.46068458573963883
  0.46856722643295523  0.47679511018033527  0.48514578480808512  0.49355075148453781
  0.50204692232007431  0.51062076840651704  0.51925551028433348  0.52796367986410464
  0.53683406920849697  0.54594791164688761  0.55533750664787807  0.56504255778112999
  0.57502812813322768  0.58520634242290903  0.59556149114896373  0.60628579226323309
  0.61739015385486307  0.62897955104592329  0.64086851885154994  0.65369204082839816
  0.66688212322974527  0.68051562584072722  0.69463152144463891  0.70967778660211756
  0.72551493291875158  0.74238540079162396  0.76096673476445764  0.78268244649528362
  0.80818837040454072  0.83838052645452621  0.88174922255261867  1.00000000000000000
   8.2071494737516546E-003  -1.0000000000000000     
 F F F F F F F F T F F F F F F F F F F F F F F F T F F F F F F F F F F F F F F F T F F F F F F F F F F F F F F F T F F F F F F F
  <DiscreteSampler_grid>
  grouped_processes
  1 # 1 for a reference and 2 for a running grid.
  10 # Attribute 'min_bin_probing_points' of the grid.
  1 # Attribute 'grid_mode' of the grid. 1=='default',2=='initialization'
  0.0000000000000000 # Attribute 'small_contrib_threshold' of the grid.
  0.5000000000000000 # Attribute 'damping_power' of the grid.
 # binID   n_entries weight   weight_sqr   abs_weight
    13   10   1.319507371048298E+007   1.478538009258648E+015   1.319507371048298E+007
    14   10   1.319507371048302E+007   1.478538009258656E+015   1.319507371048302E+007
    16   10   2.763559049857957E+007   3.528832937650552E+015   2.763559049857957E+007
    17   10   2.763559049857963E+007   3.528832937650573E+015   2.763559049857963E+007
  </DiscreteSampler_grid>
