 -0.00016683585483296  0.00137972052779855  0.00267985845625397  0.00441587554397448
  0.00663154316703663  0.00932728472856900  0.01246743225839076  0.01600907297382798
  0.02008039695394673  0.02446279330784738  0.02935805752400671  0.03454811876877945
  0.04001716589081734  0.04568896745388105  0.05160105084692163  0.05804653670012010
  0.06487166884114774  0.07182288814523041  0.07887950168965245  0.08600699701525009
  0.09337557459544835  0.10127955680956484  0.10933524548682978  0.11742550204431620
  0.12556911256022754  0.13373658568253213  0.14195672294107367  0.15042113547236172
  0.15899911780284975  0.16799338346571929  0.17742809997455158  0.18689203145942723
  0.19643547657804894  0.20630608756409216  0.21682654253992148  0.22783682690565957
  0.23885386598144950  0.24993768632608335  0.26096552592982120  0.27198752893864314
  0.28290528493728584  0.29378518755408772  0.30468608730916774  0.31551673907105493
  0.32621375875082126  0.33692012778553121  0.34798671396673425  0.35958774228541995
  0.37191346420515503  0.38387439138472368  0.39560400360101533  0.40725451907109433
  0.41897301739593773  0.43085849250494340  0.44304520663392377  0.45534373687297280
  0.46747408095948445  0.47974045373606250  0.49229585099333878  0.50435199580326451
  0.51658643158961237  0.52898479356421912  0.54165812970670790  0.55469169535067286
  0.56799746333806111  0.58126362708566637  0.59472744415210022  0.60858899712809167
  0.62259567335990695  0.63654983163808088  0.65032705253517531  0.66389621332378657
  0.67706030220669522  0.69039872252525170  0.70389983731899342  0.71721431640359945
  0.73028376580004628  0.74356663001462897  0.75688339883637268  0.77087528557425855
  0.78528648525581546  0.80006119202452697  0.81517204558053391  0.83041288109538569
  0.84556808934233196  0.86056799487775304  0.87524458888525125  0.88951835954331782
  0.90344785950497386  0.91709104989993839  0.93076271147518708  0.94428988833486927
  0.95794352752767831  0.97182020420007031  0.98580137085809860  1.00000000000000000
 -0.00264017346603948  0.00997148223765772  0.02131430759220048  0.03265762077732654
  0.04422262569261174  0.05528820810651591  0.06648622110440375  0.07766375532321729
  0.08821217293676729  0.09853957697527704  0.10937694262318252  0.12029378001323468
  0.13110487853810074  0.14117176430426340  0.15195977809123834  0.16330207251211035
  0.17485442897049058  0.18649704553960375  0.19797960326205410  0.20872202812484042
  0.21842728784930890  0.22842399098768726  0.23886602806614757  0.24934142743122653
  0.25942891122775202  0.26985542445852267  0.28073328606314857  0.29152266263399534
  0.30171709375566952  0.31187941131924835  0.32199383866630166  0.33206523285489636
  0.34145527066225123  0.35090305518698378  0.36079720741742249  0.37099667563882177
  0.38105017679580694  0.39145176254212477  0.40235726314824294  0.41369237970181338
  0.42476862008541899  0.43568333733600589  0.44728172607509376  0.45886674241081665
  0.47022842086047650  0.48126001330783941  0.49217555945953262  0.50325097131346563
  0.51439608870898579  0.52534130754879060  0.53593922319055098  0.54587628153337353
  0.55522374902467708  0.56450791440259107  0.57346669483601687  0.58222697150129687
  0.59095270121733312  0.59968844197237847  0.60956648980525630  0.62063233759047998
  0.63156790720645928  0.64208813216863347  0.65264392632359247  0.66363338173029185
  0.67514936661658886  0.68631486850197077  0.69655930741773442  0.70625449043732269
  0.71623311838784709  0.72626186171215457  0.73598638830295204  0.74534976562436150
  0.75505624185954701  0.76454485474568679  0.77416715915431578  0.78370775688929317
  0.79301039431959619  0.80264487831164655  0.81273416800870912  0.82415526891815494
  0.83628783607145296  0.84830621668735573  0.85950793631757472  0.86975747822566685
  0.88076992733552906  0.89239783702389475  0.90383177191533115  0.91461469815552465
  0.92550581594807302  0.93639817889609134  0.94661488465799126  0.95643523071322312
  0.96689357696805334  0.97804402451397598  0.98902233661528083  1.00000000000000000
 -0.00120676954067459  0.01338403361263861  0.02562188930112713  0.03605922469834128
  0.04567893622242113  0.05448525792606521  0.06278294647601519  0.07085262539190655
  0.07879651228502468  0.08654364222524757  0.09399734279905538  0.10112355363261724
  0.10803848504024888  0.11487705612212812  0.12173274087822648  0.12866611806609718
  0.13549864484609697  0.14224774965698819  0.14878823502098470  0.15496022186832209
  0.16123732315957640  0.16763413189017731  0.17399426672857571  0.18061223435717094
  0.18706481196494315  0.19341008056360479  0.19961625963964583  0.20561577000069836
  0.21173964581078211  0.21801733749488802  0.22449351437206794  0.23137089749172945
  0.23857392950987627  0.24566782571094153  0.25250266425455503  0.25922032805885786
  0.26605614312680875  0.27279100150176244  0.27939127401608010  0.28595947024564816
  0.29229301762399162  0.29806265388981074  0.30365335108046321  0.30953067450729910
  0.31562626500729679  0.32212766418560812  0.32846079456135685  0.33495811918439378
  0.34171753918702297  0.34860739362027021  0.35561620164613306  0.36264081812396010
  0.36962735558636306  0.37663845434021642  0.38376757795729693  0.39086521460619156
  0.39777118187349719  0.40499308866236428  0.41227443829201843  0.42000005931236084
  0.42799813114727475  0.43605194644013812  0.44426140268989506  0.45282298806632243
  0.46119782212507765  0.46930551126814857  0.47780478983998337  0.48565300361249214
  0.49368193617600453  0.50159745318451632  0.50961002865617522  0.51758383057306467
  0.52606328872831998  0.53494369459784374  0.54408735059368574  0.55400117119313486
  0.56386470247908616  0.57389961913436360  0.58447890653477197  0.59519380693130819
  0.60635355007614578  0.61783586887672504  0.62975115593044451  0.64278870382486664
  0.65717256312116756  0.67317230835872410  0.69019998726389831  0.70749975235191243
  0.72573696617491557  0.74427283002583156  0.76501101626763524  0.78916196132794258
  0.81688750607826821  0.84943532988211523  0.89523572884245450  1.00000000000000000
 -0.01882009204424487  0.13714006047397076  0.18552243374058477  0.21531794421090486
  0.23794109642889544  0.25606950611363744  0.27209413230008284  0.28692923780748986
  0.30155967898833308  0.31566618672107100  0.32931375828583404  0.34305088381768145
  0.35582950477520703  0.36753350012106234  0.37801099882032740  0.38784547255225810
  0.39675091481534869  0.40512190037031004  0.41359766080080101  0.42156109566784117
  0.42885084232524628  0.43628312108249018  0.44359427387217903  0.45079964108334647
  0.45783489807975558  0.46449169492883846  0.47127782347647329  0.47763840116011652
  0.48437100971814973  0.49087731311652005  0.49736466880784358  0.50365845005160470
  0.50970004460716911  0.51579747065214177  0.52167031248209084  0.52780708430758816
  0.53363088384829505  0.53953965810296822  0.54525498243110482  0.55095146063758971
  0.55656812769550301  0.56212202053285576  0.56772430487891878  0.57338017322088264
  0.57903897317271946  0.58456823513063716  0.59011650552142736  0.59541585520835738
  0.60084101136782364  0.60610523308270381  0.61125306685005310  0.61635248345815774
  0.62131077328108009  0.62635324745575705  0.63159429435288283  0.63688666496867552
  0.64221421944145574  0.64758557123050298  0.65300949808218234  0.65838681894477369
  0.66363686858485815  0.66877012591836282  0.67375667587133004  0.67888394564667742
  0.68427259428112774  0.68947302270457234  0.69426722139587860  0.69903029286576901
  0.70380306545086313  0.70861181828018527  0.71334884447644398  0.71799060436136997
  0.72260806494837215  0.72724727083011276  0.73240172415376803  0.73785277297346419
  0.74322978091099678  0.74879115123424589  0.75460254327621268  0.76061658114524133
  0.76664562502237077  0.77273065790302853  0.77914442153676566  0.78603610348458186
  0.79323030728396104  0.80094538165490325  0.80864211020499188  0.81670981531094711
  0.82568547294806394  0.83562562087756032  0.84830441371367682  0.86284259556881870
  0.87993599970160574  0.89987150813911765  0.92912950872224631  1.00000000000000000
   8.8497776243801703E-018  -1.0000000000000000     
 T T T T T T T T
  <DiscreteSampler_grid>
  grouped_processes
  1 # 1 for a reference and 2 for a running grid.
  10 # Attribute 'min_bin_probing_points' of the grid.
  1 # Attribute 'grid_mode' of the grid. 1=='default',2=='initialization'
  0.0000000000000000 # Attribute 'small_contrib_threshold' of the grid.
  0.5000000000000000 # Attribute 'damping_power' of the grid.
 # binID   n_entries weight   weight_sqr   abs_weight
    10   10   1.420977578742825E-005   2.468948814103529E-010   1.420977578742825E-005
    11   10   1.420977578742825E-005   2.468948814103529E-010   1.420977578742825E-005
  </DiscreteSampler_grid>
