 -0.00014607923826855  0.00612494284558311  0.01639718147822675  0.02780173469128342
  0.03941858548759924  0.05075555463793817  0.06184429240106355  0.07260514133340110
  0.08327743734658753  0.09407314794141201  0.10468437557558195  0.11478565109341617
  0.12468353965398629  0.13432143789974113  0.14395171457350653  0.15369849005377653
  0.16362566994416755  0.17341409902733840  0.18278932118181468  0.19198874526333926
  0.20112588267708134  0.21021408673209066  0.21914733901088262  0.22791305513547946
  0.23663513290588592  0.24543000905144641  0.25423466939644079  0.26311051940163266
  0.27170125742008039  0.28029224216019738  0.28864158525928307  0.29684787293330095
  0.30500992188597398  0.31310280444671779  0.32122758515925143  0.32940720285055253
  0.33764749598584470  0.34585500687469667  0.35401549022613082  0.36220983255539019
  0.37045668837959250  0.37865947521896870  0.38670138954166827  0.39498454107696385
  0.40344330148911273  0.41208833378403642  0.42070145447841478  0.42921092786158954
  0.43766619481997843  0.44615210092206681  0.45471306956163587  0.46326193468855820
  0.47181551581341380  0.48035360634921853  0.48903847940051209  0.49786701482519508
  0.50674937957829014  0.51571125743667601  0.52462707876867198  0.53368900447342282
  0.54277720356284220  0.55180919123909333  0.56078264510710552  0.56980177989981595
  0.57890599415637045  0.58790551496937937  0.59706513558066143  0.60641434901222946
  0.61586596323506937  0.62538219493558267  0.63491641133504306  0.64456018131935133
  0.65429991578994673  0.66411589021230499  0.67396592054124804  0.68378723729579416
  0.69390783797471389  0.70400613926218625  0.71407825318983675  0.72440100517063699
  0.73516440407637396  0.74636302440477420  0.75811444203043266  0.76996453702783474
  0.78202720215513311  0.79431809908019368  0.80717880549669307  0.82105306545242063
  0.83612307643144879  0.85210066936484485  0.86882674564893903  0.88628848808319094
  0.90648594524918780  0.93146017308162965  0.96204767665781232  1.00000000000000000
 -0.00235206745893398  0.00923829243714797  0.01938304290499575  0.02939671802754468
  0.03936136083587906  0.04980504604021659  0.06075537249766462  0.07135059982253671
  0.08198053877924333  0.09204790718521172  0.10176902349587676  0.11143386072684490
  0.12138962603176728  0.13164134112627590  0.14229692568345012  0.15295840593590918
  0.16356923857588590  0.17378984950164744  0.18365386616542220  0.19367012249043886
  0.20404743820865764  0.21482929541189988  0.22599334178615163  0.23691710282304571
  0.24761369976809200  0.25823644507240651  0.26880061415633949  0.27921923394430326
  0.28966335944114607  0.30049463892735545  0.31185910370626146  0.32305643635068471
  0.33448246168394502  0.34635827250221907  0.35779419102735049  0.36771458983014238
  0.37790790546787290  0.38797314783728432  0.39791607781891386  0.40724128089468403
  0.41703465549141178  0.42730665487509822  0.43743391871758908  0.44750865936331796
  0.45778580544931557  0.46852692788112543  0.47955754317728622  0.49027535886425305
  0.50080992550258729  0.51105490203550752  0.52120217244239087  0.53113214654937801
  0.54097934458136743  0.55104004978772392  0.56151222764600672  0.57217756107969109
  0.58271198449921380  0.59343344762784522  0.60444495628123396  0.61569295350519482
  0.62709175496622671  0.63823962843723536  0.64879915535282928  0.65897100345611803
  0.66908576710535939  0.67955956938589956  0.69024330394907252  0.70092480510338218
  0.71172813330628271  0.72274870617203135  0.73372637884631919  0.74431742675453916
  0.75511153026401867  0.76567829619263506  0.77632651599623426  0.78686610155923720
  0.79720899868606787  0.80736126183974299  0.81779538536618479  0.82868121780973869
  0.83925989262912426  0.84957551864773562  0.85993246920965249  0.87034231927766315
  0.88063079712722836  0.89103420463853833  0.90149904092249367  0.91223253632637780
  0.92283109288004561  0.93371228728328692  0.94454689061610808  0.95558718460768843
  0.96648319256634652  0.97754502668214616  0.98874833647745652  1.00000000000000000
 -0.00883625589233206  0.05287057526020372  0.08567279625755131  0.11078795251325105
  0.13186114209349770  0.15028751889962069  0.16717859201110050  0.18275203106249716
  0.19681849771727730  0.20949121994469172  0.22124318447695923  0.23241716255238148
  0.24319135742784806  0.25410384477030162  0.26506228704938389  0.27572990232660183
  0.28592294598991358  0.29606675898988827  0.30638708056298458  0.31648980115262221
  0.32613962054425805  0.33540740597447161  0.34467750475017661  0.35385353033823369
  0.36292207321729930  0.37180166113011420  0.38103882154601415  0.39058121003099500
  0.39993077097836455  0.40893462365854133  0.41771135366044915  0.42639710115648066
  0.43497251418798527  0.44350356648348549  0.45192750194358910  0.46040644504800199
  0.46871952759780611  0.47716392774036892  0.48507224308594521  0.49280232711609179
  0.50037695076448774  0.50766251076200175  0.51483358157817083  0.52199210670319096
  0.52906466204844627  0.53599274306971401  0.54294054644450163  0.55009433344161829
  0.55736575119212295  0.56460013872502746  0.57176500308692191  0.57900045691205038
  0.58688149282567870  0.59542915294420751  0.60353318898797037  0.61141913155837324
  0.61937065435998495  0.62706260762847277  0.63447878584289663  0.64181345841976034
  0.64894341883469164  0.65599420431811883  0.66321688253699818  0.67070156814531778
  0.67837906481102972  0.68590614673860884  0.69412875565601251  0.70223547640284090
  0.71046934966476294  0.71881539275039430  0.72715348781189282  0.73538676708862527
  0.74364994090550063  0.75187075132368608  0.75971679766151112  0.76757861719720166
  0.77558083969735458  0.78373635768202332  0.79203210433123439  0.80043302084637469
  0.80893955927557659  0.81777973871291898  0.82690451427629197  0.83626320726916070
  0.84586603586366249  0.85574170525979854  0.86594605893177667  0.87634282243869022
  0.88714481502427645  0.89790144245725456  0.90918282856135069  0.92117314458515731
  0.93458957872739989  0.95044714330637603  0.97178489942125601  1.00000000000000000
 -0.01943306767581449  0.12128524799557958  0.16385834742175559  0.19173418540101084
  0.21319289500733293  0.23126734985594466  0.24747686091198498  0.26384551491358821
  0.27953911989198288  0.29385256242342545  0.30687926850812641  0.31886856976905636
  0.33002788415348122  0.34064372712664370  0.35083117917523665  0.36086283345942327
  0.37062375714246637  0.38053270511860288  0.39024071051149395  0.39939848999939986
  0.40823301074039492  0.41699697762137999  0.42550844066647081  0.43385947548763742
  0.44200259617498339  0.44997150531906493  0.45818804596323581  0.46678068557497038
  0.47541979940601675  0.48366394300755233  0.49159547064359649  0.49948048344475066
  0.50718796593865700  0.51493403569781115  0.52225837574069123  0.52890883910665898
  0.53552116165152763  0.54206159420893951  0.54846887782597054  0.55483470289692494
  0.56110981294660778  0.56722609502408239  0.57319179977574541  0.57904696608660566
  0.58483451995880731  0.59062398483051137  0.59649155692079880  0.60224067280633353
  0.60807577100252452  0.61385622776071680  0.61957244552121082  0.62534361759287715
  0.63127156825485076  0.63725049770943776  0.64329182926250983  0.64913495266487375
  0.65483882337309107  0.66045406633551307  0.66598515887007981  0.67141443069642603
  0.67668402747451839  0.68194680341306768  0.68730600451666657  0.69281993048061996
  0.69834731752929291  0.70374768965669143  0.70927385031033374  0.71521442194725693
  0.72129999017904067  0.72737204733981520  0.73341373894398609  0.73943538769341510
  0.74540878169846192  0.75132837672586927  0.75718997908115748  0.76316294797285267
  0.76926177301483589  0.77553429871640933  0.78191013563502132  0.78830895938830559
  0.79481522900427082  0.80149528086287880  0.80818986337105014  0.81543774770206601
  0.82290680339210176  0.83061599614631831  0.83842074635147379  0.84650671817904533
  0.85497900011748684  0.86411491850371980  0.87386611719858154  0.88476580085742085
  0.89682781820472779  0.91300339263908969  0.93781390299752487  1.00000000000000000
   1.7348931304776273E-007  -1.0000000000000000     
 T T T T T T T T
  <DiscreteSampler_grid>
  grouped_processes
  1 # 1 for a reference and 2 for a running grid.
  10 # Attribute 'min_bin_probing_points' of the grid.
  1 # Attribute 'grid_mode' of the grid. 1=='default',2=='initialization'
  0.0000000000000000 # Attribute 'small_contrib_threshold' of the grid.
  0.5000000000000000 # Attribute 'damping_power' of the grid.
 # binID   n_entries weight   weight_sqr   abs_weight
    10   10   4.612591805473787E+003   8.233202031171273E+007   4.612591805473787E+003
    11   10   4.612591805473787E+003   8.233202031171273E+007   4.612591805473787E+003
  </DiscreteSampler_grid>
