 -0.00013977647150822  0.00609246317354822  0.01652431860589433  0.02767328155310213
  0.03921945660491730  0.05048794697611635  0.06132074264026878  0.07200689325778087
  0.08242954699278457  0.09267988415903403  0.10300279159795633  0.11312425414036263
  0.12310107712145929  0.13301728302328530  0.14290756054881132  0.15254217661403277
  0.16171465387880718  0.17078031986576858  0.17978661355258210  0.18875959449923488
  0.19768722396851962  0.20654222937102876  0.21552432026000942  0.22462071643579967
  0.23364249045428317  0.24270790813253323  0.25165037001648977  0.26053802155060757
  0.26927508280204759  0.27785649439901516  0.28632501597777349  0.29486165361390748
  0.30338563807844493  0.31176011543785498  0.31996633943419678  0.32779990067391079
  0.33558730656554381  0.34335593198321973  0.35101615649530732  0.35892058628932794
  0.36686072058646846  0.37469759427989779  0.38244167674207458  0.39024283484784261
  0.39831476044153319  0.40659482966204363  0.41498979321885793  0.42336187748911436
  0.43158276834341769  0.43999088944317055  0.44855217563938332  0.45710779833284032
  0.46558175564706816  0.47408158788026755  0.48263550303925523  0.49131412081743137
  0.50009460963911367  0.50891101286414686  0.51776047521210744  0.52667456439932903
  0.53566585028938285  0.54467653640990477  0.55378619883128122  0.56272238972314104
  0.57160561419595612  0.58044514513473611  0.58930386284450520  0.59871563641625880
  0.60814205624012796  0.61766250615801344  0.62722068096044270  0.63683604699991891
  0.64651059055321869  0.65612298004729430  0.66635670533617530  0.67685624648208709
  0.68747523243264186  0.69821578065475787  0.70913803055886659  0.72012775954782959
  0.73162334443957899  0.74334278871397363  0.75529185925529907  0.76746899873063790
  0.77979659286705272  0.79209994026861896  0.80423608473996988  0.81861355661543078
  0.83431854048341014  0.85072232204570064  0.86783423807376725  0.88601944490012319
  0.90703532826196043  0.93212139361602020  0.96274997261781259  1.00000000000000000
 -0.00221716992301727  0.00934148810383829  0.01878805174026028  0.02872948887876128
  0.03857957383730394  0.04848176776017838  0.05832250257668609  0.06841180418787583
  0.07862067587075208  0.08915944539138394  0.09943941776251886  0.10983264411247282
  0.12069136677886738  0.13122078481403449  0.14156215864789423  0.15174291153773395
  0.16241957127526871  0.17264728258974998  0.18288063551378433  0.19308245746082378
  0.20362600172355064  0.21371550267129438  0.22392784500367233  0.23432889054493958
  0.24528586703910080  0.25587433204327797  0.26647094290115486  0.27671333757184186
  0.28704226838343611  0.29766876228276445  0.30799235525412638  0.31833596972898598
  0.32888634132035749  0.33944143019799400  0.35018652489451851  0.36068604282770994
  0.37086932158381203  0.38063376464245124  0.39043662484658220  0.40080334130338591
  0.41223392787071345  0.42358203307734549  0.43455676952536365  0.44516482055373530
  0.45541853053423392  0.46570036977192575  0.47592220525361251  0.48627400165217050
  0.49693083729805504  0.50805827337061538  0.51985293186565973  0.53214524821875153
  0.54519356984634160  0.55793581956888882  0.57008057298836290  0.58117527882339659
  0.59239378476378712  0.60370611981042199  0.61519212360384157  0.62593942512631895
  0.63617519608233097  0.64624202480119175  0.65666754765297120  0.66701944579781047
  0.67702920942955269  0.68694621296852398  0.69687423650480063  0.70676384400448522
  0.71607065012641047  0.72534678583487600  0.73539497158328559  0.74536161683585311
  0.75565350695481048  0.76605540631857694  0.77686494264265893  0.78807156755674634
  0.79891486976320303  0.80979661870511710  0.82012242255622581  0.83009909610164490
  0.84027562976997383  0.85057900763710570  0.86124930521226484  0.87154563117128181
  0.88252158867778152  0.89400906641404043  0.90610633598897350  0.91778022668219472
  0.92822183995040630  0.93872715580074839  0.94922433089070590  0.95982150795301568
  0.96953788726070211  0.97898568068919978  0.98954495147318222  1.00000000000000000
 -0.01155226292618387  0.06826745547942896  0.10780238543307487  0.13552589479998961
  0.15819014601990536  0.17866153307516394  0.19785931641872859  0.21593374684544664
  0.23296728568009217  0.24967707403541470  0.26480724881377093  0.27821329891605867
  0.29070981342406144  0.30231302925622555  0.31352990043717299  0.32459224602342246
  0.33568249141546019  0.34674697251199305  0.35789459215429098  0.36908465949257324
  0.37956534021090826  0.38929062545747251  0.39879594499992183  0.40801350401870279
  0.41699206513396447  0.42583773405005076  0.43473956613387726  0.44384250214993354
  0.45295101935923121  0.46197678291715927  0.47090848311692302  0.47962975841764849
  0.48826785408943607  0.49694100388493734  0.50580647998518924  0.51461756747300380
  0.52322504995227059  0.53215113371224798  0.54093892368501717  0.54940365563197902
  0.55808725244648749  0.56654553908357419  0.57445006331808934  0.58221546070970276
  0.58958876455879317  0.59677155310686747  0.60385917127921285  0.61090148935228150
  0.61795635372137492  0.62520730129886692  0.63272485082818164  0.64033258553787664
  0.64792248132743668  0.65549231213685222  0.66306537336004390  0.67036755210335808
  0.67709246957291180  0.68388466881122145  0.69046994354893731  0.69701491811968319
  0.70357461342109073  0.70991415613743492  0.71620658686662997  0.72245071495188939
  0.72898694716076251  0.73596281150414089  0.74303356836325674  0.75003201015579857
  0.75696905499659217  0.76385135812351090  0.77074616152020392  0.77745043786256540
  0.78428156192474985  0.79123663478292561  0.79822372225208649  0.80533046377326933
  0.81251594970440111  0.81968690926735865  0.82680061954222706  0.83395745714032621
  0.84116123428389700  0.84857327688935824  0.85613752867020232  0.86418106099224357
  0.87233355258656908  0.88036717886210847  0.88836164152547781  0.89666602338459778
  0.90536505525428357  0.91441142231373207  0.92377765485154073  0.93369948512579271
  0.94480942907253684  0.95817139818451869  0.97624607222068938  1.00000000000000000
 -0.02065958950354546  0.13194628355343788  0.18121888726041871  0.21657357885588963
  0.24460054580461157  0.26795273379184048  0.28933155755549206  0.30904926429655810
  0.32574312050596838  0.34077886915371963  0.35503659726999415  0.36799864372481200
  0.38078676941814477  0.39383382445478127  0.40616225133170719  0.41787400632322930
  0.42936012967254700  0.44060305897963348  0.45118070329697618  0.46097276109801605
  0.47030099802801695  0.47933145530907201  0.48827516020535749  0.49715471443131365
  0.50568346118734775  0.51355869212290350  0.52124719296715505  0.52873600840808432
  0.53621486354322789  0.54384031839730118  0.55138365139414180  0.55875918378249911
  0.56582561145227706  0.57282816467641673  0.57977366364610872  0.58680483442239573
  0.59384699063853663  0.60091307673719252  0.60771809150223932  0.61424436548635797
  0.62061586079776709  0.62689854992333627  0.63317119614250827  0.63941384065056217
  0.64554367006688596  0.65156193433842136  0.65755695884583609  0.66355255002275504
  0.66941009553494546  0.67512300845471473  0.68072752827072203  0.68636532384142124
  0.69195555909447470  0.69748804354953953  0.70288989347541697  0.70805198030266037
  0.71299910129841204  0.71790534147328666  0.72287107082381818  0.72784080102039672
  0.73273249755199399  0.73763665817222757  0.74255904597040545  0.74749480833787529
  0.75237061612368450  0.75718914649216618  0.76207373008526347  0.76710629944241016
  0.77202845589586500  0.77695560717705603  0.78173412964483624  0.78660210420394172
  0.79147692298137429  0.79631781461173146  0.80110203529968260  0.80582866559654087
  0.81058589697853511  0.81554238339566276  0.82061175728799995  0.82571912529311386
  0.83093437342485321  0.83630576176148241  0.84191195546836173  0.84765536983045653
  0.85360253762198524  0.85990952826764844  0.86655991730541770  0.87349615153157623
  0.88073397280244248  0.88841754227779468  0.89665666489872220  0.90613020770348640
  0.91738800844185742  0.93126687411767861  0.95252008481416528  1.00000000000000000
   7.5518492456914191E-007  -1.0000000000000000     
 T T T T T T T T
  <DiscreteSampler_grid>
  grouped_processes
  1 # 1 for a reference and 2 for a running grid.
  10 # Attribute 'min_bin_probing_points' of the grid.
  1 # Attribute 'grid_mode' of the grid. 1=='default',2=='initialization'
  0.0000000000000000 # Attribute 'small_contrib_threshold' of the grid.
  0.5000000000000000 # Attribute 'damping_power' of the grid.
 # binID   n_entries weight   weight_sqr   abs_weight
    10   10   1.784884067254278E+004   5.635642943425109E+008   1.784884067254278E+004
    11   10   1.784884067254278E+004   5.635642943425109E+008   1.784884067254278E+004
  </DiscreteSampler_grid>
