  0.00870838856470581  0.01726304539874081  0.02918139664814592  0.04157242064233762
  0.05321241523547901  0.06439517832929634  0.07664565975543072  0.08815268636250577
  0.09930064507551284  0.11114741190297113  0.12284344804674602  0.13424702750141665
  0.14528254718589320  0.15625830528664036  0.16720771930183154  0.17797841713435442
  0.18864622325694425  0.19912126056421744  0.20927313700056521  0.21927187269781093
  0.22933287168398753  0.23907013175573763  0.24871136154340850  0.25837472708195014
  0.26791899953462062  0.27737216630483147  0.28691848662074265  0.29675847546569184
  0.30748871940139333  0.31757241403408171  0.32741488598974938  0.33697349083635358
  0.34630628380128076  0.35662622398762567  0.36692747791999925  0.37642748394113928
  0.38552930163396965  0.39438942773689523  0.40348294829789211  0.41244066550339925
  0.42199620675750654  0.43204140533313584  0.44305634759616791  0.45489634094405051
  0.46620768819137931  0.47684399788256748  0.48745456551898425  0.49817558563126890
  0.50924646349795666  0.52036766027239600  0.53209885083963848  0.54400465598909931
  0.55542781911117500  0.56649695130246192  0.57775034936900616  0.58861182171313176
  0.59995810037723907  0.61168026647047324  0.62419631189012970  0.63618247235218817
  0.64827540492436342  0.65971911303222408  0.67101420154671898  0.68184064496038388
  0.69179741377589288  0.70121754451838725  0.71082120106930402  0.72096332162472654
  0.73111196058342554  0.74136007565795803  0.75159742114731121  0.76198566991920180
  0.77152267021149079  0.78071670530626369  0.78943375077942135  0.79936901285634976
  0.80958543056225396  0.82081560381433905  0.83193178803471457  0.84263204849886209
  0.85344761632651756  0.86347551232435460  0.87372905761435204  0.88408236653673966
  0.89449466456719440  0.90457209194150223  0.91448410890130960  0.92426869300596926
  0.93403424529322543  0.94365402539408594  0.95323833383039480  0.96267109411457297
  0.97216706599761571  0.98150205766762377  0.99139589183855836  1.00000000000000000
 -0.00085576654059172  0.00456403927399028  0.00703824926442536  0.00961223988543702
  0.01262014619090690  0.01594287970605063  0.01964260190486744  0.02374390869132199
  0.02810387068188545  0.03282714998239920  0.03802371090471511  0.04337405203271559
  0.04867669451508698  0.05409583782837284  0.05989061465002306  0.06583105737627630
  0.07228060419512237  0.07970701534474879  0.08723902251744786  0.09481100404829522
  0.10247210355612697  0.11008022784664544  0.11771288799672797  0.12545773942940253
  0.13340385142675165  0.14169137282690386  0.14999652760746066  0.15830660730249083
  0.16682220477801157  0.17574989369125227  0.18523225422964346  0.19511738409681303
  0.20537192622279057  0.21589395195985303  0.22636804850363676  0.23682294585557415
  0.24715147205705465  0.25765514248564658  0.26784368776452516  0.27783742003388978
  0.28817037495757986  0.29907751997333543  0.31038172694435728  0.32165416931332952
  0.33270099297920463  0.34365248270721838  0.35470276852955746  0.36587790225725603
  0.37633920791215031  0.38669116576736579  0.39673265592429369  0.40742857140241212
  0.41916545590524529  0.43127953815114639  0.44408332974442855  0.45692647907948247
  0.46939193909452204  0.48142771990767652  0.49305861783920552  0.50466772837074703
  0.51667864794058593  0.52863658964231741  0.54101960451437692  0.55457743939795912
  0.56845220129626983  0.58265142657875191  0.59674014102809891  0.61044064178657187
  0.62389168673563278  0.63756558186132628  0.65085431412475969  0.66420336406533220
  0.67759157011658311  0.69095718761157021  0.70439813642594373  0.71816296819385794
  0.73201950350120526  0.74583553833140104  0.76076632980599956  0.77579906230346807
  0.79058706703332138  0.80524006401351900  0.81996552691956615  0.83453873190334305
  0.84881815069387567  0.86282889076461033  0.87674435062990153  0.89087172648828639
  0.90505660447577341  0.91907212656610493  0.93292784051031130  0.94645394002413319
  0.95983348549423864  0.97325282739351127  0.98665731167184856  1.00000000000000000
 -0.00187485475946935  0.00912761611952619  0.01860774006142029  0.02907379345313928
  0.03963713183652817  0.04969780497418208  0.05962288475468756  0.07052980020375026
  0.08165765307623134  0.09183615219597970  0.10195490876935101  0.11325661903020741
  0.12478111626432008  0.13562289313350717  0.14658484275142178  0.15809891042818702
  0.16969588690493417  0.18155588729176875  0.19332108277908844  0.20517956642728513
  0.21606385148700460  0.22646173956564042  0.23603521860198465  0.24544987770010165
  0.25502435773258442  0.26491218924472493  0.27480260472281398  0.28455787851493086
  0.29428044524572416  0.30481517554806431  0.31576054780188428  0.32850672538735820
  0.34074665674671917  0.35253107832827862  0.36369846853744109  0.37488862674213419
  0.38616869612787924  0.39701193757106645  0.40693517923760353  0.41698752830347213
  0.42704206364042141  0.43737036991412614  0.44772603053537402  0.45787181896045470
  0.46842724053032520  0.47906774448128897  0.49056824360101037  0.50190133990910291
  0.51396914453033560  0.52466251686027510  0.53449562476443979  0.54469408443939304
  0.55527172604059161  0.56561978536425239  0.57548702689956688  0.58527787525208863
  0.59529771948570342  0.60522733738873213  0.61488190424337608  0.62456121196017234
  0.63450070293898897  0.64471222854395849  0.65509728342834128  0.66546395548750092
  0.67535607271963982  0.68561118697659174  0.69602358700179368  0.70657366944704803
  0.71659836263970711  0.72646669562132216  0.73688190383432761  0.74740167470448549
  0.75814728635764539  0.76902017344194651  0.78017590385112445  0.79127104560586636
  0.80229982475285422  0.81332931011013532  0.82403788545410706  0.83474946867566324
  0.84469560341554817  0.85494575563557129  0.86459630731622694  0.87456991750372037
  0.88434803406928975  0.89376043250777570  0.90340138150697025  0.91302101331835372
  0.92303495161525406  0.93298081581204806  0.94309852297365782  0.95316239276756720
  0.96379576362145580  0.97502489447899110  0.98739859893554016  1.00000000000000000
 -0.00176716420451011  0.00835142541987891  0.01742717183473019  0.02670964273383372
  0.03592254440328643  0.04535477779978712  0.05537378126106544  0.06522953059346979
  0.07472428403805012  0.08422645196479847  0.09445954655888515  0.10500515658405660
  0.11534637370395119  0.12536268574650325  0.13506408221558683  0.14462844933249538
  0.15430207108024069  0.16404529869062420  0.17433016993690584  0.18502831313883861
  0.19696049097126989  0.20908675381986880  0.22202562206909646  0.23379591975305092
  0.24515436498043891  0.25580550711108713  0.26662121734291400  0.27723125538219023
  0.28752695513906468  0.29844075685509319  0.30989142809457826  0.32116292084343107
  0.33233850322106950  0.34289081309620112  0.35311202151757370  0.36316355312427251
  0.37395936676633396  0.38536110972374005  0.39668820002218924  0.40731269520105279
  0.41813110246090862  0.42925017016618316  0.44078115070305296  0.45245815293461500
  0.46451693689323992  0.47705854099703204  0.48808839551948707  0.49938593448078972
  0.50997402447702633  0.52066067298983065  0.53174165255855699  0.54321838017230484
  0.55507683708977895  0.56645664301849274  0.57766701445117385  0.58832480339901572
  0.59914322421880473  0.61036579158463600  0.62200542342515641  0.63361168918282840
  0.64524779049935133  0.65659882373067691  0.66729329218314271  0.67767246096435863
  0.68758405778321652  0.69748247475030467  0.70727562342032047  0.71785853299399272
  0.72861395523930794  0.73923475192800248  0.74936170263534663  0.75972182051315684
  0.77000423928406103  0.77985133126867201  0.78961104257523007  0.79977773611844616
  0.81048903285275864  0.82156105481512842  0.83259514449914818  0.84307308534214065
  0.85274084994514132  0.86168391962795476  0.87040960334150441  0.87936579188707142
  0.88860839398572056  0.89795193302527465  0.90797125404896706  0.91798081957996325
  0.92847678697462455  0.93929077707815289  0.95034242354683007  0.96113282068716199
  0.97118114682431889  0.98096967873853458  0.99068779101050164  1.00000000000000000
 -0.00271118653980804  0.01052608264746821  0.02165620298843645  0.03178089896824435
  0.04182279937620903  0.05142720193253997  0.06114996130213038  0.07076118924160348
  0.08044298440405420  0.09088497534131958  0.10144119301305714  0.11146185021118701
  0.12123973938529344  0.13153014252364773  0.14183925899652092  0.15206714754932091
  0.16237508348551805  0.17339520288661323  0.18451337263222162  0.19567742170082550
  0.20641747342958655  0.21689540116655887  0.22711367875200394  0.23771692328112198
  0.24882966565047576  0.25958343683271012  0.27003397538696694  0.28038206949273714
  0.29096882515814793  0.30123077133639081  0.31112978343131265  0.32087941470657733
  0.33078246806581368  0.34114132599142721  0.35185949783374321  0.36386400304575628
  0.37622207404052799  0.38795175998328391  0.39956824082061509  0.41112915060018851
  0.42248244330320667  0.43368324792096818  0.44447212011943987  0.45526899949572386
  0.46564489999297942  0.47592526879428243  0.48589714667733264  0.49624233652571020
  0.50675178501479523  0.51800278008204215  0.52946964869249324  0.54151945585674510
  0.55301599496028531  0.56391958405039755  0.57393570727500010  0.58418500913609650
  0.59516799735269410  0.60696594441957374  0.61872455987213060  0.63010171265845216
  0.64116472165027605  0.65223740843649847  0.66328152194538570  0.67433713644512217
  0.68573877329125277  0.69792721282237369  0.70973629773563762  0.72045417444014737
  0.73062451361560299  0.74077324226047181  0.75080282391050568  0.76060861005209190
  0.77062716825504962  0.78111690018563185  0.79167446181003343  0.80230896958742914
  0.81312919135292749  0.82412401378035516  0.83501004055173189  0.84555978063964965
  0.85591985846589991  0.86607857533744159  0.87592470330323668  0.88584527863353835
  0.89581228972338189  0.90535458711618377  0.91463871577334188  0.92385052342221918
  0.93290032628065644  0.94163594834326736  0.95038577374296196  0.95921632787954658
  0.96903049900098626  0.97880471893499443  0.98940232323335464  1.00000000000000000
  0.00453061190151779  0.03464634226880441  0.05051745943225977  0.06176716319922916
  0.07110480184613420  0.07948936950450360  0.08754102675943445  0.09518643889929526
  0.10280604833882205  0.11003636111333680  0.11689566173961964  0.12372214200138290
  0.13058440181154501  0.13715167544819490  0.14351010485031349  0.14995014075473245
  0.15657623602791609  0.16306667140166747  0.16953122850084995  0.17605595574486160
  0.18244743926031995  0.18888335748532933  0.19552416459662825  0.20226778154743119
  0.20892042713636783  0.21525456330211126  0.22108864075913962  0.22683880916510354
  0.23253847996113181  0.23827154001023856  0.24404949255412758  0.24988838315038187
  0.25573900739572647  0.26148635378557084  0.26725090243736871  0.27294418494093525
  0.27887174174692431  0.28478269941486462  0.29072512735056194  0.29682063417088139
  0.30320884125338898  0.30977904743433127  0.31628890416176497  0.32254455854778663
  0.32848540440959023  0.33441587418019719  0.34073692940994865  0.34716855808975983
  0.35389239951621027  0.36027786198658984  0.36657330561611473  0.37303612646991791
  0.37966121252328072  0.38674112975540509  0.39356638307214653  0.40012793403098995
  0.40644595114373572  0.41287559033800703  0.41985490085801569  0.42721167257871284
  0.43479947327379803  0.44257746269038878  0.45048755532037138  0.45864068949215231
  0.46697347090746194  0.47528824336139130  0.48331169339920477  0.49107996770342277
  0.49896491868823339  0.50716704327415163  0.51572964856763948  0.52457251507554525
  0.53388662964550504  0.54359006719212521  0.55368469979417256  0.56383566958391673
  0.57433891633608569  0.58508046112604561  0.59598353615602473  0.60730035891108736
  0.61892543292573166  0.63057184736742466  0.64199631139292535  0.65407532319050499
  0.66745844281149280  0.68225019062131065  0.69768650895002748  0.71323982979745004
  0.72951799239454185  0.74700297729068710  0.76604200730686023  0.78797558598717743
  0.81331666573035033  0.84553326057294043  0.89276414452620079  1.00000000000000000
 -0.01627929384885708  0.09812181976576398  0.13921132172429371  0.16610880156130733
  0.18680885417719112  0.20401117312434522  0.21906140037343996  0.23276713508650210
  0.24536773370550277  0.25699638485556370  0.26751538380142487  0.27708916936949091
  0.28603092839309080  0.29450582934691899  0.30255658360608040  0.31038293167948205
  0.31782310508060885  0.32492234014341420  0.33172850414133337  0.33807988925458254
  0.34408704124981082  0.35010115319248269  0.35637798992524961  0.36297639107825208
  0.36974409226048233  0.37646786722411874  0.38301022817196428  0.38928587842978846
  0.39530310111866340  0.40114231463006594  0.40691820717749144  0.41273692428333281
  0.41859970401511604  0.42461147068607885  0.43047881854233211  0.43635916424536197
  0.44196469615886164  0.44768546649085744  0.45353200925063286  0.45931017495943927
  0.46491261014367719  0.47034023574331502  0.47573218003097867  0.48111199198861415
  0.48622206055945466  0.49131876065150354  0.49634688002572669  0.50163703904743995
  0.50705656071089911  0.51243830255469469  0.51769142705244442  0.52297207345245134
  0.52845117883516080  0.53408874335708068  0.53989856687687321  0.54545749070874250
  0.55083749563227702  0.55603131091962676  0.56132724432059578  0.56645224081784917
  0.57189608399837666  0.57749045096904272  0.58306197572221119  0.58854667878108569
  0.59403894478060926  0.59970670028884565  0.60558128937284095  0.61155077708313199
  0.61741069179159647  0.62317066024201806  0.62902218402735477  0.63502065801704066
  0.64109001428449353  0.64722459564385648  0.65360990748443049  0.66012091096203107
  0.66685634230410751  0.67428954167027810  0.68192841294464213  0.68987718726607061
  0.69815644680206357  0.70660641030407401  0.71506600214424609  0.72362821086940787
  0.73258446877903316  0.74174631915641098  0.75148465087132121  0.76183431386310929
  0.77331069589757229  0.78601322420945718  0.80021517171428558  0.81710152010073600
  0.83786372211303628  0.86562913126466878  0.90707106906763391  1.00000000000000000
   2.3209595964202084E-035  -1.0000000000000000     
 T T T T F T T F F T T F T T T T T T T T F T T F F T T F T T T T
  <DiscreteSampler_grid>
  grouped_processes
  1 # 1 for a reference and 2 for a running grid.
  10 # Attribute 'min_bin_probing_points' of the grid.
  1 # Attribute 'grid_mode' of the grid. 1=='default',2=='initialization'
  0.0000000000000000 # Attribute 'small_contrib_threshold' of the grid.
  0.5000000000000000 # Attribute 'damping_power' of the grid.
 # binID   n_entries weight   weight_sqr   abs_weight
    10   10   1.513486090999364E-021   3.262007069897785E-042   1.513486090999364E-021
    11   10   1.513486090999360E-021   3.262007069897770E-042   1.513486090999360E-021
  </DiscreteSampler_grid>
