 -0.00008624974233440  0.00081764736605510  0.00192592458099442  0.00353944090275438
  0.00562413023071173  0.00815886337488447  0.01111290695734951  0.01464336768741475
  0.01854590225208516  0.02265605606323810  0.02719059125963305  0.03245334135977797
  0.03796528951806004  0.04351535857568706  0.04942631661849147  0.05573640638049546
  0.06224700772810366  0.06915091689315470  0.07646966251479181  0.08410810937675470
  0.09162380369967545  0.09948233698908013  0.10763110843485360  0.11579861182197820
  0.12424199804779981  0.13266291904619495  0.14133968248530934  0.15047821372366996
  0.15998580146028560  0.16965706137826531  0.17942166359416284  0.18920091555284024
  0.19858833700229125  0.20788009490846401  0.21736206536566197  0.22703347712324157
  0.23668680402952066  0.24619027201410587  0.25592808550307966  0.26582343562476790
  0.27607599980820041  0.28669925924734696  0.29757024673323351  0.30903239325844534
  0.32034592855682520  0.33152077269192670  0.34257369633434953  0.35350634540811110
  0.36469095451540562  0.37609327906611001  0.38791288362912985  0.39976371313825121
  0.41131856552594104  0.42279940317735382  0.43444263724996579  0.44632446742839332
  0.45884710133603773  0.47189672637481256  0.48488695743032317  0.49807498615884865
  0.51138311850860418  0.52454956024280130  0.53747204126949055  0.55201895749383012
  0.56678240704094141  0.58203196851674410  0.59709861162923694  0.61102423138332951
  0.62497154513108943  0.63889071025738475  0.65206941615722513  0.66500109375469196
  0.67818866582333759  0.69145968113324818  0.70491249265237033  0.71868830020922803
  0.73264097111877735  0.74630309394276984  0.75988046266622467  0.77362899839473898
  0.78757288832807926  0.80191118219368995  0.81568560902459097  0.82936253527592618
  0.84310395155462714  0.85691489240668284  0.87097595950200746  0.88527652871477092
  0.89997970328760879  0.91486750427079633  0.92962581610043915  0.94419066198530732
  0.95843072272031304  0.97244496306751937  0.98628485759011286  1.00000000000000000
 -0.00282081179589613  0.01114422152123959  0.02232552483589203  0.03303798764761907
  0.04355515923739199  0.05324237462917567  0.06261243297061998  0.07194977003603190
  0.08149389183195367  0.09151320943994892  0.10151301860078715  0.11109278083879695
  0.12022391741947162  0.12949133329047013  0.13883098994530646  0.14813501576077215
  0.15734889307122485  0.16683785791146491  0.17659819090281825  0.18660004023153906
  0.19683077594273771  0.20722664292370566  0.21753290345626944  0.22770255256582009
  0.23788434786396928  0.24810071469193509  0.25852778657270920  0.26935043182450152
  0.28051573882695335  0.29154221022299015  0.30237437585826032  0.31300104173418031
  0.32358177521445275  0.33422247297472052  0.34466964023336227  0.35488851126411014
  0.36504718755780696  0.37562025259354742  0.38681993028528217  0.39858885517725734
  0.41051759257175385  0.42191003977511038  0.43280946021043115  0.44390002227873016
  0.45520274784093162  0.46619026098999783  0.47696507516733894  0.48808616072994859
  0.49958108147545799  0.51060089734816416  0.52126677391390519  0.53193217046411667
  0.54345199698815627  0.55526412444483375  0.56698173961848120  0.57894559096336295
  0.59029806411519448  0.60185215554286065  0.61222132107901062  0.62247775414374584
  0.63189981255539640  0.64109083835454717  0.65072864115002660  0.66053140110928199
  0.67055436502014987  0.68106501501493022  0.69209722993333600  0.70510834857031757
  0.71692664454842858  0.72835562395855979  0.73851332715648244  0.74899988544021046
  0.75942545061277333  0.76998062517529131  0.78052889321210395  0.79073447961786947
  0.80052821928955764  0.80997904147000688  0.82014431275173882  0.83091672029704899
  0.84182394590764453  0.85342534720385521  0.86622683108595222  0.87922699620735079
  0.89000808143275945  0.90101505260539305  0.91193030472892667  0.92194376702015268
  0.93115170937038572  0.94068574605309030  0.95014774032776439  0.95969893945397400
  0.96897815593035641  0.97852097447872421  0.98916162411242836  1.00000000000000000
 -0.00247252120010091  0.01387182662290684  0.02652374229745373  0.03726856276544281
  0.04668228540372641  0.05572734376261079  0.06453139786869734  0.07312945615166427
  0.08128111222471726  0.08852497822114928  0.09540497814585239  0.10220221499829052
  0.10888734404866024  0.11566474788337403  0.12262004573802929  0.12930520513302468
  0.13594427694996353  0.14237035634491610  0.14835847511433112  0.15411743270851080
  0.15987539508398002  0.16578950959898109  0.17199980333047932  0.17826360644332118
  0.18445820143329400  0.19103864547028609  0.19784636052658991  0.20469048721298219
  0.21239408637378140  0.22032488857473073  0.22800990940467802  0.23539868118827195
  0.24264357146560450  0.24991746437255019  0.25675426316738270  0.26335374145006951
  0.26997730733253811  0.27656639381744175  0.28304116267436363  0.28940753188104829
  0.29595781611366462  0.30271612557353511  0.30953038781565612  0.31616129080318184
  0.32251842472868758  0.32878537520169637  0.33517124105977658  0.34176862856682710
  0.34856295571250717  0.35540491245914912  0.36191157304819610  0.36869835507947041
  0.37550631694993941  0.38244323050991547  0.38932852249282579  0.39616784448944836
  0.40315838913516699  0.41024007952523944  0.41776891181774489  0.42602453172842281
  0.43465973080203951  0.44368359157840886  0.45423720374977761  0.46307242225268935
  0.47184842759927992  0.48010067728643258  0.48829692648727924  0.49673657032402613
  0.50511840330155189  0.51330574966517017  0.52141604206236658  0.52978418430449226
  0.53799038686629863  0.54715270607096989  0.55698552018042702  0.56716052338185030
  0.57736077036842548  0.58745697835949906  0.59790184645784861  0.60884149044307034
  0.62062828792338565  0.63355631633267762  0.64747086427747935  0.66140563121280416
  0.67565912218946889  0.69064060504313918  0.70677432407332452  0.72326121614188876
  0.74125979814295329  0.76022626627929546  0.78018886165211809  0.80207837721196840
  0.82831321294370730  0.86206581827068318  0.90883855614190723  1.00000000000000000
 -0.02220193357624634  0.14078349974624974  0.19307280668525084  0.23017440195505962
  0.26048562916950574  0.28438852551417459  0.30513030473689712  0.32377944114279694
  0.34040692375856935  0.35611861944236800  0.37078815163668710  0.38438515433455717
  0.39713779582820080  0.40983177655425063  0.42250807869307760  0.43463688184863519
  0.44595780397811524  0.45664594337995734  0.46689382211806840  0.47685901897270699
  0.48631924245162439  0.49504188657586440  0.50321389028086594  0.51108653785037550
  0.51901832051322161  0.52694925155919647  0.53471228787173020  0.54215435593782590
  0.54902331301385832  0.55593207463221184  0.56264150861068396  0.56963918212515852
  0.57674011885481147  0.58360417014766586  0.59014542011632920  0.59646640112496252
  0.60269039746682629  0.60895363966850424  0.61490413954782985  0.62069901610369504
  0.62629840544195103  0.63165417626468390  0.63686760322748803  0.64205957331978103
  0.64729714596091825  0.65267069372882214  0.65825656223123397  0.66387546452559576
  0.66939904063888034  0.67470778146068089  0.67990223854784970  0.68508278603971517
  0.68995465067196482  0.69465557465995420  0.69950077244262354  0.70424395131476658
  0.70887169457371191  0.71336574237303341  0.71774756194868383  0.72209643042237359
  0.72647390374385490  0.73092987439520607  0.73548604375391757  0.74014251701524070
  0.74460239541914619  0.74916701420351040  0.75411964361071993  0.75924756383177661
  0.76433362251255799  0.76929213049398670  0.77410087178470699  0.77879254711984502
  0.78361114750385685  0.78862013809786347  0.79369421916733063  0.79892597935070020
  0.80417942219437133  0.80944426823146498  0.81481472860544268  0.82023736159655813
  0.82565589457587552  0.83107229941143879  0.83648248625806376  0.84186530293127948
  0.84740867507056583  0.85316296088211951  0.85961825660725866  0.86644858438828098
  0.87385538244943628  0.88175776384278948  0.88982646569887647  0.89906811559912547
  0.91018149945079196  0.92484664722909882  0.94733237679033644  1.00000000000000000
   7.1070243252782223E-017  -1.0000000000000000     
 T T T T T T T T
  <DiscreteSampler_grid>
  grouped_processes
  1 # 1 for a reference and 2 for a running grid.
  10 # Attribute 'min_bin_probing_points' of the grid.
  1 # Attribute 'grid_mode' of the grid. 1=='default',2=='initialization'
  0.0000000000000000 # Attribute 'small_contrib_threshold' of the grid.
  0.5000000000000000 # Attribute 'damping_power' of the grid.
 # binID   n_entries weight   weight_sqr   abs_weight
    10   10   1.552357141751193E-005   3.112948763794205E-010   1.552357141751193E-005
    11   10   1.552357141751193E-005   3.112948763794205E-010   1.552357141751193E-005
  </DiscreteSampler_grid>
