 -0.00013264687497137  0.00603161870238885  0.01679948537370732  0.02799095285215478
  0.03909023128313987  0.05047141444111074  0.06214474725038849  0.07324516743420460
  0.08356357099378713  0.09413177503491878  0.10470183821470695  0.11502329624336514
  0.12507412281757080  0.13506399426781435  0.14501258114829213  0.15521835034785467
  0.16538722207430004  0.17526393972556098  0.18459546285914777  0.19386417377759910
  0.20301407856106254  0.21212095855048377  0.22114829293073390  0.23000229694578161
  0.23841631935801888  0.24696526820977269  0.25553612104525691  0.26397704575783082
  0.27226259587331930  0.28048968716719724  0.28839764121654438  0.29645748722892368
  0.30458094925344797  0.31272716256247529  0.32086232457325409  0.32914586525663381
  0.33733920026501829  0.34534198130112620  0.35325773392709381  0.36119317703038079
  0.36913440928050628  0.37694101646629330  0.38471418636920901  0.39261081356299515
  0.40075660915792288  0.40860638522864817  0.41646658609091497  0.42431012702344351
  0.43251024390581033  0.44107906678735309  0.44973583944697021  0.45850324256488822
  0.46714385900918387  0.47573915330294536  0.48433054864211217  0.49280041812714481
  0.50121288282574350  0.50958379389255670  0.51787327042468434  0.52619007372933191
  0.53482066127043226  0.54351114339382411  0.55216242325315701  0.56080032792711809
  0.56947166659493431  0.57824439114471926  0.58726705323793849  0.59682248787008418
  0.60663938115702376  0.61637425236043430  0.62606620151212355  0.63574890895545066
  0.64540220887533484  0.65505010050682388  0.66505829366629610  0.67542826035379933
  0.68601562904894919  0.69662401788082029  0.70719437593321333  0.71785065450312446
  0.72897761086445256  0.74052902747465721  0.75245191426827474  0.76468676147164161
  0.77713107807582016  0.78964534081635807  0.80213816327273080  0.81621265084109451
  0.83194374110221292  0.84856426948342967  0.86565101944981160  0.88387474777585906
  0.90501688652801970  0.93031443648822543  0.96195501189965138  1.00000000000000000
 -0.00348950513703795  0.01113170577492168  0.02350367608449641  0.03543176003839947
  0.04701514569417392  0.05825888522021756  0.06987078653234327  0.08204251224751981
  0.09398052037640976  0.10570017058236315  0.11898250729856627  0.13274895445080759
  0.14553747287402194  0.15648413139637546  0.16789877306508716  0.17882461835521440
  0.18879810538723762  0.19837517320629425  0.20799608412155760  0.21778250310393135
  0.22771690706158026  0.23772818301822465  0.24808832845855766  0.25830160604659791
  0.26830615769171329  0.27833291259661763  0.28826192121495336  0.29834478138539439
  0.30850702684933190  0.31893221437678737  0.32917755862426434  0.33934229847018543
  0.34937590127608770  0.35976802890875076  0.37038244336197790  0.38064258990573735
  0.39060191338415201  0.40115219152276793  0.41279118844879203  0.42414497864062239
  0.43522718300315677  0.44609188667172789  0.45647470459904704  0.46639291807682026
  0.47632197148236544  0.48656322573593963  0.49669742345979112  0.50647398281374267
  0.51554114775698667  0.52472724480247912  0.53445180502862488  0.54497762678583050
  0.55606212409856104  0.56665681943509660  0.57719618323250410  0.58766620212838760
  0.59777088274057144  0.60776462392237840  0.61754420681541122  0.62763174142400069
  0.63808121917665894  0.64923622131363767  0.66061046655720534  0.67154487547725561
  0.68234253401290057  0.69353244704141481  0.70477670072282583  0.71497956912373672
  0.72490458448917505  0.73485148950920920  0.74495210646167398  0.75548219968942243
  0.76625462160289559  0.77684913834354730  0.78689963716678346  0.79714895064678504
  0.80775704340698384  0.81830318202102970  0.82843144378975209  0.83888960016064495
  0.84979703412992691  0.86040132942756375  0.87084045145752409  0.88137522582516858
  0.89208151251822698  0.90252075959547373  0.91314711002299909  0.92371191318445467
  0.93406738514655963  0.94366888201555454  0.95308948701166041  0.96273755469167333
  0.97227788319831809  0.98144588507813224  0.99078383860481811  1.00000000000000000
 -0.01078706726887771  0.06330794170164843  0.09846463244563269  0.12399838476577869
  0.14531085277346792  0.16442457569934271  0.18203785893385691  0.19738746091283832
  0.21162534764977092  0.22498523864847333  0.23770956965095399  0.24971061871432923
  0.26172601956676333  0.27296733203283302  0.28337627024668161  0.29366594689507380
  0.30428570833040236  0.31472886417225948  0.32451683420288863  0.33404765338565512
  0.34343717762968778  0.35297495119940914  0.36297032028700227  0.37298915169043040
  0.38271505424027230  0.39209035550087035  0.40134417590039301  0.41076276004753592
  0.42017732761900600  0.42932042472193899  0.43829232134808432  0.44715371688433120
  0.45570303341418106  0.46369945526799755  0.47125079968678818  0.47897297729908478
  0.48675875935753449  0.49436442137143105  0.50192446065263008  0.50946114670529530
  0.51710888989366177  0.52483125813569209  0.53310986785900583  0.54121886711993605
  0.54928329607218140  0.55732600111925246  0.56493875938351734  0.57201277900454872
  0.57893296656964721  0.58585771187200297  0.59264336171937348  0.59959701909709795
  0.60627332791267885  0.61248685723610985  0.61852696593975343  0.62482026263173052
  0.63152068495275360  0.63862021115057799  0.64549986023574601  0.65200796404370975
  0.65832181467804862  0.66465586135662680  0.67150857336132774  0.67868479461503139
  0.68580359503947341  0.69268363749159645  0.69927072339608576  0.70594618187099878
  0.71315187871754815  0.72078641150473810  0.72854358032705513  0.73595348282568651
  0.74334589447514476  0.75058064406246727  0.75777799045336280  0.76513237848794768
  0.77263487549862364  0.78021454984872596  0.78793128970893900  0.79562223755110517
  0.80331989460116537  0.81119444015816833  0.81934062823284948  0.82781476638098517
  0.83646758359039841  0.84534353055220279  0.85465230637707079  0.86447397312789021
  0.87490127031416354  0.88582137603565558  0.89721217044499446  0.91002484616010093
  0.92530954343581306  0.94357758225657129  0.96615031490167802  1.00000000000000000
 -0.01940271465914908  0.10684832315325651  0.14242773847682638  0.16807732939601569
  0.18721075268773441  0.20183120696805915  0.21488105113141731  0.22658276284094703
  0.23755992386387270  0.24792734090759477  0.25777800544347923  0.26725236158199744
  0.27606046964574693  0.28425514910345973  0.29255189442373231  0.30088928988970193
  0.30904480700963433  0.31689180760400559  0.32471817441182599  0.33242081044795407
  0.33998069685486515  0.34759135581356737  0.35491263365378151  0.36185722911256596
  0.36856850209111597  0.37510748376430569  0.38140398802909187  0.38753976665733092
  0.39352755628223751  0.39978997137233913  0.40619400220187379  0.41257358066893618
  0.41867329221119076  0.42437222810023650  0.42992253381093232  0.43550368338819045
  0.44094776453936246  0.44614288443057409  0.45129501231061775  0.45639973423052949
  0.46123761062293178  0.46608609430739145  0.47114324989052231  0.47633403670024460
  0.48200186050234589  0.48764651639568218  0.49307488561922508  0.49839357968450454
  0.50385610345295917  0.50942351485326587  0.51494335436804717  0.52033478696272129
  0.52579490137720630  0.53142616876543203  0.53703584202804533  0.54262014328668262
  0.54834922906333594  0.55422940451366265  0.56022926355448155  0.56611480183952234
  0.57212293111173274  0.57793620237227294  0.58375675998682330  0.58964668183778735
  0.59560866986676797  0.60180755834526611  0.60844656452976331  0.61538460548404661
  0.62223976397030434  0.62896702243929681  0.63570377143798651  0.64278259288497652
  0.64962748997461783  0.65639014358166825  0.66316662658280490  0.67003288475547107
  0.67726642643164026  0.68450285800716415  0.69171252702917052  0.69908417567357162
  0.70639515503311334  0.71457341936203245  0.72306877277571435  0.73204390650886442
  0.74180263265713731  0.75176267267805952  0.76164713898076053  0.77238250482272286
  0.78381507280908447  0.79605591726548619  0.80880919308269339  0.82288893552802378
  0.83851873954845246  0.85792885959734722  0.89074796816732849  1.00000000000000000
   2.5970823859847304E-007  -1.0000000000000000     
 T T T T T T T T
  <DiscreteSampler_grid>
  grouped_processes
  1 # 1 for a reference and 2 for a running grid.
  10 # Attribute 'min_bin_probing_points' of the grid.
  1 # Attribute 'grid_mode' of the grid. 1=='default',2=='initialization'
  0.0000000000000000 # Attribute 'small_contrib_threshold' of the grid.
  0.5000000000000000 # Attribute 'damping_power' of the grid.
 # binID   n_entries weight   weight_sqr   abs_weight
    10   10   9.059290083720394E+003   5.569178910350312E+008   9.059290083720394E+003
    11   10   9.059290083720394E+003   5.569178910350312E+008   9.059290083720394E+003
  </DiscreteSampler_grid>
