  0.00853040495128594  0.01945978774378672  0.03183098568935322  0.04284854317170712
  0.05292485660815865  0.06284361248050799  0.07331900448953442  0.08462097602274771
  0.09714027325885871  0.10946191274639892  0.12111899749651409  0.13150462581907227
  0.14171545168291641  0.15210015297677121  0.16282771213185770  0.17351654850095460
  0.18410309718615764  0.19554086495166464  0.20732582135729666  0.21801759984889446
  0.22862495366601140  0.23899174642878487  0.24928941312816483  0.25956649263696141
  0.27001778748307298  0.27996549252000258  0.28987897739253993  0.29931713044159514
  0.30828307360180213  0.31679951071889767  0.32551754762085189  0.33478610979875684
  0.34484397658795668  0.35506338443077795  0.36512709112292441  0.37509212613773874
  0.38514660988119798  0.39520106285974754  0.40526399948456293  0.41517002825186594
  0.42479975259602676  0.43449476766824574  0.44465472046282817  0.45528402514107791
  0.46586330342122284  0.47614321616485361  0.48643479090692016  0.49694369251101939
  0.50788356635961185  0.51871412655563054  0.52920960111987037  0.54004981445791744
  0.55162518007383654  0.56396574541169608  0.57644316844937515  0.58826937152820968
  0.59921737796293362  0.60947155925970220  0.61941680790116593  0.62935322275703387
  0.63948590343999756  0.65002745032282616  0.66084976863136879  0.67154879652045152
  0.68180594389432703  0.69184025253857206  0.70179898273379904  0.71182750240777415
  0.72216026058520588  0.73266003055860196  0.74342467507461796  0.75371606276002534
  0.76385151502120296  0.77432882221652566  0.78565762594212363  0.79667339719081609
  0.80754175232995307  0.81803345985111398  0.82849792751759321  0.83930204245760887
  0.85009082847504325  0.86049026070158341  0.87023018684828812  0.88065744948964930
  0.89141632271625759  0.90243635665517019  0.91356571607954129  0.92419884187245427
  0.93484098794802795  0.94487841362613689  0.95535515301189633  0.96528858878021073
  0.97523123813684098  0.98699137437943207  0.99026237039593878  1.00000000000000000
 -0.00083099002430076  0.00465033617462747  0.00715950168943910  0.00976307140103684
  0.01278294383563820  0.01607161134213813  0.01971612281176848  0.02390468703668705
  0.02822725777180246  0.03294706879388682  0.03810906418808545  0.04322017525999426
  0.04859040999962785  0.05432138501979946  0.06034640640203139  0.06686245654427514
  0.07363941757600886  0.08026279790410942  0.08716204096345716  0.09414101874890432
  0.10144281067863514  0.10931214093599832  0.11729375990316407  0.12518619124159167
  0.13334449116054087  0.14207270238194666  0.15082993429147498  0.15982597909908680
  0.16869871657262353  0.17782695191927905  0.18697306226836602  0.19645289212904363
  0.20593850812768977  0.21586222635777921  0.22554063004032759  0.23520925028576600
  0.24477446373847492  0.25440149069163503  0.26415232707592040  0.27458399946133361
  0.28535109740214604  0.29621953987930605  0.30705500033911493  0.31800801289836744
  0.32908752712956418  0.34036633145631229  0.35163894599373158  0.36330424985631360
  0.37495775633488221  0.38684031121981372  0.39873922341948570  0.41031480783807134
  0.42182031251414048  0.43324704862005292  0.44470443256574421  0.45617123204793197
  0.46789180049803208  0.47965600467512920  0.49126461468986254  0.50282649617466546
  0.51460762693675755  0.52663940345700133  0.53886365989770790  0.55134350551451838
  0.56422706969041991  0.57762494954558730  0.59137967015384085  0.60519669129420817
  0.61903386046719489  0.63253012388858065  0.64580676207513343  0.65942838119697522
  0.67262255011971084  0.68570484305461721  0.69878837107165781  0.71194653821835918
  0.72526799128212394  0.73878694463037764  0.75234983675954437  0.76552358905752504
  0.77875399675502099  0.79208274493050290  0.80552824608435203  0.81936336432435408
  0.83363396396876954  0.84811463639396600  0.86280716341897523  0.87757958674600212
  0.89219873256836724  0.90680029977153453  0.92158150953151474  0.93645189379505345
  0.95183706300761306  0.96754034211471640  0.98357270006941089  1.00000000000000000
 -0.00234982673805314  0.01056803059083849  0.02131614977408378  0.03217122089857750
  0.04291819196668833  0.05364679960456220  0.06469368184411184  0.07548540333225706
  0.08647695317621398  0.09769846650931367  0.10885206255969583  0.11997639051972273
  0.13149405395529784  0.14355754605213139  0.15575620913167851  0.16781860747569380
  0.17918212473574135  0.19036933741860868  0.20167255759139091  0.21262601765137223
  0.22369840433522056  0.23425192194413696  0.24424313190857291  0.25417772133329136
  0.26339759314508343  0.27261174375195446  0.28199565310135166  0.29138850800535110
  0.30185338988249655  0.31228762902942736  0.32327898100134278  0.33415286821369838
  0.34484884872120741  0.35516316814851212  0.36511950653769004  0.37498415425358483
  0.38508956763493668  0.39516052520798944  0.40504235693748430  0.41457632367181080
  0.42481789204305986  0.43551943309066521  0.44656293188780355  0.45723200836655459
  0.46739919717092238  0.47753598136118691  0.48806057781307494  0.49927153509396566
  0.51085235765033188  0.52248248445080092  0.53320522998094966  0.54410754594204036
  0.55451056472195492  0.56573055459526844  0.57705053049820965  0.58767943581524196
  0.59792659182379748  0.60794005051770827  0.61799306840134405  0.62826232720847119
  0.63881908958674494  0.64950884587944724  0.66079346421952123  0.67159056056501343
  0.68253320466340706  0.69290416725392279  0.70360412177074627  0.71437659154903133
  0.72524867364345014  0.73600933205333252  0.74659149979118899  0.75694621685837138
  0.76701281405261756  0.77723013267565400  0.78775573071243521  0.79845690374255451
  0.80913680168052893  0.81937588478497414  0.82929407802257704  0.83904852552225218
  0.84909122682387606  0.85940574350923371  0.86973459963251909  0.88016982959301904
  0.89108400456553016  0.90198719590331355  0.91244396441872377  0.92227579078866906
  0.93183284405568656  0.94120965956310998  0.95072565515591612  0.96016367953997606
  0.97008759121729682  0.97962971644939634  0.98964789078288651  1.00000000000000000
 -0.00284366707611363  0.00997001515960180  0.02093169508888877  0.03153320359211184
  0.04224935837225564  0.05334982733189170  0.06458098199549427  0.07564314775324550
  0.08642998213953089  0.09703444425577086  0.10790422864683721  0.11898043830269872
  0.12977560078467645  0.14018317374783501  0.15052950047125835  0.16072458977929094
  0.17113581378672654  0.18167002367189136  0.19273263972547638  0.20404555874578795
  0.21543705704919461  0.22674973316222685  0.23798151198520240  0.24965534274819304
  0.26123792764419806  0.27314457165743133  0.28421371803065809  0.29513641180487554
  0.30546189380197897  0.31658843446419926  0.32814035866634439  0.33969418256390704
  0.35123265190854958  0.36361900575300166  0.37631542521403760  0.38853828061865031
  0.39999544458669350  0.41119606342038878  0.42225538715725847  0.43353458481454360
  0.44414028804873212  0.45473493972361612  0.46514164919870099  0.47578190548100391
  0.48604842955413141  0.49608537352376730  0.50586595415569424  0.51548069715101008
  0.52524719213391780  0.53567352785010836  0.54665424921560746  0.55831531540295820
  0.57038969130559880  0.58213972570955552  0.59285867793045255  0.60310016333097116
  0.61302222735474465  0.62289709661549120  0.63254988841599091  0.64216257473399074
  0.65228446573175680  0.66268503827055247  0.67344241266979799  0.68469347294774696
  0.69640565818159672  0.70805626401177935  0.71907880130362312  0.72965746949396382
  0.74054387503349850  0.75136254803662850  0.76202251163558876  0.77254019596033763
  0.78289976899344982  0.79282457837546072  0.80217069888234194  0.81164185846521053
  0.82134480594130743  0.83117052254935675  0.84079025705145138  0.85021977631955115
  0.85947609236303901  0.86863961035634851  0.87781746809646644  0.88688288758303169
  0.89576320987957148  0.90451282603781324  0.91349030843680978  0.92297904630716121
  0.93300414370246354  0.94272105895635983  0.95237597794748641  0.96183569848954531
  0.97168592464910752  0.98117769853121828  0.99072863095933927  1.00000000000000000
 -0.00244064163273153  0.00879985135478799  0.01849144261899788  0.02887039934237303
  0.03980452037803312  0.04961108897588795  0.05952675613735035  0.06967967297378255
  0.08001817534873011  0.08974935489464668  0.09927724095450764  0.10882687691633149
  0.11864852248137621  0.12902968591029751  0.13970446346671733  0.15011369063688224
  0.15953331980096117  0.16894166159155602  0.17911763431643771  0.18974494432188641
  0.19989913331363418  0.20967473516089360  0.21991179669505032  0.23048472431373179
  0.24096432178835447  0.25094840302857224  0.26101674767072253  0.27103948620773460
  0.28091474657359650  0.29058915587924594  0.30041659455153219  0.31048925551627343
  0.32070354985136279  0.33114644876371785  0.34220803728606247  0.35369678963607887
  0.36468302354699722  0.37518876416401487  0.38556865795362832  0.39592578496756770
  0.40599107799189144  0.41606653023736523  0.42685530580453696  0.43826767665117128
  0.44943685867961991  0.46026085966457603  0.47139886704211081  0.48275007255139785
  0.49434501032718597  0.50578128000640377  0.51793943052138391  0.53069595648294288
  0.54331565836315010  0.55447732712507403  0.56529865873861707  0.57602873589901682
  0.58680359467720866  0.59743939477171693  0.60825113024869759  0.61908953991528648
  0.63023941505530101  0.64062117318649436  0.65094498873603968  0.66132082726057584
  0.67221599736120397  0.68263743111023700  0.69233048928327867  0.70186870506563848
  0.71196539703106376  0.72211579057905806  0.73247012427008840  0.74319542701205055
  0.75433315568405712  0.76645908170125587  0.77841760269229687  0.79034816156857823
  0.80160459906430392  0.81266070136885327  0.82391807844491916  0.83472289195874794
  0.84510486276197705  0.85585156443345256  0.86697816579552212  0.87736300699055714
  0.88704570620611500  0.89646924202737821  0.90673329232363853  0.91757291775463223
  0.92855044768150419  0.93981494320426362  0.95067597299046280  0.96124626426715676
  0.97117907451249452  0.98079848706770223  0.99043229533030064  1.00000000000000000
  0.00838180991593127  0.03631824601101067  0.05163678064919462  0.06282229886187989
  0.07221011224200916  0.08077382791447807  0.08853961918725449  0.09570154039237147
  0.10300066500821628  0.10986621912801137  0.11672921963378227  0.12344840381165043
  0.12992313644136594  0.13653106674036128  0.14302342997362838  0.14984178316608548
  0.15654872593497157  0.16311862746430664  0.16964318815203797  0.17609483337122261
  0.18261448811183156  0.18937662994702653  0.19632278461125263  0.20334835242272734
  0.21033385818858713  0.21682710652521295  0.22369669066198167  0.23051995807577008
  0.23701705387472857  0.24336564955041265  0.24964424125933363  0.25550619268762803
  0.26113680691897745  0.26690908695821985  0.27264110274607967  0.27828276638298827
  0.28373390846261853  0.28899750395039880  0.29436577068098607  0.30005031961101170
  0.30596249398859210  0.31193664836522350  0.31797909694503890  0.32407817160111602
  0.33032609123725887  0.33685976784287558  0.34366764898091601  0.35042744237372636
  0.35709600099875938  0.36356996425977772  0.37023758145049124  0.37718211888739872
  0.38426046885288656  0.39137801719064119  0.39828411239197220  0.40500676281699055
  0.41172290788064025  0.41864217974069801  0.42613287297938901  0.43385773777198505
  0.44174040030177719  0.44929216041818554  0.45661217882032668  0.46377347017816745
  0.47108365136988545  0.47879121132206354  0.48673176942604462  0.49501955252676166
  0.50329982549312813  0.51223757010874893  0.52063219748459633  0.52957231258444548
  0.53814075430287844  0.54699033245796624  0.55619191453554651  0.56582790999744170
  0.57607260827475448  0.58639744223082990  0.59646840585436456  0.60661527148828143
  0.61683714904717712  0.62782619355506530  0.63946634904697597  0.65150033716553435
  0.66380632204438728  0.67715345028302154  0.69144778467285928  0.70620757647847787
  0.72248056152882301  0.73989870279839709  0.76010664166846331  0.78372981928641461
  0.80981447191372158  0.83977189055669499  0.88585983306810767  1.00000000000000000
 -0.01674607738683164  0.10138923838956905  0.14184047264570299  0.16685873704291923
  0.18676445027125047  0.20320033190775186  0.21712775572053067  0.22990480203121577
  0.24163952335155436  0.25253934559845947  0.26228069191578535  0.27133945603939758
  0.27985809463612982  0.28826536259669699  0.29658784687953887  0.30476008752600109
  0.31285144522609942  0.32103853734246113  0.32909171885393823  0.33684705643674850
  0.34409796826650707  0.35127820824458628  0.35795526719324472  0.36438641959933266
  0.37075492960274048  0.37696990587591744  0.38305945778984868  0.38908605397195845
  0.39509212316427833  0.40089325154131739  0.40665875664185130  0.41242770557066544
  0.41798065238046278  0.42365027953422085  0.42913954640267493  0.43460904284741869
  0.44003850744911494  0.44551834011027952  0.45104595676814629  0.45651265936426760
  0.46238348289130360  0.46828417135292827  0.47421689851178411  0.48011954662607303
  0.48571244352686094  0.49120855716786838  0.49672758579914084  0.50201226337667604
  0.50752689523886163  0.51293638113055240  0.51835832572810858  0.52380700989850015
  0.52923427513529098  0.53457861979806065  0.53986515993354611  0.54518042578122006
  0.55045158173204745  0.55575162822343338  0.56093311515566946  0.56630793688669978
  0.57189824675331236  0.57760952803908583  0.58321766536976338  0.58865812959295816
  0.59411392292098231  0.59972962051729728  0.60545207206999918  0.61130837946430450
  0.61731359541535447  0.62316741203047943  0.62899832278015966  0.63484790485431675
  0.64098562456442765  0.64770078674375753  0.65480541557491401  0.66221369425974608
  0.66952426547258514  0.67653686007424407  0.68366942140872167  0.69125288214570491
  0.69927023620129547  0.70742518157412004  0.71554309826145390  0.72392483789280382
  0.73287559193128016  0.74245680120819790  0.75256520465229038  0.76316589537692570
  0.77436168652487714  0.78667614978843847  0.80091026728280423  0.81841632090583571
  0.84007185389688688  0.86665972301389238  0.90889628598553818  1.00000000000000000
   1.6570035780643925E-035  -1.0000000000000000     
 T T T T T T T T F T T F T T T T T T T T T T T T T F F T T T T T
  <DiscreteSampler_grid>
  grouped_processes
  1 # 1 for a reference and 2 for a running grid.
  10 # Attribute 'min_bin_probing_points' of the grid.
  1 # Attribute 'grid_mode' of the grid. 1=='default',2=='initialization'
  0.0000000000000000 # Attribute 'small_contrib_threshold' of the grid.
  0.5000000000000000 # Attribute 'damping_power' of the grid.
 # binID   n_entries weight   weight_sqr   abs_weight
    10   10   1.051606153452489E-021   1.638284079819614E-042   1.051606153452489E-021
    11   10   1.051606153452489E-021   1.638284079819615E-042   1.051606153452489E-021
  </DiscreteSampler_grid>
