  0.01046674338795547  0.05179101456659837  0.08135108955847908  0.10410608288429746
  0.12235037902404026  0.14016896698350129  0.15763803525536932  0.17422113906755199
  0.18914789618728572  0.20388072247438049  0.21962525641345804  0.23614005176942746
  0.25237578129103005  0.26876220963049319  0.28496247732365032  0.29989556439067389
  0.31329751735789146  0.32699581225059016  0.34044160549710217  0.35363910327333964
  0.36709671800715671  0.38048134698583247  0.39361735011679100  0.40613696095864610
  0.41875195375684010  0.43095296183636950  0.44323931327263133  0.45569272015868056
  0.46814454391283417  0.48054953535633138  0.49320849426523899  0.50516673519734023
  0.51659386918722272  0.52911141269446549  0.54147941889593842  0.55373117852059328
  0.56526567126357119  0.57584800458308472  0.58596088570974314  0.59587962957357832
  0.60557369992247323  0.61501218817105141  0.62471442638130081  0.63545519849350063
  0.64659359176802023  0.65755204502713194  0.66859699132116290  0.67970884654374908
  0.69048321030930881  0.70058534860849830  0.71094377737168202  0.72106875902213374
  0.73139783981000861  0.74176077920772598  0.75282167110990816  0.76415860802088931
  0.77529945142106027  0.78614176026367055  0.79646183618596078  0.80626812770250311
  0.81559137780881530  0.82452457051593175  0.83347295829981960  0.84260950872435747
  0.85158592984932646  0.85989732036078970  0.86753191424446841  0.87537610228525464
  0.88328568811417663  0.89107189551939425  0.89823575201960182  0.90517845502034078
  0.91209152035237684  0.91877242459012187  0.92541786134952131  0.93185762957150275
  0.93789778490748932  0.94374224767479242  0.94941492057635746  0.95475765085856490
  0.95958249745989721  0.96383491229731411  0.96764321372299189  0.97118585174053429
  0.97425262930850576  0.97721329172418536  0.97992975510179137  0.98255145415874934
  0.98507575444628326  0.98749586150177793  0.98980866288870806  0.99192276357931830
  0.99395577879932728  0.99559793371917227  0.99664660077223954  1.00000000000000000
  0.00857516140359536  0.01870060601905408  0.03013589512660557  0.04121327513376593
  0.05213965084455669  0.06304687947983548  0.07365880642577535  0.08348872733876866
  0.09276281609973332  0.10214215784401691  0.11230551716719850  0.12324461126342473
  0.13443418054423606  0.14546688492826260  0.15711913610649364  0.16834476467701687
  0.17794786973544602  0.18685082229206851  0.19573131140606620  0.20479713723451548
  0.21411768182716906  0.22347411981002629  0.23284201469084645  0.24222830474418022
  0.25144587497803295  0.26112979389701313  0.27151676000847558  0.28257982781925034
  0.29428588072386769  0.30567613455082765  0.31634364227164075  0.32628811149356585
  0.33585746042725856  0.34561411292576477  0.35536777569051625  0.36540080346323262
  0.37589222743823059  0.38651268449376114  0.39730694958745849  0.40734659914239774
  0.41729585300999167  0.42707520366072660  0.43739283770650234  0.44704219030182812
  0.45610438241322177  0.46516328145522035  0.47445845399382314  0.48480429652394197
  0.49554672862777538  0.50781998493554836  0.51980910940043312  0.53122456083776826
  0.54222250757446966  0.55309373370831161  0.56441250920962671  0.57563651625871870
  0.58545779973114132  0.59415140823542478  0.60347197952055553  0.61303685015675458
  0.62221862526947702  0.63072897841986952  0.63888127673293227  0.64795917345979082
  0.65911658931603789  0.67047922239626490  0.68161131582899537  0.69239686794722288
  0.70365070360959325  0.71401477447437034  0.72468639393949852  0.73525397848106055
  0.74657446770898528  0.75844890400348031  0.77028959116169315  0.78198967496722838
  0.79329730424437817  0.80420185003205169  0.81508816256351602  0.82579638639898323
  0.83622872746008936  0.84611425394170303  0.85668304934856276  0.86796900365608154
  0.87968744469931504  0.89173092779069207  0.90311383217917451  0.91375009775969784
  0.92388804830610038  0.93362774052060105  0.94366471634515425  0.95419205160153897
  0.96530419160428260  0.97672886946221482  0.98814104205772368  1.00000000000000000
 -0.00095495727897740  0.00472584416455715  0.00717870792262714  0.00972630312280965
  0.01285600713882586  0.01616390261676129  0.01976633183984249  0.02365697533985613
  0.02771274907893979  0.03234676593846379  0.03716577796789996  0.04241368846787768
  0.04807747481769521  0.05401095420666441  0.05991390250339498  0.06591300338267493
  0.07201758510743782  0.07836815501808202  0.08514483645217563  0.09246214556640961
  0.10009104422286663  0.10754459085042707  0.11473176074328417  0.12278157411208676
  0.13144995499827494  0.13967047277295921  0.14791123167802561  0.15624428191898998
  0.16493638649425191  0.17401115532110387  0.18352971269073390  0.19308333651840082
  0.20291676654664106  0.21214281278787361  0.22170177956621481  0.23117263178403830
  0.24132910026502577  0.25205668891419575  0.26326502442460403  0.27432486306798087
  0.28527627642126030  0.29664669657354986  0.30778265513195618  0.31838817644738565
  0.32883876603638557  0.33964500340226800  0.35097118993519655  0.36251101703021460
  0.37396869828941864  0.38554911112578166  0.39773815471617641  0.40852809306750881
  0.41923673297861591  0.43009481041207820  0.44166044493064122  0.45337138167754482
  0.46490205703260146  0.47660362619842994  0.48881757567611828  0.50151207628607586
  0.51442620142875051  0.52730364487537418  0.54061749927038505  0.55414925473397514
  0.56717134994997753  0.57945131395368987  0.59143861163092804  0.60349707418495757
  0.61517610635842501  0.62692628766639868  0.63872325697848631  0.65043896558536018
  0.66207088804617420  0.67502551157414359  0.68873173086035155  0.70272860411368687
  0.71688300458318177  0.73107916643150528  0.74454841266145211  0.76057724184218201
  0.77747688031357443  0.79404949520453638  0.81004091916679943  0.82565110584476087
  0.84095734487512197  0.85613591520231425  0.87153667460911388  0.88706370726996275
  0.90216425509511333  0.91601426871401126  0.93039855836791097  0.94478521145861649
  0.95839962152584535  0.97189180744347392  0.98578421456067411  1.00000000000000000
 -0.00283851228054177  0.01235249429008681  0.02341023848005746  0.03289854426951989
  0.04265322677150642  0.05267091772477033  0.06255335144095561  0.07220002515540024
  0.08131810875055566  0.09141253141654646  0.10220594625879822  0.11258423197142109
  0.12319935159476317  0.13401125312773673  0.14501365715832643  0.15627198508769480
  0.16711316860223674  0.17667029747605001  0.18576915980349834  0.19469801892373920
  0.20348463056122082  0.21238099797921706  0.22141338056686630  0.23066214232043786
  0.24076071814708441  0.25112603857766835  0.26161238337571702  0.27285597317968763
  0.28433045261011580  0.29469368301962290  0.30389392329238030  0.31326314748157114
  0.32324800590786079  0.33344435745383694  0.34302517425910661  0.35276126278684294
  0.36348780521963892  0.37483322734807700  0.38534724297967038  0.39517376129332316
  0.40444633438899363  0.41420641125808561  0.42438846867869162  0.43424505452335538
  0.44426511034000415  0.45461300670975063  0.46531962475646133  0.47638151532167633
  0.48763107962716978  0.49882048890577452  0.50964338704332879  0.52061232812174874
  0.53266546677901661  0.54421366096956558  0.55462545228708882  0.56396028063166670
  0.57264929864211866  0.58144709612348455  0.59077616810591160  0.60058855026240388
  0.61107588444860172  0.62037413988989221  0.63023906802998442  0.64030619169319603
  0.65077196674290616  0.66139003535439056  0.67183526319592635  0.68287584053099326
  0.69528260367626560  0.70860384135986909  0.72122572134240637  0.73334749430193802
  0.74558590240317535  0.75833562224868989  0.77130943566622157  0.78333800519441266
  0.79471939188039908  0.80572890112280415  0.81711359836673814  0.82844165580403628
  0.83946764319874223  0.85065730728798516  0.86062689898961797  0.87081945689632401
  0.88113150371731497  0.89162316299902911  0.90184802547478116  0.91184626037661354
  0.92278792468975668  0.93467100768702349  0.94618315614988258  0.95696101416511148
  0.96783890903189773  0.97907957335279461  0.98998473880288052  1.00000000000000000
 -0.00215363069091912  0.00951876652698188  0.01943612835916618  0.03022675461010812
  0.04116932382953591  0.05265115928682726  0.06345645689596946  0.07490389211896412
  0.08595598932298273  0.09635250821655215  0.10633951804151121  0.11606999672005487
  0.12541244911343694  0.13431095031201307  0.14314676011453625  0.15246465150393476
  0.16255246187364736  0.17283109367860414  0.18328130580777571  0.19422306795609542
  0.20528244617034802  0.21543538085589051  0.22482186260505466  0.23444469687019037
  0.24450868422477506  0.25491167844559015  0.26582741096771778  0.27833056530898076
  0.29206225905802352  0.30241347170654043  0.31278608250039192  0.32289714387957408
  0.33372319940010498  0.34538054337595914  0.35636433874996953  0.36663086834448294
  0.37630533180642245  0.38559290920622302  0.39498379944082807  0.40471409136279402
  0.41518637449345708  0.42616272261891874  0.43750455327439552  0.44921429773570143
  0.46027968858183382  0.47038712071362604  0.48053083922966350  0.49103585696936536
  0.50119722799409583  0.51061195265817949  0.51962320477634094  0.52946731490415266
  0.53958850719157880  0.54983216533633106  0.55983372085148919  0.56961777822122883
  0.57951420374118934  0.58988603631926162  0.60090571298315987  0.61224486217401475
  0.62367112690406989  0.63465663203118960  0.64533582849352977  0.65601955821021485
  0.66654942386638039  0.67663635738049399  0.68662919764171593  0.69711118077103207
  0.70774539104740164  0.71789337862582514  0.72753309694161128  0.73682840050826581
  0.74618728461776929  0.75612160637186399  0.76666876686527929  0.77715242749134883
  0.78722332186510835  0.79753472822330818  0.80856121698295580  0.82006991661564244
  0.83223473624165656  0.84493379403768332  0.85798287144465979  0.87070724081788631
  0.88340368017186655  0.89537548336486772  0.90669199604072737  0.91758745397368136
  0.92814449744040683  0.93840944548862493  0.94846618446751174  0.95855806559893830
  0.96860680900080298  0.97913996374578349  0.98966696964644774  1.00000000000000000
 -0.00209375924177798  0.00856981234370639  0.01846836857262706  0.02794192190512314
  0.03764524098309744  0.04691356160709514  0.05561346200714696  0.06460114642417111
  0.07336427402051778  0.08169099545452134  0.09044891363182454  0.10026510441836037
  0.11099893115698378  0.12163434378822255  0.13185038092373033  0.14262041669933456
  0.15413930517921159  0.16511055067341454  0.17651946285118031  0.18728100037328790
  0.19846642275737097  0.20924281287696847  0.21969882212042130  0.23004267675310344
  0.24105067777457664  0.25341497789231843  0.26465361149787187  0.27537979519819589
  0.28572350267697366  0.29650594482698106  0.30747642130150948  0.31868821564677380
  0.33013404652737621  0.34076472119960682  0.35084276684798543  0.36054681133058114
  0.36988179912627639  0.37992211134523363  0.39025509134579339  0.40065449788849461
  0.41018855610982602  0.42018005352131427  0.43057499495257434  0.44042847027231025
  0.44962185585662301  0.45874861418888446  0.46782090873822596  0.47721957721780889
  0.48747252989322132  0.49939195821495375  0.51132647411461818  0.52291510810403041
  0.53414467313355796  0.54544366598784433  0.55544649614538932  0.56579003379935844
  0.57660949619024404  0.58806104546092264  0.59974020415196483  0.61132404927942985
  0.62283990225570329  0.63414442585818798  0.64506701151920265  0.65560757261351366
  0.66627927563777745  0.67758849554561329  0.68908391087035736  0.70011777520131380
  0.71117726710120510  0.72264028037187789  0.73398970176210021  0.74531985098641085
  0.75695694806488900  0.76949429552259274  0.77967008268295235  0.78827985655863575
  0.79663751295229346  0.80518533606947384  0.81485346018469074  0.82517077819572815
  0.83510991823445158  0.84631467276261629  0.85726073256287549  0.86789698928269454
  0.87807505293093768  0.88765084238240877  0.89766346471925662  0.90835545736624757
  0.91940426230773731  0.93081029114561253  0.94146071801806219  0.95193542704953216
  0.96255489607145372  0.97448043530636130  0.98689959733034127  1.00000000000000000
 -0.00212955900884392  0.00802615199603763  0.01798605967711801  0.02786027716236304
  0.03785909959361151  0.04766291180580318  0.05729894386674432  0.06686576435349764
  0.07665143483765242  0.08676845690301155  0.09666597906943430  0.10627768697351768
  0.11571396809201920  0.12544574545231538  0.13581712105906085  0.14632671424296315
  0.15696798090700531  0.16789455507911441  0.17908487377316393  0.19043252199602498
  0.20164232242124874  0.21247231709582715  0.22307791044336803  0.23388896306509363
  0.24521851701122402  0.25700768704376376  0.26783523954355559  0.27960757345678927
  0.29113780809277545  0.30234392284529460  0.31329837518410736  0.32474759831799216
  0.33593871089094107  0.34689619894209123  0.35742630921297031  0.36837394046396127
  0.37961416573684703  0.39153293840323461  0.40338028374972024  0.41430920579101432
  0.42484620381806981  0.43558128171018962  0.44723942534903516  0.45938745711166123
  0.47185783173973322  0.48429322879658732  0.49603754621613300  0.50711143805227443
  0.51735493705723368  0.52790760826477523  0.53932700124876565  0.55088656237304223
  0.56200876922832643  0.57287488509179185  0.58379095687170923  0.59499969527998409
  0.60705502330415773  0.61990783818248962  0.63286154906568459  0.64542608917376432
  0.65761178245212826  0.66929582140228838  0.68037423778925632  0.69091208997991160
  0.70104778618865315  0.71145490819725243  0.72159406521233171  0.73172310026446685
  0.74172501951253167  0.75167414205305361  0.76140847673907053  0.77134453406968195
  0.78242114001419127  0.79358634047146059  0.80328817643253980  0.81221465298500828
  0.82114832638075475  0.83094654201906881  0.84038061622195248  0.84929954892556137
  0.85796905432719783  0.86752408526242009  0.87781376368728559  0.89009790501764741
  0.90079376037076198  0.91069687949131861  0.92034369674792460  0.92949360513664780
  0.93838197218356201  0.94724469762045438  0.95617582558479508  0.96504514385287266
  0.97416279455753274  0.98311348785487396  0.99173655246634429  1.00000000000000000
 -0.00273474241871731  0.00996635277917956  0.02078177702862447  0.03141036089093872
  0.04171779525890459  0.05131834289962453  0.06149984025914659  0.07088567837748144
  0.07981859097121305  0.08864624075826581  0.09723736118728039  0.10644198942418023
  0.11623631914312912  0.12686104192132855  0.13845203932155317  0.15053482772274704
  0.16240951480214122  0.17383574496647197  0.18453923255163107  0.19510055064218887
  0.20498981024322929  0.21500124465619383  0.22496013223061542  0.23582132165095387
  0.24624801264092730  0.25655973364541401  0.26665458616912963  0.27680160710392882
  0.28687613840236742  0.29741068603242909  0.30808822639982614  0.31982934940531099
  0.33169449525190359  0.34280680712176942  0.35290804024545352  0.36233610927696736
  0.37146299591717075  0.38094084966281044  0.39099630958024106  0.40150879029382103
  0.41210240652703911  0.42261869882998138  0.43319374639862240  0.44350833655984850
  0.45348738774862235  0.46375439417890746  0.47375592390825427  0.48342237264260995
  0.49302080887357008  0.50209307549735971  0.51087455877117582  0.52000475117672229
  0.52920447571903428  0.53792773438685393  0.54635343149385174  0.55430396441346774
  0.56206411852040628  0.57058852485270461  0.57995613320148331  0.59041313229289138
  0.60126419725605940  0.61186417795112535  0.62245412032032688  0.63380427559039554
  0.64561303768056078  0.65767710017389613  0.67021936973795471  0.68307195308303503
  0.69605069913696238  0.70867180687516307  0.72126022142358837  0.73334163920907203
  0.74498276386638662  0.75625155430885915  0.76721267868775223  0.77769160410163451
  0.78758281091486226  0.79791853209401231  0.80854139958485982  0.81917225510610414
  0.83000634947746732  0.84177153600959775  0.85363518454798248  0.86471839020477204
  0.87563135114045643  0.88678618426790023  0.89756153664087390  0.90781978828601706
  0.91826056746038265  0.92939881999267737  0.94142458179774391  0.95288682905414457
  0.96458042009559863  0.97621576915035546  0.98821802656727142  1.00000000000000000
  0.00877017985451027  0.03784158603307722  0.05643476618677119  0.06883927245359989
  0.07902922938399218  0.08803670368022876  0.09630232577791402  0.10407257049409546
  0.11146505197047708  0.11857428556301906  0.12579408768242195  0.13276180416315692
  0.13994107283550650  0.14669796926668971  0.15325621401976244  0.15985432527159565
  0.16643620301282980  0.17313244195143715  0.17967725875138998  0.18621811683576905
  0.19287723571126403  0.19933408173333225  0.20576132865037136  0.21195775697857910
  0.21842700166698023  0.22485303431710366  0.23147960698738698  0.23825180317892150
  0.24515846139169037  0.25212000170901200  0.25937715605029199  0.26642042386004972
  0.27336737935017935  0.28025359064050320  0.28692709668869121  0.29340121215346859
  0.29962938015770940  0.30567667670553050  0.31206613179607234  0.31868416461422733
  0.32576274127513222  0.33278106084467951  0.33952580639794300  0.34608527401481604
  0.35278631488460305  0.36008177118218293  0.36787328252734758  0.37571831082290197
  0.38370216828702064  0.39151598553555017  0.39913016749502439  0.40658885896798441
  0.41379445021719397  0.42129790316910265  0.42873757218921599  0.43602221395458679
  0.44306315342668162  0.45009292104487597  0.45738530403531397  0.46441707886999628
  0.47118717042496949  0.47789996937101004  0.48444543949437402  0.49099074207214094
  0.49748150332355734  0.50498109283480630  0.51292671471726292  0.52089503346284249
  0.52934902895903280  0.53803361272229111  0.54716082662363097  0.55648514946403305
  0.56560421195711474  0.57480205941333085  0.58359014594208536  0.59194202613091618
  0.60038807858496623  0.60936300936793231  0.61917048907440653  0.62943774370205341
  0.63976885314723153  0.65086856008941640  0.66332059538312038  0.67591389916059186
  0.68883032821148094  0.70280924176603976  0.71729479398787510  0.73243800605187115
  0.74820559991900737  0.76567567474080733  0.78478286137108066  0.80525601620351750
  0.82725692000501527  0.85383710525845258  0.89760213223101781  1.00000000000000000
 -0.02042848821335295  0.14968761816374224  0.20218034038586763  0.23270129414190810
  0.25605704755690889  0.27593973770644220  0.29303479807151511  0.30820405471082735
  0.32291518797985608  0.33636053972460533  0.34799065916638722  0.35843379015530619
  0.36813268894638529  0.37759668494594267  0.38550944713156932  0.39328033735434320
  0.40065821087558379  0.40818245583491808  0.41548646802931272  0.42227833192379638
  0.42865356917701536  0.43507154653353325  0.44196733299297614  0.44892164581064825
  0.45587131577004952  0.46221356645402933  0.46833027487874179  0.47419534788401102
  0.47988665760175403  0.48558419989769763  0.49135239099118971  0.49712770419902041
  0.50278196159569488  0.50822620952293995  0.51352568512512531  0.51885288742663804
  0.52453701448889356  0.53051854121070874  0.53644105466061487  0.54209242462333462
  0.54746612718266752  0.55265008623360601  0.55770391931868513  0.56265983921678198
  0.56718860902238388  0.57167460204015796  0.57617826402224392  0.58054932715826901
  0.58499151527995452  0.58943130842976077  0.59394918361035864  0.59862958397044885
  0.60346553931556079  0.60848423902940518  0.61363046856186609  0.61850289170484718
  0.62313961204747081  0.62795771065070072  0.63308074671975034  0.63824468183683969
  0.64335382223932069  0.64842122502149691  0.65349348310288868  0.65863909686235567
  0.66389564540721169  0.66872761390521085  0.67340168540229772  0.67809751126009810
  0.68306948844916682  0.68813541935902878  0.69315833884670541  0.69808397296501767
  0.70293738180714160  0.70783608959265187  0.71287890308995783  0.71809693481329284
  0.72354230744534453  0.72930044351416945  0.73559044557515096  0.74203289577708575
  0.74842970959234945  0.75502315770280126  0.76189904419562138  0.76910969991434674
  0.77674380340735005  0.78495095523097924  0.79357948695506664  0.80275140577058646
  0.81270265957391130  0.82360427316761575  0.83579168230234724  0.84990135020150404
  0.86690653511459670  0.88853953340896641  0.92034827576503087  1.00000000000000000
   1.8642734869513057E-055  -1.0000000000000000     
 T F T T F F F F T T T T T T T T F F F F F F F F F F F F F F F F F F F F F F F F F F F F F F F F T T F F F F F F T T T T T T T T T F T T F F F F T T T T T T T T F F F F F F F F F F F F F F F F F F F F F F F F F F F F F F F F T T F F F F F F T T T T T T T T
  <DiscreteSampler_grid>
  grouped_processes
  1 # 1 for a reference and 2 for a running grid.
  10 # Attribute 'min_bin_probing_points' of the grid.
  1 # Attribute 'grid_mode' of the grid. 1=='default',2=='initialization'
  0.0000000000000000 # Attribute 'small_contrib_threshold' of the grid.
  0.5000000000000000 # Attribute 'damping_power' of the grid.
 # binID   n_entries weight   weight_sqr   abs_weight
    10   10   1.020166212463213E-044   2.762058687722184E-088   1.020166212463213E-044
    11   10   1.020166212463212E-044   2.762058687722182E-088   1.020166212463212E-044
  </DiscreteSampler_grid>
