 -0.00013626464172228  0.00594302575171523  0.01620190978877849  0.02760161418135983
  0.03886752989460243  0.04989763368381567  0.06082171969841854  0.07162473713532988
  0.08226651482145386  0.09280136320567538  0.10307296617499419  0.11301092781709975
  0.12270279566045283  0.13207860933236801  0.14165557168480161  0.15138868021370308
  0.16111748588698832  0.17060583741489246  0.17985047579099991  0.18886669951199547
  0.19780540111602835  0.20667242042262013  0.21552644134861210  0.22423579892187018
  0.23286461515863810  0.24168772991433213  0.25041780006549430  0.25908715931158643
  0.26762041214526400  0.27603150195480913  0.28446277581201312  0.29325089503407759
  0.30185927562066134  0.31041455770823623  0.31894027845926665  0.32749752218659528
  0.33594738365527721  0.34435255183541108  0.35284110725096601  0.36148713302210023
  0.37018269608385834  0.37876796694285464  0.38718781110481854  0.39544450645367363
  0.40346497673845205  0.41145820479982054  0.41939227729897488  0.42725796706551211
  0.43536534219199524  0.44363005174276710  0.45187620415088492  0.46006585042225595
  0.46818270791068145  0.47625585174057794  0.48445018445697907  0.49290835453874648
  0.50131976406908418  0.50969780077104843  0.51815495379078891  0.52674754536730606
  0.53538383850831783  0.54410841268922094  0.55298314886248023  0.56176311578416116
  0.57049401420708090  0.57928197932979730  0.58823574290307734  0.59744981474523551
  0.60696115318384136  0.61665776157012975  0.62635384883614909  0.63597708091245753
  0.64554699135107552  0.65503347809074997  0.66478478827598009  0.67461134614398499
  0.68464565914760300  0.69496416310949549  0.70549240629099697  0.71611822629117627
  0.72781099867329235  0.73983390958322037  0.75225882744265393  0.76500290110218427
  0.77782134572245099  0.79067757004232175  0.80345037304267031  0.81797113561918511
  0.83339295443687211  0.84941552906141671  0.86619511086111078  0.88395542892938861
  0.90461209712818824  0.92971850981807214  0.96106783099092197  1.00000000000000000
 -0.00255808757428357  0.00945923349050806  0.02000929520392950  0.03122413124049635
  0.04233441681936595  0.05305742816802887  0.06360534444620088  0.07418072967571852
  0.08481554073359923  0.09551639985041939  0.10609424180935789  0.11650404420516909
  0.12718030198526387  0.13864400082853481  0.15013938202163404  0.16159451391761392
  0.17315666723759052  0.18456551393055373  0.19579183440885536  0.20725085657708725
  0.21915789456843041  0.23084987492069092  0.24193866532426100  0.25265084932935061
  0.26332756235156607  0.27418272404980515  0.28511661820902462  0.29594740724617036
  0.30668410387533307  0.31749613465289295  0.32859108005961685  0.33971924530029751
  0.35044992269810910  0.36106477230247441  0.37144720806093212  0.38203219606951833
  0.39275309811701464  0.40341770733346449  0.41388330893944458  0.42448045934475342
  0.43504492593385113  0.44554222788005737  0.45552457162117393  0.46580817832194044
  0.47667581062863118  0.48770660061085908  0.49877339255585734  0.50890210562491156
  0.51880829828260921  0.52876809695421867  0.53889937643702246  0.54892234001119611
  0.55863255970985304  0.56870000778831264  0.57941507627828825  0.59022107108085542
  0.60103095397866702  0.61194574317888117  0.62294800045863119  0.63384041041373629
  0.64469994450435020  0.65571712645989311  0.66662443573057262  0.67685853234023108
  0.68711671027109722  0.69746778500273743  0.70773817043262954  0.71774164010697661
  0.72770587145768384  0.73759058417937540  0.74735789343401460  0.75720375932289830
  0.76692437691689597  0.77664407507795430  0.78646555600014190  0.79628275080086430
  0.80630407647433577  0.81652663025507466  0.82683020166505550  0.83669503576132598
  0.84652248905413119  0.85667128088196653  0.86729377601464652  0.87751563258429932
  0.88738291904919353  0.89745928148382825  0.90755019766490153  0.91808249050037904
  0.92856433079748923  0.93876739390905162  0.94922263610845781  0.95957487114312101
  0.96979317019083544  0.98030121180306329  0.99024375788779784  1.00000000000000000
 -0.01116861812484157  0.06733151057978588  0.10567174300172068  0.13318291541896474
  0.15684049472288247  0.17822766541731475  0.19779008044343044  0.21563394125865665
  0.23248633192622972  0.24749002184670629  0.26136579339884236  0.27422109919138965
  0.28628801344523380  0.29801405946603254  0.31005591943601757  0.32247259897255826
  0.33482716648900074  0.34676809841426187  0.35790129657035746  0.36837379770024176
  0.37884692668921938  0.38933540053794707  0.39942662866270606  0.40889944951498469
  0.41816073047402202  0.42745624748452882  0.43670839268384914  0.44546668034109599
  0.45409882164930626  0.46260174436556306  0.47109373386032072  0.47949395638977144
  0.48770410227415395  0.49582267311667727  0.50386591682743742  0.51184783597360939
  0.51974698518358664  0.52763706331803806  0.53557440248221144  0.54366866050461216
  0.55204984865107554  0.56045052839763809  0.56870076038470618  0.57663441699237272
  0.58453768092913216  0.59230093613567536  0.59999258332618999  0.60762857507074031
  0.61526855303693673  0.62280783919656335  0.63023227984672792  0.63764954396791107
  0.64500884490375165  0.65208606692422211  0.65898701028825157  0.66581194570789703
  0.67224750135967848  0.67863871436943479  0.68520668866335865  0.69182857622107108
  0.69862837503387998  0.70539605519787996  0.71216673053879509  0.71906541043692429
  0.72605533341217199  0.73304534139365285  0.74002836876327960  0.74705038108682431
  0.75416835065695731  0.76131983140940185  0.76846399393824660  0.77579487162126393
  0.78331946965095589  0.79089821525536097  0.79849802477563225  0.80599199921757037
  0.81348603305076150  0.82048164380863475  0.82760106415062806  0.83462476078184000
  0.84160307160722525  0.84883921688409181  0.85630966424718558  0.86419423974258625
  0.87223663378255067  0.88054198238684800  0.88891931137019986  0.89730488625976557
  0.90599969962597893  0.91533166002002408  0.92550996736790303  0.93623175059747210
  0.94764370600850312  0.96037077997252762  0.97697732527281966  1.00000000000000000
 -0.02060654293785712  0.13173566656940727  0.18013434972234238  0.21134189255307956
  0.23770014210188906  0.26125461206225092  0.28229888325969799  0.30112920459681530
  0.31830536105137236  0.33450363851612530  0.35032871330093635  0.36517443606207922
  0.37939916626906817  0.39309142884432974  0.40569799414489810  0.41745251504958686
  0.42863711143541577  0.43935610710384881  0.44957572663127077  0.45936837618741411
  0.46878018226332335  0.47801568727166455  0.48757927893038022  0.49686199253789393
  0.50612033388863675  0.51522328137271800  0.52419449871017965  0.53308329795182430
  0.54167198981934073  0.54967547883378298  0.55765199430123980  0.56515483693290680
  0.57218745096460710  0.57909241824038848  0.58575142034844363  0.59202904313891158
  0.59810786585737252  0.60424353058384683  0.61052048774137424  0.61676481382488824
  0.62291694925936636  0.62905936051690325  0.63520781013434058  0.64130319605474173
  0.64734215888992974  0.65339724709415559  0.65938371075596802  0.66528056016601367
  0.67113655143887041  0.67675438281584910  0.68225955204910282  0.68763032523500101
  0.69296750715268918  0.69834687047559441  0.70380895934775889  0.70936081199283185
  0.71455349022397330  0.71978247595391787  0.72489552758046150  0.72994137694263272
  0.73489528819117744  0.73982848533527368  0.74474961429284181  0.74969552037822362
  0.75469393754261893  0.75965483814318435  0.76455729208841550  0.76955918436664195
  0.77434755030427982  0.77925226865463848  0.78420045439930652  0.78910134066895021
  0.79391520763437629  0.79866875277189853  0.80345291147821185  0.80844209345770002
  0.81339604190887504  0.81831837477109515  0.82320462903238678  0.82809061266325712
  0.83307404819304709  0.83815620832333726  0.84330774451815205  0.84856403048194773
  0.85405203508277749  0.86007174930149466  0.86657890879020627  0.87309191337527392
  0.87997358145529814  0.88725333776101289  0.89531825319089331  0.90506380484533755
  0.91657369285122581  0.93053162573885906  0.95163758258834485  1.00000000000000000
   7.5512760533918170E-007  -1.0000000000000000     
 T T T T T T T T
  <DiscreteSampler_grid>
  grouped_processes
  1 # 1 for a reference and 2 for a running grid.
  10 # Attribute 'min_bin_probing_points' of the grid.
  1 # Attribute 'grid_mode' of the grid. 1=='default',2=='initialization'
  0.0000000000000000 # Attribute 'small_contrib_threshold' of the grid.
  0.5000000000000000 # Attribute 'damping_power' of the grid.
 # binID   n_entries weight   weight_sqr   abs_weight
    10   10   1.583279717404756E+004   9.111108822980878E+008   1.583279717404756E+004
    11   10   1.583279717404756E+004   9.111108822980878E+008   1.583279717404756E+004
  </DiscreteSampler_grid>
