 -0.00029284403989843  0.00686472229807735  0.01724378685681083  0.02800095046319897
  0.03934906071027042  0.05022748523515879  0.06088677978500827  0.07198766160691068
  0.08273404109443266  0.09331023271038794  0.10373603856851751  0.11395659439458000
  0.12404296471345255  0.13391270819409096  0.14369079204909055  0.15331633688303742
  0.16253183861033074  0.17146390191157879  0.18025151060676295  0.18928012037434305
  0.19849170233609598  0.20775119204665712  0.21679337613488797  0.22556974433360988
  0.23421078367395248  0.24291780064208340  0.25175614969560073  0.26025517813838395
  0.26877235540867145  0.27730345163037567  0.28622806764617775  0.29522831511848047
  0.30414326781652928  0.31286614512620492  0.32130090390298560  0.32967927863948532
  0.33796063652227926  0.34610235437054160  0.35427668594994355  0.36247676649650334
  0.37046861705782863  0.37836363840203319  0.38613264875278991  0.39376363093862971
  0.40146277876970482  0.40922390261618691  0.41702015566690526  0.42473802028995322
  0.43269238918090036  0.44081390517011265  0.44897256404440233  0.45708590484487638
  0.46503560070895339  0.47312131325707635  0.48129658362322925  0.48967120035275752
  0.49809741706176269  0.50653340256683399  0.51497847707101441  0.52337356755757036
  0.53161675295112898  0.53987590475348013  0.54815514849104818  0.55652866671524570
  0.56505882741690361  0.57371928826779417  0.58245732825978735  0.59126142772455081
  0.60020898669050282  0.60929965916758844  0.61885539399690759  0.62853704004816402
  0.63832049815772740  0.64812975995491240  0.65783304203552972  0.66794664566957074
  0.67810340261173341  0.68829701231775453  0.69872447148431183  0.70951870880052981
  0.72066804171060528  0.73251430550453922  0.74455345882646584  0.75663535785733160
  0.76883670620056055  0.78156557152031536  0.79527896841725698  0.80967877721809633
  0.82428190840309201  0.84045083696640477  0.85808835905870595  0.87734415800289711
  0.89913152934371809  0.92600137015387951  0.95989330296467135  1.00000000000000000
 -0.00218947699724613  0.01079950456340225  0.02162349921145570  0.03171982436783684
  0.04162691989564844  0.05140723947245242  0.06129467331351211  0.07124387630594510
  0.08128140169807409  0.09209188949032242  0.10315765034361050  0.11411901098593755
  0.12497986170542134  0.13633487362857907  0.14778470233447774  0.15906682860073224
  0.16982595246344628  0.18059379632629372  0.19107362594384134  0.20096770410524747
  0.21054638087765182  0.22038462734702383  0.23033713570969602  0.24001338100043254
  0.24967891875224027  0.26005821386580219  0.26997581061301990  0.27991315944468043
  0.28964385067005510  0.30155869863215817  0.31353257863256517  0.32448991693926804
  0.33572277372908249  0.34704679823999773  0.35768885892817720  0.36751148414872137
  0.37738646471539794  0.38770439504979382  0.39798474049003851  0.40774406473300545
  0.41788690098751802  0.42872343954963182  0.43925110608703960  0.44960544520847884
  0.46017282328207815  0.47222166257184950  0.48352844735180112  0.49354670343155260
  0.50350859790939972  0.51342535568063352  0.52359498914727642  0.53379550755420935
  0.54382516323569319  0.55398203065003837  0.56429690486091100  0.57522213167075587
  0.58619694197709615  0.59722406408250872  0.60806611133122668  0.61856178276221929
  0.62895590340634688  0.63968515539064397  0.64997250671744533  0.66031880323842485
  0.67119905423987969  0.68276921368684784  0.69453869906456556  0.70572069217796374
  0.71843402511055787  0.73093877901124882  0.74305346637273872  0.75436822029589579
  0.76500421419741627  0.77565970918595961  0.78634607328067863  0.79704572804528906
  0.80773638663202141  0.81882239763026243  0.82995364878219269  0.84022959976743317
  0.84987732204066579  0.85997514762493554  0.87044960923643222  0.88065399327643368
  0.88986776941111501  0.89963620575728831  0.90994856459603024  0.92046426647395119
  0.93084105209190593  0.94099762178455848  0.95093347783346338  0.96067850391178922
  0.97074053039237373  0.98054856783572375  0.99030474584374295  1.00000000000000000
 -0.00892742185895423  0.05491714057461308  0.08849361946532638  0.11292665611086516
  0.13296489587175087  0.15144729805910087  0.16733871077675774  0.18181384642493370
  0.19519835185070306  0.20804108334619947  0.21984680492802247  0.23124157801100637
  0.24297690243157608  0.25447059968781205  0.26528430879334997  0.27553325838324516
  0.28554291855877378  0.29507488954828542  0.30421712307448273  0.31298362571274796
  0.32123078718314807  0.32900893626513811  0.33670665893607971  0.34467004557689396
  0.35288834888898019  0.36133466669720282  0.36954647828763676  0.37756258530622039
  0.38490951651514260  0.39231161920956897  0.39950259908272240  0.40646279757904019
  0.41347203925452353  0.42035865760809715  0.42735930217482870  0.43418152604075599
  0.44113087819334607  0.44824057043355475  0.45511816136999039  0.46236483134233836
  0.46988246936149930  0.47765323694014616  0.48537233638869431  0.49309067828377234
  0.50033566623670567  0.50727387972019522  0.51420330648096135  0.52115142487948818
  0.52803073279346835  0.53493642273910180  0.54183143070615614  0.54857166278677127
  0.55536156860991570  0.56211891604711839  0.56875162969137349  0.57510224015929512
  0.58130790438299584  0.58808938273056932  0.59505617648169984  0.60199799039133262
  0.60872502731302547  0.61551552735260939  0.62263003411725737  0.63037590494716733
  0.63815952980995216  0.64611720389289007  0.65450573309193183  0.66319250523054996
  0.67155167798635451  0.67921139058083180  0.68691481126146481  0.69438351567346990
  0.70189468384743003  0.70949552003358429  0.71705650651497166  0.72480825607426969
  0.73304798982270125  0.74165327133262182  0.75030041268899605  0.75896150444877830
  0.76778400570567840  0.77637098949530525  0.78487961799132933  0.79396260424594600
  0.80326434783719569  0.81279448144173128  0.82258182437125582  0.83276482851604483
  0.84506447547343921  0.85798301530193888  0.87154541766026339  0.88651526109673440
  0.90315989156256204  0.92219385704761214  0.94877033306464276  1.00000000000000000
 -0.02012345879156190  0.11519418840668151  0.15112736592235834  0.17477210518671224
  0.19178268993776468  0.20677989245629569  0.21939764613416782  0.23078891915362487
  0.24149342078265615  0.25147866754030795  0.26108836546959480  0.27077974375052821
  0.28028513190626847  0.28947131585702629  0.29779238286693016  0.30627196199753060
  0.31397382776213018  0.32140465307971039  0.32866922222998229  0.33587596914513840
  0.34286962899964901  0.34953138151255148  0.35576891701674485  0.36151274772372183
  0.36721382068874009  0.37303202319638828  0.37898534543388440  0.38476731283506266
  0.39047766654598970  0.39614351535448833  0.40181309109765095  0.40750506708058737
  0.41316647980388044  0.41892096845742333  0.42486817650580083  0.43066700650847262
  0.43637211283484029  0.44203683714718123  0.44772681596401415  0.45353249463350936
  0.45908863942161043  0.46448407015817439  0.46984775842665305  0.47506295579379337
  0.48013445714041614  0.48498330236794990  0.48979537402495965  0.49476582556131427
  0.49972534584599743  0.50460677146847155  0.50947626443974092  0.51437046123741414
  0.51924212185250773  0.52419168986618814  0.52915319313088327  0.53421536675738934
  0.53932754819770601  0.54472485431089746  0.55019727403589802  0.55567038636438093
  0.56118828799336962  0.56700662117589629  0.57293256932843672  0.57876363881823989
  0.58454374750983296  0.59032519450154275  0.59618216568503246  0.60219752814453553
  0.60820824093050818  0.61429645060273586  0.62044815133055042  0.62662262339952224
  0.63230493985425984  0.63799396846359935  0.64361969793350937  0.64961471334413945
  0.65593493125239954  0.66255394248782629  0.66943443513359191  0.67680786247824287
  0.68430310012893536  0.69251929382746891  0.70147811877093746  0.71076892128494673
  0.72041045241195101  0.73086364680272908  0.74196444049500054  0.75364478887722197
  0.76562485504114530  0.77868819457611382  0.79272184945038338  0.80842136127003239
  0.82626971954399342  0.84833567513237818  0.88230672057497883  1.00000000000000000
   2.1066105809750575E-009  -1.0000000000000000     
 T T T T T T T T
  <DiscreteSampler_grid>
  grouped_processes
  1 # 1 for a reference and 2 for a running grid.
  10 # Attribute 'min_bin_probing_points' of the grid.
  1 # Attribute 'grid_mode' of the grid. 1=='default',2=='initialization'
  0.0000000000000000 # Attribute 'small_contrib_threshold' of the grid.
  0.5000000000000000 # Attribute 'damping_power' of the grid.
 # binID   n_entries weight   weight_sqr   abs_weight
    10   10   3.080216940206253E+003   1.597084429051771E+007   3.080216940206253E+003
    11   10   3.080216940206253E+003   1.597084429051771E+007   3.080216940206253E+003
  </DiscreteSampler_grid>
