 -0.00030253046330126  0.00678996355083787  0.01688881849636683  0.02750823950305566
  0.03904609614876105  0.04992848282706230  0.06076650790741032  0.07163523690148173
  0.08200198328495105  0.09208873093509666  0.10231710065318081  0.11240473317782268
  0.12245553874137181  0.13232224790696151  0.14179840319112588  0.15109132093440722
  0.16035451915886523  0.16949654429304428  0.17879847877988983  0.18816770708884764
  0.19761395092679329  0.20686973202074385  0.21593994173562683  0.22490406595982895
  0.23408336306011190  0.24321949741319163  0.25235340235400339  0.26141642725009828
  0.27057590439499096  0.27981618861199364  0.28904615087813179  0.29809771221562703
  0.30686869686230694  0.31549855577150804  0.32405753905195112  0.33247938001203936
  0.34070801812560025  0.34884207200342948  0.35699392095771371  0.36514601275892611
  0.37357692351361954  0.38165024461236752  0.38958062081276396  0.39744766086181005
  0.40527063774672051  0.41314862088195498  0.42105906579082747  0.42896278526417736
  0.43702854097622440  0.44553494913105468  0.45387294259499117  0.46216792046861171
  0.47039065066721941  0.47847807589930458  0.48660427155148173  0.49481926509234758
  0.50304196886075903  0.51134284763624027  0.52115904931194768  0.53093323078891930
  0.54060206904736074  0.55016201826473343  0.55965547057251630  0.56916263497759711
  0.57864286303995638  0.58797901128981811  0.59744773829554387  0.60711014521725581
  0.61701353265115055  0.62728632652289362  0.63744683496291910  0.64764209530369254
  0.65748737166649229  0.66709030986895068  0.67674408914341577  0.68639663725313693
  0.69640424758282360  0.70654673747535690  0.71676635282249890  0.72728425905175964
  0.73811235187855417  0.74911372625858330  0.76026106097585300  0.77166848628279894
  0.78344684541637144  0.79590640511001964  0.80875162902403397  0.82191591626619354
  0.83544294920033635  0.85014531378139613  0.86798174170345144  0.88638535478138503
  0.90673744898252839  0.93053558475739562  0.96170996555795996  1.00000000000000000
 -0.00235613077485025  0.00933017787494494  0.01985925899537274  0.02999023621039284
  0.04020201900038779  0.05043592890443381  0.06076399658217450  0.07126958972148663
  0.08160502932392018  0.09168964389842489  0.10146612313998395  0.11138552837984238
  0.12125376289748878  0.13166323533739979  0.14250300642561892  0.15358403227604570
  0.16482275245016551  0.17578797150255202  0.18623424691312532  0.19624994919995772
  0.20643133799147043  0.21755642779136569  0.22987751739381945  0.24180703414871574
  0.25356971355423524  0.26488408670101760  0.27597161998235820  0.28680885400882483
  0.29793828124117699  0.30935616830656681  0.32073172270675027  0.33205930150262319
  0.34353084367745357  0.35440877172923213  0.36438359140428933  0.37422219813042951
  0.38419512066333839  0.39403771297964862  0.40324781791064529  0.41195676973333112
  0.42107894048571382  0.43060916317100656  0.44049025157829841  0.45002141443161620
  0.45958469594854773  0.47007018580730547  0.48050685153707351  0.49087010318743829
  0.50067944120492314  0.51012694026653427  0.51958975796879769  0.52939496440948930
  0.53948375589282926  0.54965900457895511  0.55973184505320928  0.56995148199875889
  0.58045968609318210  0.59163541749177995  0.60298730791050692  0.61384214240371593
  0.62464238307579978  0.63559721453761053  0.64600768087341909  0.65572768920536539
  0.66517288040203770  0.67498827635052538  0.68508749292443505  0.69540556234620299
  0.70600979454834500  0.71719112878731006  0.72865716156854698  0.73980776067840370
  0.75063290261500804  0.76093359625984869  0.77098596249246809  0.78082034451176130
  0.79062825476693066  0.80054846196634011  0.81079455555471569  0.82187348602636878
  0.83326563304306611  0.84455185987262682  0.85560898044061806  0.86665272835229301
  0.87745078385811215  0.88830297076491249  0.89922950511448252  0.91050457788987316
  0.92139244157194145  0.93234371109974667  0.94315831516650495  0.95425990694442409
  0.96532053366132620  0.97656307291845557  0.98821201803555647  1.00000000000000000
 -0.00879416149311972  0.05947381612760085  0.09594649419120803  0.12257883054556173
  0.14429712492100005  0.16342958231603760  0.18079423027457509  0.19701609875991227
  0.21199949255889153  0.22566625692080103  0.23857498642910976  0.25108662367553536
  0.26352150398908103  0.27539301239558911  0.28687670974844265  0.29805774415793596
  0.30892346171330998  0.31939994157425355  0.32945664223420779  0.33953387408659824
  0.34925866665787303  0.35888953744620150  0.36847947464508929  0.37776898412432075
  0.38674100532982997  0.39543365083869753  0.40401370796307090  0.41253662247470457
  0.42109501737240490  0.42967225685653454  0.43838894342850832  0.44742963332077729
  0.45651327612892029  0.46499471117494462  0.47304731130574479  0.48121765307339870
  0.48883313820181362  0.49638973583063623  0.50339873466281448  0.51033763189229886
  0.51729261065585985  0.52416085221166431  0.53092486035013409  0.53770341045335346
  0.54457561958857914  0.55134556152755276  0.55800880269797148  0.56470768579068553
  0.57151295874493646  0.57832103525563006  0.58531974685668209  0.59277663238287992
  0.60050789907932189  0.60813072914687294  0.61549622056577058  0.62259336353984907
  0.62954482112660981  0.63647344614900081  0.64341279145961860  0.65045584255589051
  0.65713683846412707  0.66407291400543611  0.67099813279147014  0.67795686357718776
  0.68496380359378317  0.69232741459584379  0.69995617412830102  0.70750652178027273
  0.71518698677590598  0.72291623518032566  0.73070952016772583  0.73854226798315303
  0.74599556450407745  0.75325133361263030  0.76027128802136645  0.76725005099439769
  0.77418323162573244  0.78114151484024341  0.78830328029035479  0.79588862732061305
  0.80369875357173481  0.81181795009500179  0.82047163355352160  0.82934733219508472
  0.83830936681072388  0.84779251996942573  0.85748195625508106  0.86716248553228226
  0.87701464053152933  0.88714129923453700  0.89780377215237073  0.90947219765270471
  0.92282426812612695  0.93925251523475028  0.96248321251321900  1.00000000000000000
 -0.02034200757894368  0.13684717577419173  0.18298922032196768  0.21197233801911847
  0.23544965304806365  0.25486617070801093  0.27271544249407426  0.28950514197462079
  0.30532245415976950  0.31933502393090424  0.33175655287405226  0.34327806549011852
  0.35396779421537850  0.36376012037551014  0.37329174507136847  0.38289090740876836
  0.39237819280099179  0.40136244521826775  0.40992657599070687  0.41850835899820993
  0.42695460228673893  0.43510385388663486  0.44261868198550669  0.44977371162121282
  0.45672764492365076  0.46433696798012247  0.47212001470645665  0.47978458674748747
  0.48702695767300402  0.49396989975413386  0.50078995800347770  0.50759629742721812
  0.51446344372464170  0.52115137678076195  0.52725799733988765  0.53302825038964596
  0.53880736906564319  0.54444971537634335  0.54997271293991323  0.55531144240102059
  0.56049662879505413  0.56559982301625134  0.57071562760315575  0.57588752737742033
  0.58109834348910372  0.58615018941347430  0.59126836830467666  0.59622677339451069
  0.60110485833080129  0.60605930199358982  0.61108883182008478  0.61620186466998661
  0.62123374222601468  0.62636367107622115  0.63161463261169570  0.63685186187800713
  0.64209382021712758  0.64735463661069481  0.65236217899547011  0.65735015325953428
  0.66240999392783406  0.66738735509069058  0.67232982165015021  0.67731200271270109
  0.68226147890647848  0.68723778781040201  0.69225730423231913  0.69729696772875027
  0.70239888890368729  0.70769157223628398  0.71323699476806079  0.71909852459579526
  0.72482490951168677  0.73039032947053528  0.73598096360961673  0.74161119482712112
  0.74733083084525465  0.75339499391845632  0.75984015829656859  0.76632278490297046
  0.77295639146395101  0.77995248885018986  0.78714839245366364  0.79471144973105401
  0.80271128066065722  0.81097840981549663  0.81957891647389725  0.82859677402436616
  0.83781887946271361  0.84729896875780408  0.85743812493941074  0.86922567171045861
  0.88311072152554737  0.90095222878343750  0.92931638118571103  1.00000000000000000
   8.0478854230298086E-009  -1.0000000000000000     
 T T T T T T T T
  <DiscreteSampler_grid>
  grouped_processes
  1 # 1 for a reference and 2 for a running grid.
  10 # Attribute 'min_bin_probing_points' of the grid.
  1 # Attribute 'grid_mode' of the grid. 1=='default',2=='initialization'
  0.0000000000000000 # Attribute 'small_contrib_threshold' of the grid.
  0.5000000000000000 # Attribute 'damping_power' of the grid.
 # binID   n_entries weight   weight_sqr   abs_weight
    10   10   4.729856577621624E+003   6.152891927270570E+007   4.729856577621624E+003
    11   10   4.729856577621624E+003   6.152891927270570E+007   4.729856577621624E+003
  </DiscreteSampler_grid>
