 -0.00027490721510725  0.00655600124376981  0.01645862088019189  0.02721647303435297
  0.03824690008863390  0.04947542328078994  0.06107837946413310  0.07230140890010345
  0.08287311268488327  0.09305867571972803  0.10311936819965148  0.11317415805302690
  0.12293027223579270  0.13231571139507611  0.14135381529177582  0.15037112224958762
  0.15945244591916857  0.16906465225224060  0.17832565865932468  0.18737776219973273
  0.19623689686027601  0.20506285051709597  0.21392186273486116  0.22281397298942951
  0.23173937340600234  0.24067292440826471  0.24949281258386780  0.25813652346642491
  0.26667320868990052  0.27521450098296252  0.28375747392642148  0.29222313048850707
  0.30071745574894265  0.30942380791249968  0.31788367436463483  0.32676274713053333
  0.33563161584648404  0.34435640444063559  0.35284382891741439  0.36126164701259122
  0.36968667745492040  0.37814071036065194  0.38662126705232336  0.39504077136782301
  0.40331022295769253  0.41155515824714500  0.41993935622924050  0.42853523411950895
  0.43714827934220191  0.44564997576199333  0.45426987888419323  0.46340199782734259
  0.47255327064645442  0.48180717788264926  0.49101370752824164  0.50013809091011241
  0.50913095367133998  0.51794501353717104  0.52668962037638611  0.53544295767461081
  0.54406157711041048  0.55277125627527124  0.56152624144768404  0.57028599622931497
  0.57914809603350492  0.58810765211807792  0.59700170225860449  0.60580181263132760
  0.61461105192137588  0.62343703603402278  0.63224297605157742  0.64110740539806343
  0.65033861604653964  0.65991828196970281  0.66965565507690217  0.67958210204403013
  0.68963144441224034  0.69976026004338576  0.71006044472373897  0.72071122181722935
  0.73147680483125688  0.74225905117197510  0.75300327833468084  0.76407866478985242
  0.77598218783039918  0.78849716050513696  0.80194299651919820  0.81554008701245873
  0.82988216921123170  0.84577721681193796  0.86352688605428496  0.88293647458100166
  0.90393480062110221  0.92840134859169476  0.96153547426514996  1.00000000000000000
 -0.00245114345324572  0.00956807410540583  0.01961127782378994  0.03005995344340112
  0.04041195883715960  0.05094912118436372  0.06160702589921413  0.07243487894046002
  0.08313141640790012  0.09405863714310113  0.10474945443401612  0.11492158243795396
  0.12512815792695320  0.13551108786117544  0.14599000863053052  0.15627638279544506
  0.16702637961660396  0.17873216047980414  0.19037729738116677  0.20180848912002514
  0.21275894668836109  0.22327352324390543  0.23343785532094166  0.24347114060974342
  0.25328184256014580  0.26320562966619293  0.27330177857061599  0.28448686008798341
  0.29527751109884337  0.30538781748846283  0.31586386139073058  0.32674163563386566
  0.33715658810196464  0.34716026996809585  0.35729199515152338  0.36789916239579046
  0.37858040277934313  0.38893138612351530  0.39895026287476981  0.40873217442054122
  0.41870663851732526  0.42931609493263262  0.44016962010128952  0.45136729910543621
  0.46262849117885690  0.47362794190323809  0.48414510113408959  0.49423187204668673
  0.50423956609345288  0.51432134599073076  0.52484578285441574  0.53628359381391011
  0.54731174162388030  0.55825416610662815  0.56948467125367375  0.58086223106879253
  0.59113201526981107  0.60091128207328914  0.61082353355236274  0.62087353080665686
  0.63081207976199960  0.64105136349894853  0.65160609264557423  0.66263743781628959
  0.67302771007389650  0.68304203698676269  0.69313621551719351  0.70346379580886531
  0.71411446727561922  0.72517724951500884  0.73618084342780743  0.74757386829639549
  0.75802432434158729  0.76826289929808189  0.77848724718025419  0.78870256594993871
  0.79835495849882387  0.80791005857683951  0.81792397056744048  0.82814621599495697
  0.83807901560976217  0.84783513844390934  0.85790979486723662  0.86812106582927773
  0.87850671226176746  0.88907412186057300  0.89946250089364677  0.90966570561646520
  0.92044039863992200  0.93186745396754600  0.94320264852753066  0.95381222068001714
  0.96520825953179124  0.97721547579355850  0.98892855748188724  1.00000000000000000
 -0.00956841903179355  0.06193816550943239  0.09877254206504962  0.12409284627066074
  0.14530392633677108  0.16440817450884354  0.18182119675948982  0.19782572351733507
  0.21293698549415987  0.22724737400912798  0.24082489489023232  0.25380572806774432
  0.26630905684176837  0.27800634640976790  0.28894477905093341  0.29937502761053214
  0.30953117528987617  0.31956981360779696  0.32936334631700143  0.33944317467172125
  0.34963802394855148  0.35912522600721558  0.36808546442773937  0.37741770470529473
  0.38687729799853582  0.39617150669922208  0.40494492918943531  0.41357806355310051
  0.42222710530890911  0.43095821874271034  0.43946765859663028  0.44719912189267885
  0.45513450157128083  0.46248943454484703  0.46980538620885420  0.47722633565479483
  0.48481822722781981  0.49244540246069535  0.49988470745121227  0.50717372249268544
  0.51431489572077294  0.52153127451431835  0.52892579602555934  0.53641278504083900
  0.54382678729380529  0.55130492523348051  0.55867079887308091  0.56598777771492692
  0.57325374925622696  0.58044790591931472  0.58796408455816029  0.59590199184020887
  0.60397375234758843  0.61193495491146566  0.61952007885865679  0.62716116214310347
  0.63470661034036246  0.64215044610659411  0.64935521224765214  0.65638820404573617
  0.66361036270909457  0.67101871347025921  0.67834077743553378  0.68543395197630186
  0.69251691906980828  0.69963141515436800  0.70651952509564941  0.71396198724701398
  0.72143329552484248  0.72917785124944978  0.73675949527805096  0.74417300902256667
  0.75151263281157243  0.75888389567748882  0.76629020732666053  0.77379684481734035
  0.78144468517185561  0.78927025346821289  0.79732893641889380  0.80540248591639974
  0.81323304294306242  0.82088849799609809  0.82860188100475818  0.83674272679590844
  0.84528037851499405  0.85390188526046518  0.86290976563311139  0.87236965466942384
  0.88259968869099181  0.89338495924645200  0.90433276737423574  0.91613303156023196
  0.92974086582368320  0.94579974917641862  0.96738948999108687  1.00000000000000000
 -0.02128481745885488  0.14476465144189005  0.19602367194793058  0.23027363934008707
  0.25684366157492339  0.28000351945292956  0.30127304567072594  0.32062395441561842
  0.33893267220229656  0.35586716026819243  0.37095806625760963  0.38444754442326051
  0.39691404593451612  0.40889716264107567  0.42053634679190349  0.43144676943646415
  0.44175370254236684  0.45168356824886824  0.46112341111259764  0.46978357881088961
  0.47813921087881045  0.48625082199803771  0.49436535400911935  0.50247453332053726
  0.51051799224679706  0.51812561984457250  0.52654643401782464  0.53519368693277536
  0.54337441640802675  0.55125729917047706  0.55873863362101606  0.56574115530483082
  0.57235528885884723  0.57880038789942512  0.58496319732104451  0.59068766726722388
  0.59647670405258391  0.60220707921232275  0.60803958012935444  0.61373123985798173
  0.61923362460252063  0.62474124637535766  0.63057558746390019  0.63641554147375889
  0.64209763826473965  0.64760443333208395  0.65300398796367420  0.65842579254267464
  0.66400413759401844  0.66916622458389263  0.67418414147231487  0.67914386180803510
  0.68399243563019740  0.68870362856248080  0.69330053454675589  0.69792255449566865
  0.70265591724384469  0.70740105114118479  0.71202847017395188  0.71648490039666601
  0.72093406838890095  0.72531545984732759  0.72987775175367264  0.73457871797542518
  0.73930947675746528  0.74404288166486388  0.74875508171191341  0.75343260428020820
  0.75809967030016989  0.76277722034182815  0.76744041902924875  0.77222926439399608
  0.77718189682600436  0.78215451482205089  0.78717102477106937  0.79224508200092292
  0.79742661514903768  0.80265834602707298  0.80785507226140552  0.81313043535418250
  0.81852146087957633  0.82407084570188238  0.82983204595950044  0.83571703937267905
  0.84184031814947669  0.84805780240486528  0.85456083937944882  0.86149598416478035
  0.86855760162836237  0.87621687439235596  0.88469220441169560  0.89428863757779165
  0.90620451944538349  0.92189926584772774  0.94552797279619072  1.00000000000000000
   2.0095681246075116E-008  -1.0000000000000000     
 T T T T T T T T
  <DiscreteSampler_grid>
  grouped_processes
  1 # 1 for a reference and 2 for a running grid.
  10 # Attribute 'min_bin_probing_points' of the grid.
  1 # Attribute 'grid_mode' of the grid. 1=='default',2=='initialization'
  0.0000000000000000 # Attribute 'small_contrib_threshold' of the grid.
  0.5000000000000000 # Attribute 'damping_power' of the grid.
 # binID   n_entries weight   weight_sqr   abs_weight
    10   10   9.264643153233246E+003   1.826085901701426E+008   9.264643153233246E+003
    11   10   9.264643153233246E+003   1.826085901701426E+008   9.264643153233246E+003
  </DiscreteSampler_grid>
