  0.00971640230933241  0.05261474785656407  0.08460614496360772  0.10980832912967518
  0.13105820391687403  0.14902823918323405  0.16549316950371232  0.18139190870857977
  0.19665220422113450  0.21104945813941067  0.22518200288134027  0.23976968437364962
  0.25465655801676168  0.26975483331375721  0.28472205504233650  0.29982354750224260
  0.31477267886268440  0.32945043223444587  0.34390949407821375  0.35828483250191329
  0.37218878285229035  0.38563188881888977  0.39863728352327205  0.41092129932324317
  0.42397121258102100  0.43741507014354630  0.45098062336713723  0.46400605254761423
  0.47690526793639787  0.48942186603623677  0.50127307873088556  0.51311776547720633
  0.52505985887950402  0.53800252193695486  0.55056763125405961  0.56291667126789080
  0.57435221131243386  0.58582348990673971  0.59690679335889862  0.60804037699140467
  0.61930634464227141  0.63021563761348165  0.64080153103910931  0.65149810152214849
  0.66230738201931250  0.67256954245023770  0.68221187355621860  0.69205231712634496
  0.70198243118953307  0.71156407481918271  0.72075318637485986  0.73001225191157260
  0.73950704189401040  0.74891219368870310  0.75816809092334425  0.76720859163109312
  0.77595453693407579  0.78473105622271622  0.79350226560219828  0.80151320479935562
  0.80957457896531904  0.81740072501412464  0.82523594689512814  0.83348594114507712
  0.84190002176907730  0.85037534406506765  0.85872811279922556  0.86681183983699095
  0.87443362883394793  0.88163467157508801  0.88884683580060042  0.89589302568385609
  0.90260825940672418  0.90900445186318035  0.91491771925661214  0.92054530872400797
  0.92586655252841121  0.93110164789434513  0.93665989042067721  0.94227661074871716
  0.94777861212494752  0.95307740667799623  0.95822030903803912  0.96311520822546892
  0.96772479774163600  0.97211597337526534  0.97605917307017942  0.97974450509172795
  0.98296248486998872  0.98586583390673810  0.98856023813810656  0.99085868240503250
  0.99311515170401343  0.99507827229143786  0.99655086157598405  1.00000000000000000
  0.00911643702972147  0.01594831485105735  0.02542658015766520  0.03550960361855068
  0.04504375100637289  0.05554026003631848  0.06604920349196033  0.07683280394331143
  0.08696037323748296  0.09692196085125249  0.10696240983805272  0.11610151413025724
  0.12510684573884273  0.13482173018611995  0.14534631385362340  0.15689405988846331
  0.16814596963849723  0.17918933686118696  0.19055402420896847  0.20223738682727685
  0.21387495146512164  0.22484967725548205  0.23545840699364817  0.24596926974420735
  0.25646248495684870  0.26720279599749797  0.27720804977936842  0.28661024318433276
  0.29587784612933032  0.30519227162149865  0.31420673805867289  0.32295186753977789
  0.33188418328092129  0.34143710071959599  0.35075151503064550  0.36006430472849449
  0.36891252962979926  0.37832830914068272  0.38810587542471492  0.39773607448939968
  0.40743551579626636  0.41706135498243818  0.42759529699352600  0.43873262759605741
  0.44935659200982891  0.45932254951050056  0.46883859021351987  0.47834371941411374
  0.48790760157840440  0.49748497283091569  0.50753122431078901  0.51810909461767396
  0.52926547113715749  0.54046698827193385  0.55123980958286167  0.56248334621467688
  0.57458289167499532  0.58761677178788341  0.60014430926153661  0.61229047485726529
  0.62350796341384807  0.63390781138100172  0.64381848067834857  0.65369022961618495
  0.66423730299832684  0.67460921847231803  0.68460675109262858  0.69433845987878295
  0.70453838366607524  0.71487227673287923  0.72467100543924767  0.73411019408000977
  0.74324034557565521  0.75275982885267412  0.76304606617071702  0.77374951076655518
  0.78459606216319666  0.79564626789602755  0.80730110241611563  0.81820807645481464
  0.82896786756878549  0.84052912387875300  0.85252127647181453  0.86338484754506628
  0.87363165783630148  0.88412473431218375  0.89515092310219568  0.90637892549694388
  0.91806296229222062  0.93027336761812696  0.94195348663470801  0.95281568616815293
  0.96354226492065187  0.97483876970523498  0.98706017525876200  1.00000000000000000
 -0.00088354337514265  0.00453796899741078  0.00686517028869202  0.00924850361513555
  0.01192245739585042  0.01519085994932111  0.01874235985968868  0.02265546609509209
  0.02689689980030434  0.03123102829883962  0.03624056106736904  0.04130228222483712
  0.04634302380082452  0.05211735026737904  0.05838950103101653  0.06501360982993215
  0.07191639049340444  0.07903605779800910  0.08621542631047169  0.09391909387670463
  0.10223339145583819  0.11074979845139597  0.11859922300872215  0.12624301190116799
  0.13414604081187012  0.14264302274029927  0.15185906407069241  0.16144778237049368
  0.17148404937956621  0.18076376218863716  0.18978915936686255  0.19878475588558020
  0.20789396876143135  0.21731665374874667  0.22668267323370123  0.23545296386701550
  0.24447712237264563  0.25371478958471005  0.26332302655902357  0.27366107385572513
  0.28494511779643972  0.29693754560476832  0.30904673397957633  0.32054659862296331
  0.33408217793620099  0.34584846347877563  0.35688087945305369  0.36797347794695595
  0.37896373253299254  0.38990654180730999  0.40082119808933364  0.41146250777451798
  0.42215792058298185  0.43302729494982828  0.44400267638662155  0.45505149319372346
  0.46613261197950207  0.47804947535807440  0.49059198108045804  0.50357311392763571
  0.51660601955992580  0.52950967226186818  0.54280181411153139  0.55631098059121598
  0.56966483689189973  0.58285147061202913  0.59608374335478020  0.60996750826176926
  0.62438467046089507  0.63864119641980954  0.65278054217009962  0.66678428454572714
  0.68090369518640514  0.69494574954847199  0.70902384351349723  0.72307875006341471
  0.73668513638530697  0.74973069837471840  0.76445892888955258  0.77896734286792102
  0.79332904111269886  0.80760037936799811  0.82171267346667998  0.83552632066806765
  0.84984218859976701  0.86539189436132080  0.88074848511355208  0.89476326242235538
  0.90837683042185724  0.92135624900622304  0.93447335367016804  0.94753766674731532
  0.96070227174960077  0.97389730827561460  0.98699227374395604  1.00000000000000000
 -0.00167191652181823  0.00828663656390634  0.01683957585895944  0.02607615587653036
  0.03577576081482005  0.04554301344554029  0.05497591819375347  0.06477959732007357
  0.07588992314491536  0.08771823288001795  0.09965379467262893  0.11135034527339892
  0.12288268344174491  0.13476010153584267  0.14633906419729245  0.15714262873957216
  0.16751445268792364  0.17801539980852829  0.18821678567600214  0.19812335988509711
  0.20849218152342880  0.21953771770366959  0.23023499713986545  0.23999465279903615
  0.25007685790985651  0.26118516515824219  0.27325959742160455  0.28532761326043243
  0.29657638336486136  0.30732997927348144  0.31815716176898878  0.32903275918487601
  0.33981680905723238  0.35029305832142410  0.36038097026146970  0.37007977584110568
  0.37926146561529789  0.38873703737996829  0.39855645148668278  0.40847552589894065
  0.41853822826629788  0.42902394270958877  0.43963519130396983  0.44967776056761033
  0.46056515803921322  0.47202362386849611  0.48376475765270355  0.49417094116332205
  0.50447214191865308  0.51532469999096020  0.52701002564836519  0.53893380449114192
  0.54932363177348076  0.55909239434344371  0.56913009029576600  0.58027885654114486
  0.58938995603722610  0.59830540033440049  0.60708228166215261  0.61742865104529210
  0.62723504668230901  0.63658960427291245  0.64625704391742977  0.65675096945944966
  0.66750853029171386  0.67808202189989930  0.68888323295899256  0.69991201008648685
  0.71066727396990947  0.72075431181695271  0.73078380612343086  0.74058941477497264
  0.74955466342837596  0.75813892087742762  0.76700549134902807  0.77716245795713457
  0.78863348270624800  0.80077730562887173  0.81308137482149145  0.82477462573337057
  0.83545305294958305  0.84636695340596269  0.85697772345885537  0.86822722283408948
  0.87908620704823537  0.88938393340597444  0.89931911450049462  0.90907685649441183
  0.91927650310681208  0.92989956544585151  0.94145027890591149  0.95357160019847664
  0.96595719079713727  0.97798425890063723  0.98918775349199140  1.00000000000000000
 -0.00242465031248534  0.01219473982607404  0.02319398245499400  0.03376375726334830
  0.04428632583883509  0.05563527379911317  0.06660135767250973  0.07715656529581652
  0.08786157489746410  0.09844448638569152  0.10839955417700986  0.11794156332225612
  0.12800100066299971  0.13875585976251861  0.15015940621229332  0.16193998270948651
  0.17389707976127258  0.18587594080894462  0.19678720147575526  0.20724021579480345
  0.21745275221568403  0.22727522819600784  0.23670983920968097  0.24595972176674355
  0.25554415010393233  0.26571885226704983  0.27621385640521973  0.28665107316252925
  0.29724435667615223  0.30812514866313678  0.31904713706904186  0.33005806176519825
  0.34124317224029826  0.35156807002549684  0.36156183417416837  0.37121290747771180
  0.38153561855960705  0.39225797256710926  0.40365440917206086  0.41523556618057000
  0.42614614208127566  0.43655108837944540  0.44703149734279590  0.45763127737485843
  0.46834151459167039  0.47904317408542374  0.48991681894218303  0.50060187367418474
  0.51077798479536107  0.52099278225844181  0.53155506730405133  0.54263468723283415
  0.55378707198508326  0.56438144313604766  0.57469918300493272  0.58512990340810989
  0.59577378350623655  0.60661604003803549  0.61764925731820708  0.62911536907277632
  0.64091167527490411  0.65207154129624745  0.66263859205919218  0.67277052325215947
  0.68267854526560423  0.69263808796007131  0.70259676892168166  0.71259603767730251
  0.72265014108205405  0.73285979590764672  0.74296929867221784  0.75254521589340539
  0.76142753444276112  0.77061571876317259  0.78082235852114479  0.79089726254851500
  0.80052745967936412  0.81002454254158252  0.81991636348968799  0.82969683109197023
  0.83929560716524965  0.84834257010763203  0.85760343776295089  0.86734588454326100
  0.87747928649825357  0.88750072651490142  0.89764690170775274  0.90814194281973515
  0.91952234704390290  0.93100646679098464  0.94171681402663021  0.95212032261202317
  0.96302217962000081  0.97493079169577757  0.98758950000388324  1.00000000000000000
 -0.00241402108862877  0.01091432501207176  0.02239877039807849  0.03353382936234362
  0.04370122239071146  0.05322888799958637  0.06264083968765134  0.07140571430741315
  0.07965857581787818  0.08796154280597589  0.09633363938418203  0.10525814970563353
  0.11491202241525890  0.12483945255562406  0.13497896926630878  0.14572292010385005
  0.15772815185275363  0.17008668110610975  0.18201667018020457  0.19336566774875810
  0.20418994051425626  0.21512749734087075  0.22587886731782392  0.23653546147431789
  0.24710002056492206  0.25778175767837730  0.26792833416980594  0.27725058218697407
  0.28634292455929561  0.29588538795000713  0.30615363238381005  0.31693589060530947
  0.32816617859024294  0.34014326962331959  0.35220842297563754  0.36382800860881270
  0.37477576961709119  0.38503368896722084  0.39515841048022360  0.40456426295440207
  0.41357337330550770  0.42308387465402880  0.43323989384883560  0.44438732628436162
  0.45559272371491738  0.46687773962544743  0.47884607525121553  0.49068549197045519
  0.50281461703268382  0.51479460510580710  0.52654196018817712  0.53868117902656931
  0.55074654573939030  0.56235839203105220  0.57307762955456587  0.58293655959552293
  0.59281799867824836  0.60275346979210975  0.61275613848521671  0.62214588075833244
  0.63182696560476348  0.64125962862619923  0.65074523313285748  0.66003310744916655
  0.66932453166038230  0.67874463380897931  0.68795140217614170  0.69731084138962507
  0.70728558627534155  0.71729736002064692  0.72659736070124881  0.73557066267449045
  0.74475443344076941  0.75447922995260552  0.76405763741339316  0.77459688259339032
  0.78642268369120127  0.79922999975836218  0.81320810088328155  0.82726771814139588
  0.84008305645755177  0.85153430945893127  0.86232601893393102  0.87308733629037227
  0.88329962140801233  0.89308299090209198  0.90303079690750010  0.91324135837300346
  0.92379262880847812  0.93422868008975046  0.94493438506014193  0.95543031201843887
  0.96555724891193140  0.97601587512472687  0.98720790973055006  1.00000000000000000
 -0.00226804125625763  0.00869756892118519  0.01853692104573016  0.02802103434132500
  0.03722267977946712  0.04623149176910803  0.05501005327852067  0.06383731301933054
  0.07359190190761195  0.08417851975457372  0.09501273379278105  0.10595823483691164
  0.11586926740589037  0.12544311195431007  0.13421138949765510  0.14330713464802494
  0.15295051132212295  0.16314419039358968  0.17307042748780463  0.18285529500848455
  0.19310331075734735  0.20411682773340969  0.21496709343010506  0.22580266743432001
  0.23569299386587586  0.24489021545575354  0.25356818563414446  0.26212517641329119
  0.27068206261076544  0.27942305046039062  0.28861977882546391  0.29888079948727886
  0.30987689728649770  0.32109548430949381  0.33257951951517362  0.34481184819788069
  0.35712335490248998  0.36874242948944391  0.37981844576566676  0.39105982807497003
  0.40336036442864615  0.41644554545315865  0.42947783624488733  0.44231368556956252
  0.45478170934168216  0.46674852477590806  0.47858074572577919  0.49040494130880413
  0.50179098214103957  0.51287859903626720  0.52454823460430122  0.53639026763934983
  0.54831973307125936  0.56079396049601438  0.57358277971542804  0.58618436226026138
  0.59688546979942692  0.60708369815619889  0.61680562611370615  0.62613298761768410
  0.63546082791915426  0.64532113620833964  0.65572944116094023  0.66603278515186215
  0.67655308505672973  0.68716085610310407  0.69776746071852902  0.70804399085812109
  0.71779472468659999  0.72717730831150584  0.73752890382129088  0.74900211278818030
  0.76117988861358410  0.77328814624494047  0.78557980938021343  0.79679758613807572
  0.80677671514067706  0.81644960140726142  0.82614795681015096  0.83627520027795477
  0.84663163004425834  0.85762367158944586  0.86895358437191961  0.87962120245441033
  0.88977099057836140  0.89984203865179380  0.90990627442510563  0.91979617520503965
  0.92939306131768917  0.93920620915576036  0.94985613584124751  0.96042720321503205
  0.97068053073751837  0.98021050906471097  0.99017442397967481  1.00000000000000000
 -0.00193659965769806  0.00940176731071747  0.01987977298197454  0.03078608647736328
  0.04222077532652263  0.05357764087274856  0.06524326995172539  0.07713794153997922
  0.08817927514059866  0.09843799382801670  0.10826738524886168  0.11822423486870631
  0.12906280876928702  0.14063671492411145  0.15058456158045744  0.15939900635178722
  0.16823836672706879  0.17677283189329407  0.18571450848252014  0.19470233509614979
  0.20340287616907735  0.21391109996519755  0.22538450460627726  0.23641414440836792
  0.24693725127692545  0.25737391513106556  0.26838045000073774  0.27871069451108454
  0.28884161558678217  0.29910317155342669  0.30946429483743132  0.31965965874125113
  0.32973360794912510  0.34029077949036007  0.35155703875868805  0.36253885224825261
  0.37304144130888245  0.38336750099732847  0.39372722016817535  0.40367897109886769
  0.41374887602883892  0.42371707420716193  0.43416220017075474  0.44552366021067108
  0.45736564530891138  0.46832187087318911  0.47869626435993307  0.48901441160925213
  0.49929906858789647  0.50934579743869701  0.51940039725952125  0.52891147806346350
  0.53823226348814657  0.54761466072462095  0.55680918784631073  0.56588284149810231
  0.57531010190453347  0.58589275458947532  0.59729769265028465  0.60868850669258023
  0.62024394806260874  0.63179265445236232  0.64333647113732328  0.65420392315331022
  0.66514459341005461  0.67626154595641286  0.68725708320251722  0.69827787851065015
  0.70958273242866832  0.72104514015388421  0.73241245433240665  0.74295545486509018
  0.75301144303831191  0.76303659373113342  0.77322909578321075  0.78403335300515009
  0.79550858026839366  0.80803079387985244  0.81954432671870592  0.83041735084651358
  0.84133736452449714  0.85256391999614878  0.86317447606798081  0.87316165511389843
  0.88282914555865688  0.89302124241574365  0.90365787604199910  0.91453228193645109
  0.92558323590547420  0.93697310915417686  0.94834557069622261  0.96004517170281967
  0.97116461901920403  0.98148837191469407  0.99065964795333838  1.00000000000000000
  0.00328996850216000  0.03640462457622236  0.05377832729847443  0.06527163067052985
  0.07588409145671421  0.08619295700875403  0.09630830476006787  0.10574500772412115
  0.11442095393616923  0.12264431751799454  0.13046408568865034  0.13765316160962784
  0.14466434935593878  0.15113078224222989  0.15751931318684784  0.16372051850407651
  0.17007260487293180  0.17651802844000133  0.18308233519521960  0.18946311352147169
  0.19545242895258919  0.20122579921155556  0.20741373963558016  0.21471433953402436
  0.22291201566142835  0.23109167792866017  0.23833980961293308  0.24544062324713531
  0.25249304834007469  0.25991436874190232  0.26733508023669889  0.27452923736370910
  0.28152279102133765  0.28846321848841777  0.29536185019906341  0.30175601521600659
  0.30833618660769235  0.31509812159915546  0.32174056085125458  0.32833415298495577
  0.33425289696956695  0.33992132496818078  0.34570092589596485  0.35137863369696076
  0.35722815185490125  0.36335294142137303  0.36954159682567334  0.37626974770863969
  0.38284148441129323  0.38953407528074069  0.39548935943566332  0.40280374359914134
  0.41029989664519678  0.41799763326163264  0.42584626080986110  0.43366844410932059
  0.44146921726777738  0.44931471093603587  0.45713479802898677  0.46529376254432248
  0.47341210413086526  0.48194560969052508  0.49029184860146352  0.49836723242828362
  0.50618650711437918  0.51389440423561306  0.52174822897035189  0.52983406722292836
  0.53813743022763127  0.54659647865481731  0.55498164190160548  0.56357951697359754
  0.57219644402712233  0.58139888957847219  0.59079007344243228  0.60029773711765377
  0.61003692398188691  0.61935501547622240  0.62880014986617561  0.63871498372407787
  0.64992315621834473  0.66119021249593657  0.67297316269865370  0.68542774895563785
  0.69841624553240389  0.71209575915816270  0.72642858477317662  0.73949036044523986
  0.75300068249700769  0.76814570005083782  0.78644110994659489  0.80816796160704552
  0.83396182685597109  0.86539665533936871  0.90714431160546805  1.00000000000000000
 -0.02268289841962267  0.15383134281990915  0.21108518280427990  0.24886088262267825
  0.27614781172216724  0.29523739727529369  0.31241048439089980  0.32836638129481727
  0.34339844266815800  0.35732875077481147  0.37012617045966806  0.38208241412148003
  0.39346568939641929  0.40374243276210398  0.41293993650193866  0.42109253346041542
  0.42900656831482487  0.43696439845222296  0.44468389139966369  0.45202100750997909
  0.45944514918888990  0.46695408464265353  0.47448598644817169  0.48170809043272039
  0.48856969960839658  0.49547222994621470  0.50220945180372956  0.50854019668475559
  0.51458073676797478  0.52030689223230830  0.52586502834089399  0.53122098943380713
  0.53653399799332935  0.54213770526787308  0.54818416307555462  0.55414246473930084
  0.55976863665012722  0.56521745830617143  0.57064857767982269  0.57634310115262999
  0.58201694377468605  0.58739956003187599  0.59252877937280368  0.59765871229726530
  0.60290365882669017  0.60822083322757481  0.61349740742399628  0.61881773796335526
  0.62387743687127528  0.62878847606960142  0.63363124981405239  0.63843555970914723
  0.64333156659803559  0.64824069516859029  0.65303079777699069  0.65763786509308697
  0.66195282034604974  0.66604325114577645  0.66991445483535095  0.67394902103837173
  0.67825677094467707  0.68283956814724744  0.68759593418284215  0.69247850386880250
  0.69734792278426128  0.70222964087437412  0.70714861145252661  0.71212986646363585
  0.71718118217862004  0.72212700857444911  0.72709908608598550  0.73214466034118819
  0.73753335353494343  0.74295300622013583  0.74855454768583518  0.75381445049718410
  0.75879633149929315  0.76379775784330806  0.76876127090946933  0.77403123181061717
  0.77993568974525418  0.78594257536762213  0.79203422648158017  0.79875609570443373
  0.80545768219138614  0.81265025392708778  0.82065132026931398  0.82909173917515400
  0.83852453058203336  0.84872832061566872  0.85961507203492216  0.87096594466919475
  0.88440445278953506  0.90191523273611518  0.92901177451118322  1.00000000000000000
   5.6219497422861163E-055  -1.0000000000000000     
 T T F F T T T T T T F F T T T T F F F F F F F F F F F F F F F F F F F F F F F F F F F F F F F F F F F F T T T T F F F F T T T T T F F F T T T T T T F F T T T T F F F F F F F F F F F F F F F F F F F F F F F F F F F F F F F F F F F F T T T T F F F F T T T T
  <DiscreteSampler_grid>
  grouped_processes
  1 # 1 for a reference and 2 for a running grid.
  10 # Attribute 'min_bin_probing_points' of the grid.
  1 # Attribute 'grid_mode' of the grid. 1=='default',2=='initialization'
  0.0000000000000000 # Attribute 'small_contrib_threshold' of the grid.
  0.5000000000000000 # Attribute 'damping_power' of the grid.
 # binID   n_entries weight   weight_sqr   abs_weight
    10   10   1.663567174318146E-044   4.282312690517293E-088   1.663567174318146E-044
    11   10   1.663567174318174E-044   4.282312690517464E-088   1.663567174318174E-044
  </DiscreteSampler_grid>
