 -0.00009698832748675  0.00092557261403247  0.00202285461058353  0.00356314835019722
  0.00570364255810609  0.00836213227670222  0.01145701592080453  0.01491659932962155
  0.01896448070938006  0.02346215172302212  0.02820890881643465  0.03318743008427300
  0.03858548782866532  0.04445467938328589  0.05070629622366169  0.05704847391755649
  0.06352803535806936  0.07003165474378575  0.07700461989671784  0.08449662227090404
  0.09221689356326550  0.09999275005249367  0.10779666110072775  0.11545385760982321
  0.12325175118671777  0.13132450082371550  0.13985416412372020  0.14883405992204263
  0.15819133458882134  0.16753096153102637  0.17682411471924961  0.18637621892033474
  0.19625107797476260  0.20650134165394993  0.21704606388646719  0.22773893833880815
  0.23852999951464435  0.24922560164757451  0.25943123973180454  0.26993961241384906
  0.28026443684154012  0.29097447273379257  0.30168847432897633  0.31247410870654568
  0.32363310487674907  0.33503893125415413  0.34668676821046907  0.35852814505416830
  0.37044326805829575  0.38245731912489661  0.39459725210960817  0.40660472005926118
  0.41866204777356558  0.43098062068041082  0.44333173986760965  0.45585450662980015
  0.46819238808864400  0.48032771050854178  0.49250943449468837  0.50469557123113151
  0.51678857061546835  0.52940104618447159  0.54217911234628502  0.55495134471328356
  0.56806002879138295  0.58176176316851025  0.59555349146860304  0.60949685869929293
  0.62316604677325305  0.63683085204906842  0.65059125209282076  0.66433910689890230
  0.67818848004218879  0.69200797493942756  0.70559594865242847  0.71907002235040274
  0.73260330736527157  0.74626056713562106  0.75987533266866270  0.77386382773669726
  0.78823516980209751  0.80288323497909009  0.81759305167553376  0.83203498125230024
  0.84626757144223341  0.86036272106059652  0.87443153204511392  0.88856810210130843
  0.90278261175491936  0.91677578969307927  0.93058175826094025  0.94422067491830264
  0.95801152755665786  0.97198954748849431  0.98600632631156504  1.00000000000000000
 -0.00271064210431970  0.01047427966666221  0.02160666801797628  0.03347736208357575
  0.04495823257883388  0.05600161069408614  0.06710862793997588  0.07832300791111470
  0.08886059663085681  0.09920540724011062  0.10981525844218464  0.12036335018091933
  0.13125431562912454  0.14145622840523847  0.15274614798730865  0.16418447252114660
  0.17565674547539301  0.18720424992441098  0.19866623642923453  0.20932952930938609
  0.21892026807036927  0.22845060511055434  0.23826760754470871  0.24804110554894196
  0.25746849056672394  0.26713751810174508  0.27774625639071943  0.28863711845585327
  0.29908781962573849  0.30922534505328148  0.31934224596476724  0.32932656190397891
  0.33893128892966140  0.34839469099155290  0.35832439272492733  0.36878606271333986
  0.37910761738394377  0.38942261684567159  0.40046248673284063  0.41184035822554294
  0.42297584208556982  0.43372685167572739  0.44519664499917810  0.45694864496264237
  0.46835976754461195  0.47953084244427574  0.49046511069825061  0.50144825467191501
  0.51244921315449588  0.52336580876791805  0.53415653321590473  0.54438820518610953
  0.55392006819611406  0.56328943767408279  0.57237384212972364  0.58120120179980095
  0.59013756274337259  0.59933004433464299  0.60999335167128432  0.62152653606445130
  0.63202159150557524  0.64182081100991928  0.65191523109049510  0.66289332469652396
  0.67494362162845467  0.68678794579547309  0.69733450849170253  0.70732298902140534
  0.71734839243440374  0.72755725070058463  0.73729083466556833  0.74689367229065751
  0.75710703979976379  0.76654872655659034  0.77590486197892050  0.78506904721666049
  0.79440288056998631  0.80406428008353947  0.81441629985075858  0.82604516610029255
  0.83830098470125358  0.85018435889153254  0.86127647359859250  0.87177460692167319
  0.88284738734450630  0.89411480292341239  0.90477976296907514  0.91539446390206314
  0.92608209539093378  0.93673674421314190  0.94679862977830065  0.95687129278736793
  0.96790912340606883  0.97901315602781092  0.98960695896319895  1.00000000000000000
 -0.00235509212985896  0.01419800146452677  0.02704000005942213  0.03775689167346962
  0.04767628509446414  0.05695268521943730  0.06533538206313193  0.07333578801075344
  0.08107002597274345  0.08871634541899312  0.09620734992663946  0.10344530800495381
  0.11043140541778279  0.11728376123754609  0.12414042604324885  0.13103008672316172
  0.13786324216062501  0.14462208303606286  0.15103915842630267  0.15718990753211129
  0.16331564390610781  0.16951154968470716  0.17562896993806390  0.18203477292916054
  0.18846845026972275  0.19499921731766098  0.20148818379010333  0.20782875870048281
  0.21422443596480065  0.22066973666643569  0.22717559197201376  0.23397301132435713
  0.24082702648846233  0.24762796399430223  0.25434429590483676  0.26101851656323044
  0.26776705690147112  0.27441685099488428  0.28095421125125747  0.28756976122814842
  0.29383870108654780  0.29959470080486739  0.30528366692847381  0.31117532690710870
  0.31734038612108700  0.32379905371993711  0.33020705616474422  0.33664733566929195
  0.34322420501441164  0.35007092390374839  0.35734396899576892  0.36474971752185298
  0.37193745790482935  0.37894275699976421  0.38589916191287627  0.39327842859407769
  0.40057818659359595  0.40801801726723480  0.41517053552564565  0.42304856263449969
  0.43135607085878175  0.43994236683984689  0.44895193768916669  0.45801834263056435
  0.46644468940689748  0.47475071496465671  0.48294982602300612  0.49107372542458766
  0.49951550951912116  0.50794628792291974  0.51627829203979347  0.52466870169566571
  0.53342256470708560  0.54258456543756206  0.55251079206354725  0.56254234004438475
  0.57245353569837998  0.58254955179339096  0.59291387340857449  0.60388440845215241
  0.61526133071644973  0.62701362690611506  0.63919324685364953  0.65222624323360467
  0.66675187032860295  0.68249353472455665  0.69862592900588683  0.71537997366394745
  0.73324324120805828  0.75163501790220066  0.77227992326180850  0.79597887455847394
  0.82349938584038629  0.85585141459669745  0.90064712071484820  1.00000000000000000
 -0.02003533842281353  0.13386902558103819  0.18060332595023926  0.20891919910772119
  0.23187196614554337  0.24954878186296733  0.26489412949284763  0.27916146843138584
  0.29374684889845026  0.30838775255010675  0.32232327863812876  0.33569585593231815
  0.34837276204402384  0.35984488449554064  0.37022511864641816  0.38030114002966348
  0.39007676691902882  0.39928833476788106  0.40737096082030422  0.41554595277903417
  0.42294092485278345  0.43023680087395655  0.43779597674007359  0.44525950450485852
  0.45246391247307111  0.45945448256696758  0.46632933158176737  0.47308159605369499
  0.47975783801224886  0.48667579007938866  0.49354846694326332  0.50059421974810103
  0.50698881881302160  0.51356162851481824  0.51966994746530748  0.52599343288604916
  0.53227242544868070  0.53864329276803757  0.54481586897290513  0.55086222450049172
  0.55681603506803590  0.56263992305067789  0.56850158545329121  0.57443100835704275
  0.58035847714165356  0.58624102241106080  0.59204311370388241  0.59768674055116910
  0.60360027520541781  0.60923479676834691  0.61472076361661987  0.62009922760516945
  0.62545408780272194  0.63098908864009795  0.63665994450356234  0.64225232419715472
  0.64774025376954147  0.65324049731424882  0.65872682188906884  0.66425632811755753
  0.66949844878877118  0.67455260212531853  0.67971614474294106  0.68491118299101283
  0.69002217415176659  0.69482302989922207  0.69956622148516834  0.70433627471197890
  0.70916015698667534  0.71398649060670782  0.71874637898043103  0.72347200479978480
  0.72825969204064889  0.73332413394902829  0.73865579294601980  0.74388063230841683
  0.74910222593309905  0.75485514014878707  0.76081087899880662  0.76687918515085707
  0.77300140730553979  0.77934107720425627  0.78609608587880331  0.79321796612722761
  0.80053604218022356  0.80792973845799498  0.81537072098514118  0.82336321282358227
  0.83214009539526379  0.84221222463980761  0.85386150896693402  0.86851515243939059
  0.88455720254632730  0.90418478319276729  0.93256882739677793  1.00000000000000000
   3.9012909155744590E-017  -1.0000000000000000     
 T T T T T T T T
  <DiscreteSampler_grid>
  grouped_processes
  1 # 1 for a reference and 2 for a running grid.
  10 # Attribute 'min_bin_probing_points' of the grid.
  1 # Attribute 'grid_mode' of the grid. 1=='default',2=='initialization'
  0.0000000000000000 # Attribute 'small_contrib_threshold' of the grid.
  0.5000000000000000 # Attribute 'damping_power' of the grid.
 # binID   n_entries weight   weight_sqr   abs_weight
    10   10   2.341139995003114E-005   6.798541766536899E-010   2.341139995003114E-005
    11   10   2.341139995003114E-005   6.798541766536899E-010   2.341139995003114E-005
  </DiscreteSampler_grid>
