 -0.00026721301302579  0.00674171896013118  0.01704871945980774  0.02795500500021441
  0.03933204190766845  0.05014151413587135  0.06115938870238357  0.07229368251104268
  0.08313893994440831  0.09365910760319113  0.10403025619754711  0.11416702694832767
  0.12422597619671323  0.13386951456750351  0.14340633226600424  0.15295716833346423
  0.16203946096983482  0.17113529493558532  0.18019524752778776  0.18947886065567215
  0.19872339839369180  0.20790994417710168  0.21674548121510245  0.22539924300473649
  0.23410694336142573  0.24287382217144685  0.25160549925670977  0.26023839036826751
  0.26858863958673207  0.27751861959975349  0.28660111785457276  0.29554902453780141
  0.30437848740673251  0.31303310558254355  0.32139918316099225  0.32967822921102113
  0.33784893874738908  0.34594034410892044  0.35409168791061985  0.36220779247155827
  0.37011312163420501  0.37793628939790547  0.38559333650515432  0.39310571488585300
  0.40063910026639782  0.40819617399204244  0.41592996688068490  0.42387134472184468
  0.43197937313552337  0.44006839892051719  0.44813013166050536  0.45619317001953263
  0.46421839765781148  0.47231620259634532  0.48043716692293725  0.48869378089040028
  0.49717562888396682  0.50571269928912610  0.51423436949878387  0.52264250283714342
  0.53086494314284405  0.53915565612675398  0.54751836536049381  0.55592605575727450
  0.56444961230910184  0.57303977226514347  0.58164758875173317  0.59035810997901617
  0.59943546158093142  0.60877887183572565  0.61824491253634406  0.62780929986412581
  0.63752839131117833  0.64746057061523954  0.65758993546145861  0.66767137037137347
  0.67771570667285341  0.68778230643284111  0.69820836791643437  0.70912046108327909
  0.72039182117065892  0.73206178898766994  0.74392589452899016  0.75589240302739902
  0.76835445204311514  0.78146487845416290  0.79508330833278817  0.80927479270468416
  0.82368889877287887  0.83994132021567758  0.85783644205540577  0.87722132685918552
  0.89880004558516491  0.92589766978467103  0.96006307208633634  1.00000000000000000
 -0.00221113167362604  0.01085401110095700  0.02170069411537638  0.03176926126938357
  0.04165782187823674  0.05141728688406315  0.06128152538000854  0.07120305043940131
  0.08123617546525785  0.09206312528837783  0.10315302074037257  0.11413022064524936
  0.12501276482635162  0.13637776694523784  0.14783658487142662  0.15908796115969959
  0.16981323221173164  0.18053293630136555  0.19097543507901987  0.20086352125216911
  0.21045572393121814  0.22030447822925525  0.23024550120476320  0.23992117414880265
  0.24958110083982588  0.25991023826327098  0.26980242332368920  0.27969594166991629
  0.28937191828428238  0.30119315511644584  0.31314361783136591  0.32408349674148507
  0.33529378121918080  0.34664563161417722  0.35736424737323547  0.36725244783348016
  0.37718212877892959  0.38749825228696916  0.39778512325530246  0.40754526633768773
  0.41766443899697037  0.42843877752532672  0.43892079118083149  0.44923193191115751
  0.45978240332817694  0.47177441603044262  0.48316579186451319  0.49320189757745758
  0.50317926343937791  0.51307465825665388  0.52322741761596225  0.53341653341678796
  0.54342417407688970  0.55356338548850459  0.56384398405008063  0.57471108600900445
  0.58565771457723304  0.59662491403736373  0.60745826238908007  0.61794653401067290
  0.62834333639833650  0.63908836626059740  0.64946877577866557  0.65982930263123352
  0.67070055159645348  0.68231236970572717  0.69410425252521946  0.70528217172048091
  0.71798778304443134  0.73052832452076488  0.74273841792703876  0.75412106170020765
  0.76478434617726521  0.77543635026502866  0.78612875682974670  0.79684148933598120
  0.80754054510964635  0.81861151990311831  0.82973705092194150  0.84001819072634865
  0.84965902690101691  0.85974459800538972  0.87023726085297792  0.88045431833264254
  0.88965392645104036  0.89939381167127253  0.90969635780319391  0.92023902115442402
  0.93062882260933655  0.94080267774859594  0.95076563822922655  0.96053074741130295
  0.97063063931174753  0.98047130086973278  0.99026696342298115  1.00000000000000000
 -0.00897490886595605  0.05531270175418027  0.08919729634000799  0.11383305907350699
  0.13407101082664646  0.15271884665375629  0.16874391012171455  0.18334043488642304
  0.19685179778116191  0.20978432240618972  0.22166595571631481  0.23327646742049898
  0.24515970201631040  0.25663527272251097  0.26748811739230355  0.27787661378667711
  0.28799420075032367  0.29756250037096454  0.30673515672103246  0.31551590574567828
  0.32376605286452342  0.33162172325417577  0.33945077288455472  0.34753912344443066
  0.35585609303042792  0.36429132924810959  0.37257516654978384  0.38051065138467705
  0.38798329404200466  0.39538952045790032  0.40248910003011318  0.40953713591686014
  0.41659603611855101  0.42360627387584032  0.43062968082597414  0.43757834240580451
  0.44473331603543037  0.45181970111371361  0.45879540601542090  0.46636506468178818
  0.47404098388713212  0.48201384413819343  0.48993831212154598  0.49766276453929376
  0.50478864079161978  0.51181745560015945  0.51873319218378378  0.52560094382784661
  0.53254791625177522  0.53955476907434519  0.54647295588831335  0.55327261207047063
  0.56006106431832792  0.56676658610967712  0.57331021012911276  0.57970075062559223
  0.58606257297297437  0.59296965300597915  0.59996267009424897  0.60682981454396379
  0.61354832986217822  0.62037699001112212  0.62788895027208580  0.63582104045513144
  0.64383646170333031  0.65219278962626726  0.66075161284255612  0.66914146672565744
  0.67717166989459698  0.68490979058286094  0.69243379131983673  0.69990965745736378
  0.70743386839469324  0.71499088178356052  0.72244067566773096  0.73049571241906908
  0.73905517156895473  0.74766871806015678  0.75622201790463528  0.76483614589118920
  0.77330094864846111  0.78157381717327135  0.79011346292583640  0.79914975681822986
  0.80831705677879795  0.81771207919819866  0.82730458576423860  0.83804578415853126
  0.85012050948375473  0.86274842199348833  0.87619915772009371  0.89114699921743268
  0.90729976328028838  0.92578731381998247  0.95157428963915835  1.00000000000000000
 -0.01983780132375743  0.11337252624353694  0.14881967063898355  0.17274509503365940
  0.18964611949526802  0.20481881322766940  0.21764914614723205  0.22907545002683846
  0.23982486261441255  0.24989446270898205  0.25959645361071693  0.26933298200375838
  0.27885427303220611  0.28814198564403581  0.29658433506518883  0.30514933250521920
  0.31304218724358118  0.32055301815653298  0.32785471237950320  0.33509190685080897
  0.34210956459132835  0.34881426756971917  0.35512496887559680  0.36090120502369294
  0.36661208821657904  0.37242904572394986  0.37839059589960705  0.38421153191186841
  0.38997171678726350  0.39569584018244686  0.40141777499748682  0.40715958353733189
  0.41286740147685663  0.41866460947281392  0.42465159661116214  0.43049137841935742
  0.43621639955014502  0.44189181207719941  0.44760712563121718  0.45343668672237347
  0.45904002552356676  0.46446505923727455  0.46985165802732037  0.47509632486360104
  0.48018037846667910  0.48505359645088275  0.48987633972811417  0.49486384813492623
  0.49983943159334920  0.50472639445421563  0.50960603514761404  0.51451788243881325
  0.51941366985925130  0.52437583684217448  0.52935608857412964  0.53443007076843396
  0.53954527871825753  0.54499796265186851  0.55048874121181501  0.55596858576557706
  0.56151866434240760  0.56736704832447549  0.57331533883894747  0.57917558254828216
  0.58499087662032212  0.59082024749389606  0.59672371905217103  0.60280176838436306
  0.60884855332873367  0.61497928461298146  0.62118040609129122  0.62737134123180216
  0.63309353559107429  0.63879945620924605  0.64442969501646841  0.65050104161279376
  0.65685253015382061  0.66351104738627253  0.67044449786191451  0.67780032288794956
  0.68535032675571927  0.69380594245282923  0.70298062648315573  0.71237125718994876
  0.72210326969398042  0.73267780666897608  0.74387539120137836  0.75562907535700308
  0.76772108555683927  0.78082164939213861  0.79494993239111433  0.81071757129671318
  0.82868054134565239  0.85063704007863106  0.88422614595381588  1.00000000000000000
   3.7492433108801953E-009  -1.0000000000000000     
 T T T T T T T T
  <DiscreteSampler_grid>
  grouped_processes
  1 # 1 for a reference and 2 for a running grid.
  10 # Attribute 'min_bin_probing_points' of the grid.
  1 # Attribute 'grid_mode' of the grid. 1=='default',2=='initialization'
  0.0000000000000000 # Attribute 'small_contrib_threshold' of the grid.
  0.5000000000000000 # Attribute 'damping_power' of the grid.
 # binID   n_entries weight   weight_sqr   abs_weight
    10   10   3.010415876982764E+003   1.610131864812440E+007   3.010415876982764E+003
    11   10   3.010415876982764E+003   1.610131864812440E+007   3.010415876982764E+003
  </DiscreteSampler_grid>
