 -0.00026601630550795  0.00661548673732439  0.01668130898274956  0.02748725600868557
  0.03896979749117630  0.04974094352495678  0.06080987309344080  0.07152890018421383
  0.08178427253363686  0.09196746036676465  0.10227555855439388  0.11260059307788646
  0.12274493414468683  0.13230146376713089  0.14155295193550174  0.15079702933113451
  0.15995972330328195  0.16950616195085261  0.17887837180101210  0.18807578965069899
  0.19782383952128352  0.20735461382044518  0.21682280565731252  0.22618001261359152
  0.23553052166237998  0.24496373387809053  0.25401564499408708  0.26293579623961455
  0.27193989474149527  0.28098606562822676  0.29002452028638109  0.29878100203591884
  0.30730773111594417  0.31578026072179199  0.32421379266491090  0.33245857525777450
  0.34051244380032147  0.34856465062190201  0.35670144762829681  0.36486713946943111
  0.37315294884810485  0.38109424591478708  0.38891103552832096  0.39670913043426881
  0.40446220641766095  0.41218016521342404  0.42016233895779692  0.42841272046875356
  0.43670626066538509  0.44500120016815398  0.45320918284658895  0.46148280223009963
  0.46972233878408087  0.47783683324218595  0.48588962193169699  0.49413488793775512
  0.50291237963834068  0.51247412276647264  0.52201120448313709  0.53159113191341456
  0.54114868527867521  0.55070999984586066  0.56027268562761634  0.56976183668413583
  0.57914976081103864  0.58852522017794962  0.59811286985222001  0.60798939615833414
  0.61809087470023416  0.62818493931116004  0.63814811386536807  0.64804963908081814
  0.65760512970913365  0.66700160247133844  0.67648821202106280  0.68605513746888958
  0.69589078550196604  0.70594342166442459  0.71624659845253225  0.72679506098758129
  0.73752315556594994  0.74837003877674668  0.75940006033823282  0.77094232347102165
  0.78286797634396998  0.79532144426124862  0.80808228678142657  0.82122496024369951
  0.83487264502941694  0.84993036910843056  0.86794946924186700  0.88625062526195297
  0.90665900899249730  0.93072928672388033  0.96195375562658159  1.00000000000000000
 -0.00231182179900142  0.00927557239775544  0.01976137898905925  0.02986931006421641
  0.04005326787014957  0.05030625618705888  0.06071583720062906  0.07128335469407426
  0.08162303982582383  0.09164658423225762  0.10134635392159776  0.11125339392362645
  0.12108237154582738  0.13154116701299881  0.14240911420261099  0.15335079116865705
  0.16441477560718554  0.17525364021682463  0.18549387706156534  0.19543654956187204
  0.20527583406176508  0.21646938404272270  0.22892587598382397  0.24087441884000907
  0.25275679919694000  0.26404789665345352  0.27521867429457608  0.28608991008372492
  0.29716557639301661  0.30858733674848315  0.31999349135047955  0.33135622471827586
  0.34289403579558048  0.35382746168166240  0.36392230489718463  0.37371740734344994
  0.38368159037792249  0.39359148855904436  0.40285060243516585  0.41161480316491211
  0.42075339156923663  0.43034801374104609  0.44031146314569419  0.44995500519848708
  0.45958093979126119  0.47015713832074052  0.48069567870575597  0.49113844748568442
  0.50098882048566229  0.51039977425798644  0.51986650055106909  0.52964933785098445
  0.53971746831634071  0.54985699702212854  0.55987833123755859  0.57006612651889632
  0.58057736765662593  0.59182976972677015  0.60319755791803664  0.61402305359840970
  0.62469215615537721  0.63557109113037769  0.64590823855979684  0.65563651353909447
  0.66509040572949518  0.67495480431074939  0.68510072844078940  0.69544485402282397
  0.70607154729470356  0.71729996213204150  0.72886621645917604  0.74004650280074769
  0.75086111245090414  0.76113176721234699  0.77118664085465805  0.78109939963028585
  0.79106221908913954  0.80112799569946458  0.81142636360737386  0.82257160964782738
  0.83397880889669473  0.84523835717757123  0.85616184047006527  0.86703657892968478
  0.87768639038628604  0.88849559851316084  0.89936950459134324  0.91055003546176294
  0.92144696736522480  0.93239621525924354  0.94322768927943990  0.95430130084992215
  0.96534441321054387  0.97658111825891736  0.98822271052341770  1.00000000000000000
 -0.00874298270833818  0.05944888054350438  0.09611015063437074  0.12291790753724376
  0.14473409866049569  0.16396930493166451  0.18142708857101009  0.19767248565310735
  0.21263419286051483  0.22636095782342894  0.23940154536055541  0.25195112206414955
  0.26427340607001854  0.27610989761232940  0.28763119232051476  0.29872073550369965
  0.30951628537038567  0.32004980319709470  0.33035098250482137  0.34064246279154309
  0.35045914148632967  0.36025509462891853  0.36997865816939862  0.37938820990188554
  0.38849197661390372  0.39727650505706119  0.40592541870427884  0.41454011240062227
  0.42321289498713305  0.43193763056482881  0.44091903197078364  0.45020063604936672
  0.45928683039932294  0.46774276784902902  0.47594972538306973  0.48404737331654490
  0.49177235645851775  0.49949391001433058  0.50639205880389282  0.51345712490005024
  0.52058093113025627  0.52754585074776028  0.53442256517839071  0.54141432476624773
  0.54841882637030126  0.55520954502717124  0.56193784396447133  0.56875079022816011
  0.57558130551973197  0.58245918289440146  0.58972903768199092  0.59742048309443430
  0.60518144301348764  0.61277602391961616  0.62009805835343546  0.62707657827144381
  0.63400366133343167  0.64097389029624285  0.64788601047977767  0.65472523971379581
  0.66142340077375716  0.66838711636900017  0.67532569246136753  0.68224297233109077
  0.68943697254590586  0.69696811162691008  0.70456999903900874  0.71213919635428669
  0.71985484243455833  0.72760093257537228  0.73543543526369182  0.74324527837653698
  0.75061337782553328  0.75758896037078982  0.76458722614603702  0.77155769966547161
  0.77847598846132016  0.78548609244722767  0.79278371465492581  0.80037360945124003
  0.80811979049563343  0.81634146498005800  0.82506833129319956  0.83398056007157173
  0.84312314227238072  0.85258514989013290  0.86208463971648963  0.87161254261899068
  0.88134741952660345  0.89126392153819411  0.90179608927401456  0.91330728658906457
  0.92654472605817106  0.94269948498200629  0.96515009112001138  1.00000000000000000
 -0.02020570311966920  0.13406216546371236  0.17965716745373969  0.20826411539582748
  0.23158483952525868  0.25091978788849673  0.26871102857078727  0.28546521340882636
  0.30126270613761807  0.31560028980573734  0.32818324418790962  0.33976649683163296
  0.35053983018128249  0.36050034441978468  0.37002243543245317  0.37959668380415779
  0.38921580914890985  0.39842432329836763  0.40707105141929784  0.41570405245493863
  0.42424241974069699  0.43260108578962420  0.44039834216386559  0.44780325073095745
  0.45496390814700560  0.46269421842578601  0.47063232518912335  0.47851286898623646
  0.48598376851282349  0.49315035625832110  0.50018586022869282  0.50714752343282843
  0.51412838624372992  0.52096132871923517  0.52721854043886696  0.53310084689820125
  0.53901631547121254  0.54477845936843261  0.55041602692814773  0.55586659939248939
  0.56113304528896690  0.56629892514453495  0.57148809759667529  0.57677779961012166
  0.58211858339117251  0.58730325315063725  0.59252823334736049  0.59751389410051436
  0.60246533145492887  0.60749885389406166  0.61257657226672391  0.61772060578183330
  0.62281863473248023  0.62813727138543440  0.63356684666743435  0.63893352996218200
  0.64428101318692177  0.64957930665708852  0.65468827355105297  0.65979459304691435
  0.66498814251260341  0.67004892364082458  0.67507068006853610  0.68011994920611163
  0.68515979266171079  0.69024960578500949  0.69535947942091858  0.70045060101142143
  0.70561965571912977  0.71105125365151700  0.71675972914971797  0.72259891387090935
  0.72832330773289156  0.73389465342879889  0.73948800878657517  0.74510755404951989
  0.75089135475945690  0.75702027650487247  0.76341498016895104  0.76989889946776480
  0.77658762995184316  0.78353849622996663  0.79066585342889095  0.79830367236715127
  0.80630406788978570  0.81455892862258117  0.82312681518005004  0.83202924467797457
  0.84107079475882562  0.85042594665029236  0.86050701515740091  0.87209253498109374
  0.88562126839781197  0.90320243263994293  0.93088604062335423  1.00000000000000000
   1.4162117028545206E-008  -1.0000000000000000     
 T T T T T T T T
  <DiscreteSampler_grid>
  grouped_processes
  1 # 1 for a reference and 2 for a running grid.
  10 # Attribute 'min_bin_probing_points' of the grid.
  1 # Attribute 'grid_mode' of the grid. 1=='default',2=='initialization'
  0.0000000000000000 # Attribute 'small_contrib_threshold' of the grid.
  0.5000000000000000 # Attribute 'damping_power' of the grid.
 # binID   n_entries weight   weight_sqr   abs_weight
    10   10   4.504247920902047E+003   5.885253014691108E+007   4.504247920902047E+003
    11   10   4.504247920902047E+003   5.885253014691108E+007   4.504247920902047E+003
  </DiscreteSampler_grid>
