 -0.00091211862236892  0.00428969201643147  0.00665453427255082  0.00910246921439929
  0.01174239151636740  0.01474321499844757  0.01813220098088822  0.02207959155372752
  0.02637316932610241  0.03088491874234736  0.03545130579320829  0.04023395334704621
  0.04513991799652048  0.05013870169012124  0.05572620074928345  0.06137404269065697
  0.06745181554476784  0.07379274957436108  0.08052637672053227  0.08796391543197186
  0.09543617203121622  0.10275942839591515  0.10999809551560746  0.11725185791695696
  0.12477617152565000  0.13303265103657783  0.14167019984550375  0.15044914589619968
  0.15889820927748174  0.16771764272152478  0.17675041328192040  0.18615360171024242
  0.19575129674504349  0.20532742559745490  0.21490902987149565  0.22455442310462184
  0.23470330704839742  0.24507526539826183  0.25588350206247024  0.26573888000559648
  0.27576999682121112  0.28593616695069857  0.29687334225538309  0.30832714099156638
  0.32007993584122085  0.33203534061150902  0.34430709170265794  0.35701880837215966
  0.36999922020346537  0.38300216308082391  0.39602894153475543  0.40819532445965129
  0.42027733208145152  0.43235968845067102  0.44451681918542357  0.45681605282289589
  0.46917994356945036  0.48217651559573260  0.49594074031290303  0.50950624352031826
  0.52289183590209531  0.53600169170156009  0.54922945733076822  0.56263676301792498
  0.57629059343068678  0.58994477388839139  0.60359450660259817  0.61730707499473658
  0.63119113901526203  0.64572119359114066  0.66017695462963855  0.67444000722255160
  0.68850431418442215  0.70247413766878852  0.71652130960749472  0.73072402761370192
  0.74482726193555981  0.75870129650711338  0.77263707712402319  0.78651419813542145
  0.80034138294643142  0.81405699887862693  0.82742295912362807  0.84057956841403214
  0.85383718300160438  0.86719749045751626  0.88063810267860132  0.89410518987869936
  0.90758701144586285  0.92114334529732433  0.93447594703502579  0.94739720512537062
  0.96055568580487272  0.97382118574958276  0.98696801902628062  1.00000000000000000
 -0.00193777470959124  0.00971717346699476  0.01966500227296199  0.02964237694527223
  0.03940609095765937  0.04947864623405699  0.05954644450254851  0.06987881534395222
  0.08023977712187284  0.09100470214047360  0.10187084497178106  0.11305391150719618
  0.12439472737500895  0.13578272925103935  0.14700897283429210  0.15800129456168077
  0.16889613487261507  0.17907570781280491  0.18942114298991244  0.19939164702133766
  0.20927926927181567  0.21911022866631299  0.22861072963972059  0.23880272361063279
  0.24910575348815744  0.25921852234805109  0.26892707367772589  0.27870120285842070
  0.28886129311008152  0.29980165681368987  0.31112169988179361  0.32228024178145442
  0.33406984078482915  0.34610718084697778  0.35782442322522856  0.36879358334358270
  0.37985023270075635  0.39093191271732403  0.40106586016656126  0.41072791802686914
  0.42021860786217391  0.42951778994447459  0.43899512165717181  0.44825522576193760
  0.45755329738959488  0.46807303959255275  0.47889249864183242  0.49013009407689345
  0.50103825612757180  0.51151172264501732  0.52213524283952117  0.53250067427811110
  0.54330887050251120  0.55430745058760400  0.56516419642416205  0.57579471643880564
  0.58665213059021237  0.59748632576665150  0.60760625629144904  0.61708666980153770
  0.62658567834732148  0.63648623751513655  0.64650665406569663  0.65657142314585004
  0.66697254013721230  0.67743831175891500  0.68815452388608223  0.69906099797852372
  0.70980959830046264  0.72044636568290843  0.73173282741395418  0.74372909059305203
  0.75538369593854116  0.76651784228797171  0.77756956258057852  0.78892328411046031
  0.79981958600311087  0.81060923836570908  0.82093937096094705  0.83090537898298700
  0.84084244128560559  0.85088717482238807  0.86112128664858734  0.87142269662245608
  0.88173526569767247  0.89204416906337447  0.90241010819267187  0.91310386642029151
  0.92391225688327949  0.93453605382568694  0.94503988805280703  0.95582844163993863
  0.96649496493519749  0.97744892319255594  0.98876443726290475  1.00000000000000000
  0.00593336432994993  0.01748140465287446  0.03002788949756551  0.04081391952231034
  0.05033530247817698  0.05919809866618224  0.06774021163782272  0.07552866602393427
  0.08289496796991838  0.08984483165878128  0.09631139498116791  0.10281658103432748
  0.10909201760689190  0.11546969496374120  0.12189672852437504  0.12821411596155385
  0.13451739396594506  0.14074776028067257  0.14674331961771991  0.15266906463030255
  0.15853425700424575  0.16448499207356174  0.17064091149483210  0.17692309584925889
  0.18318064476321649  0.18928437351460489  0.19547164891088922  0.20164767072892070
  0.20788713163623632  0.21392382618361358  0.21995295489778255  0.22586668725075343
  0.23174096078635276  0.23777330807332236  0.24390114526109699  0.25018175346630561
  0.25664727166086182  0.26313019372648638  0.26968574006814888  0.27627537094358101
  0.28283710140600649  0.28940589043865850  0.29562313539340257  0.30175886474133090
  0.30800177482606178  0.31436516962018923  0.32084299271614503  0.32742072233154806
  0.33399377581151363  0.34055512012888473  0.34710409792707309  0.35356377695496322
  0.35995567113388999  0.36635785809274890  0.37289008095610854  0.37973548907094551
  0.38663104376423812  0.39365382808851174  0.40119884553220814  0.40913522886845344
  0.41728417543215840  0.42548231771134365  0.43362124615988462  0.44180023981565048
  0.45009333745213770  0.45834414653468947  0.46695825335829449  0.47571738246006751
  0.48468268832539801  0.49391978738036052  0.50339913584067786  0.51280777384344844
  0.52194807007425092  0.53090613669905506  0.54001919892428607  0.54973097141034777
  0.55995384242685420  0.57052642798832509  0.58108800223413826  0.59248247544188259
  0.60466835125755025  0.61718516650491517  0.63014856967976995  0.64335370690057048
  0.65642601393555544  0.66945580096470947  0.68325899064001006  0.69729553645208997
  0.71210785489742090  0.72954196006268357  0.74903490900181202  0.77123049480506123
  0.79702196651346346  0.82943440151185477  0.87743623311466112  1.00000000000000000
 -0.02340510896389304  0.13499720220919742  0.17524954300342457  0.19699423690237855
  0.21414405679220189  0.22912380876038435  0.24223384076122192  0.25332919354702077
  0.26351324290738237  0.27359064751579737  0.28346391715845198  0.29232526134867431
  0.30095975077587483  0.30923166869639263  0.31698477545141351  0.32430566909871128
  0.33119959821077072  0.33773630949432554  0.34410620811191611  0.35046871141599334
  0.35672628866960443  0.36261971715089980  0.36843266431373695  0.37422486301511487
  0.37994035865101172  0.38563952853446826  0.39110682501664423  0.39656640209614830
  0.40198509538722393  0.40744802706181399  0.41284227600282891  0.41810444710307731
  0.42330519613548340  0.42863718338135864  0.43395232753999974  0.43917631593185524
  0.44438000005994777  0.44955086704159813  0.45466730665579730  0.45984080171487401
  0.46491449500249910  0.47011418520821879  0.47558361024860890  0.48108443573760973
  0.48630949742263468  0.49135754449923813  0.49628937192878347  0.50103069678729328
  0.50554783141471449  0.50995126048451511  0.51448477327456543  0.51911951540103174
  0.52374492402798767  0.52834080141725648  0.53290998871092921  0.53756236402141799
  0.54234519001960091  0.54727689336287599  0.55233867731524511  0.55732301768013381
  0.56243152611889347  0.56764247230476117  0.57286117923436874  0.57792767482661156
  0.58300454647076383  0.58822742650659499  0.59361840069766647  0.59894445421104225
  0.60443869791555893  0.61000914699357633  0.61567369062565891  0.62155041021491553
  0.62762775691676542  0.63394787782004058  0.64057278133420581  0.64716014713461334
  0.65357017183701305  0.65993084401669821  0.66636674330521195  0.67293130448167582
  0.67970681101816988  0.68660165185371269  0.69385221110300499  0.70139651713575457
  0.70943561759531504  0.71805853889736726  0.72708373531021842  0.73654173485883634
  0.74686407501652985  0.75875553457813649  0.77111603957085584  0.78500758379466262
  0.80222676434016293  0.82423408308970847  0.86207329432169799  1.00000000000000000
   3.1404467923264925E-010  -1.0000000000000000     
 T T T T T T T T T T T T T T T T T T T T T T T T T T T T T T T T
  <DiscreteSampler_grid>
  grouped_processes
  1 # 1 for a reference and 2 for a running grid.
  10 # Attribute 'min_bin_probing_points' of the grid.
  1 # Attribute 'grid_mode' of the grid. 1=='default',2=='initialization'
  0.0000000000000000 # Attribute 'small_contrib_threshold' of the grid.
  0.5000000000000000 # Attribute 'damping_power' of the grid.
 # binID   n_entries weight   weight_sqr   abs_weight
    10   10   7.252208344671689E+005   5.326921564815312E+011   7.252208344671689E+005
    11   10   7.252208344671688E+005   5.326921564815311E+011   7.252208344671688E+005
  </DiscreteSampler_grid>
