 -0.00009870086109773  0.00090248072667525  0.00199024309544977  0.00355344330639130
  0.00555749378961052  0.00799788517032003  0.01089593785182072  0.01415200441388338
  0.01781390179376681  0.02185577994561801  0.02658478154765439  0.03162430099541476
  0.03661693791143174  0.04195679544172327  0.04772791569518828  0.05382778678012255
  0.06010102275398598  0.06630168935326858  0.07240103470607263  0.07880251739897325
  0.08555295172796445  0.09279625606098035  0.10034519802645690  0.10820683471112302
  0.11638973268778942  0.12516975537956349  0.13410642583774643  0.14318132876661002
  0.15251302211945483  0.16210961594043294  0.17153690301901239  0.18142741587512079
  0.19125006224103822  0.20098033467566226  0.21088795138104940  0.22074890400560965
  0.23028855491391673  0.23960085097730022  0.24920069733415243  0.25926083630001906
  0.26953779679226653  0.28001321693587072  0.29050322486827690  0.30095957617853614
  0.31128113195348217  0.32161610952814490  0.33209590566943303  0.34280992804621158
  0.35366671566410596  0.36448574868419353  0.37612430484400383  0.38796378229065265
  0.40016770411433678  0.41272066806027502  0.42532825112301736  0.43777019237801051
  0.45016747431771997  0.46239321420864077  0.47477320788808630  0.48738066669009888
  0.50014021867106506  0.51311362024686002  0.52634893301904762  0.53975848054082654
  0.55325642120676710  0.56681258848477589  0.58044460976041590  0.59409619225786103
  0.60778568246616582  0.62162600442839000  0.63522547684990360  0.64885645366600997
  0.66274823107351255  0.67692048731697241  0.69125131454785060  0.70575257037501582
  0.72027331263070271  0.73467946180602173  0.74895590288143088  0.76316993401192623
  0.77743914187637142  0.79249396222139878  0.80786569693775767  0.82321812400019512
  0.83836774477640796  0.85320082033828404  0.86700035460705671  0.88111303139794561
  0.89542066852669389  0.90991012688981054  0.92461615169835532  0.93961233338630623
  0.95501987556261914  0.97022565918878290  0.98516253126328401  1.00000000000000000
 -0.00170145056121348  0.00916840573114963  0.01889590912376129  0.02946686052725647
  0.04029856240131204  0.05076818834246059  0.06098703143334881  0.07182883526946135
  0.08297094506974244  0.09313550605772045  0.10271502647785015  0.11243229452146865
  0.12225642848638285  0.13177146068668741  0.14107595355656566  0.15051539732275360
  0.16001192202142830  0.16927138681817264  0.17822651203635909  0.18768163681575051
  0.19726856090295455  0.20662085774761790  0.21537643036981119  0.22404389776402539
  0.23300693215977555  0.24239546047830762  0.25206727796103950  0.26221706472642264
  0.27301049472914257  0.28452368102714354  0.29625725280616583  0.30800445107949959
  0.31985930200109552  0.33192583608723586  0.34439577555343542  0.35620493906071221
  0.36714294581840573  0.37780315477856319  0.38854671770051341  0.39950215556351315
  0.41021203980276316  0.42049914454386522  0.43025034248323574  0.44033056999588083
  0.45075685119587394  0.46133421285237336  0.47209119672551675  0.48263293155657266
  0.49501363532709258  0.50621837327231467  0.51765115569459030  0.52809673579776450
  0.53846515671143325  0.54842026251139298  0.55857765399011516  0.56957642557403043
  0.58117157598277192  0.59259318115722026  0.60367729521158286  0.61507063894051794
  0.62680727181272788  0.63954370501659363  0.65170681439404143  0.66356597918881932
  0.67394597881559348  0.68408997856336229  0.69487018693682767  0.70557115087969968
  0.71594237050493459  0.72644149730964780  0.73774578644239375  0.74938263177411213
  0.76074394484553776  0.77181398521592526  0.78275091677475617  0.79415220535430942
  0.80599518470250331  0.81681547044857306  0.82663962243036426  0.83624299421873005
  0.84597672620353270  0.85584746706740311  0.86604806414483848  0.87591178197671515
  0.88777399656334754  0.89920980965239672  0.91086728338674661  0.92196294452096683
  0.93293132452745553  0.94343958352003443  0.95332425281530186  0.96266226418385170
  0.97182628933595572  0.98123372263550124  0.99062017525122770  1.00000000000000000
 -0.00121604515461200  0.01113108933484447  0.02139179543563584  0.03041867603964032
  0.03908600792691675  0.04727041969645946  0.05500935465187061  0.06227491398528444
  0.06915471382254049  0.07576117533379426  0.08220304829055894  0.08848365473627336
  0.09445021222864407  0.10044716083409999  0.10653841460410500  0.11297846133304837
  0.11963780319022038  0.12629485568931761  0.13280301043482154  0.13927529356933407
  0.14554694224596759  0.15176400464394357  0.15801604280196258  0.16433360094971192
  0.17070102533998299  0.17702512908195497  0.18318455439489989  0.18917253870840869
  0.19507646339006154  0.20086879867596294  0.20702956677785966  0.21351261645742833
  0.22013230226675790  0.22660198979094409  0.23276334229968895  0.23865331314632324
  0.24446499490972232  0.25038579401453170  0.25630204091257652  0.26237022450371417
  0.26854652202904972  0.27471991530482465  0.28074186578815513  0.28703193128006566
  0.29309123640460039  0.29949943796352146  0.30617953763688560  0.31296718400638102
  0.31981933636019433  0.32689781083951974  0.33393377214632036  0.34065363881030764
  0.34699103119091035  0.35319965719054075  0.35949946213467560  0.36587908877403813
  0.37232080377502280  0.37899838893642179  0.38601480707106006  0.39318326773031909
  0.40079676968645567  0.40881968105095268  0.41660422970408562  0.42426930414474012
  0.43211971667394916  0.44051137877377150  0.44912173073267148  0.45761917883833619
  0.46610516832781435  0.47500323026264074  0.48466124404524585  0.49444019640740511
  0.50362048837215678  0.51236803922241569  0.52114678642211520  0.53066886842864502
  0.54029246859821323  0.55058990280799536  0.56121165180124089  0.57324213314257744
  0.58528562591893984  0.59930636313111607  0.61346225119957820  0.62844742550452137
  0.64341774650288264  0.65823640173347531  0.67301381828211870  0.68927689581725371
  0.70751691682288964  0.72792448729189052  0.75123882846647183  0.77704740059076849
  0.80445351643789131  0.83785659441756910  0.88821698497527146  1.00000000000000000
 -0.01935625993154532  0.11317411353351801  0.14996830779299639  0.16960820729544782
  0.18521905089685772  0.19885489226048311  0.21189793038040289  0.22453101777934883
  0.23622756275466472  0.24721011842721147  0.25739976823736094  0.26616853792669054
  0.27453334878439695  0.28254573653313819  0.29090088609402176  0.29893005781053911
  0.30653006622303169  0.31398894531662253  0.32119735235600511  0.32828181276672019
  0.33518078598778578  0.34193720500689745  0.34896732457597335  0.35596100557367577
  0.36285116724659955  0.36945436692305694  0.37574712104586855  0.38194104155615954
  0.38812161835150971  0.39427820072521014  0.40050292621965555  0.40682001557085712
  0.41326465895527642  0.41929292316090849  0.42456440167486353  0.42996460218161314
  0.43548878443690131  0.44095595523563152  0.44642602210343696  0.45178657503501884
  0.45699836647587561  0.46209067800737202  0.46715555366825323  0.47229652745591100
  0.47758861707636890  0.48314349241503873  0.48895893855944661  0.49478386029934240
  0.50049383075385867  0.50586575476439821  0.51107225395868638  0.51604540172486812
  0.52090036106163806  0.52585512732295281  0.53086684872990419  0.53595520693470045
  0.54069683139596558  0.54558151969043378  0.55052316908317989  0.55549607736949569
  0.56057776578021790  0.56696321097450297  0.57355841429858223  0.57998722480687914
  0.58619664227863366  0.59228845444696487  0.59863780396004829  0.60499580980718470
  0.61102424689240875  0.61715374880925933  0.62356638739965320  0.63009930221144705
  0.63657853011627796  0.64308354765821385  0.64958666004237819  0.65619454326832471
  0.66267283649506825  0.66917561982178253  0.67649972014813853  0.68364827657992078
  0.69145668081525169  0.69945906603535135  0.70758545436393538  0.71596617247299643
  0.72468303127624734  0.73399848622042385  0.74433076130446996  0.75569703440781755
  0.76767470994301534  0.78030403555009464  0.79395019625790952  0.80948455653951890
  0.82717923779187819  0.84888384241150172  0.88486118589936236  1.00000000000000000
   4.2629057030034111E-013  -1.0000000000000000     
 T T T T T T T T
  <DiscreteSampler_grid>
  grouped_processes
  1 # 1 for a reference and 2 for a running grid.
  10 # Attribute 'min_bin_probing_points' of the grid.
  1 # Attribute 'grid_mode' of the grid. 1=='default',2=='initialization'
  0.0000000000000000 # Attribute 'small_contrib_threshold' of the grid.
  0.5000000000000000 # Attribute 'damping_power' of the grid.
 # binID   n_entries weight   weight_sqr   abs_weight
    10   10   3.122868828038357E+000   1.334369949394029E+001   3.122868828038357E+000
    11   10   3.122868828038357E+000   1.334369949394029E+001   3.122868828038357E+000
  </DiscreteSampler_grid>
