 -0.00047402145083670  0.00757745263876690  0.01726145287978983  0.02756029613346533
  0.03864463155074431  0.04969312785665357  0.06044929246957684  0.07109622816028369
  0.08183244102406616  0.09254677700512172  0.10281753335468607  0.11278615964663248
  0.12273285980351113  0.13323365609219240  0.14371473310657545  0.15391848307353048
  0.16386799741029615  0.17304520644565435  0.18163634948708007  0.19013814045878730
  0.19859390825150169  0.20723665371058400  0.21606744013772641  0.22500088153923722
  0.23397739838554951  0.24302922625668028  0.25232199329800409  0.26132934760845417
  0.27006744618086065  0.27852216786249429  0.28691303235242849  0.29528353065284585
  0.30374004239784214  0.31233304847523219  0.32084646802972661  0.32922289510209202
  0.33752521619776693  0.34577612162907334  0.35403782614513618  0.36225461993351010
  0.37028661736646962  0.37822233200819783  0.38603043456577790  0.39396900905152671
  0.40200368831172012  0.41013581886105788  0.41836448860655068  0.42653280784132963
  0.43466247919907991  0.44281570609125614  0.45091288780520894  0.45879678882163105
  0.46689223121573575  0.47518829968314819  0.48360042753118543  0.49200543197181473
  0.50047081555600614  0.50895192480626539  0.51731890851351459  0.52586772036347951
  0.53444900208813451  0.54301252231305619  0.55166820708737985  0.56043510566842736
  0.56926457731143976  0.57808438279638785  0.58689876923425111  0.59596344658959544
  0.60508315313202643  0.61414470280084255  0.62302897655277012  0.63186206772315490
  0.64167044399077067  0.65215943336602999  0.66234737466154014  0.67262952113364549
  0.68312694450336353  0.69394058065202369  0.70516717830277187  0.71632930252342386
  0.72754999137266863  0.73913076385951293  0.75129180459292677  0.76403440017453672
  0.77704466532257577  0.79012254044368113  0.80362085536987771  0.81769564547122864
  0.83249756977799461  0.84845723025096376  0.86619004920462317  0.88600101582133417
  0.90714591249885845  0.93069274060628837  0.96230638814622704  1.00000000000000000
 -0.00227092474282609  0.00957874370390027  0.01935903484947745  0.02927689135918263
  0.03992905934985979  0.05047202847773704  0.06097902577247898  0.07085693049833090
  0.08117801611641759  0.09110373866480290  0.10088008671823528  0.11059619565879229
  0.12047730733779143  0.13012246044592810  0.13991498956982473  0.15041018052158042
  0.16127546014948360  0.17197281914256851  0.18248971888308593  0.19294471493346765
  0.20340419115512021  0.21401472175710926  0.22510229780863919  0.23629240043933322
  0.24720250617721404  0.25826532122391133  0.26928139919817978  0.28005449153727252
  0.29051478121791913  0.30135712375111778  0.31287899459737606  0.32569308361104793
  0.33746467048560158  0.34797435009907968  0.35791523874872599  0.36792354927821791
  0.37825872105246383  0.38883278707270869  0.39987117478723699  0.41100588673175603
  0.42225476820097008  0.43350570144879019  0.44478581058528527  0.45630819965713026
  0.46743630966084937  0.47874287703776602  0.48948474560960731  0.49971317485379857
  0.50938636358004563  0.51940227323149490  0.52929746543584943  0.53916946084549011
  0.54880042165442433  0.55830334036948592  0.56761463950562208  0.57685923322299926
  0.58666980576889094  0.59775335903738802  0.60900380046963176  0.61971866145080778
  0.63011421443721949  0.64070205236119115  0.65197867572962520  0.66369711062117143
  0.67502382331236488  0.68583959164210917  0.69633969747181190  0.70620863009619383
  0.71569322836056004  0.72488193625618036  0.73452210874370438  0.74496202485006380
  0.75640413361171499  0.76835932148694686  0.77961133585561115  0.79079463984099463
  0.80271836904876281  0.81548958175841779  0.82778199335667246  0.83900904001339394
  0.84959948061436530  0.85957606518597118  0.86963185093234296  0.87994473399351669
  0.89053178054633253  0.90071211022923903  0.91006276410908615  0.91931364891230249
  0.92852232983321414  0.93801399213754322  0.94744720354272816  0.95688133602342929
  0.96707353628689685  0.97798307343598145  0.98874994647027648  1.00000000000000000
 -0.00612534872371109  0.05836321496575626  0.09246415002628355  0.11780315861966013
  0.13861237513262747  0.15653537022212824  0.17274805197567114  0.18703975242516954
  0.20037956371526858  0.21293999053299345  0.22528729469129696  0.23806433631611559
  0.25079504806958081  0.26290564686995321  0.27487252223919051  0.28721294377472728
  0.29857579996844302  0.30917937774978538  0.31935713077326761  0.32904099164191430
  0.33795206034686837  0.34653429926226981  0.35489541312688555  0.36277530489728044
  0.37045758085631675  0.37826495511402014  0.38612046992358895  0.39386254923287106
  0.40168765067705464  0.40943262189098706  0.41755494258446246  0.42719958076747083
  0.43695286717678322  0.44610266545090121  0.45466038798057051  0.46286914706578008
  0.47102721308557322  0.47898311873376287  0.48644684075680239  0.49356972929729021
  0.50062181125395411  0.50782611495932783  0.51530788328543342  0.52271340988916071
  0.53035104785040477  0.53776130291868374  0.54502058931224973  0.55212837803705239
  0.55906862364185184  0.56601320358609875  0.57278104408282982  0.57932745824433263
  0.58607476953195836  0.59279060898490465  0.59958984709241170  0.60647195178758051
  0.61326336840146378  0.62020908485944704  0.62739915912787669  0.63494613535670297
  0.64245521598029742  0.64961943272384881  0.65628296998477786  0.66330976759115123
  0.67020813593017592  0.67706712885420972  0.68382836426629523  0.69072035730743053
  0.69766337186195559  0.70462951460566303  0.71232688472432648  0.72014626372689261
  0.72766634566673827  0.73494813479902266  0.74219189504022731  0.74969319646465193
  0.75751778770670908  0.76554594607075255  0.77403517605687022  0.78295935382116166
  0.79196832580677834  0.80109886360006610  0.81037818469943801  0.81994638788836749
  0.82933780750537456  0.83833075668008528  0.84742000339394530  0.85719378357104370
  0.86749931495169907  0.87819751604726914  0.88965868633974909  0.90277248141709920
  0.91761300746416741  0.93500905861428141  0.95887119366995055  1.00000000000000000
 -0.02179172657765105  0.15328034539201954  0.20518753486309727  0.23994595322942811
  0.26564042473270583  0.28759023896837338  0.30629138757223806  0.32358982084301369
  0.34021989228418814  0.35535213151593159  0.37011217226079357  0.38361022980915238
  0.39608427548477809  0.40804138837947590  0.41905096982870671  0.42884004670322073
  0.43833490322856189  0.44729373774982639  0.45610137926962918  0.46453400063670847
  0.47304570056617418  0.48146134587448869  0.48958306208454355  0.49751083138490526
  0.50513182346097751  0.51264913225622910  0.51987202505391406  0.52644711627082297
  0.53280702173138861  0.53919044229757507  0.54539270768802917  0.55131574867349198
  0.55703834092258464  0.56272128999407489  0.56867101881877102  0.57460826638595774
  0.58035181452225160  0.58602846296829325  0.59180393053990632  0.59771969562812322
  0.60368628324230844  0.60973262717504895  0.61582046691757153  0.62167527625611929
  0.62716695047045867  0.63232583524166319  0.63741507082684901  0.64256092626661521
  0.64766485919704353  0.65274324596909317  0.65768588205777467  0.66251623862778997
  0.66712936966116065  0.67156430760526564  0.67589084036543556  0.68024643995151068
  0.68468063351333319  0.68930856679335439  0.69423847004668238  0.69929820605434079
  0.70414011364460349  0.70869192468850151  0.71299054807665452  0.71727817388125714
  0.72152280939679658  0.72587402209399554  0.73050165009171986  0.73528997740643498
  0.74016239524133298  0.74503846800783080  0.74979723196491188  0.75442478554197645
  0.75907108155232117  0.76386213831344307  0.76873566562160256  0.77363651954450785
  0.77905108507781362  0.78434877242492052  0.78979803662150527  0.79552124387008394
  0.80145139786583430  0.80754689871196184  0.81392081085655377  0.82075622385938030
  0.82776670239981232  0.83493184026184597  0.84200922282177759  0.84937962266443345
  0.85735092648331790  0.86586542901353769  0.87503986554723001  0.88503717768300028
  0.89688687415827895  0.91307252779316728  0.93849421069651373  1.00000000000000000
   1.2699733420664688E-008  -1.0000000000000000     
 T T T T T T T T
  <DiscreteSampler_grid>
  grouped_processes
  1 # 1 for a reference and 2 for a running grid.
  10 # Attribute 'min_bin_probing_points' of the grid.
  1 # Attribute 'grid_mode' of the grid. 1=='default',2=='initialization'
  0.0000000000000000 # Attribute 'small_contrib_threshold' of the grid.
  0.5000000000000000 # Attribute 'damping_power' of the grid.
 # binID   n_entries weight   weight_sqr   abs_weight
    10   10   4.877131329430599E+003   7.093097918361047E+007   4.877131329430599E+003
    11   10   4.877131329430599E+003   7.093097918361047E+007   4.877131329430599E+003
  </DiscreteSampler_grid>
