 -0.00122565583699300  0.01652511862648855  0.03433199149139069  0.05023212931390049
  0.06472002494137569  0.07849462465664012  0.09118479462915158  0.10323818465388693
  0.11482495421997163  0.12611538152485888  0.13706083460916244  0.14792278147852475
  0.15850795434415701  0.16865880509138026  0.17851562261445436  0.18827776370821309
  0.19783593068690905  0.20712140509052435  0.21612760503708514  0.22498519038258763
  0.23367728195770754  0.24232512100296538  0.25092540457436552  0.25943709615889554
  0.26798816893325822  0.27656014680631646  0.28504706603565261  0.29347764959024625
  0.30186786807626803  0.31015236717194317  0.31832384219420273  0.32647952853240103
  0.33467639270379046  0.34280216744455422  0.35075049350744392  0.35862502239912541
  0.36643865171725432  0.37414278580238958  0.38179242099027733  0.38936724840420062
  0.39691769809455774  0.40455874457239765  0.41236317054405097  0.42006684679528872
  0.42764945941164212  0.43517497040507302  0.44315429328501721  0.45128863934701630
  0.45941356748247675  0.46744111354345125  0.47530061058544421  0.48312065782802677
  0.49111465509429059  0.49926097758184185  0.50738838763797334  0.51554555497751386
  0.52378765222811152  0.53210897923595268  0.54045292524569022  0.54876236848604953
  0.55705921299581951  0.56534283285381381  0.57363480161737068  0.58193155579787526
  0.59027020535222996  0.59878623167313871  0.60735599584171951  0.61598709837923560
  0.62471684438243558  0.63357331928751859  0.64246957603497246  0.65135785134378432
  0.66040281043660065  0.66965380430013399  0.67906578438246867  0.68860117406548693
  0.69826013029349099  0.70806770398363217  0.71784406559263070  0.72812389869387728
  0.73869349832333464  0.74967628869260372  0.76111678761430124  0.77276167483008984
  0.78464243262372391  0.79675184669792198  0.80919405758328167  0.82259914160705383
  0.83694133149259042  0.85185144687226522  0.86765657881108005  0.88470435330427388
  0.90423504227778495  0.92805008340657857  0.95919483453120213  1.00000000000000000
 -0.00252988239758436  0.01038201801307339  0.02093452070430554  0.03191482456912846
  0.04253870855234207  0.05381056296830436  0.06507904807682807  0.07679562151917867
  0.08782176679516035  0.09851640044016516  0.10895896900844804  0.11945831478892414
  0.12993519445409149  0.14035489066514475  0.15072299751930598  0.16122124160683635
  0.17157926820400984  0.18173918496177466  0.19185017091626796  0.20195836297435812
  0.21213477725190630  0.22253370251652430  0.23297584653595335  0.24332218153505994
  0.25338980218997303  0.26332744747015518  0.27313085309776147  0.28302276644693825
  0.29309800732176361  0.30365293136332755  0.31416370236276603  0.32434982076393160
  0.33431502815789810  0.34459009485077335  0.35516261043875569  0.36602477428113822
  0.37679947267336378  0.38762510999527489  0.39837108139338157  0.40935907840967672
  0.42046962576724678  0.43154080822217461  0.44273813141932744  0.45421075716649484
  0.46544100644140274  0.47646260263833445  0.48782927778171326  0.49923087409381423
  0.51021229714238125  0.52080640013432355  0.53135937398091826  0.54142444692165170
  0.55123296233591801  0.56107901634164248  0.57090677847694327  0.58075259041894622
  0.59106446968941562  0.60171822357607041  0.61197981508139998  0.62210434028142847
  0.63211118688206414  0.64205578570669330  0.65194332780271580  0.66182709573434306
  0.67221118395136370  0.68339009612848545  0.69522244514401099  0.70667700650505549
  0.71813623489593825  0.72956504615945372  0.74076430703079421  0.75208390614163767
  0.76373320552104673  0.77458383823904320  0.78490799262559530  0.79519806649289504
  0.80559941228142506  0.81604386315003030  0.82628065491700065  0.83637428489479304
  0.84653816898944545  0.85644236064159129  0.86635525409935554  0.87637067069753571
  0.88657231023029515  0.89662319541159863  0.90677298228601100  0.91645153057265993
  0.92669745754368593  0.93697565849314535  0.94734311827181472  0.95804187161865539
  0.96859072375107269  0.97887091354269506  0.98940937547170815  1.00000000000000000
 -0.01242250019385089  0.06426426144227823  0.10174265918896966  0.12830899906672874
  0.14951502509765430  0.16798264356382303  0.18409260551299583  0.19870740373168461
  0.21278096775557617  0.22651526700998723  0.23940105504524883  0.25187579386800746
  0.26469013220761395  0.27648132651707535  0.28717854732272524  0.29741896211666857
  0.30716833115011577  0.31666892569129002  0.32587654615004719  0.33508666070246312
  0.34439620403630461  0.35365468351533835  0.36293806251803257  0.37217398322320022
  0.38112255144834867  0.38974466556270282  0.39805454730948414  0.40618779125719695
  0.41445265946278326  0.42306438416081993  0.43178357096497660  0.44038781303934127
  0.44888254174537950  0.45726847131384007  0.46561000178627854  0.47392821907163946
  0.48201493067859291  0.48973908077863176  0.49724243459180523  0.50474604238268816
  0.51241730068564273  0.52021137997924982  0.52793472593674728  0.53576224811757245
  0.54377029406699739  0.55188679052330980  0.55985605965415108  0.56739301593740632
  0.57479744581127223  0.58222527042946104  0.58950808475041827  0.59670130107596597
  0.60387325632329725  0.61092666403346774  0.61790835160608615  0.62499061165426861
  0.63216528011018336  0.63955771980422615  0.64719227814001634  0.65496932083893022
  0.66283789426641793  0.67078671614752550  0.67876430563417378  0.68664975899811453
  0.69432252736885469  0.70181863875329387  0.70925404307423356  0.71659552073045807
  0.72408525943849111  0.73158467720168929  0.73901267935511661  0.74636281905925483
  0.75360886996471610  0.76098323169580084  0.76828983079724600  0.77587130554860417
  0.78352748050209398  0.79126456439961768  0.79919670210321259  0.80733627597436564
  0.81551882419233701  0.82362313191240955  0.83171217867535341  0.84005708402623502
  0.84860885350367221  0.85748597762127177  0.86669625015414820  0.87637859454926570
  0.88663741008402897  0.89729317683465770  0.90850750374700362  0.92066159302154793
  0.93414160170262950  0.94957382749350594  0.97005315448637486  1.00000000000000000
 -0.03005528534529593  0.15336946678860452  0.20587969729872158  0.23915303966355064
  0.26497809988326210  0.28857583623931582  0.30981246841966281  0.32860242097355208
  0.34490173066535429  0.36030053243557553  0.37488684428559305  0.38816634981823667
  0.40079197701913155  0.41323465969233253  0.42526540897937559  0.43671528584900760
  0.44770502319156630  0.45824728804911530  0.46816336044493723  0.47771669700376057
  0.48699237686904889  0.49602390377003458  0.50483234607822336  0.51342022152581812
  0.52186731885623405  0.53021046272811201  0.53841238667956115  0.54644830146395318
  0.55433955884482611  0.56201738438383686  0.56920551684264242  0.57630233812969633
  0.58339834400730994  0.59026600945312757  0.59694950906500732  0.60348051827916616
  0.60993223287463705  0.61627719023372796  0.62248459689464841  0.62857085813953650
  0.63453632731183141  0.64038326805972234  0.64614706127491039  0.65177412061440376
  0.65742532593911485  0.66303137231237708  0.66861189166804336  0.67397757268111924
  0.67934681626553417  0.68458292492232975  0.68967895078345220  0.69469921251681777
  0.69964452759557305  0.70453369854560133  0.70944717529195434  0.71434203835182619
  0.71915122014965871  0.72391151195446812  0.72864899959137408  0.73339021087184186
  0.73820141289927110  0.74290421829171704  0.74753214546733282  0.75225953174281290
  0.75698703905607256  0.76164325587758330  0.76634347908760103  0.77109120071330861
  0.77590110992066086  0.78078709916524469  0.78569520194637388  0.79050633775891832
  0.79515052158968658  0.79970999520295905  0.80431866869685165  0.80898294886639743
  0.81357477892940655  0.81814380281359911  0.82280464428329392  0.82765887337180677
  0.83262462537075110  0.83758212273918753  0.84250003339134760  0.84739263052388070
  0.85244650612284023  0.85796832900107556  0.86385613148572771  0.87002885252167417
  0.87661372942163218  0.88366088099836682  0.89127751934543131  0.90013032511861246
  0.91114612790041793  0.92520358501201894  0.94671185103322553  1.00000000000000000
   1.3597772188200127E-007  -1.0000000000000000     
 T T T T T T T T
  <DiscreteSampler_grid>
  grouped_processes
  1 # 1 for a reference and 2 for a running grid.
  10 # Attribute 'min_bin_probing_points' of the grid.
  1 # Attribute 'grid_mode' of the grid. 1=='default',2=='initialization'
  0.0000000000000000 # Attribute 'small_contrib_threshold' of the grid.
  0.5000000000000000 # Attribute 'damping_power' of the grid.
 # binID   n_entries weight   weight_sqr   abs_weight
    10   10   8.712809289582907E+003   2.332925190704030E+008   8.712809289582907E+003
    11   10   8.712809289582907E+003   2.332925190704030E+008   8.712809289582907E+003
  </DiscreteSampler_grid>
