 -0.00122915316121529  0.01684558228292265  0.03531899619006972  0.05144288600088548
  0.06566724627999822  0.07934597169295980  0.09263078905360699  0.10535327389768459
  0.11757593394472740  0.12917297948473472  0.14030149487499405  0.15107802914411778
  0.16177442161691255  0.17230058064395037  0.18274147769416932  0.19290616738716004
  0.20276968998563374  0.21220399782260371  0.22136573401374909  0.23041768397635543
  0.23946917443575100  0.24826090699400691  0.25699570786348358  0.26582216513981038
  0.27460856539524248  0.28324512966444793  0.29182157620770438  0.30032005075481938
  0.30859991446805779  0.31688996591801410  0.32515140054910036  0.33334014553925312
  0.34146065956780625  0.34957554949166159  0.35760141105659954  0.36565887442039124
  0.37366346025246988  0.38153615664089041  0.38942022585687519  0.39730110958616860
  0.40514168786025306  0.41295265585849567  0.42075487259820615  0.42857190864332023
  0.43640670801158205  0.44429544145063676  0.45228162310596826  0.46012712181666915
  0.46795154606005507  0.47584810621738044  0.48372095404644566  0.49145427659209473
  0.49925541017853081  0.50702423682311148  0.51480070660125432  0.52250558620554544
  0.53019545635028587  0.53794313816107930  0.54574984141510507  0.55359893301393270
  0.56148915091468210  0.56946251200522191  0.57753158667048021  0.58579976825395619
  0.59413296676907479  0.60249131336359374  0.61082963147891922  0.61919348378383576
  0.62761201611979955  0.63615452269763284  0.64468628243554194  0.65333089342816486
  0.66225075580616399  0.67138220279248184  0.68060614588705115  0.68981434332536373
  0.69919255126157542  0.70873953994727779  0.71830415655221924  0.72825434066626138
  0.73866478233351596  0.74942458334009032  0.76041148156979199  0.77163277794204821
  0.78318933128690904  0.79503489330228772  0.80730476836247456  0.82064011549443017
  0.83497468229894811  0.85001898382005614  0.86567036480116122  0.88259444580099666
  0.90198955416002935  0.92605278642773114  0.95786100739801971  1.00000000000000000
 -0.00247148128433497  0.00931745681900313  0.01944800003608708  0.03041424170973982
  0.04121211854900499  0.05246494731420041  0.06348907295367157  0.07454348706078949
  0.08531050500036784  0.09595093664350414  0.10642962064040548  0.11668743805965621
  0.12697794691115183  0.13737524224730352  0.14780484176769149  0.15819405093271061
  0.16875068530715931  0.17932303673920424  0.18986360554324147  0.20013930976461713
  0.21028256405987383  0.22081917553858460  0.23135849764059774  0.24188493912411702
  0.25244222814833123  0.26319476557204974  0.27386591862151011  0.28427415770191161
  0.29470529449076421  0.30525917569111188  0.31570408246926185  0.32589703990569613
  0.33616093844038658  0.34653443075875912  0.35699035833469456  0.36739173029286143
  0.37791692992849230  0.38863141628882686  0.39902937750042716  0.40979819349767188
  0.42037903223535789  0.43128499970072176  0.44210554606008029  0.45283010353907927
  0.46341026024600651  0.47397458526874187  0.48423084162657704  0.49412206440018597
  0.50409577823452278  0.51385465812994702  0.52393346887034598  0.53361983251566092
  0.54328311810802488  0.55279936541246744  0.56283626051965885  0.57276959087341117
  0.58247662030742797  0.59211476114614037  0.60195795426736154  0.61211898395954289
  0.62261301140889136  0.63341469752723933  0.64444194672756006  0.65547943157866462
  0.66633356893513151  0.67702724782409895  0.68757013989765714  0.69805134263975144
  0.70864675215252770  0.71935575183019240  0.73008305579032129  0.74062151305660107
  0.75094244694942169  0.76121423465397176  0.77134658729733552  0.78138096627871745
  0.79142728447385957  0.80164020362304478  0.81195983629923785  0.82246816619666396
  0.83327754996284631  0.84429406528229611  0.85532978713001773  0.86630085590642159
  0.87723751291126928  0.88819120011158781  0.89950921292189800  0.91119100150134780
  0.92258524345319093  0.93290734192728053  0.94379280770729856  0.95480799968759955
  0.96563177484372131  0.97638915122250935  0.98774579913140570  1.00000000000000000
 -0.01594802697138837  0.08158793102119143  0.12218148644404900  0.15140063404095960
  0.17526899177510391  0.19574342306595816  0.21468294053289752  0.23354655236127986
  0.25070793991372353  0.26594049341962067  0.28000272141285987  0.29342162997895838
  0.30641074621456560  0.31924228179988901  0.33177155337916581  0.34342183204907178
  0.35449687863381324  0.36524585655304120  0.37566606792023133  0.38577750617418094
  0.39573732204280820  0.40550136413056098  0.41499545514148700  0.42443503633390123
  0.43377473910934483  0.44280352218815927  0.45156929686870945  0.46019121624856452
  0.46867921965356801  0.47701016066047186  0.48529675797044713  0.49363271788145674
  0.50186232586713775  0.50991273114568880  0.51786807270000079  0.52576123238944661
  0.53352374686532056  0.54106584658564638  0.54832348052240676  0.55550547142092577
  0.56284798348316600  0.57037819756104124  0.57792721134030411  0.58524714554282509
  0.59266235916583132  0.60000400352707550  0.60725348150020853  0.61441769322354767
  0.62151736586552342  0.62848628484374813  0.63541072020157086  0.64240751574858468
  0.64925854714397402  0.65587603954515805  0.66246253576899217  0.66904319808037016
  0.67557672734934870  0.68200945407742541  0.68841081286775463  0.69477516806934403
  0.70116231763034009  0.70750045865882705  0.71407077898750104  0.72063501506319261
  0.72710849814136469  0.73366742151704512  0.74032599538787824  0.74703463014864169
  0.75379394780803566  0.76064651183538390  0.76760644544769652  0.77457850492196378
  0.78146963890431986  0.78836137280075180  0.79534992202221044  0.80250531433680306
  0.80992274482080384  0.81748472483993173  0.82472591819067431  0.83191927167988233
  0.83897753448109558  0.84623869082173364  0.85377995100628690  0.86159069705603386
  0.86952797642075319  0.87764220528938375  0.88601935660270681  0.89480791915113478
  0.90408890978906054  0.91374415543640142  0.92360729252372997  0.93385697396044709
  0.94512071327402813  0.95815934303804839  0.97528919006815373  1.00000000000000000
 -0.03061845341338509  0.15433218790987041  0.20681785846815381  0.24128474720510798
  0.26882076371104185  0.29327244678858916  0.31505507453158238  0.33405689550408479
  0.35136819111985085  0.36715312154784502  0.38261434310921416  0.39701359899845440
  0.41008739666955701  0.42230802792769540  0.43437295435603129  0.44580943127218009
  0.45645024718431393  0.46640912311263427  0.47596753309050011  0.48530609004885178
  0.49444380893134288  0.50334326865503221  0.51199138119115750  0.52037202802323490
  0.52840705925728082  0.53625185515534668  0.54391884324965478  0.55145819728046586
  0.55876296455104557  0.56593382575881668  0.57281510010795778  0.57955757824341814
  0.58608133996191536  0.59242966581943457  0.59874413122721082  0.60501602860577686
  0.61125435942886908  0.61745249760842869  0.62350993376777430  0.62948238916648935
  0.63532338777098352  0.64108219484895401  0.64683089825429307  0.65254540810601858
  0.65819142809657194  0.66373187419609736  0.66921598627150203  0.67465992881358428
  0.68002324808919512  0.68531829422092660  0.69054140758761084  0.69570351694855626
  0.70083689859566001  0.70593478381095953  0.71097624203391341  0.71597002603208559
  0.72090548378102903  0.72588049671724386  0.73063880498455969  0.73538424206215625
  0.74008756320143554  0.74471886798831699  0.74927354663347712  0.75370059191721717
  0.75804195004024955  0.76238621587423472  0.76674717160586059  0.77114181503502643
  0.77559842418309588  0.78010733781358355  0.78457956360885150  0.78899063404193048
  0.79343691528201865  0.79792355789407354  0.80247749184243877  0.80708343773602831
  0.81172793131612420  0.81649001017359890  0.82145564460705178  0.82637639742781510
  0.83134796479172779  0.83633354653193248  0.84138087840792886  0.84659127660738742
  0.85200093589754577  0.85773053733828875  0.86374311926670055  0.87002328549004837
  0.87671731820081822  0.88391637358391484  0.89175351810544579  0.90073565977961989
  0.91135879825830168  0.92446019542052316  0.94578836608213379  1.00000000000000000
   3.7862264208016986E-007  -1.0000000000000000     
 T T T T T T T T
  <DiscreteSampler_grid>
  grouped_processes
  1 # 1 for a reference and 2 for a running grid.
  10 # Attribute 'min_bin_probing_points' of the grid.
  1 # Attribute 'grid_mode' of the grid. 1=='default',2=='initialization'
  0.0000000000000000 # Attribute 'small_contrib_threshold' of the grid.
  0.5000000000000000 # Attribute 'damping_power' of the grid.
 # binID   n_entries weight   weight_sqr   abs_weight
    10   10   1.560357767606109E+004   1.009254482749582E+009   1.560357767606109E+004
    11   10   1.560357767606109E+004   1.009254482749582E+009   1.560357767606109E+004
  </DiscreteSampler_grid>
