 -0.00014584436174155  0.00581468942440802  0.01586328918876940  0.02720487988328656
  0.03911583732891841  0.05041557417596228  0.06162944610635810  0.07259297133972255
  0.08316911499922358  0.09316808434578382  0.10297596250239076  0.11297953724421715
  0.12302797744475406  0.13294765084772794  0.14255361103140313  0.15189477878491031
  0.16119441072665353  0.17032876796389812  0.17924126298571921  0.18804758213217790
  0.19689568776434063  0.20580307243692000  0.21464334747239278  0.22334699200313979
  0.23189450178934054  0.24054012407041059  0.24932388605389474  0.25803804904471972
  0.26682268902110112  0.27566863821124127  0.28443393504914477  0.29316773324600559
  0.30186586142900457  0.31053461654346770  0.31899917152650681  0.32746999499115381
  0.33576575756656168  0.34395091929739491  0.35205395462201639  0.36048036238392994
  0.36909899092856430  0.37772963876439075  0.38630775835282122  0.39485998250794380
  0.40363332243569056  0.41262734168926007  0.42155360073334697  0.43040951916254627
  0.43914731917269251  0.44766008224592635  0.45587209098162501  0.46407942643862160
  0.47228453718724572  0.48048725416217497  0.48892130235012482  0.49749667162435746
  0.50607446494606334  0.51460979146831787  0.52311516076098297  0.53163176842891213
  0.54006368904669133  0.54839219474021139  0.55667469235466505  0.56499613581013863
  0.57340279167640196  0.58179343933922800  0.59029490022253162  0.59882597557062245
  0.60801996763084687  0.61743303724420795  0.62679940345103524  0.63623495457922108
  0.64585273449800928  0.65555023102581933  0.66516799047814146  0.67516200651996761
  0.68539255053358517  0.69569992669360980  0.70613010318000546  0.71672512080322837
  0.72751220107382375  0.73860778477165367  0.75044962184185438  0.76277831017040731
  0.77513807928708145  0.78755009886264593  0.80029202619398687  0.81474655531865037
  0.83037279324555757  0.84712193472827790  0.86480983739592998  0.88320836635023581
  0.90400942068873835  0.92922325125246763  0.96099566871432385  1.00000000000000000
 -0.00244512170977089  0.00980024499908806  0.01978203569969992  0.02957087372059010
  0.03958815355625970  0.05001580418511010  0.06062237213752623  0.07149976368744781
  0.08223423745571169  0.09333592678899946  0.10460501325601232  0.11527939713340032
  0.12597643960168042  0.13672454380474799  0.14717576584469952  0.15763513579394667
  0.16801066590982064  0.17985617889505448  0.19114901720820116  0.20206022124215314
  0.21275321506751607  0.22338957763436668  0.23377504980558866  0.24424445076292625
  0.25456108528712768  0.26500882634243439  0.27543985657390835  0.28636861729686652
  0.29695697671223925  0.30794854622161510  0.31914693664905158  0.33090475800414909
  0.34163441331736127  0.35196441847593191  0.36177092313899128  0.37166388845423953
  0.38162803975632525  0.39148494532925970  0.40132923771926954  0.41125166763998128
  0.42132101795874355  0.43153742294801295  0.44170707417122523  0.45254603119919229
  0.46353047675928571  0.47501585181402467  0.48572665595216946  0.49633353367748001
  0.50670993430168876  0.51725227390269701  0.52845886507527573  0.53983684113077102
  0.55045545448019528  0.56086156317393254  0.57121632729134375  0.58184187660545705
  0.59153732875861487  0.60092417800248144  0.61043090914231579  0.62038715985028492
  0.63061047596437780  0.64099565160999983  0.65175631519052069  0.66299080548982114
  0.67357119769961660  0.68392463360143807  0.69427949646751097  0.70461789402749098
  0.71504597775866818  0.72531623337219175  0.73595341508221190  0.74754313559448005
  0.75807292183905328  0.76847583601426162  0.77861121198266714  0.78877679092386688
  0.79855486968776535  0.80845581858785076  0.81907935252015507  0.82960316024536429
  0.83941709094498573  0.84903078497640150  0.85862493040374732  0.86822684351023882
  0.87799804452304664  0.88810197256959023  0.89819552742936926  0.90830815052066127
  0.91916813832070432  0.93099531582207584  0.94273381519779142  0.95369677525474994
  0.96495173124874534  0.97686105800412304  0.98842513484727368  1.00000000000000000
 -0.00966301038705353  0.05625196382778613  0.09138826542200594  0.11701830202019410
  0.13827742176300595  0.15651836791756976  0.17266166859693644  0.18786027139438308
  0.20214696096953044  0.21604939097990888  0.22946032545363665  0.24197439028210796
  0.25401602387459155  0.26561537306284899  0.27676522900192357  0.28743158562657678
  0.29783507224095968  0.30786366098590046  0.31797886116274243  0.32812856829531967
  0.33811131077530981  0.34793318553229419  0.35727483551407829  0.36616262104468572
  0.37507580783166172  0.38397933662890299  0.39276612360927643  0.40135707089113098
  0.40965655589070582  0.41790170421079620  0.42656463218944385  0.43529823837599224
  0.44363881952033096  0.45208277255476603  0.46029773200245794  0.46823862502969138
  0.47616517768384231  0.48442900862246357  0.49278494049813337  0.50090764863005566
  0.50882625625071232  0.51664246556901383  0.52438393228961311  0.53213594783534135
  0.53978173002651197  0.54741654596186973  0.55508456442547238  0.56293670874464319
  0.57087537194179128  0.57863494058255516  0.58671606143612909  0.59502469614807918
  0.60312247769509630  0.61103525749251075  0.61888204128632862  0.62663372381921756
  0.63431657272323339  0.64197341139462871  0.64938957126732810  0.65672360059233259
  0.66430191225670387  0.67198315351720672  0.67951216523947922  0.68686389080262844
  0.69430022517014500  0.70191046243665300  0.70976562813862332  0.71779315012784395
  0.72586258427705208  0.73394869198139268  0.74206240234031429  0.75013269050779852
  0.75811711688973127  0.76603284058873633  0.77385650216114665  0.78165110254651815
  0.78944230044055963  0.79734231080539686  0.80519198012239657  0.81300234972082308
  0.82078711557368011  0.82874468353465813  0.83678555316551995  0.84549299661387700
  0.85447218238226630  0.86379998720380569  0.87313759846012973  0.88296163749144363
  0.89320777610814472  0.90394741353020525  0.91533075701039779  0.92766729767080258
  0.94072168983652149  0.95513542433791288  0.97404672537050463  1.00000000000000000
 -0.02000091904561203  0.13186271978189801  0.17944117572589291  0.21360141690729711
  0.24086178572180914  0.26379902833785041  0.28429979802896271  0.30297222856906741
  0.32042970134699872  0.33684495824652089  0.35228984274855341  0.36621508266399877
  0.37931412814410970  0.39192046863264690  0.40408368448498572  0.41586092378270428
  0.42709508827783993  0.43809603941906355  0.44896514594558395  0.45931011888528145
  0.46894569671377573  0.47840231633140756  0.48789329243531870  0.49704224217812853
  0.50590606882787770  0.51478958777661799  0.52402621461729071  0.53364923661051833
  0.54266879205188390  0.55130146819688075  0.55967688281363526  0.56762072913234096
  0.57512873813488508  0.58240469630623437  0.58922841840023055  0.59578523343091627
  0.60234951088339905  0.60904055553862124  0.61578796146495318  0.62241171448245969
  0.62888590152062962  0.63522274954226965  0.64136913441525834  0.64741780251386405
  0.65332504060105756  0.65931084299809450  0.66516444934702224  0.67086510846079983
  0.67649909208333203  0.68207763526507570  0.68750241653678246  0.69264304780515495
  0.69754063654385112  0.70252155599265376  0.70753472094810832  0.71252587848006588
  0.71734085055191388  0.72211633650223472  0.72678569647155578  0.73144976531530737
  0.73609283652341106  0.74073715683364838  0.74540449170139600  0.75008856934454538
  0.75474795079507728  0.75932357674158502  0.76390628262860361  0.76849845655828852
  0.77323105166683859  0.77819510351856458  0.78320669009193733  0.78824497756473699
  0.79324079389991442  0.79814586591560288  0.80303320215776541  0.80792763510951371
  0.81274571268887452  0.81762894945105014  0.82244768804630264  0.82744569571837145
  0.83267427324191123  0.83807214623268034  0.84358294731249306  0.84906210401273396
  0.85458924744384401  0.86033842402639771  0.86638907936598530  0.87293210563164358
  0.88020694883429795  0.88800550615293072  0.89629393708599392  0.90568429745104728
  0.91682732530630762  0.93092414823880676  0.95211960123412065  1.00000000000000000
   2.7254957220856579E-007  -1.0000000000000000     
 T T T T T T T T
  <DiscreteSampler_grid>
  grouped_processes
  1 # 1 for a reference and 2 for a running grid.
  10 # Attribute 'min_bin_probing_points' of the grid.
  1 # Attribute 'grid_mode' of the grid. 1=='default',2=='initialization'
  0.0000000000000000 # Attribute 'small_contrib_threshold' of the grid.
  0.5000000000000000 # Attribute 'damping_power' of the grid.
 # binID   n_entries weight   weight_sqr   abs_weight
    10   10   9.760541188060133E+003   2.004863972393309E+008   9.760541188060133E+003
    11   10   9.760541188060133E+003   2.004863972393309E+008   9.760541188060133E+003
  </DiscreteSampler_grid>
