  0.00007379184520909  0.00149625922436873  0.00250574370734089  0.00329015156338068
  0.00398283266646959  0.00459195724423629  0.00516850170895282  0.00572278202071154
  0.00626872102724775  0.00680817547372995  0.00732701783655576  0.00781151447996201
  0.00827435912664685  0.00874121413108445  0.00920124186703491  0.00965226238963935
  0.01011718942466596  0.01056546796441181  0.01100614342062512  0.01145500125486319
  0.01190774615814677  0.01235451101157579  0.01280363749621762  0.01324570042237451
  0.01366890295373996  0.01408385881877101  0.01450518562781326  0.01492738999419381
  0.01535548804024120  0.01579865389544459  0.01621234591963039  0.01661067676170285
  0.01700269685891071  0.01739504412696063  0.01779565387651378  0.01820887164518400
  0.01863785475529225  0.01907689414516702  0.01951135660337747  0.01992402193711186
  0.02033702417407895  0.02076726387954186  0.02122901204039570  0.02170732898255246
  0.02218239109634290  0.02265425657744183  0.02312945357179346  0.02359609357306658
  0.02406656072789646  0.02455217580297145  0.02504195097049695  0.02551541014062607
  0.02597787981237259  0.02641523783166302  0.02685973785506526  0.02731245865183031
  0.02777410597485760  0.02824364007974701  0.02871917113748400  0.02920206951978660
  0.02966916828916872  0.03014115147467834  0.03065336396636273  0.03116546250287456
  0.03167133222438893  0.03218736898922976  0.03270735365909352  0.03321696300856594
  0.03373055971419427  0.03424858021417366  0.03478994237389980  0.03534032768939278
  0.03590219714507967  0.03646787934333119  0.03703211649428524  0.03758245154733261
  0.03815578521371284  0.03874614459447285  0.03933264151657492  0.03993612067140291
  0.04056998529127347  0.04125313337744116  0.04202616753214738  0.04286085184973303
  0.04372719369830003  0.04459693592428443  0.04549980659847032  0.04652602069412325
  0.04787688946194237  0.04999465615007013  0.05341232405380767  0.05749315037824727
  0.06217423656538536  0.06938253437332184  0.07322936291841245  1.00000000000000000
  0.00814683768720977  0.02096947817440030  0.03430698315075305  0.04673266029517832
  0.05860746934558957  0.07032877182537474  0.08159437941157320  0.09196381481063519
  0.10209611519944600  0.11180509675158595  0.12179012636691593  0.13226798504420562
  0.14333444696391243  0.15498954066193119  0.16694008829262719  0.17839525497101660
  0.18920663413096361  0.19947334719381873  0.20953504616148139  0.21984403097902877
  0.23017767848245738  0.24041452852626785  0.25014033063705182  0.25834111724932957
  0.26667054174795213  0.27548701745374182  0.28452490071230391  0.29334850197697510
  0.30197461152290311  0.31048380067843179  0.32108076719744860  0.33253252299405378
  0.34372736014297067  0.35433853679099991  0.36402546843973871  0.37327918144264793
  0.38268520323694449  0.39210109218004757  0.40133684246018358  0.41009483043041906
  0.41877498421208859  0.42789922035330807  0.43738355656848321  0.44701558415834619
  0.45679423491969162  0.46680317379806746  0.47724916487646352  0.48832706405617465
  0.49952088047058602  0.50999393494333689  0.51945355429321882  0.52876496524402339
  0.53821864099286054  0.54799200267883874  0.55748921613463054  0.56738527599859667
  0.57794243828081004  0.58864556714703442  0.59918131112581396  0.60994964418231168
  0.62066137960889822  0.63127509044153041  0.64105284333094559  0.65104612318263633
  0.66070597423985666  0.67047853091670317  0.67953647401262562  0.68849467642118545
  0.69793384447760265  0.70743035677652188  0.71684535661450943  0.72615639406344779
  0.73591868827058127  0.74598418085783103  0.75631107517523499  0.76678049476386856
  0.77782482904569683  0.78882666671147317  0.79918353166834766  0.80936752984733773
  0.82002325773207152  0.83074774154052733  0.84114598016734754  0.85120064581435728
  0.86121385200027012  0.87153881799922661  0.88109334883258605  0.89018641331068638
  0.89897535815915197  0.90792569509580046  0.91715955178086139  0.92795356172935961
  0.93972939017148971  0.95327259756586868  0.97124201262384813  1.00000000000000000
 -0.00102250220092475  0.00568564513485340  0.00853897688717097  0.01141695382283729
  0.01469838147544510  0.01855733982992173  0.02253531331000386  0.02694729270762589
  0.03166852323875624  0.03655965722316636  0.04148471987672279  0.04636489753159336
  0.05185818603136351  0.05772648182104255  0.06365744609182425  0.06974937853576281
  0.07577161588352470  0.08206407260404250  0.08974985297655196  0.09804204874555576
  0.10581247419582077  0.11361741836557811  0.12206806753596754  0.13054462473950995
  0.13859079881011033  0.14600794825813407  0.15358404340209247  0.16127463459646424
  0.16958600247801123  0.17832417228016018  0.18709850625206648  0.19579835548163843
  0.20468765019575200  0.21482404857059936  0.22553529152836729  0.23602646015715575
  0.24617791561510205  0.25592491680595425  0.26620196192498680  0.27703432653831961
  0.28833901274054413  0.29989601564687568  0.31126529627741195  0.32233073519238997
  0.33367877747605074  0.34572169423249971  0.35660179572474382  0.36935255884837026
  0.38196224419421904  0.39437525292185455  0.40667565339104933  0.41854112334573518
  0.42999313483971913  0.44131212458056573  0.45264766083394592  0.46414893717508438
  0.47622078206318336  0.48894433731379822  0.50185525884212823  0.51538137058162092
  0.52824518907203777  0.54086393992259540  0.55323024542031007  0.56755344733826207
  0.58164919923348590  0.59517252139014998  0.60855774420195419  0.62169501797310467
  0.63355998952649994  0.64572239145370647  0.65803140274091221  0.67044245546236947
  0.68274977430778938  0.69515623603993515  0.70738627594798464  0.71959010610755114
  0.73277984099528304  0.74591347714483758  0.75914632824189765  0.77274757387441440
  0.78636397273737724  0.79993159435552919  0.81374205710769365  0.82788937652119388
  0.84191210017271556  0.85580302700508237  0.86966988933285083  0.88319908115813794
  0.89630890045153300  0.91006165446311493  0.92404085489393806  0.93724761175603244
  0.95201647404276912  0.96780070700911081  0.98398746637769541  1.00000000000000000
 -0.00248388879418014  0.01135716316710973  0.02318022211622094  0.03479565428436551
  0.04653156340178831  0.05779577430091497  0.06910971881218338  0.08024951835990522
  0.09149362946854654  0.10287098308263963  0.11466031742771576  0.12627107306487800
  0.13711341399231622  0.14783662367215039  0.15859784991419387  0.16893100312217546
  0.17874052741667520  0.18903819912440584  0.20027807847699824  0.21168908805067507
  0.22283513808035907  0.23444467451029705  0.24623566779763878  0.25845492158871625
  0.27092389680924606  0.28395540979471245  0.29654235964638292  0.30797067318500171
  0.31875512378072690  0.32939255372297310  0.34061077927942013  0.35168380862652510
  0.36154413775342709  0.37093915322216864  0.38055463493635611  0.39006639197871457
  0.39939271634639090  0.40849424081959840  0.41772892625239227  0.42696366302845074
  0.43633137651140264  0.44563953194165651  0.45486728339060473  0.46368053274741022
  0.47188607708779806  0.48143288480827184  0.49275648234729563  0.50469727061515501
  0.51631722202821062  0.52754387429068950  0.53857692000998048  0.54889410925305782
  0.55888635984688939  0.56895818407922050  0.57910388238872335  0.59003765048094536
  0.60127056772044485  0.61258780141647085  0.62405549265266091  0.63572170264695749
  0.64711569738333896  0.65766676380622380  0.66829423711839953  0.67943251730987220
  0.68990936641175293  0.69978084621803882  0.71024075252073537  0.72136508448481962
  0.73249717637000988  0.74355040268602457  0.75499380793468807  0.76675905018768653
  0.77829564876596613  0.78941323243483952  0.80048990147074073  0.81130059348287853
  0.82158686428029049  0.83120109627413374  0.84060853442270789  0.85022784353219083
  0.86018981044151022  0.87050214156164296  0.88026682951245561  0.88970306923456011
  0.89912889111695271  0.90847501272380637  0.91739868581760065  0.92585428487530608
  0.93432276185113938  0.94354906078567313  0.95372009458938567  0.96344832987696338
  0.97272454622721993  0.98186121209557076  0.99078505517593962  1.00000000000000000
 -0.00236188935073225  0.01124353960657310  0.02229156528846560  0.03231595260590777
  0.04180007834892953  0.05174194429629361  0.06213113111372102  0.07193245666632489
  0.08204553677107941  0.09202886547920247  0.10229559804390857  0.11246630661313448
  0.12292021364280002  0.13310044002504062  0.14335538099535503  0.15413545206491081
  0.16540193497727498  0.17675451478105689  0.18762800591386958  0.19797386088899518
  0.20834303566978277  0.21890940374683063  0.22980838364612133  0.24104965653841873
  0.25267439499867916  0.26503290336721913  0.27729327633925926  0.28908269004290871
  0.30081440457016867  0.31192460341101635  0.32174123439619212  0.33153328699418505
  0.34168876124847219  0.35169428395521751  0.36141842507631106  0.37103548525952479
  0.38175313715847092  0.39405962323314930  0.40478232187805774  0.41557403534585258
  0.42620311886252205  0.43741160173303661  0.44643673182117072  0.45563752362289472
  0.46487313344137199  0.47445219703273117  0.48427079112880494  0.49424162067336092
  0.50456231051882194  0.51527495057150652  0.52569994062188841  0.53575882371626471
  0.54679588437175963  0.55787297514853740  0.56851793570981646  0.57818946350405798
  0.58813907447486946  0.59834999555199975  0.60829154441589650  0.61804409887132794
  0.62809572236892275  0.63873113529088710  0.64988014663546723  0.66109860863394465
  0.67140462247002797  0.68080668973275171  0.69029996653332559  0.70083612542215978
  0.71176852418906444  0.72247393380588254  0.73318201204402400  0.74383085054483999
  0.75397568859779507  0.76384556464029985  0.77404117950757434  0.78465054651604926
  0.79586943190516246  0.80734334678945918  0.81812751054537913  0.82816246689231887
  0.83833951242061577  0.84866738447386247  0.85851004789598651  0.86795881401643715
  0.87831442639311441  0.88949927813146112  0.90009853431534226  0.90989387696154744
  0.91998677028043174  0.93092956962642692  0.94271363544554343  0.95503426442966000
  0.96707452114618364  0.97817191271189452  0.98942376188835990  1.00000000000000000
 -0.00211085805896268  0.00876884507198831  0.01840126666173514  0.02824732538039613
  0.03773065626503357  0.04663349781710436  0.05556429702300574  0.06484422081778131
  0.07454005887789020  0.08472158717371259  0.09589649122243918  0.10737168653443734
  0.11886824292273372  0.13026815693715663  0.14138972918798859  0.15190979110942820
  0.16165804149629837  0.17125242104533342  0.18104394813273203  0.19063867851544403
  0.19926316385659804  0.20835401971412332  0.21836536927107375  0.22841248420346269
  0.23885786472555021  0.24798227207027781  0.25962067664624405  0.27136029592328698
  0.28291721403155012  0.29541964522930009  0.30822374313435402  0.32042056288360016
  0.33236370662921877  0.34445016450497740  0.35571028174161395  0.36568369366165476
  0.37543575674683433  0.38558838488776687  0.39581805043175783  0.40575499541046295
  0.41544734496599156  0.42600067274621733  0.43666866210944827  0.44692253711837182
  0.45717913191399839  0.46808651348009334  0.47972195097162490  0.49227963061078361
  0.50433853864037193  0.51589076944357060  0.52751868411099001  0.53894328316154461
  0.55099999209169193  0.56272623918487374  0.57424541942493756  0.58487935108753197
  0.59548827597067067  0.60561770832918738  0.61517079779382078  0.62499945822432501
  0.63582831419887376  0.64726676737195044  0.65896092734950584  0.66992001346002572
  0.68027459520696942  0.69053535231051477  0.70112309667578832  0.71237249831832361
  0.72374563384058865  0.73543318200878682  0.74672813055290921  0.75856170068819950
  0.77041306837242773  0.78172341425251790  0.79220858187378462  0.80183181363307343
  0.81109599857281645  0.82013669021107094  0.82880420789417841  0.83798019869760221
  0.84716993997468837  0.85810699923037570  0.87010199501531393  0.88167269425386174
  0.89265065402675314  0.90345574120557770  0.91468679338518555  0.92422349668970172
  0.93311529921233127  0.94212125289701221  0.95119854096119849  0.96033965696224877
  0.96969795415706861  0.97924355822913223  0.98988619620762341  1.00000000000000000
 -0.00288746199320877  0.01043322568556058  0.02128817008102771  0.03141151527484835
  0.04145585436872933  0.05180961616882195  0.06220585864455692  0.07231318496798808
  0.08242287889204160  0.09264502268373016  0.10246210918661044  0.11178405308341294
  0.12139691993537093  0.13194698126592683  0.14255961960898386  0.15249511517426734
  0.16251575185425543  0.17349815331204307  0.18537856712065090  0.19709993970982004
  0.20815739902080049  0.21875006654708107  0.22907384363868821  0.23897274052413503
  0.24920350684971521  0.26009684745196254  0.27127511730086451  0.28317945344052753
  0.29533415935235829  0.30776662114652825  0.32022931058535087  0.33219463698066304
  0.34339676107266498  0.35415736732092706  0.36464292435655071  0.37489353676508297
  0.38476794795606850  0.39477592542925477  0.40483109107527782  0.41520239696233197
  0.42677468765450360  0.43898442006218963  0.45046223854420109  0.46119031389451043
  0.47169918187807364  0.48290590084132345  0.49365209664500342  0.50525561008154851
  0.51686948982080272  0.52745855418091669  0.53763590023192664  0.54735026343270077
  0.55722764251423007  0.56704272993217109  0.57661266426075763  0.58655340262230293
  0.59676480749489336  0.60790801793022931  0.61987703840746877  0.63186137945788845
  0.64347423897407841  0.65417926254333503  0.66474820988533079  0.67401863853408661
  0.68300446175300500  0.69194130435346313  0.70128325293645710  0.71034491818466483
  0.71900508534110497  0.72759753535607075  0.73694730232570416  0.74695609337276203
  0.75697313990381654  0.76745890583494158  0.77904298436022612  0.79132562998300604
  0.80305256566324923  0.81412475413961394  0.82513352722082434  0.83622562181508653
  0.84727783448702876  0.85833408856675053  0.86956095500616704  0.88113646938746126
  0.89319074517192187  0.90465598973051742  0.91580959716805843  0.92561340427950567
  0.93521960908651991  0.94488822079695789  0.95497321092782539  0.96496025420984699
  0.97442208349451731  0.98329400607191675  0.99180576723216440  1.00000000000000000
 -0.00228187826623123  0.00903638416732328  0.01921631274807144  0.02943217579588080
  0.03969719318363844  0.05018669960817431  0.06072310879530760  0.07216762449608299
  0.08335829751362636  0.09467053711088684  0.10565020469291111  0.11629402993798918
  0.12685800443709200  0.13750293967433655  0.14808865789782888  0.15928854143972415
  0.17127508116410553  0.18334612931492211  0.19489530039656924  0.20621605730149867
  0.21758972110604738  0.22920211318155784  0.24081330299256853  0.25188218782379213
  0.26243210253627608  0.27319474698090995  0.28444196517946224  0.29543664611584736
  0.30707834345204715  0.31848353123157480  0.33072993787474353  0.34319779650171844
  0.35471013360677833  0.36515069882065915  0.37483742748882154  0.38406778852620227
  0.39298083048731092  0.40250918301137217  0.41233913185919152  0.42272423971189360
  0.43361733197770524  0.44494686764416097  0.45720723039577171  0.46845747018198902
  0.47970800922611850  0.49083025543791658  0.50263698756901731  0.51548748769363451
  0.52647793696534084  0.53630835205085303  0.54593964496570069  0.55539568794919580
  0.56454170516136393  0.57323457566822833  0.58188276717059295  0.59198606300095868
  0.60280782901658803  0.61317207353570558  0.62330544766282237  0.63311110676942284
  0.64299173868458492  0.65247994536999343  0.66157339492040590  0.67102780807260898
  0.68138335680324147  0.69252531175373411  0.70394981487327724  0.71422212165174392
  0.72354206510294872  0.73263289882115656  0.74190646509504798  0.75121642465879057
  0.75988630665040424  0.76860287501012170  0.77849561706906389  0.78897528570872277
  0.79957766217260429  0.81027975688627418  0.82102959452695834  0.83209218448543121
  0.84359618140949877  0.85522937667325027  0.86601068096756251  0.87617653172629451
  0.88727094776875670  0.89826846909531954  0.90815045517791637  0.91802524240928429
  0.92834686273262346  0.93814707274745068  0.94832183008289117  0.95769576624586561
  0.96895662272291472  0.97994030872089299  0.99027454613115085  1.00000000000000000
  0.00631449798250540  0.03220986470169507  0.05207022653935836  0.06373975304342679
  0.07504714786208602  0.08473993329817872  0.09253291350819076  0.09995135240262913
  0.10706904229125626  0.11409297580460417  0.12144007166185175  0.12795885782334487
  0.13345839164435527  0.13890458723248561  0.14463301696979841  0.15092769333802028
  0.15758727463347511  0.16438877551780381  0.17109047082400028  0.17745381493524948
  0.18355148410111974  0.18994730120182199  0.19723889546441792  0.20423552674515755
  0.21091062034023797  0.21732427171244231  0.22364697897558566  0.22999980887855134
  0.23613090110854082  0.24206123676537125  0.24815242423842687  0.25391255785264311
  0.25923743644584502  0.26470396486594866  0.27021422354713776  0.27613639561695835
  0.28198489969141555  0.28785073911995518  0.29339664877309146  0.29892211937732166
  0.30443418291871877  0.30998491611670626  0.31565917206321947  0.32147858717515854
  0.32725157101132218  0.33291945700142395  0.33862205943233886  0.34446130409442560
  0.35044167088405515  0.35666239406029582  0.36315277475669711  0.36943632848592756
  0.37559763616253750  0.38158290162070213  0.38818007799551896  0.39508066361637084
  0.40223213865253438  0.40931682015190302  0.41659513572673035  0.42457997010434700
  0.43313673764788474  0.44203901838814963  0.45117197631080053  0.45958297822742039
  0.46732707064147105  0.47549226784596116  0.48380047530036435  0.49248421214597599
  0.50122519589665382  0.50919363184387900  0.51731604707535728  0.52505530191097138
  0.53329556106889453  0.54146148422967888  0.55038379465585574  0.55975294355181282
  0.56970019971937991  0.57987393251703423  0.59096690444419342  0.60287168781584100
  0.61460098838086963  0.62646761756098079  0.63900606336922594  0.65176643905675291
  0.66423882159940828  0.67817166298123799  0.69353771270946518  0.70946207712365184
  0.72520631430496951  0.74103893477067340  0.75861211412751872  0.78059979271072943
  0.80528853689283331  0.83544648329289761  0.88110343331537866  1.00000000000000000
 -0.01635444905348711  0.09869920293020583  0.14159925848589719  0.16603723120982491
  0.18603575328810307  0.20225166508892262  0.21611284020498253  0.22858008904895430
  0.23960483025053644  0.24999258539820157  0.26005826729659709  0.26977689549266870
  0.27938822969543908  0.28896228636384580  0.29825112498915429  0.30721026138897906
  0.31539056147192013  0.32259970372875857  0.32942467639075007  0.33603315283936208
  0.34209714796153962  0.34860079803296579  0.35487227805391153  0.36090422645525266
  0.36669679181453330  0.37253141993571631  0.37842819343950118  0.38435065591100381
  0.39032381155377543  0.39621154306939133  0.40207724039428039  0.40800220751262123
  0.41383875042575591  0.41987413964525616  0.42586637181438342  0.43159828301508313
  0.43748740253285689  0.44369429011036210  0.44997784978766464  0.45598855044172143
  0.46152049914030929  0.46679784793360662  0.47217325078695888  0.47786397878786141
  0.48340181707942875  0.48910116180577140  0.49472916817616197  0.50014461656164633
  0.50533640596497886  0.51031413003337178  0.51528005558705980  0.52055035597709609
  0.52613855316219649  0.53190660425286329  0.53770083452649875  0.54359885392744567
  0.54951234915463976  0.55507278456438802  0.56060535001264045  0.56628857907914765
  0.57217238230025014  0.57804269743695069  0.58382847758101264  0.58957515656558290
  0.59534802983068158  0.60113026205420472  0.60690170704662294  0.61298630662494169
  0.61964026213431500  0.62680361656826034  0.63365549193635973  0.64019231481742678
  0.64654318238182107  0.65293505193680923  0.65947239323145468  0.66629992563925944
  0.67392724772956258  0.68148626699656201  0.68979798388251912  0.69904058079685605
  0.70808013335540054  0.71619264160586493  0.72438308595043410  0.73310250607702232
  0.74192220135798848  0.75065501746548602  0.75966352013690852  0.76976584573899931
  0.78147706610228929  0.79441712480511184  0.80876707955415961  0.82551281737439419
  0.84575841289810916  0.87085910093772867  0.90737090688944155  1.00000000000000000
   1.2539638828140771E-014  -1.0000000000000000     
 T F F T F F F F T T T T T T T T F F F F F F F F T T T T F F F F F F F F F F F F T T T T F F F F F F F F F F F F T T T T T T T T F F F F F F F F T T T T T T T T F F F F F F F F T T T T F F F F F F F F F F F F T T T T F F F F F F F F F F F F T T T T T T T T
  <DiscreteSampler_grid>
  grouped_processes
  1 # 1 for a reference and 2 for a running grid.
  10 # Attribute 'min_bin_probing_points' of the grid.
  1 # Attribute 'grid_mode' of the grid. 1=='default',2=='initialization'
  0.0000000000000000 # Attribute 'small_contrib_threshold' of the grid.
  0.5000000000000000 # Attribute 'damping_power' of the grid.
 # binID   n_entries weight   weight_sqr   abs_weight
    10   10   2.686420283910303E-002   3.170905347252926E-003   2.686420283910303E-002
    11   10   2.686420283910303E-002   3.170905347252925E-003   2.686420283910303E-002
  </DiscreteSampler_grid>
