 -0.00020831086087338  0.00630583981753034  0.01627436621585977  0.02733223775776526
  0.03854475477611852  0.05005031118235843  0.06117695893364292  0.07253383174535674
  0.08361757327925155  0.09404991191513525  0.10395214420994403  0.11334144946373644
  0.12294139638013329  0.13313688091870252  0.14350434377582547  0.15359183987325212
  0.16317763978800925  0.17241791408935697  0.18137968191288842  0.19015230646960646
  0.19881653203958521  0.20737749143049283  0.21572171413880767  0.22395729818414420
  0.23228557435183889  0.24056186017368406  0.24877949531289087  0.25718225945805212
  0.26558655491149030  0.27407652988295478  0.28267816638573834  0.29119408999729779
  0.29961635858880886  0.30798692915667747  0.31628044037338127  0.32444371592555599
  0.33285565436432291  0.34118797653630550  0.34953224489433798  0.35770013378618576
  0.36644917729378357  0.37546869357302864  0.38443373357545441  0.39347848620625792
  0.40306674031437578  0.41219941724281861  0.42113086148981960  0.43003149082417808
  0.43894265931008164  0.44783870906809398  0.45667774262393518  0.46580145398211936
  0.47488626637919107  0.48372308188080587  0.49253474019178239  0.50165337241221020
  0.51082892635212696  0.51981716333854722  0.52876116802170270  0.53762202930997249
  0.54646846329332821  0.55536672728989267  0.56432358569839647  0.57325881485831165
  0.58199673280682818  0.59066227797559612  0.59926215515902281  0.60772806964053794
  0.61598003166454718  0.62415374766154330  0.63284412613229812  0.64219258046014882
  0.65154498812717265  0.66104049478604587  0.67066765724484145  0.68045128999744631
  0.69053151035908078  0.70079720306107096  0.71144910264311245  0.72200550482684123
  0.73253279630669299  0.74292750047753620  0.75374749118008200  0.76596861434072272
  0.77870426510227286  0.79216421102629142  0.80599303731703809  0.82044651809588831
  0.83578001526484735  0.85207934590006096  0.86922646045242724  0.88682579792892080
  0.90696850926602823  0.93123656508988351  0.96260924542245430  1.00000000000000000
 -0.00183582035678406  0.00827784421766114  0.01688272377110312  0.02608241058430371
  0.03498054161885319  0.04394285647031507  0.05254360080714406  0.06158727228769006
  0.07129642302059479  0.08122055766240126  0.09108399985237126  0.10086002229177998
  0.11050700772241381  0.12015416091969125  0.12980695880463727  0.13978001596227504
  0.15013278091376539  0.16077767901939818  0.17139822014053341  0.18210058084766970
  0.19265247544140915  0.20328210000949151  0.21419717590293708  0.22518912382371448
  0.23588733732364722  0.24632638078161126  0.25657693940968074  0.26717350224152819
  0.27773580354871086  0.28857190614759520  0.29909160577847177  0.30987016116155647
  0.32006261719778251  0.32941408362930891  0.33853985373491258  0.34783768024345635
  0.35749186842477126  0.36756238911016270  0.37863631880539100  0.39084416268774508
  0.40291779256283228  0.41431989046317114  0.42555957537658895  0.43680916586080737
  0.44779472459605885  0.45884012648628936  0.46935364856419509  0.47945173743328884
  0.48931936794927372  0.49914352338310686  0.50884218266314241  0.51839149527863848
  0.52874535916135756  0.53957297310673313  0.54989242481260447  0.55978143456319807
  0.56960006480309988  0.57972993574340526  0.59012035212350955  0.60035515369848469
  0.61038334545893780  0.62036897838143401  0.63042661639842179  0.64085523449877535
  0.65182440859554314  0.66301603048042679  0.67424115986690580  0.68565925944067863
  0.69766627306829732  0.71002670578958393  0.72176213524523047  0.73315867542267144
  0.74445744324904140  0.75621424395716008  0.76813860856616123  0.78082878173377379
  0.79309062088998472  0.80408385750136047  0.81441881373801706  0.82401891948629535
  0.83362738679917736  0.84326794957747608  0.85299063015425969  0.86314956506664164
  0.87370033242629819  0.88452948014263499  0.89569007178193505  0.90698562191237153
  0.91816500463212136  0.92892714436730994  0.93961707714027221  0.95098632742012468
  0.96314546882095464  0.97577615358588021  0.98800892788020578  1.00000000000000000
 -0.01040573824733325  0.06160508527673911  0.09637080211608240  0.12355397310835202
  0.14464679423318055  0.16327304945467597  0.18032176622819329  0.19620781860109843
  0.21093685648157764  0.22489679422031872  0.23765782560926391  0.25006805209449645
  0.26267818230373763  0.27496966782027460  0.28622009215501276  0.29710885668202003
  0.30690961600181854  0.31627116834899049  0.32528483626832588  0.33477932802015098
  0.34458430672739582  0.35419853022057751  0.36339291723171352  0.37216111880526209
  0.38058051934495601  0.38876305082412477  0.39696700217635533  0.40531089835008854
  0.41384875435730895  0.42268887488246143  0.43152736240507533  0.44015399982768888
  0.44844640316677920  0.45632192772912172  0.46404807017871341  0.47173380425645206
  0.47972878105702232  0.48858090856780068  0.49696163401491861  0.50475590163567030
  0.51235879466327094  0.52021987665817315  0.52797392094900897  0.53567154184431642
  0.54331869439753910  0.55056142310141631  0.55780448061009003  0.56462654722032135
  0.57110960585892812  0.57770300312987710  0.58439613737333984  0.59132840951293686
  0.59819344694945453  0.60501578248692001  0.61195154784848727  0.61907636152412493
  0.62678230685079328  0.63548724348372732  0.64449043304868692  0.65258481232801757
  0.66049035851014581  0.66800721014214359  0.67547330088996316  0.68301552463253445
  0.69061109006996191  0.69829426579352361  0.70602258928241068  0.71370232711718395
  0.72151811848909342  0.72934462761756691  0.73660409047333175  0.74385682560115884
  0.75148768821628653  0.75922964171834317  0.76696783709066596  0.77450506439960354
  0.78176606364553125  0.78923243528678966  0.79748158651982337  0.80651696455997979
  0.81578691857704000  0.82502636866498691  0.83422328346189278  0.84277017698605938
  0.85140333488518460  0.86026209810314314  0.86951654184201321  0.87889840656254126
  0.88853210543193639  0.89885948066532506  0.91040462600028127  0.92264987575040103
  0.93540205350618466  0.95022499380725045  0.97024147796008375  1.00000000000000000
 -0.01924124461396634  0.12783922858891256  0.17659785329971114  0.20767115486050669
  0.23190993480399716  0.25028301706537803  0.26587109032377249  0.27995687386168949
  0.29342848568679725  0.30681331459094169  0.31958269365239711  0.33143101390549368
  0.34254503401973091  0.35334234947480891  0.36394009869081778  0.37417449256231300
  0.38431128109999768  0.39425656444362434  0.40372495478361070  0.41260253228673610
  0.42091398736913282  0.42900292747780355  0.43715436673598329  0.44529820616553950
  0.45335717234587530  0.46126329128304405  0.46902254754476519  0.47642159757274904
  0.48345779327359767  0.49037586456204513  0.49721908901958184  0.50388515596884675
  0.51031441164587266  0.51664385943558955  0.52287644015816648  0.52878911120828187
  0.53498963893094176  0.54108574993059466  0.54710150922909229  0.55302454315512606
  0.55892175685257228  0.56487539541346432  0.57090749853165512  0.57689935786838287
  0.58290136785440616  0.58922661908815810  0.59568778332710604  0.60208383330060711
  0.60824333207282333  0.61408855435401344  0.61975347650977863  0.62529485290242981
  0.63069008961911077  0.63605063156013875  0.64135402672751607  0.64652098434732930
  0.65159739749424139  0.65653146886714864  0.66151652090191404  0.66638277006689550
  0.67131928709984623  0.67638265349317250  0.68141395461417176  0.68636763606037987
  0.69142757030207547  0.69661249810406933  0.70189025847645448  0.70721758798612011
  0.71266127062701756  0.71845145341219330  0.72426681266881809  0.73024279930691216
  0.73648856397936902  0.74283999612327545  0.74908641657712127  0.75556750328810185
  0.76221966660350626  0.76879059633680846  0.77548017292319615  0.78227845668846652
  0.78907072139848444  0.79577029993989634  0.80253261591674452  0.80962377171355870
  0.81697644674066416  0.82447295305062507  0.83225250940073003  0.84038521575514880
  0.84889483263539722  0.85804607384305720  0.86783384796886609  0.87881194833054932
  0.89211460824865108  0.90939944597275668  0.93647680713503090  1.00000000000000000
   9.7510590194116817E-008  -1.0000000000000000     
 T T T T T T T T
  <DiscreteSampler_grid>
  grouped_processes
  1 # 1 for a reference and 2 for a running grid.
  10 # Attribute 'min_bin_probing_points' of the grid.
  1 # Attribute 'grid_mode' of the grid. 1=='default',2=='initialization'
  0.0000000000000000 # Attribute 'small_contrib_threshold' of the grid.
  0.5000000000000000 # Attribute 'damping_power' of the grid.
 # binID   n_entries weight   weight_sqr   abs_weight
    10   10   8.158420358199942E+003   2.389599661800303E+008   8.158420358199942E+003
    11   10   8.158420358199942E+003   2.389599661800303E+008   8.158420358199942E+003
  </DiscreteSampler_grid>
