  0.01029495196179684  0.05186814802147022  0.08168978464466826  0.10481823461381969
  0.12562035412041270  0.14598923070522596  0.16507314753605049  0.18374158652207229
  0.20088556363294188  0.21793638806018609  0.23438009557214673  0.25036797397981292
  0.26647716051661596  0.28245682590984922  0.29734107882280891  0.31173591710644422
  0.32554349774687202  0.33940366415659118  0.35241847210497279  0.36611885121639437
  0.37987808754764762  0.39390418789146209  0.40699243292802129  0.41895962198605119
  0.43023260052076612  0.44121868083755122  0.45211554176285829  0.46299429062797404
  0.47395500213874181  0.48518164749098602  0.49661982402423505  0.50849195374436507
  0.52035838260748635  0.53196542947504688  0.54320915030381656  0.55398934442643055
  0.56419979879905258  0.57360436907052381  0.58288770213774410  0.59248732693491679
  0.60217841637390912  0.61242692510579311  0.62311516661650146  0.63442667532655550
  0.64607077756337661  0.65775751233189250  0.66927917434586903  0.68046966448522861
  0.69125904956458062  0.70155960583142485  0.71156586898436824  0.72136888205593275
  0.73091804265576277  0.73992825127173878  0.74863057826575763  0.75752411381778562
  0.76680808970648273  0.77566835266364675  0.78451691016792857  0.79308811567390103
  0.80143678597403623  0.80933647805741460  0.81717732139930321  0.82524961417263554
  0.83383625530501937  0.84203440369349469  0.85010323627278328  0.85786040048081791
  0.86554628214855112  0.87315574825419362  0.88063355747877603  0.88787593029151601
  0.89488953954361006  0.90152298745774873  0.90793831105023570  0.91445861598415157
  0.92093917037326567  0.92735080283253279  0.93371225666951174  0.93981737691705891
  0.94569691661118138  0.95111113461471286  0.95609059504759841  0.96077904437431483
  0.96513241293119656  0.96921581734149165  0.97316850435360103  0.97689906184540209
  0.98017255154779859  0.98328396799533235  0.98622826647961614  0.98902054181795918
  0.99156340776793805  0.99404921002184687  0.99691645877366297  1.00000000000000000
  0.00886433685094801  0.01772949674476196  0.02738902358316871  0.03703611289005312
  0.04677820670884216  0.05732717784404650  0.06821835346376362  0.07890802350604545
  0.08937477178356509  0.09979495168155766  0.11039700938108597  0.12163825686308187
  0.13296495819240225  0.14449741898391916  0.15728365362988797  0.17029272499925630
  0.18299392706319847  0.19468328181597658  0.20574387619608264  0.21654683782421344
  0.22723610230515434  0.23787635232968068  0.24838829651887981  0.25867176076820403
  0.26855826963439755  0.27792155111521327  0.28692115371664340  0.29612531293572736
  0.30563762000305361  0.31524121495710022  0.32506089154638307  0.33634559400050523
  0.34906934992538580  0.36118413787799830  0.37180513274349225  0.38172819501696986
  0.39176851139164520  0.40230776357869674  0.41348765089144141  0.42463684884202957
  0.43515931484598452  0.44614217549633506  0.45747585651549272  0.46865029390797758
  0.47916658509606269  0.48969546457544666  0.50019511570726249  0.50994229773910316
  0.51874033673494913  0.52788622429240273  0.53723721573749950  0.54747191015840924
  0.55768986240660101  0.56798935229287661  0.57815971572148206  0.58889254760222198
  0.60023595135090901  0.61203543773655034  0.62408777471915466  0.63596363395739075
  0.64779689697821718  0.65897099315466434  0.66931283069744518  0.67928103148654340
  0.68939737808037327  0.70031389416796830  0.71133632633709831  0.72217952342450475
  0.73298753625824198  0.74352393876161005  0.75397176095936713  0.76466680145385668
  0.77461995153607521  0.78425064254589139  0.79394126774535068  0.80332303225761470
  0.81238348700899132  0.82147713255179200  0.83100664603660312  0.84096679554137355
  0.85106729547072912  0.86127941503769678  0.87161386064323909  0.88142731656452511
  0.89041616796069545  0.89999666430217906  0.91052194597503677  0.92149874039187529
  0.93217001509982400  0.94267969179702715  0.95341176730679422  0.96333522961036278
  0.97296837695592286  0.98303050796638436  0.99078541575340162  1.00000000000000000
 -0.00074490642132836  0.00450642312468208  0.00696607917601610  0.00945159845682741
  0.01223302153292761  0.01536249466402641  0.01848487055091843  0.02206269785406169
  0.02629324174945646  0.03105166079967742  0.03605040887213398  0.04103197680014066
  0.04615985273834666  0.05172003397672029  0.05747578067888371  0.06306690629874161
  0.06909657237376718  0.07605836156342416  0.08286965478403725  0.08943267461307100
  0.09620415017941028  0.10341884806475836  0.11107729522364178  0.11901652619702781
  0.12691975186254303  0.13485868164097534  0.14258269599179843  0.15033899351013558
  0.15802269594624413  0.16592518211633175  0.17462473489568406  0.18393207066933950
  0.19335623761304371  0.20291354303823750  0.21236784204970172  0.22196314713345386
  0.23167119763573588  0.24190769250633115  0.25250089473668780  0.26402746362134222
  0.27562840554568435  0.28726334653740926  0.29910947821669298  0.31090672096380279
  0.32255644485311397  0.33420458355747595  0.34594086006667668  0.35771438548097789
  0.36959520770059384  0.38129778993987828  0.39368692624073609  0.40565895754721087
  0.41719490413088128  0.42867469579566936  0.44019581986741602  0.45183343677634097
  0.46333931057101724  0.47447421070609103  0.48678666620343342  0.49912185947028853
  0.51166662307363076  0.52432093909326039  0.53697799766051335  0.54944241268162508
  0.56151495744955071  0.57320186327963218  0.58498603374029468  0.59761025087749131
  0.61065943056730898  0.62423539798566863  0.63799191101356811  0.65181493428456772
  0.66585423607757099  0.68020571792449214  0.69446113971713563  0.70837474832974390
  0.72162726726689563  0.73468172116590535  0.74783969830117059  0.76124992895960175
  0.77498025747218013  0.78883107537816266  0.80361339378370655  0.81853782100086903
  0.83331224278618865  0.84846239183578864  0.86453083924631968  0.88018119549227070
  0.89557199083802319  0.91093598342930149  0.92635661049152251  0.94170518195538033
  0.95648133184542816  0.97113533846042155  0.98567513052796674  1.00000000000000000
 -0.00198497962828767  0.00831726087375814  0.01689415972612100  0.02556408608468158
  0.03422457089835506  0.04281545213951889  0.05140307883491442  0.06064778194078875
  0.07078748190057692  0.08126575767395031  0.09193999319920025  0.10354066867902127
  0.11577736448464315  0.12824432426985619  0.13934142439802225  0.15042277149722200
  0.16148845027419401  0.17319984921545872  0.18408870565955138  0.19511096483771365
  0.20585680779877299  0.21708774107622975  0.22802414223290043  0.23934524359449366
  0.25132312191640821  0.26316545353673410  0.27418634235933381  0.28489205745253543
  0.29501566533822254  0.30497421348572890  0.31480575399195387  0.32565758823154023
  0.33668435850283301  0.34791064029356217  0.35845473538829903  0.36804705838794255
  0.37841824684396647  0.38917970601493124  0.39923665964720634  0.40924576305629418
  0.41868246223134525  0.43020097496824700  0.44081716108503760  0.45115696307363945
  0.46173045364803572  0.47203293791933360  0.48218762001252458  0.49178316983244352
  0.50101228300390965  0.51008362907089300  0.51913156552228856  0.52861869888249025
  0.53858412923443033  0.54905416988463762  0.56033703408675195  0.57279003148440200
  0.58556722622065827  0.59664433704227460  0.60791352255176656  0.61887277734592405
  0.63001096532678114  0.64008381811523396  0.65028199786083252  0.66139240010097156
  0.67319546195576263  0.68553242951892657  0.69749247159958272  0.70944784962522456
  0.72107641371817577  0.73181424513455928  0.74190726154045938  0.75221340078473753
  0.76324156248535779  0.77434211541908826  0.78468532256420886  0.79527384040241322
  0.80650508422183831  0.81741679551512980  0.82762338550623393  0.83741949166668617
  0.84744253970296279  0.85757547918782984  0.86830428108397972  0.87909065672324571
  0.89011719409986456  0.90128068789018045  0.91277778007450328  0.92406056282626980
  0.93448851084274098  0.94427140873198256  0.95398807965025356  0.96304420527266932
  0.97227402109366534  0.98140824328855858  0.99052594814334394  1.00000000000000000
 -0.00219742383376191  0.00992879816104010  0.02039682027834337  0.03053655933143184
  0.04083855612633849  0.05152301489959420  0.06186410633807730  0.07169675896426671
  0.08213321739045858  0.09425244350418502  0.10547401871843411  0.11569275678157678
  0.12592625506852734  0.13691982723672047  0.14892066436118070  0.16078627649471622
  0.17248564858932025  0.18361018324245107  0.19497174336052542  0.20621483335058347
  0.21705635099262524  0.22706160262737160  0.23869964582172787  0.25029309591565768
  0.26162661215643257  0.27250370794137707  0.28380199175129828  0.29478208269103201
  0.30505888134102449  0.31543980689502693  0.32609600113780901  0.33699488811326472
  0.34712134106293679  0.35683034369278216  0.36658242405335828  0.37646735942055748
  0.38670387108175064  0.39664696495311108  0.40633752516734023  0.41695940028319933
  0.42826600966046535  0.43799771662198811  0.44811377382640089  0.45804179807563811
  0.46865234804554246  0.47869545105919614  0.48871246947896763  0.49834266580500641
  0.50787494878783379  0.51722681776140478  0.52698710854084552  0.53710095994442331
  0.54727844071321419  0.55788188505685488  0.56841801434072614  0.57870811796445509
  0.58872461196070158  0.59842180385927224  0.60802272533306612  0.61730598361581046
  0.62639460067030128  0.63578868967107360  0.64538446858990905  0.65517855115411106
  0.66538807017642054  0.67617594732268549  0.68749174989130724  0.69868804206813162
  0.70937857493669987  0.71955919034858773  0.72982844236402689  0.74071345743206252
  0.75198639414385204  0.76350903381875623  0.77427435661824917  0.78452979456845995
  0.79418336531374190  0.80348869437930814  0.81240805392863658  0.82126337104655067
  0.83037015939259551  0.84033789723182206  0.85068921390700736  0.86096573835183532
  0.87125967290316431  0.88204410080983009  0.89247371724007640  0.90334279252608174
  0.91474447443003715  0.92671202319812751  0.93889210247604049  0.95094202947517958
  0.96259547985289995  0.97429717448123565  0.98672801896102114  1.00000000000000000
 -0.00156522139862097  0.00868475774062140  0.01826294436555235  0.02794238215818554
  0.03792502632086170  0.04697751340912381  0.05636921498087683  0.06694279467572795
  0.07880798957466678  0.08892067787454627  0.09773759005461841  0.10664596608444281
  0.11604333068896593  0.12597605706290349  0.13556219260213856  0.14483033860613195
  0.15477952559852282  0.16540857255466715  0.17646497929242513  0.18790933428943726
  0.19977240654632103  0.21083142380304981  0.22105347603678005  0.23109868911886652
  0.24152971011440977  0.25238829783190470  0.26284903971539780  0.27301586538627448
  0.28339197988752063  0.29357997888128046  0.30341781529082856  0.31287970041410335
  0.32370134872131567  0.33456458305911962  0.34615609568068756  0.35829705455649513
  0.37144540765895373  0.38330777393771270  0.39431889837840323  0.40494995373610321
  0.41501219690179675  0.42473766850221883  0.43427718381463071  0.44407128293283127
  0.45433488714106901  0.46527682378725999  0.47718090606785823  0.48912279408174208
  0.50096772977609383  0.51271222556130580  0.52427658514489006  0.53543475473091728
  0.54668285238387460  0.55754490897215425  0.56783375037717876  0.57793097871328603
  0.58886576189033901  0.60010785768736619  0.61062080317036393  0.62080126089752852
  0.63138508705270069  0.64291114647317205  0.65444840986517283  0.66610875985272855
  0.67768084772354165  0.68899526417743040  0.69994154984037404  0.71063668503816124
  0.72108356465043189  0.73138205428511727  0.74208043486400088  0.75330621751656146
  0.76421762554000972  0.77442297743130262  0.78420531677460337  0.79388370928405505
  0.80336219878363280  0.81279654052381600  0.82226056099522338  0.83185120384592504
  0.84191346498678266  0.85175402841298853  0.86117178459604016  0.87076983431174970
  0.88111978077298991  0.89225056295608274  0.90356811063936537  0.91508220828140174
  0.92708534410848731  0.93886305547306570  0.94912872545258287  0.95951801630161515
  0.96998009268407459  0.98018632945883200  0.99014803744754087  1.00000000000000000
 -0.00230923636509382  0.00819874122968887  0.01788076309116002  0.02721328711606908
  0.03665833497657323  0.04626116595726723  0.05583128859150419  0.06583731417057767
  0.07540741973341439  0.08533740822571524  0.09551332406007311  0.10536287596411759
  0.11444239064634844  0.12292807962433680  0.13250522113791940  0.14326761812865199
  0.15498031561581108  0.16677992957261403  0.17815255030435248  0.18925886915051138
  0.20049058292814448  0.21193568270894256  0.22341380021474314  0.23501566932089077
  0.24684692740796316  0.25827101665178576  0.26937095485697604  0.28075582013752470
  0.29188298590443212  0.30240823415661455  0.31190447419866274  0.32069109848253441
  0.32938208028408966  0.33848561440023628  0.34667133700637404  0.35480137762055908
  0.36359670974291081  0.37286095106410194  0.38343550285286104  0.39408519284435967
  0.40542058081382409  0.41680127140375450  0.42774008758566007  0.43869511985275844
  0.45032150313014013  0.46214528905499841  0.47314893904723282  0.48359915483859434
  0.49456704947131364  0.50604522789150164  0.51794096732630834  0.52993232318877470
  0.54293362238320775  0.55605272579522957  0.56862861405986287  0.58085704119525439
  0.59227485320228024  0.60302909264190929  0.61326271895041840  0.62336888759075582
  0.63411579897486281  0.64530968544203804  0.65670006967910244  0.66751051930626326
  0.67815000977896522  0.68894717487440804  0.70014805802775637  0.71106585931809352
  0.72215805605596317  0.73347266856332638  0.74535446638628977  0.75820879534044761
  0.77122522420837125  0.78343609620812404  0.79447315752412706  0.80496805035494168
  0.81619435421715503  0.82748987483261560  0.83847057080811382  0.84960531276909601
  0.86017459316606981  0.87017668122804304  0.87930762525508410  0.88808964564242410
  0.89704746060548746  0.90543603643564363  0.91340828544738817  0.92159981253330547
  0.93036841611714061  0.93928176324467483  0.94878058867174786  0.95888598012643522
  0.96994927519346241  0.98086524621847937  0.99060463991490921  1.00000000000000000
 -0.00239857853172676  0.01067629439865889  0.02090804633090223  0.03010415991557640
  0.03931001416683025  0.04861133754444360  0.05765896943123862  0.06638890209357759
  0.07514297368430531  0.08447013023172031  0.09434770914330426  0.10452084668298588
  0.11402518037194084  0.12370419634149482  0.13394843285164701  0.14460564617648633
  0.15560690226204271  0.16649382204852134  0.17707373101234128  0.18801232067214207
  0.19892675966193629  0.20947639602872728  0.21992059979166670  0.23046850746506231
  0.24142673028993256  0.25277519038555718  0.26474426227326614  0.27666260120476982
  0.28739680858957789  0.29776527659583418  0.30850156487662234  0.31934585448924729
  0.33144198153089266  0.34370850004250708  0.35557445609171101  0.36733716860363663
  0.37751923257571468  0.38684600683764753  0.39623523018034074  0.40596889633671729
  0.41574692114330475  0.42531325239314760  0.43475587368427587  0.44566814494369783
  0.45670106022309526  0.46736613889421463  0.47754435699970599  0.48820687616824210
  0.49935285490569498  0.51112616018819035  0.52322444566869608  0.53509885370523536
  0.54649694048470931  0.55754919290309746  0.56806827979635210  0.57822854383034450
  0.58817495005922016  0.59795768875095723  0.60730500470907811  0.61632577041649217
  0.62556230896485110  0.63559891090589615  0.64614308793115782  0.65716289464394773
  0.66888500921689276  0.68130662310333645  0.69346739849891192  0.70435257326304557
  0.71506162561070630  0.72587833753109232  0.73657242847565074  0.74716198912484277
  0.75783170708715952  0.76901171667053292  0.78133004864465772  0.79315340644016941
  0.80420160117201911  0.81421495008895728  0.82469081989105408  0.83512324220402279
  0.84574965744142194  0.85669461268391600  0.86761852538586570  0.87871089973545091
  0.88944468807398791  0.90002242400979093  0.91061792246131923  0.92191972649471976
  0.93318979421935311  0.94346551344680307  0.95323221556721205  0.96286647687419036
  0.97240659004637042  0.98155347361713441  0.99084944148863585  1.00000000000000000
  0.00658222773208854  0.03470541284490335  0.04949258225847674  0.06013230639066174
  0.06935011778227125  0.07765125041850265  0.08531948573434214  0.09254152685470847
  0.09960495475522993  0.10689749071974473  0.11431302676363832  0.12154679387417749
  0.12864186098689867  0.13578628039225027  0.14244480342329319  0.15016943606914568
  0.15758212145081113  0.16474026258219016  0.17163968745830457  0.17833988156194219
  0.18483559026732824  0.19082593356608055  0.19661314360253884  0.20244544930934355
  0.20836301800889281  0.21424360293432446  0.22006211864025940  0.22574167444213294
  0.23145845605480095  0.23719164239793353  0.24297093653217383  0.24881065959590531
  0.25488768342681367  0.26136607784170118  0.26796382777305700  0.27447944411350594
  0.28140075233792439  0.28780539925028498  0.29422014810715885  0.30054604042378963
  0.30670051884457200  0.31301427640717899  0.31983173925979619  0.32699150263499233
  0.33406957052941139  0.34085248007082930  0.34744473523223851  0.35386362797828214
  0.35975569869415069  0.36538819902934189  0.37099010612491612  0.37648604800988827
  0.38210950099640850  0.38790171367290105  0.39405581609239287  0.40077979899512556
  0.40777537063389829  0.41463665117960874  0.42234425759481814  0.43051626167345536
  0.43868107609700618  0.44599671850085032  0.45354036482902632  0.46123059808515599
  0.46882149495082925  0.47637334858542857  0.48386811073988567  0.49147617648808151
  0.49957540412388646  0.50792071605558442  0.51604045190014414  0.52383729545058699
  0.53158201311767572  0.53937546910828549  0.54762228580229821  0.55613643520757794
  0.56532827048985013  0.57475409841033298  0.58433051520017354  0.59441152973110234
  0.60481714225336503  0.61521892641534748  0.62606591754729835  0.63796583813649865
  0.65168445416352971  0.66695696569018648  0.68294309224167349  0.69890691327469090
  0.71512360202865943  0.73229781897294199  0.75060601689403195  0.77074476992201291
  0.79432586871146105  0.82565481621270587  0.88023215478745565  1.00000000000000000
 -0.02155707983978038  0.13894885542139010  0.17309371126183337  0.19471558161526242
  0.21142754418295134  0.22659739342798646  0.23935634736668562  0.25036366173840685
  0.26076309024849909  0.27047875583120951  0.27917022621294024  0.28742008812127445
  0.29563433099625869  0.30353711675237560  0.31070818459895072  0.31729913243792718
  0.32370089256439954  0.33020241225944574  0.33726013322951198  0.34438944767234192
  0.35100831722046100  0.35722702199894002  0.36312661142596958  0.36891190326393697
  0.37463997547761652  0.38020185109150623  0.38571329702914686  0.39129410772742540
  0.39643705433433885  0.40139002164258014  0.40624735183288019  0.41116839386690213
  0.41620372957235463  0.42134211323893311  0.42652607459624037  0.43167868056727687
  0.43685334363407902  0.44200745782453466  0.44708122359264496  0.45197479378429123
  0.45674562723859558  0.46181149321002807  0.46708417968920490  0.47270806945168869
  0.47830653533129885  0.48363273730322309  0.48867019907690706  0.49368581144461121
  0.49881285550469073  0.50376747364850405  0.50887100130663698  0.51400472965830957
  0.51888535300088634  0.52360038189167579  0.52825489553739202  0.53309622829620373
  0.53815436436611108  0.54297237796862019  0.54762523628294979  0.55235004379806063
  0.55713913712645646  0.56226370036397266  0.56783764504777057  0.57340941351230212
  0.57880168898091056  0.58401204907751425  0.58923038513189552  0.59487761751317503
  0.60074154582152273  0.60700111531300549  0.61332435775379968  0.61961231312817699
  0.62586359305086703  0.63197771216037368  0.63789380632307957  0.64356446812384294
  0.64929238909665998  0.65530667727622050  0.66177201261441088  0.66890561980954422
  0.67666880728266510  0.68480881301133856  0.69308403569023247  0.70183505878747399
  0.71072865695427390  0.71960059331620729  0.72892638142078248  0.73851880016443916
  0.74883202587471531  0.76019232202163256  0.77343289374650437  0.78822937356830935
  0.80575520742660456  0.82659464333375865  0.86478070500978588  1.00000000000000000
   1.2061600581212165E-056  -1.0000000000000000     
 T T T T T T T T T T T T T T T T F F F F F F F F T T T T T T T T F F F F F F F F T T T T T T T T T T T T F T F T T T T T T T T T T T T T T T T T T T T T T T T T F F F F F F F F T T T T T T T T F F F F F F F F T T T T T T T T T T T T T T T T T T T T T T T T
  <DiscreteSampler_grid>
  grouped_processes
  1 # 1 for a reference and 2 for a running grid.
  10 # Attribute 'min_bin_probing_points' of the grid.
  1 # Attribute 'grid_mode' of the grid. 1=='default',2=='initialization'
  0.0000000000000000 # Attribute 'small_contrib_threshold' of the grid.
  0.5000000000000000 # Attribute 'damping_power' of the grid.
 # binID   n_entries weight   weight_sqr   abs_weight
    10   10   2.865746450970264E-044   1.367040823131688E-087   2.865746450970264E-044
    11   10   2.865746450970264E-044   1.367040823131687E-087   2.865746450970264E-044
  </DiscreteSampler_grid>
