 -0.00014281408874402  0.00583703461461066  0.01574758754323550  0.02658250868744327
  0.03768866192837184  0.04879652481165782  0.06012982220642238  0.07125159184053931
  0.08199965377864368  0.09230374765436986  0.10258471423254900  0.11260496938450837
  0.12225267122117139  0.13160598009087693  0.14088490214400368  0.14992364929159535
  0.15898672925376409  0.16809682709152199  0.17735698792638918  0.18640130639410818
  0.19518295563696361  0.20372305023013346  0.21230544555425851  0.22119751701502771
  0.23027271591808321  0.23927037281147390  0.24810310218797135  0.25677854533864269
  0.26536332135441754  0.27389574528493199  0.28231879127520088  0.29071028469913063
  0.29915561812704722  0.30760308064903952  0.31607414872100076  0.32478425215282508
  0.33361688182612054  0.34223832472244148  0.35068759500648772  0.35914541955822349
  0.36763850163883416  0.37601362820659551  0.38419535186936199  0.39250998044883922
  0.40066311607653932  0.40891583164415080  0.41725656832618646  0.42565351158707448
  0.43400325353616404  0.44225435315518175  0.45053257121366436  0.45889950185738604
  0.46732839947162486  0.47574486584429043  0.48421031515650692  0.49278453794629717
  0.50137999044940529  0.50988148073894235  0.51830102714036308  0.52657610094058538
  0.53510217900997681  0.54436618696611361  0.55368027252236718  0.56275499621012859
  0.57172844773395104  0.58079143411547551  0.59006143098531805  0.59926704450085611
  0.60873660018988796  0.61840759387302957  0.62808402915517247  0.63817854923832229
  0.64849904029890426  0.65906680938658191  0.66974607496399996  0.68025671040617330
  0.69040092970353439  0.70055555807596670  0.71071985193913922  0.72079980304880731
  0.73124655270964778  0.74216013338170772  0.75350113072043390  0.76520225876975201
  0.77717636403691648  0.78949931172932908  0.80184689446728175  0.81536609245972425
  0.83052275349545368  0.84697361278151351  0.86393563998639311  0.88181521177311961
  0.90204246134906196  0.92655446671243491  0.95943207155950028  1.00000000000000000
 -0.00300640543207590  0.01165870061893439  0.02535768471873860  0.03789158272510875
  0.04898554447603351  0.05899151910807773  0.06849063012016809  0.07780876876585084
  0.08682001660617963  0.09524495298286409  0.10382606273107217  0.11345382655114272
  0.12397654723446096  0.13484506967397883  0.14533631714174494  0.15480183217570045
  0.16445103673916883  0.17544748843224095  0.18660691199808999  0.19690596520789289
  0.20688160481478077  0.21750000317034365  0.22819781145368750  0.23823116165102470
  0.24816121202959679  0.25894691987928098  0.27080142132374241  0.28233943903921083
  0.29416605955888270  0.30748589255391667  0.31917058376781499  0.33030717788816416
  0.34148687474389200  0.35265880258474464  0.36384750953775863  0.37483159375743175
  0.38493455861137366  0.39467529536759255  0.40356826139072483  0.41254188919589746
  0.42080166450044104  0.42905019022601476  0.43719379842698730  0.44585827760998686
  0.45469282294305147  0.46393286484005153  0.47313611405215295  0.48307451876115781
  0.49422097384745356  0.50535078554882940  0.51625264895489953  0.52713126940815591
  0.53819025797743891  0.54925513642529022  0.56051555328735270  0.57228533244149093
  0.58447649648008904  0.59689553988974209  0.60858162143703309  0.61963242697939580
  0.63074269442171238  0.64171922220038236  0.65267919569764010  0.66347966365471156
  0.67332968489750633  0.68363860412338218  0.69441729480616299  0.70518982482943848
  0.71522989394194858  0.72502209636637671  0.73516577179699527  0.74521944557193376
  0.75520064903067796  0.76541615814888864  0.77595465604306380  0.78636595332775983
  0.79638560354620325  0.80609378949891486  0.81572836332636456  0.82566253882213525
  0.83598828379211132  0.84680380371260400  0.85791139678984740  0.86879353683518501
  0.87931456018795973  0.88948605397788916  0.89993648274111349  0.91101175136708945
  0.92221400530763364  0.93324014892783014  0.94434149353295649  0.95553831947869827
  0.96689538080711657  0.97754859363905489  0.98893053666605335  1.00000000000000000
 -0.00767501601861860  0.04624245239309049  0.07624524652720371  0.09927918992685184
  0.11715166557198381  0.13305826467082865  0.14758690345772002  0.16121341629814262
  0.17351770009035986  0.18549095851536468  0.19687457248487539  0.20793400944596949
  0.21875512168048963  0.22913117305786693  0.23910532605179272  0.24880595152050428
  0.25861172910691815  0.26805933434398854  0.27719170538561061  0.28537191162487147
  0.29357432124117316  0.30325336783256984  0.31294309659794622  0.32292976877943275
  0.33338118401438060  0.34444268923292415  0.35463888496783974  0.36380447562365853
  0.37237100242608095  0.38056093477041231  0.38861344414250559  0.39665805027947737
  0.40451513632976460  0.41214543554900601  0.41973672820209246  0.42722694822801704
  0.43442075793603185  0.44236169549771959  0.45035850911889530  0.45849154435019274
  0.46657219616504580  0.47473426298822674  0.48283349132069447  0.49082213318292139
  0.49856544213185178  0.50603720957961651  0.51363083480171989  0.52127292727466523
  0.52885900114108209  0.53656763107146299  0.54426004586726850  0.55165317472735032
  0.55900445068362803  0.56629130250157911  0.57357730280810837  0.58101315964332279
  0.58917008392472603  0.59740269226500797  0.60604377982083857  0.61515632047208668
  0.62432346413664064  0.63345498804223188  0.64271416373979906  0.65162998826651986
  0.66047390827305896  0.66851442573874376  0.67634098564023537  0.68425899529498480
  0.69208341479657443  0.69978577121510932  0.70718892425292257  0.71421346009439168
  0.72112430416949991  0.72817218392811345  0.73538755464942429  0.74273216610350434
  0.75031534144785172  0.75809260784152732  0.76586595939519531  0.77399044009207829
  0.78307060719212107  0.79221169485390386  0.80139092416490187  0.81055384405451414
  0.81988425328813230  0.82953344150281805  0.83958474892111667  0.84979555180262423
  0.86129867233269175  0.87319889710741361  0.88759938544972339  0.90299529022180525
  0.91969540559254837  0.93971214414495530  0.96409247036572820  1.00000000000000000
 -0.01443679014228144  0.08983417253539056  0.12482497452331083  0.14740484663016848
  0.16547979200955409  0.18108980404281486  0.19531555952222948  0.20844625433991187
  0.21996780485068682  0.23098563107437320  0.24114371653164152  0.25071492112704996
  0.25972402346809498  0.26855209139294217  0.27759760578561327  0.28649506988821449
  0.29513782110148101  0.30353820083177779  0.31171315201523148  0.31978136289215819
  0.32773448209658879  0.33547935246333166  0.34254907077163249  0.34985258757830323
  0.35701638807411995  0.36411718591689152  0.37099347236247193  0.37736058719331034
  0.38340767644938106  0.38935607701905467  0.39527367641973077  0.40116605429328939
  0.40707441758073365  0.41305487448471190  0.41914128692126335  0.42531241855209490
  0.43136922897440155  0.43720258680713187  0.44304979726300137  0.44895477524649308
  0.45482531675097609  0.46075624356171485  0.46667726064585074  0.47250183743092289
  0.47829260895659859  0.48402557127693702  0.48985131124274217  0.49582554367647003
  0.50201376819633658  0.50849023893877121  0.51492524218873859  0.52127495540825086
  0.52715072259581519  0.53320410726111001  0.53924105565820757  0.54507773761119283
  0.55067336902704644  0.55610991739765925  0.56151869823894096  0.56683488714759134
  0.57212931506891052  0.57758406657320593  0.58296198686121714  0.58848342964029177
  0.59400042688932519  0.59960871343488609  0.60540063889756512  0.61161148641229190
  0.61792277315583655  0.62427866212298766  0.63070850441554926  0.63727718459907223
  0.64390151152927122  0.65099241497420002  0.65819514132792978  0.66547466093325769
  0.67270342618701662  0.67988996630801068  0.68750043032067532  0.69560462142599688
  0.70394183875331728  0.71245821121127828  0.72121833902087829  0.73051905885957924
  0.74072078583626111  0.75163392435031029  0.76318843213442444  0.77574348834937690
  0.78878979739234389  0.80236806658813509  0.81669750685358011  0.83301124412604866
  0.85242607189935315  0.87729045276906947  0.91319293214150810  1.00000000000000000
   1.0509894655438012E-007  -1.0000000000000000     
 T T T T T T T T
  <DiscreteSampler_grid>
  grouped_processes
  1 # 1 for a reference and 2 for a running grid.
  10 # Attribute 'min_bin_probing_points' of the grid.
  1 # Attribute 'grid_mode' of the grid. 1=='default',2=='initialization'
  0.0000000000000000 # Attribute 'small_contrib_threshold' of the grid.
  0.5000000000000000 # Attribute 'damping_power' of the grid.
 # binID   n_entries weight   weight_sqr   abs_weight
    10   10   1.544549980845389E+004   3.932965582184681E+008   1.544549980845389E+004
    11   10   1.544549980845389E+004   3.932965582184681E+008   1.544549980845389E+004
  </DiscreteSampler_grid>
