 -0.00032306419347039  0.00679878783972840  0.01662855022742506  0.02726945399820140
  0.03812920606130851  0.04906791190855153  0.06051150134433043  0.07204948695754727
  0.08268861850393922  0.09284706339539651  0.10294278665504503  0.11292387640118197
  0.12263450853834018  0.13218718073235600  0.14145995033728298  0.15050988395117623
  0.15952003460522765  0.16872706303745877  0.17789165249520228  0.18697469300930616
  0.19591162753234570  0.20481237476241740  0.21369007299271009  0.22252580825172436
  0.23135061277366972  0.24008604546852474  0.24876923783776259  0.25743787132042806
  0.26589068002539124  0.27435745700421493  0.28272574148263369  0.29108526958213110
  0.29956512225359333  0.30804835370004108  0.31663116724531537  0.32525903375372622
  0.33386644806466464  0.34235517726302900  0.35096138986424547  0.35959999719056357
  0.36823739267287986  0.37689151619712252  0.38552429005950672  0.39405686725671601
  0.40256858110505417  0.41107170221638201  0.41950231701285134  0.42793117652196877
  0.43632708912782836  0.44487671492633407  0.45355343809704440  0.46216975570646940
  0.47076026423200812  0.47957771512074621  0.48863175185278973  0.49779417489474603
  0.50703229157629948  0.51619764363378651  0.52500598476292881  0.53377837876763046
  0.54236297395184108  0.55096829269239433  0.55962721819846062  0.56841672061261073
  0.57740120605156164  0.58644353790276393  0.59555317190533286  0.60473044266166154
  0.61376978437111163  0.62273550209417539  0.63176470669524942  0.64086900238196109
  0.64984465940952230  0.65921962660767885  0.66877141765941173  0.67875843248932577
  0.68897715954908711  0.69924451918790809  0.70964091455773293  0.72016830289136013
  0.73103797930662862  0.74203753424871399  0.75314633838353939  0.76434149141203789
  0.77571622097825299  0.78783654735417419  0.80160822744214300  0.81538975217909504
  0.82968592176070866  0.84480173269696335  0.86186625887970547  0.88180528994287388
  0.90293967823321375  0.92721717598149522  0.96154779429589321  1.00000000000000000
 -0.00260197699378695  0.00995620213542516  0.02041073200729889  0.03090345981730409
  0.04135092324988094  0.05192951753036189  0.06267414174966074  0.07349427011791394
  0.08434577188807714  0.09532936765944655  0.10607876465719766  0.11641473799063816
  0.12677968519568711  0.13726312131110086  0.14762308926964138  0.15773539647826959
  0.16832249332313676  0.17996075200442818  0.19150219589677500  0.20312521776901213
  0.21411013262357445  0.22474389884321749  0.23490309743364290  0.24488536737614142
  0.25462610190130741  0.26440722228808405  0.27448861470669556  0.28529109569162853
  0.29597082189889279  0.30596207527813196  0.31655481641904598  0.32726625563899137
  0.33754148545037221  0.34735994953223220  0.35750815794414292  0.36807738892325420
  0.37876576081559743  0.38918505501769374  0.39934736691157346  0.40921346192315333
  0.41927499070104929  0.42979679382742753  0.44057010142921654  0.45159539978200108
  0.46271940981968884  0.47369733362067029  0.48430331512663916  0.49445204991372776
  0.50453945688189983  0.51472958231690302  0.52552445690774896  0.53706819772107772
  0.54818873345594932  0.55912284206874918  0.57031256086895132  0.58142281642115945
  0.59182536440477240  0.60173805831283911  0.61181807979390446  0.62194633326432502
  0.63211113982872169  0.64244671161620848  0.65328173508794429  0.66428704466021182
  0.67479546318743799  0.68486299365398917  0.69498172681542703  0.70509864179158266
  0.71565927956006870  0.72652121119248747  0.73757871648769813  0.74865940922314389
  0.75909374534686158  0.76937884286670766  0.77980114629465191  0.79005454173654033
  0.79972673092962965  0.80913926130404157  0.81894537022328684  0.82904149994988507
  0.83882072586717193  0.84842290997869640  0.85836758115099687  0.86865858882452907
  0.87923295489811293  0.88991621486435002  0.90038130877613265  0.91072633091878619
  0.92158908737077183  0.93291263590597040  0.94403498690976750  0.95459849628531568
  0.96600094403280257  0.97780842110006738  0.98919668520423443  1.00000000000000000
 -0.00914172500537880  0.06152581983619759  0.09770889193295026  0.12284318304728647
  0.14392054358678918  0.16279681849866820  0.18012354491338600  0.19625671849093593
  0.21135295627223324  0.22555395531667660  0.23903057096774544  0.25190523305871643
  0.26415462943361689  0.27583313696665263  0.28671971870209662  0.29715533434514430
  0.30710727953951250  0.31689711832820261  0.32639750677133011  0.33591367192368132
  0.34572423649298423  0.35531605748652717  0.36420470873633964  0.37314760772464917
  0.38222294814274593  0.39118445231898924  0.39967978195333631  0.40795810311219827
  0.41618145765957271  0.42467129099109407  0.43319322019072870  0.44107011874673613
  0.44887094752009438  0.45655249877621534  0.46397640783050170  0.47120311459125658
  0.47857672986212180  0.48603436904359892  0.49345170978498765  0.50060377930564581
  0.50757880417519030  0.51453375477739316  0.52161567351894034  0.52890358320968822
  0.53622156512846320  0.54358200359051567  0.55090834213717133  0.55808522142966932
  0.56519567443098284  0.57231830648369220  0.57952487899505578  0.58706411301092165
  0.59513166981772536  0.60352359924473686  0.61102554285842348  0.61871155708388370
  0.62631256690922765  0.63393994479197502  0.64149697225009705  0.64882661251778861
  0.65602792413617672  0.66325902881182897  0.67058467557460177  0.67780887259682521
  0.68494797944265806  0.69216025450007257  0.69917287970744701  0.70627764464965193
  0.71369465732846316  0.72149287266229123  0.72913587028078686  0.73650666914541640
  0.74379776835889522  0.75116289221746302  0.75867764128545911  0.76635379575474538
  0.77406959083857918  0.78184152354985170  0.78979507059501053  0.79783861039502857
  0.80596167146786901  0.81394997121686385  0.82169542706772403  0.82960585304615908
  0.83797400368304154  0.84665926378091716  0.85567145977700354  0.86509635574679389
  0.87512145893225657  0.88604264294891133  0.89764477997173842  0.90996741226605449
  0.92412050657789124  0.94132307960954553  0.96420349561624730  1.00000000000000000
 -0.02154656561532555  0.14805110751477485  0.20043191418769515  0.23488812907346826
  0.26111579856630240  0.28395431101829288  0.30505441686912410  0.32424456703955901
  0.34202497942830845  0.35815142146237344  0.37261393985662872  0.38582069217838905
  0.39819594384001800  0.41007491407820212  0.42143407201398725  0.43201378439487015
  0.44200558968433429  0.45158286943534376  0.46068292692289220  0.46905738989149720
  0.47721482601092147  0.48516657055902779  0.49308759677354641  0.50108625903492365
  0.50904958469540096  0.51666111733939746  0.52463958632133068  0.53291519256803088
  0.54083898643100237  0.54844989800421229  0.55577150292404265  0.56280519278225216
  0.56937719362632500  0.57565266045047825  0.58188533254967867  0.58768431718588132
  0.59340581991052344  0.59895975883129804  0.60449631829308104  0.60997443786482985
  0.61533773764432753  0.62066453210436590  0.62618149946769297  0.63188404568409073
  0.63752555443288050  0.64301390360429478  0.64841656420179716  0.65384491571921055
  0.65940800939089439  0.66489871094978248  0.67006759649561820  0.67501319800697779
  0.67983212511666202  0.68460099446950473  0.68925067390745187  0.69377016844164474
  0.69841266105450905  0.70313659407771634  0.70783953667886834  0.71238181427974179
  0.71682658163322177  0.72128160573635158  0.72573028074770030  0.73036387497538124
  0.73512475182743331  0.73988786476255242  0.74463449875092325  0.74933052550644130
  0.75393466227278494  0.75851648302751118  0.76314914106904741  0.76776168762081898
  0.77255753427822005  0.77754720542852496  0.78259684373488392  0.78766068749522133
  0.79281065821556773  0.79807849770837780  0.80331524197150062  0.80859181288239479
  0.81398056756857962  0.81964452383019071  0.82562600297496735  0.83173349218391557
  0.83810190712461141  0.84459197399699659  0.85123408764529374  0.85824456335444010
  0.86549250757747254  0.87324297640886295  0.88180282472392679  0.89151746486920991
  0.90343124324558743  0.91957219693191350  0.94402816593203909  1.00000000000000000
   9.7952246540284116E-009  -1.0000000000000000     
 T T T T T T T T
  <DiscreteSampler_grid>
  grouped_processes
  1 # 1 for a reference and 2 for a running grid.
  10 # Attribute 'min_bin_probing_points' of the grid.
  1 # Attribute 'grid_mode' of the grid. 1=='default',2=='initialization'
  0.0000000000000000 # Attribute 'small_contrib_threshold' of the grid.
  0.5000000000000000 # Attribute 'damping_power' of the grid.
 # binID   n_entries weight   weight_sqr   abs_weight
    10   10   9.623767778737154E+003   1.957195958202448E+008   9.623767778737154E+003
    11   10   9.623767778737154E+003   1.957195958202448E+008   9.623767778737154E+003
  </DiscreteSampler_grid>
