 -0.00129278648150331  0.01639598152663816  0.03406898736084494  0.04995503159765990
  0.06413517431286721  0.07748292924202158  0.09016606900153135  0.10215057332024693
  0.11382229595034053  0.12514263231545694  0.13616397878796249  0.14686248432319834
  0.15733324192069756  0.16763079101953376  0.17763313399297201  0.18735092374661230
  0.19684795207802352  0.20620493658466232  0.21521988678810838  0.22390383783112716
  0.23242661813031110  0.24090897967100436  0.24941205094672714  0.25791197583091696
  0.26634505614585391  0.27482137302707876  0.28325036319729746  0.29151251721849514
  0.29968729236232128  0.30778803720215725  0.31579150460215238  0.32375930945672216
  0.33181775296738464  0.33987923721560687  0.34787714965469019  0.35583549991935803
  0.36371619791042092  0.37155482239811072  0.37935198708968554  0.38706746457382424
  0.39470671749421687  0.40241098658488034  0.41012581732557712  0.41780361589932963
  0.42542887405090252  0.43310817630754167  0.44097174070795780  0.44882396075242481
  0.45664240984629978  0.46437039881484338  0.47211097800638308  0.47998794926771698
  0.48803946026950745  0.49613236353586448  0.50411797686728166  0.51205506001610268
  0.52005146986757100  0.52832536497349958  0.53685007970327814  0.54538583222543269
  0.55384111327381269  0.56229879980295550  0.57078523746816101  0.57931747834726455
  0.58791644495257689  0.59657538896633344  0.60522399406385008  0.61382281914641967
  0.62271438119554867  0.63161613544730177  0.64068272762521805  0.64984089781099885
  0.65902668401551467  0.66829699166603529  0.67769128972989379  0.68722400065199096
  0.69690894022459760  0.70675210602917105  0.71675562869063003  0.72693242317203244
  0.73734546016909797  0.74761091590623829  0.75879779584365248  0.77070987606017316
  0.78290745087404912  0.79525747874041763  0.80794693720101030  0.82124712208457373
  0.83532781023465519  0.85056429650363607  0.86715857463099255  0.88476399411752005
  0.90456982943539765  0.92776733237233844  0.95910096650268417  1.00000000000000000
 -0.00257650949518911  0.00988482276966572  0.01978766358329054  0.03024206650169035
  0.04010778349989313  0.05103970588137021  0.06208290325000758  0.07382334405384265
  0.08492910407063022  0.09537405589460150  0.10561850998103264  0.11625757055924660
  0.12699446500154773  0.13757163034719380  0.14816604975572201  0.15888133095679033
  0.16962693281764848  0.18006055628352341  0.19031744672549372  0.20059028758395273
  0.21098111035693631  0.22158517326636487  0.23209874459224283  0.24232252971052762
  0.25251585555354294  0.26269658580497957  0.27283504350231091  0.28289468760771613
  0.29304440074163379  0.30367615862216008  0.31424638011905121  0.32413427109349469
  0.33389861730469156  0.34390674726253989  0.35412621125759930  0.36479834985014847
  0.37554729927622649  0.38641987512718307  0.39724358643364011  0.40827992689594794
  0.41931418896841299  0.43020619533059418  0.44112705518012502  0.45235162654172406
  0.46364834173433583  0.47431418093799788  0.48503084857382561  0.49602662274612941
  0.50680643295351291  0.51746303627947643  0.52855904643445928  0.53930254807709299
  0.54962000050838156  0.55979672082755350  0.56984612641348964  0.57971206219273674
  0.58956320355143255  0.59953640154977605  0.60963969641505145  0.61982266800383778
  0.63007052255315532  0.64025853824455148  0.65035963325687529  0.66033716386301733
  0.67094294443297675  0.68199982604877607  0.69373453072279845  0.70518959409012716
  0.71689377595300130  0.72870245703182746  0.74013484641354121  0.75144480383931667
  0.76297216145193936  0.77369091355431463  0.78400980950535804  0.79444078712344379
  0.80489380946674072  0.81533170571363034  0.82547477603556807  0.83568098819313297
  0.84602516308269837  0.85623289398758007  0.86616922578218669  0.87631924952722740
  0.88619305908367529  0.89585502214798884  0.90531376283460618  0.91478176817689338
  0.92509670614724759  0.93587666138198111  0.94634948454426893  0.95674301404120465
  0.96743847843455810  0.97812062888838036  0.98903582066645501  1.00000000000000000
 -0.01286990134688984  0.06960997558266614  0.10933900592807955  0.13740211597840404
  0.16019466622281828  0.17933492609407831  0.19543279556485169  0.21013190326107403
  0.22450274628722641  0.23828140863439881  0.25168309642052944  0.26530564660227196
  0.27779797580908555  0.28882232854280515  0.29943224788757683  0.30957304122330637
  0.31934725831591665  0.32885332690592511  0.33853432284886115  0.34833547770165857
  0.35817887780498081  0.36804384108026444  0.37760722515681994  0.38697424611602377
  0.39597833906554991  0.40455879817749052  0.41288543138584055  0.42128041282944922
  0.42980337808640484  0.43831365676031658  0.44674876926881901  0.45511274670118984
  0.46340450622625762  0.47160743090841201  0.47962050103761822  0.48727358426312894
  0.49470872735171650  0.50221760395728565  0.50980594410338587  0.51734437407472855
  0.52492034701874168  0.53246474767590113  0.54002241008993823  0.54790870369108113
  0.55593783804419561  0.56380522855820558  0.57148931542848791  0.57903575242178840
  0.58641726537386007  0.59369941800344928  0.60096164246604677  0.60807612545743028
  0.61508626368611174  0.62185607193376891  0.62882421158758672  0.63580718718635432
  0.64267556188329822  0.64965205644089385  0.65685189177018644  0.66431021346755448
  0.67184472192859945  0.67928266443855001  0.68665369464929860  0.69394818828113136
  0.70117328521786670  0.70832557375847882  0.71535142374998484  0.72229358600062488
  0.72944592518116758  0.73640851214919834  0.74341049997471331  0.75040185705879958
  0.75736763770689353  0.76444273518246730  0.77167797154713291  0.77902551508175011
  0.78639147269551646  0.79384785814613901  0.80141834888036012  0.80917122695012689
  0.81695267384176085  0.82468837422169639  0.83236520771345024  0.84018156723490256
  0.84815235730784078  0.85642632305194122  0.86516853319497100  0.87448089011900276
  0.88443224513542473  0.89480089352200765  0.90567404393140571  0.91754785719665410
  0.93083217672762875  0.94614742643794003  0.96722300278897677  1.00000000000000000
 -0.03100331906038749  0.16299585745532902  0.21643021624784695  0.25032937782393733
  0.27720018518270834  0.30081801902738065  0.32168439049149572  0.33955960254527640
  0.35545249916112515  0.37053749856241719  0.38464965524287825  0.39749572823059859
  0.40968656015119548  0.42165078772344466  0.43306896149869206  0.44395818903370676
  0.45449599095248455  0.46447844710668701  0.47384960708440205  0.48294666770772859
  0.49191802776884047  0.50071971800759052  0.50912687952823510  0.51722820209828724
  0.52523876606268094  0.53312498457630408  0.54079588274659318  0.54826008363150081
  0.55552125332812241  0.56257941143969747  0.56929270403388688  0.57584476419958464
  0.58240091061176624  0.58872040283853344  0.59489808602757688  0.60097678385136832
  0.60696416913152595  0.61290038647045553  0.61868275427100139  0.62437909963128624
  0.63000231872763646  0.63547315912423685  0.64086003384748158  0.64626035345053945
  0.65141270231990334  0.65663518237036989  0.66174130316114321  0.66676239458099162
  0.67174856756486112  0.67673295577933656  0.68173075386302628  0.68670440381841802
  0.69153424480918713  0.69619534573091790  0.70076959494189162  0.70522946780348628
  0.70966876513922139  0.71414770288831131  0.71861314895785966  0.72308171883276340
  0.72760403046430022  0.73223045899355932  0.73689643326068954  0.74152829399075482
  0.74611543530687929  0.75073308720883913  0.75545301767951911  0.76026448734962315
  0.76512922599739208  0.77004377968277826  0.77502397403816259  0.78002372501863693
  0.78507706090810381  0.79016565264436933  0.79473526337138700  0.79932292861213072
  0.80395567494811460  0.80856844495627134  0.81328798820062942  0.81821686087677603
  0.82336241818342493  0.82865438234033273  0.83390581131069585  0.83906281462290233
  0.84432425692556523  0.84982607062150783  0.85573498672214143  0.86228492290991665
  0.86931819761269713  0.87667808157906291  0.88463155777197011  0.89361134160086997
  0.90493561604525297  0.91966291313746285  0.94257140244446813  1.00000000000000000
   2.6354441449833616E-008  -1.0000000000000000     
 T T T T T T T T
  <DiscreteSampler_grid>
  grouped_processes
  1 # 1 for a reference and 2 for a running grid.
  10 # Attribute 'min_bin_probing_points' of the grid.
  1 # Attribute 'grid_mode' of the grid. 1=='default',2=='initialization'
  0.0000000000000000 # Attribute 'small_contrib_threshold' of the grid.
  0.5000000000000000 # Attribute 'damping_power' of the grid.
 # binID   n_entries weight   weight_sqr   abs_weight
    10   10   8.884430150741910E+003   2.445051001645876E+008   8.884430150741910E+003
    11   10   8.884430150741910E+003   2.445051001645876E+008   8.884430150741910E+003
  </DiscreteSampler_grid>
