 -0.00019763691438823  0.00626432401936893  0.01616355662234992  0.02708970196329665
  0.03847680836910965  0.04969608558354905  0.06058076783308425  0.07155253369513916
  0.08311358970865558  0.09469576241596735  0.10492852569584576  0.11444469665954043
  0.12397678513677775  0.13372323607634251  0.14335115889118513  0.15336219449540114
  0.16329878643832069  0.17323263353692578  0.18315186386939367  0.19265281768026521
  0.20200990299214164  0.21106013985115984  0.21978496695049338  0.22840826184091087
  0.23731905299507622  0.24617837227108805  0.25473129965736768  0.26338381520694326
  0.27207941212676579  0.28062797446529369  0.28890392512161545  0.29721045900233095
  0.30559210937858305  0.31397431604340598  0.32224985596086941  0.33039554106949409
  0.33856305762065375  0.34688295906070143  0.35519079227804434  0.36337794893606601
  0.37162614532430088  0.37960022173168412  0.38764535031243780  0.39581692593899537
  0.40397199388003002  0.41224967070175683  0.42057756076466246  0.42864724694413786
  0.43678453702909509  0.44537626296196575  0.45355047246955310  0.46176078115546959
  0.46980407585569162  0.47776195319564557  0.48559284254645324  0.49333098355814103
  0.50115210118692510  0.50919199688403904  0.51753168395329519  0.52612297868601421
  0.53497036239677287  0.54377186109896536  0.55240463770008386  0.56099413677417942
  0.56940722234496088  0.57865441959661545  0.58776905662873780  0.59693510700584607
  0.60616399539582422  0.61544932745597669  0.62487661774427983  0.63447765305580872
  0.64410414003150307  0.65390789924637993  0.66378787291516084  0.67375544899470952
  0.68399219006022993  0.69522426318290420  0.70656882552840816  0.71816774349835399
  0.72980788966956522  0.74144378016792989  0.75324252768878897  0.76531290944485453
  0.77814580118977672  0.79125814189736021  0.80445112450450151  0.81783797502448852
  0.83234812444148953  0.84877699474437063  0.86614530456428984  0.88452716125234487
  0.90460726204044584  0.92931386913494574  0.96182678436826063  1.00000000000000000
 -0.00275082577972250  0.01067213252017558  0.02173534400020788  0.03343707359714583
  0.04525253274132596  0.05712787914504650  0.06880733685783708  0.08074075132530203
  0.09248423995534277  0.10418663945172510  0.11656132144029725  0.12862606445384159
  0.14004745338878102  0.15112250355468262  0.16206800931158796  0.17317400531089661
  0.18397203691560804  0.19405755800522434  0.20386903097586190  0.21371652313963535
  0.22359009004644598  0.23342205154100959  0.24346110666041754  0.25424081131481391
  0.26593291844588129  0.27674885839277674  0.28693738078182579  0.29803224075930623
  0.30963755414699640  0.32078559659172662  0.33152475401722908  0.34229700726357237
  0.35310453328978564  0.36352265438176573  0.37358281461103943  0.38360819696497994
  0.39445654819422993  0.40628265209014014  0.41852988014392767  0.43047589806383180
  0.44178265484700574  0.45262407948353839  0.46249829200388365  0.47151491309196808
  0.48065048047304604  0.48993199257592729  0.49945104537930796  0.50888375022080468
  0.51831202566659940  0.52834000704487671  0.53903765527121605  0.54959032214869608
  0.56016814820823768  0.57127498107101260  0.58256566774078145  0.59312504096727980
  0.60322500952658831  0.61385056545216243  0.62487224903260352  0.63589097706449627
  0.64642257218741472  0.65643771952242391  0.66618190685563838  0.67589014298168570
  0.68576599874158517  0.69537039304007975  0.70480448278521579  0.71446174186723777
  0.72432737759658306  0.73388760068978498  0.74331904056319664  0.75312274479576080
  0.76294790077082275  0.77311094791581159  0.78291069721548634  0.79240110165128941
  0.80260150500525607  0.81278097590590404  0.82269795901658693  0.83236338837499790
  0.84300929172306860  0.85381666348935459  0.86554395579811894  0.87762245346817580
  0.88892481064996454  0.90026484435034815  0.91048686040170534  0.92067372516084589
  0.93052640908202500  0.94065552635360228  0.95137611543962286  0.96160947961042220
  0.97137315149185055  0.98092990895205312  0.99033707101940227  1.00000000000000000
 -0.00978003924587004  0.06383720808730706  0.10388909040874610  0.13292766012213561
  0.15610617303491586  0.17511887342238197  0.19201578038312442  0.20763533323753436
  0.22205843361134089  0.23654230410160701  0.25078856088976798  0.26406617337938998
  0.27807083015451706  0.29198776635089463  0.30437593278969455  0.31572926455876082
  0.32685839765866892  0.33692536509205184  0.34636491967566002  0.35571247807180867
  0.36515868285641545  0.37438978614882140  0.38279760705833665  0.39081071542415902
  0.39887911105965479  0.40721317275757324  0.41586731447883174  0.42468121699099565
  0.43351983455980259  0.44278971186613969  0.45275047042651417  0.46214448267120800
  0.47148640475039166  0.48072505312255059  0.49020277869881412  0.49940188506583733
  0.50760292326755685  0.51571125516754346  0.52405789402517255  0.53232830827164934
  0.54042575721110853  0.54792770255333489  0.55504316446134239  0.56209584808853041
  0.56946186862497317  0.57682516120002625  0.58431007933597734  0.59237463932352064
  0.60034017572133924  0.60932665387400997  0.61862488541422300  0.62767796755259753
  0.63614898264633424  0.64393307949782197  0.65103915254143030  0.65747273842370668
  0.66450464741770987  0.67166628967922359  0.67835857131644639  0.68502356088029603
  0.69163087021538261  0.69828909324304422  0.70488261996636481  0.71144994601865175
  0.71849524296446632  0.72562788531484324  0.73247522089815698  0.73913638219571054
  0.74580530164241399  0.75240099303345598  0.75872470958852500  0.76501770144643033
  0.77135165234166692  0.77778456405510810  0.78426812321283579  0.79090921844117346
  0.79796575824294469  0.80519206914566621  0.81243912674894969  0.81993350007119326
  0.82796960298689781  0.83602081453604149  0.84444164684220224  0.85267814627466498
  0.86070962358987313  0.86877628862867085  0.87723465535650957  0.88625929517534052
  0.89567404879892243  0.90566529096421611  0.91607283722249089  0.92780681759591910
  0.94099064423824241  0.95595253665727353  0.97425026053289332  1.00000000000000000
 -0.02297755079429493  0.14484362568869885  0.19157178335195804  0.22664936884253592
  0.25512714539256320  0.27812069124286282  0.29770542721335608  0.31622660018069382
  0.33319489682839476  0.35028132491759595  0.36528889223427724  0.37994813518928783
  0.39381552901849304  0.40607099252302636  0.41714456054306126  0.42759753451218518
  0.43728593190798837  0.44625835594927249  0.45500001302267068  0.46393475936586209
  0.47298114586164886  0.48251183962072691  0.49093615114154693  0.49908154175678804
  0.50727170503681185  0.51584070390426029  0.52389767467096637  0.53188367179039076
  0.53954152373811592  0.54719377130055979  0.55481634669140523  0.56201810856293843
  0.56869581790108825  0.57503126333442978  0.58142193371695450  0.58768620047118603
  0.59387630224940757  0.59993869543430722  0.60572593112424933  0.61127333314671894
  0.61681480182350445  0.62237446294335896  0.62797027272953909  0.63360599740326740
  0.63921968665183881  0.64480089354279546  0.65039565654644438  0.65580076572665846
  0.66100953361413228  0.66617958011591805  0.67140336446271354  0.67670064617677894
  0.68201999249959977  0.68732235407071463  0.69252109288143449  0.69750417723602587
  0.70243256367929496  0.70721142555408734  0.71183560125972989  0.71652146639941472
  0.72099192593117811  0.72555938152486643  0.73015662351580801  0.73473739952884298
  0.73946691300991318  0.74421994955488846  0.74886140238454990  0.75352512618114986
  0.75820295197193111  0.76288332987748209  0.76768241821498995  0.77249144687851501
  0.77744797546071220  0.78228404272394725  0.78716172386588790  0.79208488570761193
  0.79713385912217427  0.80229306877927964  0.80751891381005914  0.81288597009536379
  0.81851670902062279  0.82430467499961835  0.83009383159852312  0.83604644139529238
  0.84188512214530276  0.84784666261016062  0.85432085135729374  0.86161310602638241
  0.86974015320769438  0.87852640209494504  0.88801093668638764  0.89840108676853103
  0.91039737206827931  0.92517623108845204  0.94853452155539220  1.00000000000000000
   6.0001440279465351E-007  -1.0000000000000000     
 T T T T T T T T
  <DiscreteSampler_grid>
  grouped_processes
  1 # 1 for a reference and 2 for a running grid.
  10 # Attribute 'min_bin_probing_points' of the grid.
  1 # Attribute 'grid_mode' of the grid. 1=='default',2=='initialization'
  0.0000000000000000 # Attribute 'small_contrib_threshold' of the grid.
  0.5000000000000000 # Attribute 'damping_power' of the grid.
 # binID   n_entries weight   weight_sqr   abs_weight
    10   10   1.535396544011529E+004   8.396107148966222E+008   1.535396544011529E+004
    11   10   1.535396544011529E+004   8.396107148966222E+008   1.535396544011529E+004
  </DiscreteSampler_grid>
