 -0.00032129318559180  0.00707158021647376  0.01693028121035333  0.02775162100802728
  0.03867014661932238  0.04946036872199904  0.06028981276092318  0.07102339066570164
  0.08148824806204656  0.09184326040223093  0.10217860595413188  0.11208950351480697
  0.12188381999937783  0.13180070933391447  0.14161344244552981  0.15107794559035448
  0.16034924481795870  0.16945610936071728  0.17850408664047213  0.18746883708115650
  0.19637742579707312  0.20517735632346820  0.21391941452387522  0.22260645504583701
  0.23124936224836956  0.24001601497079156  0.24887383789165551  0.25789582807731326
  0.26688898306886538  0.27581567969210946  0.28478302556157720  0.29373285643392044
  0.30270360419081155  0.31136228352932066  0.31972607079548565  0.32787407555471798
  0.33585896260443504  0.34401949509827068  0.35233401563402461  0.36061624797932623
  0.36887094659300057  0.37718760833702147  0.38550875656230654  0.39370179451601478
  0.40183166203661908  0.41024147846701453  0.41876069252704889  0.42726505012593374
  0.43566824931241460  0.44397572628696480  0.45223526689002297  0.46041500217678666
  0.46851008035633501  0.47674788999358891  0.48497857428605784  0.49318293030724963
  0.50139358578511617  0.50965932194649899  0.51800620877326142  0.52639179636548405
  0.53520688172475839  0.54384739256577719  0.55239171840997237  0.56104053795679809
  0.56984551228492264  0.57865932903086559  0.58749197671871767  0.59658667736976956
  0.60595061494770586  0.61551366689891163  0.62521339315830182  0.63500209396166007
  0.64481912007220543  0.65463922571485988  0.66504545110112334  0.67572839335242674
  0.68647796919726867  0.69738269918943563  0.70846284367786838  0.72002755528522189
  0.73210898340252561  0.74448331160977810  0.75693770086963574  0.76950801946247649
  0.78220381276682016  0.79581185736185833  0.80982031283087852  0.82409024277231357
  0.83889554178203307  0.85471990347679683  0.87165479249361921  0.88990472476939930
  0.90969973133859705  0.93341579627719262  0.96399807470291432  1.00000000000000000
 -0.00275955219015475  0.01133695715427586  0.02278560343709255  0.03467734439482695
  0.04626700574468715  0.05770242555484198  0.06931994990632567  0.08058735241916906
  0.09178055419285334  0.10240884599199128  0.11240492118073761  0.12210521023054410
  0.13185671011582156  0.14188410513732810  0.15161730247511532  0.16101317787313318
  0.17069210427460865  0.18095595446194612  0.19139107877243056  0.20198264820188100
  0.21298405468256448  0.22503522914919910  0.23681133494549636  0.24814883244460825
  0.25835844919793094  0.26798966569477545  0.27771646868457983  0.28772496141210069
  0.29785756104782141  0.30783756536786328  0.31796176380746899  0.32854084485615315
  0.33897388200086970  0.34965490691779660  0.35991095798211692  0.36998018801037735
  0.37994819986036321  0.39010765072931036  0.40008351745705234  0.40970048491547900
  0.41939315476541345  0.42946029535811653  0.43952717705612548  0.45010831408812163
  0.46109154630167848  0.47234312229890218  0.48401324858734018  0.49543971883638943
  0.50663360089093001  0.51722275146176788  0.52809714403210140  0.53890816449700429
  0.54936504068505321  0.55987795351743419  0.57071903118947775  0.58163871963771197
  0.59229313459753452  0.60263568301450587  0.61332792690242877  0.62407462381675816
  0.63555397329432373  0.64701674029987344  0.65744689909731735  0.66798739795581985
  0.67932473731168264  0.69087378362067386  0.70242918530891252  0.71382890887708395
  0.72524014851410790  0.73597486256123146  0.74606577161328780  0.75597366634887064
  0.76581365672931367  0.77592333134724956  0.78631365690324806  0.79715108933478018
  0.80818264808343010  0.81884496635076121  0.82931529547622296  0.83961524387305064
  0.84997178650197314  0.86032010061989039  0.87041910228791208  0.88043539497176981
  0.89073046498491149  0.90128697814374659  0.91183201693345706  0.92169097922011534
  0.93118228484482846  0.94066886867780919  0.95046693545454108  0.96055988535475934
  0.97015377708487183  0.97970937397990232  0.98969260713094420  1.00000000000000000
 -0.00934907272102533  0.05967054117105921  0.09490628500290037  0.12121307174640567
  0.14210973407611033  0.16026018831373470  0.17661320566079275  0.19163451231907458
  0.20577337255089337  0.21928626442227303  0.23239404592589705  0.24508468747316450
  0.25776437243998829  0.27024237260693901  0.28215679088787293  0.29341804570798535
  0.30381162528712979  0.31417115637590159  0.32472408862877400  0.33511674450185996
  0.34505498544142255  0.35498430031433403  0.36447585399860116  0.37363372058874816
  0.38230972958884124  0.39070453680625072  0.39898753856362096  0.40718191161435546
  0.41528896719636849  0.42329487238133956  0.43112337645735305  0.43893527779380903
  0.44689136155221776  0.45468596994755101  0.46251564643487825  0.47027533615294576
  0.47808376117168189  0.48610651244824643  0.49413115064286139  0.50190703853552443
  0.50968610817489546  0.51733172491406731  0.52475298443291984  0.53206223058214541
  0.53938638482021928  0.54668062095983672  0.55394092901503789  0.56126141212697256
  0.56840398596447739  0.57526073208910156  0.58201196698508451  0.58908921593740027
  0.59622686480884279  0.60346134694778464  0.61095803858999786  0.61840478612391625
  0.62620049837439096  0.63444747330056406  0.64283913670518955  0.65101266931613022
  0.65897593159992351  0.66676709639599452  0.67432974927686395  0.68147033630916443
  0.68864420498553380  0.69560801726701404  0.70278171473174544  0.71001242062237802
  0.71723593383531969  0.72451296668423637  0.73177229937044541  0.73893837358927617
  0.74600539179247993  0.75304161339361220  0.76006821061459762  0.76715283461789985
  0.77463520396795482  0.78255538502313438  0.79052818384932300  0.79924938392164124
  0.80814430474259513  0.81718006979179403  0.82539536022053883  0.83376812648041176
  0.84262240507750941  0.85194578621761829  0.86097204735580080  0.86999345479640844
  0.87963621999420993  0.89013210744267535  0.90101141374064497  0.91241682422947989
  0.92584195684837922  0.94204224152736427  0.96423520075700497  1.00000000000000000
 -0.02195196771588983  0.14609376975544278  0.20117856250079116  0.23506677912085031
  0.26150945439482221  0.28394005478434786  0.30446642019029779  0.32294533253032315
  0.33921903381940133  0.35366646583378908  0.36742964165305236  0.38074575339039579
  0.39347844133544069  0.40565663341288360  0.41724441055714234  0.42828951897204981
  0.43890511923936631  0.44900229891759907  0.45873150135844509  0.46780698168876300
  0.47656674317686193  0.48525313027933364  0.49387434491634497  0.50187896574880342
  0.50947134113802384  0.51700482180067842  0.52397972244363877  0.53053234670553651
  0.53707987929053536  0.54337713160731260  0.54934853541355544  0.55527603982761831
  0.56127027130919316  0.56729075152630593  0.57322103402906177  0.57899575722360586
  0.58459062957124297  0.59011303344254662  0.59555233232708105  0.60097382501464203
  0.60652630979070210  0.61202224330669297  0.61737339362450450  0.62271199383482279
  0.62813859252368964  0.63362875819611464  0.63905969341793500  0.64426739537314015
  0.64946094884666072  0.65459385537666559  0.65964224239034375  0.66480489241345642
  0.66991245839423663  0.67503801341350034  0.68016615704202665  0.68523344697963351
  0.69025717464118441  0.69519942588907058  0.70019575630556374  0.70508647188743756
  0.71004159178087078  0.71497195008147296  0.71980623402245314  0.72462315313703562
  0.72950536892665607  0.73445242221520779  0.73938550111959866  0.74430704449398910
  0.74920640157389806  0.75438104879266588  0.75963575271264916  0.76488005203975262
  0.77016069685925248  0.77550969052974250  0.78101231795242088  0.78654556309209755
  0.79208027201804243  0.79758517006478746  0.80311991291007601  0.80874522155753292
  0.81441778611516435  0.81999094284097884  0.82571843367355369  0.83168718044290013
  0.83803847307743673  0.84462114540107891  0.85144612887426618  0.85861560580873086
  0.86619027326134501  0.87400211832858077  0.88280805033928833  0.89229598565286228
  0.90378178417347810  0.91883331907699251  0.94214185755527768  1.00000000000000000
   9.7421532206420702E-009  -1.0000000000000000     
 T T T T T T T T
  <DiscreteSampler_grid>
  grouped_processes
  1 # 1 for a reference and 2 for a running grid.
  10 # Attribute 'min_bin_probing_points' of the grid.
  1 # Attribute 'grid_mode' of the grid. 1=='default',2=='initialization'
  0.0000000000000000 # Attribute 'small_contrib_threshold' of the grid.
  0.5000000000000000 # Attribute 'damping_power' of the grid.
 # binID   n_entries weight   weight_sqr   abs_weight
    10   10   9.616346844591297E+003   2.762046306952522E+008   9.616346844591297E+003
    11   10   9.616346844591297E+003   2.762046306952522E+008   9.616346844591297E+003
  </DiscreteSampler_grid>
