 -0.00125693890562888  0.01698404550360230  0.03509885222648135  0.05135558332978709
  0.06572364022573038  0.07942575496534712  0.09223901431916359  0.10465761564088177
  0.11642027094453683  0.12781438203707812  0.13884906917827353  0.14955909331303277
  0.15980548410556411  0.16970254548931801  0.17939673049061403  0.18886765668201810
  0.19820117531320883  0.20740676327659088  0.21658753393882751  0.22583762896824788
  0.23499898136009326  0.24406698381288158  0.25308923683264251  0.26201024037569787
  0.27072428493125034  0.27924171781144447  0.28764302545902454  0.29607467503617602
  0.30443896474215409  0.31265322860271899  0.32092708513377360  0.32870816895654481
  0.33648572677877814  0.34421530015605939  0.35168846765383560  0.35929060684463021
  0.36699684246619158  0.37469110665948069  0.38229684100064093  0.38980964082647984
  0.39739039241739893  0.40522275194475826  0.41318814599073811  0.42116296089013006
  0.42887244187860518  0.43655153939780816  0.44441997591608551  0.45240920027930476
  0.46037040693947512  0.46826078214490624  0.47616101178388515  0.48406509521098962
  0.49201758002694213  0.50008932460083355  0.50821654656082893  0.51641608815121831
  0.52463884043591169  0.53276529614381474  0.54087997384085618  0.54911700778856998
  0.55741211102638522  0.56564566026308505  0.57386583515582557  0.58204616523990482
  0.59023878667269880  0.59873854695642181  0.60721607818132739  0.61584657538358234
  0.62455497108885760  0.63335046010985163  0.64223467330426631  0.65106084960455846
  0.66003095162497472  0.66938289291269459  0.67887340465484725  0.68844282552649405
  0.69809958877278155  0.70802404250386053  0.71809949129441342  0.72853305167403615
  0.73921569460370773  0.75014893562385498  0.76133739207255557  0.77272444804638929
  0.78424456905609574  0.79579884790278954  0.80769827754303825  0.82107934111092873
  0.83536206150688819  0.85034683383078224  0.86639507819974371  0.88355338171856712
  0.90333415959508445  0.92719933139148225  0.95855412824208863  1.00000000000000000
 -0.00229148663516483  0.00956464291504299  0.01922942808939516  0.02947825142069114
  0.03950840210852657  0.04956394338504603  0.05957832302764155  0.06976116859868216
  0.08005185471693199  0.09054434638903061  0.10085403370340335  0.11135488554035622
  0.12214818172845748  0.13271141419301186  0.14319650366023434  0.15363618701374701
  0.16432763330896771  0.17458066371469785  0.18488119637826855  0.19518725395016653
  0.20573359448498049  0.21595020723817224  0.22632725942589349  0.23686707519859884
  0.24768769431214244  0.25823853168288141  0.26878723778397196  0.27908061229443082
  0.28948375413586758  0.30005796946014840  0.31044192246011293  0.32091718830024374
  0.33152613209620840  0.34217886945606457  0.35291280117322721  0.36332781775410489
  0.37345742290508621  0.38335517268001790  0.39351299170922382  0.40425914521111661
  0.41551274443474873  0.42651433697541385  0.43721389020517781  0.44771249491142806
  0.45805188627458338  0.46842527590583710  0.47873420903176500  0.48917627994309976
  0.49981109543495850  0.51085466322979689  0.52233065113193444  0.53415889443889486
  0.54646340525204906  0.55845812471262435  0.57007543661463256  0.58083227487680844
  0.59166839897288370  0.60250752336866253  0.61354374236580389  0.62417739603845812
  0.63446772756889991  0.64462190234963879  0.65504694221339277  0.66548271746283039
  0.67572615124185798  0.68584971508254511  0.69597455061613889  0.70604772708294550
  0.71573231576134000  0.72527683086468109  0.73555225806530999  0.74560598562786662
  0.75598544439202919  0.76632292227490340  0.77695528440242101  0.78796306606044375
  0.79868765268254416  0.80957438349713973  0.81995807812612720  0.83009081773751303
  0.84038973323535626  0.85071920527480538  0.86139955040696792  0.87173148712624082
  0.88261939356315455  0.89386219991533067  0.90556412260544861  0.91711655219866606
  0.92762785913271384  0.93824166872476578  0.94877405837942963  0.95944878930214239
  0.96933326904371842  0.97890698684775834  0.98954920500065924  1.00000000000000000
 -0.01573405149158770  0.07905768766119167  0.12132111276789632  0.15028378349097801
  0.17426147868182826  0.19575942191119011  0.21530652205155063  0.23322294184719755
  0.25045632134803802  0.26598580154517304  0.27989067408025570  0.29288949993589708
  0.30505550425785483  0.31678887395765526  0.32831606404088348  0.33969651268440898
  0.35094631159600753  0.36212967819834513  0.37301617489275668  0.38320417990636935
  0.39289548879605452  0.40235656359253619  0.41154740147609192  0.42055713589546245
  0.42950543891401838  0.43848161641379163  0.44746409179575103  0.45633158882649982
  0.46509035210912852  0.47371288388961352  0.48216842147210814  0.49053287226229764
  0.49888476760046879  0.50724489039761689  0.51548046325947938  0.52361321997190913
  0.53193792523038042  0.54017500832160792  0.54821597658381771  0.55636957310999746
  0.56443433980976021  0.57199991448049570  0.57950108955007373  0.58675233306410202
  0.59380482858599670  0.60075060672779279  0.60765317066545244  0.61457615870365523
  0.62157367352299220  0.62870665773166912  0.63588939105346509  0.64303920947558257
  0.65016272975556866  0.65728287889064196  0.66439943594201412  0.67124700895099121
  0.67775912588653564  0.68434290257705643  0.69079890228336682  0.69724936291866502
  0.70367835449172489  0.70998564936882691  0.71622557461157832  0.72244639938536925
  0.72886028002417802  0.73552848571000662  0.74226791973549833  0.74898133972285708
  0.75569253754295451  0.76236707603398834  0.76911859377281278  0.77568543153464220
  0.78240290469552909  0.78922542391720507  0.79609349089070480  0.80300974173192641
  0.80996120176522457  0.81695282863885288  0.82398258644770894  0.83114892180254674
  0.83827524704614353  0.84557559697317519  0.85291823293816971  0.86069706413529379
  0.86871656344965320  0.87673165196395464  0.88477544288844168  0.89305290112888469
  0.90176273738129431  0.91085185023767379  0.92029791241118863  0.93030771487633435
  0.94139985494326306  0.95465467705899043  0.97334417759627034  1.00000000000000000
 -0.03064432167530908  0.15423453902561909  0.20847942697212102  0.24442434814661140
  0.27176828267858383  0.29562814855206054  0.31654572977674389  0.33437496364944180
  0.35065719766750969  0.36553626011333629  0.37970916654356818  0.39363864306800744
  0.40679362136996605  0.41918916284998009  0.43121020616348210  0.44282144941817880
  0.45365162025831501  0.46368565416280677  0.47321610795163876  0.48245161107573581
  0.49156123613134778  0.50054234658972940  0.50904054051748759  0.51701730860639850
  0.52478094245386964  0.53237465033900466  0.53995972767919287  0.54752722349646366
  0.55493899436498062  0.56211507267038485  0.56907928286732223  0.57594205784655450
  0.58275013109071017  0.58955215121163052  0.59630149433547786  0.60295964779445133
  0.60937530515249883  0.61556336344525397  0.62159055845368205  0.62750917294509301
  0.63340234438355514  0.63925155837316694  0.64503555592460715  0.65069180605810617
  0.65632474062235280  0.66193247501361752  0.66741789019159203  0.67276615225372449
  0.67799086678564369  0.68319223873276880  0.68837337237901375  0.69351170001859108
  0.69860207617317316  0.70359012761504169  0.70840784120720246  0.71308406836836868
  0.71773344226998192  0.72242822391386052  0.72711826539999702  0.73173631228634761
  0.73633488304661865  0.74092044409046398  0.74551106943662560  0.75008613001611080
  0.75461099685395572  0.75912291320870706  0.76372174849676600  0.76831206296126997
  0.77286928322623105  0.77742068111225671  0.78194810136186810  0.78653975826149425
  0.79114714237515638  0.79572327387151087  0.80029830079611819  0.80484176898626603
  0.80943549569915352  0.81416402465913895  0.81900012103278752  0.82384110330851745
  0.82877108139455813  0.83381193973929602  0.83910908615882718  0.84458590441104076
  0.85021428179055103  0.85610266246770816  0.86232078214000174  0.86885785878993438
  0.87570793324162499  0.88298305472324834  0.89086857667209429  0.89975472508848375
  0.91045369646957008  0.92405389418886974  0.94559314488092416  1.00000000000000000
   3.3858234806268626E-007  -1.0000000000000000     
 T T T T T T T T
  <DiscreteSampler_grid>
  grouped_processes
  1 # 1 for a reference and 2 for a running grid.
  10 # Attribute 'min_bin_probing_points' of the grid.
  1 # Attribute 'grid_mode' of the grid. 1=='default',2=='initialization'
  0.0000000000000000 # Attribute 'small_contrib_threshold' of the grid.
  0.5000000000000000 # Attribute 'damping_power' of the grid.
 # binID   n_entries weight   weight_sqr   abs_weight
    10   10   1.804729275776344E+004   5.699389594918580E+008   1.804729275776344E+004
    11   10   1.804729275776344E+004   5.699389594918580E+008   1.804729275776344E+004
  </DiscreteSampler_grid>
