 -0.00046284418254766  0.00765158176748303  0.01773921313167540  0.02844674495964815
  0.03961031778285443  0.05052315668838601  0.06114001077335710  0.07166282593225295
  0.08152044624087364  0.09154226201177368  0.10152745413330232  0.11153773873181014
  0.12113320616848630  0.13054670681300354  0.13979324368888046  0.14862119607699714
  0.15761659463695260  0.16650270590916513  0.17597966974495138  0.18632135939911545
  0.19620694218279755  0.20571115594936418  0.21552362493517230  0.22455382704139282
  0.23323044034751600  0.24203271306444457  0.25079699363033975  0.25952162214327362
  0.26824405094498821  0.27696952991687235  0.28562058251594014  0.29412653599197469
  0.30241894970736211  0.31064185932639948  0.31874102023815576  0.32731158045716263
  0.33612104551149413  0.34471799898712463  0.35312297333380649  0.36139212127285669
  0.36948376646999437  0.37767342276814958  0.38603943494620907  0.39442395385047313
  0.40282209238549399  0.41106873155798357  0.41918860276695585  0.42725544356657452
  0.43538404417390164  0.44368434568429987  0.45206371635768994  0.46041203884603510
  0.46874963167978811  0.47707405832666600  0.48549408384890474  0.49396265408358986
  0.50245683062593838  0.51098641446652360  0.51956819031312440  0.52822037417197332
  0.53678620447035463  0.54532007129117210  0.55385153105824658  0.56249076916241347
  0.57125751844155781  0.57993280710026585  0.58900564896160190  0.59878991260419023
  0.60876781069671815  0.61883608755233532  0.62901092635576061  0.63919897423444194
  0.64913646740821596  0.65897989632230813  0.66876717536702368  0.67845212280619838
  0.68811400498722575  0.69841167280347716  0.70909721386900193  0.71980301135054214
  0.73068692870410035  0.74196635874637096  0.75375918702673539  0.76600200581843991
  0.77863386579556149  0.79137391049585704  0.80501056308795860  0.81920452154367085
  0.83377216669123100  0.84898090781884439  0.86553534309886404  0.88472828597989239
  0.90626115938645080  0.93036438350107453  0.96220408169757177  1.00000000000000000
 -0.00278639822302813  0.01044415167327177  0.02221308659447304  0.03370237718062083
  0.04512025262615353  0.05625393469689050  0.06695065875827816  0.07733740211612442
  0.08696967059712463  0.09644526343612808  0.10593754074671861  0.11622104468363449
  0.12710679155831311  0.13824243384700810  0.15080425779145012  0.16361731624217202
  0.17553332748021300  0.18661183828689737  0.19706336640824185  0.20752101928293668
  0.21823041645570168  0.22892408058432792  0.23979638232051784  0.25095632527749140
  0.26245720897613173  0.27378341221296587  0.28481434605217898  0.29602719059502941
  0.30707873765264759  0.31829256251197413  0.32922340850634707  0.34022700673102629
  0.35040532683958980  0.36042654416829428  0.37041093125160807  0.38096179360186511
  0.39174069299960401  0.40275477812969085  0.41387986669474219  0.42536263422151110
  0.43680128687236253  0.44809807922721023  0.45934818037118075  0.47011088140439233
  0.48016383531374252  0.48991953092642759  0.49957243288750008  0.50947906895197126
  0.51969870383819228  0.53008675207243916  0.54040898577417251  0.55048474841082806
  0.56063853590835921  0.57086630876040534  0.58107819191453092  0.59174167918787735
  0.60175651711733724  0.61103658270441796  0.61997600593243607  0.62936178013357091
  0.63928806798187765  0.64972486554851572  0.66030620511850391  0.67034921008390236
  0.67981607572978309  0.68968086294830688  0.70036610830413515  0.71125826982073004
  0.72214081527515961  0.73356314311055315  0.74513919689718144  0.75579960376088262
  0.76550812157116066  0.77484378598489356  0.78399099149374518  0.79341654880162804
  0.80311219036574899  0.81306240876924218  0.82362856400466811  0.83427627757820233
  0.84500539801619323  0.85571202662483525  0.86652945342104071  0.87706012256185018
  0.88702612233095179  0.89664969029071862  0.90634171260136875  0.91613906902766795
  0.92558133578878654  0.93518100799365245  0.94470473733401106  0.95444982985089410
  0.96513262895682883  0.97638703370946789  0.98810676784275997  1.00000000000000000
 -0.00685102769286022  0.05541364935588778  0.09237911892165909  0.11888871977179594
  0.13984836447533092  0.15879437602122670  0.17624786465784267  0.19175553472004750
  0.20551828383404042  0.21840335620798534  0.23070567742384154  0.24137300927081554
  0.25165636815196185  0.26218028168269503  0.27258406393357137  0.28248442522537154
  0.29200922149462100  0.30168250281765474  0.31125209073147087  0.32044805038029600
  0.32970237088488763  0.33918021250494640  0.34868080398540818  0.35759278983522796
  0.36604758432900630  0.37423820871467267  0.38210025210169296  0.38971666997016402
  0.39719551083182897  0.40482808845339402  0.41252017278159253  0.42032434158816995
  0.42806649410118858  0.43564898112236988  0.44316869771884970  0.45048939974497126
  0.45797839382181427  0.46629701517181193  0.47435606840189787  0.48228690766343452
  0.49004421374968460  0.49769712775134772  0.50549227214850478  0.51331690837664146
  0.52097050817603563  0.52825243376142050  0.53523614563470279  0.54223618877721536
  0.54935098501387380  0.55657231550932285  0.56371146693306107  0.57123574734092175
  0.57870574031149247  0.58659873197104584  0.59460679859685595  0.60251308544075755
  0.61056345130564471  0.61901938079303365  0.62694659141019193  0.63493568913945386
  0.64295796651502513  0.65099823690567116  0.65899983929531292  0.66665172819693708
  0.67379309204316673  0.68067275183241516  0.68759299364224113  0.69484905668395291
  0.70238832808808760  0.70990710645296251  0.71646809626271413  0.72372087898146897
  0.73119472438995237  0.73864248684279665  0.74587459711720583  0.75304829065385692
  0.76012058584067654  0.76748103060366535  0.77495045103206139  0.78247061309352073
  0.78970029848615075  0.79715690872384792  0.80515385190274780  0.81340856127003380
  0.82238173248683932  0.83129294356894601  0.84121590743995911  0.85165808377193764
  0.86174772650227027  0.87251969853498823  0.88414444395089264  0.89676985180779056
  0.91029930359063749  0.92731896640689815  0.95172075080605001  1.00000000000000000
 -0.02117721683178766  0.13898620654429750  0.18740565530782818  0.21766786331999458
  0.24093311936993833  0.26065536353592206  0.27777682516652907  0.29324146952452190
  0.30764493939969279  0.32096288973495563  0.33297350460809877  0.34460511922515641
  0.35544223609884579  0.36557861829377214  0.37556593847887548  0.38518943491145641
  0.39423044189877615  0.40344090591357962  0.41217132958775810  0.42011999807128830
  0.42777937417986450  0.43535645804771078  0.44317398543826941  0.45107990242184315
  0.45879770348889770  0.46605044861152545  0.47314853848885896  0.47997124330493934
  0.48659272214761590  0.49317636774578066  0.49968795436937175  0.50591732349392826
  0.51188635156419504  0.51784629007011285  0.52381840707822958  0.52976753556306566
  0.53565423266251999  0.54134315404534761  0.54687081378900249  0.55239329382888780
  0.55810235980921341  0.56388300418013493  0.56960790942293282  0.57512830185382890
  0.58040442311622986  0.58557202458894753  0.59075341101257273  0.59600464656770291
  0.60147500311388158  0.60673307449745484  0.61189310398241570  0.61697316583933159
  0.62188550645263441  0.62695274326773642  0.63211775091073830  0.63743998221689635
  0.64285696402724601  0.64819015998250684  0.65345877804714658  0.65877973920227495
  0.66411838987816230  0.66960667542800201  0.67518632453512861  0.68079143467910563
  0.68621195683107294  0.69135556212772697  0.69615003719077551  0.70084740232921605
  0.70559844199324262  0.71032920403845945  0.71502436813066628  0.71973373202595103
  0.72459884328498203  0.72961260961384911  0.73484982619421679  0.74019141130631405
  0.74527266089341748  0.75061174621955273  0.75641128659630330  0.76270810193449745
  0.76914120050668977  0.77616589688863225  0.78347594432904433  0.79079196126246798
  0.79804891882019746  0.80520891854007337  0.81263043456504924  0.82056929740225570
  0.82900227784793468  0.83876607788647584  0.84927257304900938  0.86183596171384391
  0.87562749188033284  0.89660950637327841  0.92656927044552562  1.00000000000000000
   6.3035220906588549E-009  -1.0000000000000000     
 T T T T T T T T
  <DiscreteSampler_grid>
  grouped_processes
  1 # 1 for a reference and 2 for a running grid.
  10 # Attribute 'min_bin_probing_points' of the grid.
  1 # Attribute 'grid_mode' of the grid. 1=='default',2=='initialization'
  0.0000000000000000 # Attribute 'small_contrib_threshold' of the grid.
  0.5000000000000000 # Attribute 'damping_power' of the grid.
 # binID   n_entries weight   weight_sqr   abs_weight
    10   10   4.711380292121089E+003   5.636374199733409E+007   4.711380292121089E+003
    11   10   4.711380292121089E+003   5.636374199733409E+007   4.711380292121089E+003
  </DiscreteSampler_grid>
