  0.00987699043751806  0.05258999938466642  0.08318498807929782  0.10565210655121292
  0.12486238782600816  0.14394845953197463  0.16211879246058780  0.17936886945893565
  0.19615915121727601  0.21235198757214949  0.22714750828097344  0.24157142099068188
  0.25583901254302449  0.27080562691334054  0.28614946525823343  0.30038200205186444
  0.31388774137397085  0.32725947366167679  0.34069158546222250  0.35339250152572832
  0.36706711192738872  0.38006288479997991  0.39401342949785245  0.40776049533298875
  0.42206432573967162  0.43583439660458606  0.44936627686136488  0.46239473521137098
  0.47483171663373053  0.48715847878860152  0.49921644619144406  0.51107183722098215
  0.52235088161253684  0.53288488972201375  0.54327485250265928  0.55440219673556757
  0.56625600017443500  0.57859670206908465  0.59048848567125167  0.60286862725821222
  0.61484088732366193  0.62667694799603046  0.63640652615898541  0.64658708036677337
  0.65795676689106297  0.66966016001181117  0.68006555817110026  0.69007886076391400
  0.70036088115015160  0.71070982751593936  0.72134913441556126  0.73170515554043714
  0.74234771402919453  0.75258465690342558  0.76207657262983874  0.77136206894636805
  0.78038720798660977  0.78981099852943948  0.79957728349369028  0.80885613090173969
  0.81759657245667372  0.82583496253979483  0.83405715579578299  0.84209499842922886
  0.85070083306953392  0.85883816667895552  0.86695463816992435  0.87477501171195793
  0.88236527676994969  0.88984706572727046  0.89717572963778869  0.90413863347482315
  0.91067102658223142  0.91697039550142567  0.92317670681000530  0.92948630831002244
  0.93538318659982300  0.94105095665270633  0.94650092897517302  0.95183642762354126
  0.95713874690506584  0.96162050767471319  0.96554071151704990  0.96938618383950348
  0.97297786119045282  0.97628872515869791  0.97935912838020844  0.98222431830566437
  0.98489507658092323  0.98739189940144578  0.98972637148454545  0.99183312405910073
  0.99387893181462972  0.99556681730619112  0.99662156587530393  1.00000000000000000
  0.00858244011422795  0.01800264875108159  0.02963008689931738  0.04020409263184442
  0.04990865976229070  0.05954833791404925  0.06999941460243612  0.08069804317266167
  0.09208837217592487  0.10343641267312076  0.11425978597211363  0.12423030786769666
  0.13393844538144778  0.14373499819622926  0.15396236899712612  0.16367071270457201
  0.17338360785900320  0.18293528313484089  0.19333338776514500  0.20377741084883064
  0.21520957254195350  0.22743676180355388  0.23952859963444079  0.25174313018750277
  0.26154323107458860  0.27219499125000307  0.28271733671018734  0.29359068731659049
  0.30431336933986691  0.31547334733454480  0.32713230800817444  0.33867650890127549
  0.35012744124309081  0.36161547722889681  0.37336298781676136  0.38490396407564575
  0.39611252900587424  0.40750753639468812  0.41875305206877766  0.42925820797803466
  0.43922522111654955  0.44870200850271819  0.45762924834158936  0.46559170024105323
  0.47331467296783297  0.48094411559566219  0.48862589941206747  0.49640489536361143
  0.50436708106315731  0.51228158238185617  0.52088831821360315  0.53105685318336271
  0.54157916222059987  0.55176228516005854  0.56119471904535301  0.57090118039706350
  0.58087564774100120  0.59156875336983950  0.60180761478018907  0.61215266194209772
  0.62311605283928884  0.63387964251826323  0.64424309515580036  0.65424307891224642
  0.66440905749521972  0.67498250924011005  0.68619738823203658  0.69763781134298930
  0.70886813873066856  0.71958142978892747  0.72997194884257910  0.74008358688405940
  0.75045152443677621  0.76191184607936213  0.77290477092165022  0.78479543579779021
  0.79627560851103840  0.80778165127501045  0.81878201793963723  0.83043807818557414
  0.84180078278760351  0.85318290243218564  0.86368818996879415  0.87405220769738146
  0.88452831748603278  0.89474923036349707  0.90487359692101355  0.91531822425980180
  0.92640411320891025  0.93785153197084947  0.94896268347465029  0.95954126467001510
  0.96986594931017600  0.98018775228573829  0.99016225249668000  1.00000000000000000
 -0.00087207637137199  0.00432738995794490  0.00674928787308029  0.00934886412125125
  0.01225197257174974  0.01555636163082142  0.01911313604022446  0.02350254005837801
  0.02789035718252876  0.03251528740019703  0.03742826554596038  0.04262679444581296
  0.04834308800813986  0.05425510023992556  0.06058355946928744  0.06683815914300011
  0.07324557872645000  0.07986435621101401  0.08685440471302389  0.09439330533476346
  0.10196994020698924  0.10922584927699966  0.11682584836821158  0.12496259471146483
  0.13342306138034576  0.14225266927965030  0.15152323679067820  0.16015929121262870
  0.16882922496639510  0.17791444766562481  0.18752897738137900  0.19649353886330742
  0.20488933748504531  0.21310660636719886  0.22222999098216267  0.23188196602825756
  0.24238335961792482  0.25415375010005420  0.26563025486503239  0.27623637158805686
  0.28610128867892359  0.29548664277635023  0.30525225731452460  0.31519414579641647
  0.32554930292811135  0.33619902027417947  0.34712919978155721  0.35779052004641337
  0.36773353497419342  0.37743888520053415  0.38751696321026852  0.39745210679020254
  0.40709453167637949  0.41674600853234312  0.42737605789454308  0.43911956713820538
  0.45083761912785036  0.46224777251123511  0.47436319460602150  0.48853032162292792
  0.50294678780040603  0.51604507707234004  0.52751206806324513  0.53937923201944793
  0.55153441867060193  0.56370625613804404  0.57584276341780805  0.58775243840332669
  0.60026907825831843  0.61415574139989504  0.62858779392946262  0.64208636571311939
  0.65495821992251801  0.66755422894484229  0.67988944949391761  0.69259853045616371
  0.70521665766003905  0.71825360774217051  0.73165627556779278  0.74575545959528189
  0.76080754607902945  0.77683425062547251  0.79334391348854150  0.80986805086891001
  0.82585289497086700  0.84128686348014825  0.85691235867835402  0.87332323887673480
  0.88917300838963931  0.90494045470261697  0.92090916070105922  0.93679364779403773
  0.95265527053948540  0.96839552560345510  0.98411627070928753  1.00000000000000000
 -0.00240864976616374  0.01009665880870991  0.02098779628051876  0.03155400643003705
  0.04177677727485125  0.05231923887916456  0.06234472690082427  0.07237157831234833
  0.08283162151175748  0.09502821984905978  0.10758334950937500  0.11913194246884004
  0.12992990367168045  0.14055649703019224  0.15116073952366757  0.16230336048797839
  0.17251304489341443  0.18219820870182818  0.19216690665892239  0.20233513180528692
  0.21208392066993423  0.22138344725118250  0.23080654747657398  0.24039359086269280
  0.25009209748918010  0.26041785725078270  0.27160052251698286  0.28318503285345525
  0.29453548762013565  0.30531504014378302  0.31567627584115349  0.32595411948694619
  0.33643900838856544  0.34695644258702080  0.35688061038093799  0.36590886131731748
  0.37471613857494962  0.38415759581248032  0.39384799814461779  0.40376475790193023
  0.41422815727209006  0.42551533426533145  0.43668335288823906  0.44682113301761706
  0.45690352465107820  0.46766334871796861  0.47858828098972084  0.48937548231205441
  0.49982526815122635  0.51054062277411238  0.52141488520890333  0.53238319797511502
  0.54329330206209081  0.55351052314330829  0.56381597720337318  0.57438261124886236
  0.58535473592097387  0.59637424932809624  0.60774099704060225  0.61964742421020125
  0.63119438511364823  0.64278688925096028  0.65450477053283529  0.66690975663120811
  0.67848548706988931  0.69010918984225178  0.70203878430711586  0.71392700090668948
  0.72544899598679524  0.73622769163393098  0.74653917379365542  0.75717103716247736
  0.76775322966347859  0.77758975269880015  0.78684437562375875  0.79566368897766881
  0.80390521642027801  0.81224766445330154  0.82117047148342748  0.83031020558113777
  0.84024136985007813  0.84977190087856280  0.86083009364095187  0.87321525096708730
  0.88505551042926744  0.89652693294171104  0.90734636976742677  0.91827769522108904
  0.92864315706762190  0.93987303687488399  0.95048936372750237  0.96096718006652238
  0.97076673708186123  0.98045830651895027  0.98998380577638434  1.00000000000000000
 -0.00185703827817746  0.00864510681736581  0.01814482942974295  0.02872685325426163
  0.03962641932962627  0.05037927966227404  0.06155823850298330  0.07275065770882130
  0.08502766345460236  0.09718140405933265  0.10827017617209017  0.12010054889869239
  0.13035730248718916  0.14038668612647179  0.15025225547054280  0.15982519163179676
  0.17020280556552231  0.18069111201667037  0.19124602793045498  0.20200437251947317
  0.21362638159727812  0.22604315259892957  0.23729840238769553  0.24748513149239174
  0.25718721496402042  0.26621153943145504  0.27525792275427524  0.28448965114656460
  0.29497421574230048  0.30628908649120890  0.31704616447679146  0.32786206523647382
  0.33882417760265304  0.34976284652731809  0.36037765894018536  0.37090554071064091
  0.38158887490847732  0.39208347654753023  0.40279276939382236  0.41378721102658633
  0.42494901527805568  0.43627865540063954  0.44704103767049574  0.45782098827909634
  0.46917271177115533  0.48078226633727439  0.49185895902898574  0.50200135186726424
  0.51139189926565287  0.52101596192742528  0.53091741771609202  0.54065888309640553
  0.55028198502859882  0.56017895082729707  0.56990321108362296  0.57948431294034464
  0.58903508434148955  0.59808173922782359  0.60713148633079017  0.61632335177574626
  0.62627763928186442  0.63685200312815582  0.64735735874928613  0.65784832869322996
  0.66846310706389311  0.67938672212607742  0.69074986002672678  0.70236074902572843
  0.71436606786518453  0.72567723163415110  0.73487469714544928  0.74325567654499725
  0.75188831672899481  0.76160657102216489  0.77209076209512029  0.78257770446522834
  0.79275280434200945  0.80252680125182052  0.81238343776790534  0.82254693349965913
  0.83343569096321268  0.84536167211065838  0.85771433486095405  0.86930004579731235
  0.88007130320832172  0.89025218822392616  0.89993886151714331  0.90948525320738471
  0.91986679443928387  0.93173508664337468  0.94327014702958889  0.95491511970468101
  0.96670528024333258  0.97840771196455190  0.98949113417296564  1.00000000000000000
 -0.00245656790667671  0.00996609411602204  0.02002385591819788  0.03039620438273104
  0.04080307988386708  0.05092655113088002  0.06038528975700946  0.06956664602145157
  0.07887611442891634  0.08895996156399749  0.09943240605345981  0.10990724149943074
  0.12037713409711258  0.13155798530395280  0.14319920589695950  0.15448322368943707
  0.16518346823833313  0.17559144330107451  0.18638498912466453  0.19763943082230143
  0.20865362124598788  0.21886925733892007  0.22870397476773666  0.23884808418620748
  0.24981819702438113  0.26164605700554672  0.27359661561342763  0.28513851233388643
  0.29649567622035827  0.30764295027007105  0.31854579309041070  0.32926898449692049
  0.34036160897355333  0.35201735390766792  0.36333746758008412  0.37444415346803617
  0.38461613437781716  0.39396113546594225  0.40330039317488559  0.41293600311607698
  0.42321241181099917  0.43374248189934084  0.44447638321402089  0.45515874879370211
  0.46579811086876383  0.47660344413056055  0.48744768116267834  0.49829439973214068
  0.50924733131447175  0.52027604671936067  0.53124332488847559  0.54215143468962468
  0.55312319570188551  0.56392359894079835  0.57414718102068529  0.58468290959886193
  0.59563366443399812  0.60654129531995882  0.61737461402593896  0.62729021193630341
  0.63608918799522984  0.64447965481784264  0.65312863471548976  0.66263196836889815
  0.67218318661109100  0.68135997911831958  0.69133103399379092  0.70270141480164228
  0.71351572132247199  0.72364768593185880  0.73365318529517676  0.74369969135282454
  0.75364750443421191  0.76338707726475041  0.77363280516058663  0.78469633078644552
  0.79640330051137365  0.80836568037886047  0.81979523205130889  0.82979712075402257
  0.83944586465174653  0.84907935011387503  0.85901851609608426  0.86948285271900461
  0.88029978519756491  0.89237797053561996  0.90460355292383809  0.91642047145408356
  0.92761091060502210  0.93852958729666136  0.94960008706435228  0.96002018431940839
  0.96969486090454926  0.97931323081870725  0.98935500718605185  1.00000000000000000
 -0.00191356566109847  0.00759919592557897  0.01576307729368598  0.02444345696167175
  0.03368896622011325  0.04312457136519218  0.05245552821971592  0.06164112241269466
  0.07080073993613017  0.08103247831388086  0.09148826171758032  0.10360331268096845
  0.11581844859582874  0.12668184005044542  0.13732425994724726  0.14808009136114653
  0.15925861890251669  0.17062085036035712  0.18197170774857202  0.19330411921684210
  0.20464149783235253  0.21544589873211975  0.22572620172009411  0.23572977371770876
  0.24563253416602265  0.25580149632784205  0.26616192300882247  0.27726842121176093
  0.28943520384160554  0.30227192351216747  0.31551307956241914  0.32885952552558279
  0.34155849455462733  0.35333302277226697  0.36474954554559819  0.37602580181118583
  0.38768883132851362  0.39998084649736998  0.41158240016222769  0.42371577546055428
  0.43583465854507203  0.44735242250668317  0.45856819314557418  0.46938946460345871
  0.47995403217395194  0.49092154939013183  0.50162459361398204  0.51188058084212251
  0.52181435076075444  0.53220007609946618  0.54281365046825025  0.55378356485935609
  0.56580343783846165  0.57900065480397411  0.59178929555898008  0.60374310027881928
  0.61568215394612291  0.62790967039938717  0.64045680400985994  0.65289218794656168
  0.66443538657676848  0.67527657263211771  0.68580283285486099  0.69629675868131080
  0.70703291203863683  0.71783950490649828  0.72826242735521252  0.73774954176578011
  0.74691037860856391  0.75663609047963176  0.76698682013827912  0.77668522597570777
  0.78545237183753236  0.79431943162904184  0.80410114182115244  0.81396068514868636
  0.82295537001174623  0.83229153462707983  0.84232094452595718  0.85255724875915251
  0.86205630096741304  0.87145009269986773  0.88117164230093981  0.89176366890206205
  0.90181613419905371  0.91057650835235171  0.91933329762063620  0.92801963857906666
  0.93750016248560697  0.94664519701510952  0.95639962502304376  0.96523556981911429
  0.97387561273097856  0.98232816696069580  0.99087370510867856  1.00000000000000000
 -0.00246962542031644  0.00970700027398691  0.02061818680036450  0.03029166118209188
  0.03985889055607986  0.04919788307212972  0.05875997342429399  0.06814803926382726
  0.07699946872771112  0.08594570448290530  0.09525234364147420  0.10480382631620191
  0.11462020458658685  0.12478682969149517  0.13529668280415016  0.14589097935664602
  0.15655402478975081  0.16724704693909753  0.17768079254393512  0.18853369890970917
  0.19958363722590849  0.21054912278825164  0.22102420917329685  0.23112492976648813
  0.24239136569005218  0.25370162095855397  0.26533415728894910  0.27585389593597653
  0.28596577458524014  0.29627313212847839  0.30702211037482530  0.31721069336747104
  0.32580548863597869  0.33485671221469199  0.34438466821922281  0.35416076809638386
  0.36423470048784556  0.37502554134880745  0.38736390728443271  0.39980293876158496
  0.41172758023970707  0.42328868502458533  0.43496154356499972  0.44664082201592475
  0.45756225503682962  0.46776764271594978  0.47771319812870428  0.48792327193166968
  0.49828889455767550  0.50887361097823958  0.51919386508241139  0.52905193215998991
  0.53899003957500879  0.54987048954333839  0.56110214949699611  0.57197106888177329
  0.58333965050412939  0.59535845254092579  0.60785993132536298  0.62036703201570209
  0.63225117796393471  0.64328262242191891  0.65299730566265601  0.66171126742316044
  0.67119432867702922  0.68141319277873602  0.69314442921584662  0.70387923561276000
  0.71477236284806667  0.72570296446810101  0.73704138255319285  0.74845117742954193
  0.75939519533127664  0.76968147653335151  0.77947488776412732  0.78888368896027738
  0.79846952507415148  0.80884239836642680  0.81957132250793885  0.83102560177399809
  0.84219421751337398  0.85348550998455941  0.86433557277175033  0.87527144788411360
  0.88634089574515162  0.89692231091087782  0.90692238819199755  0.91672861605082578
  0.92669626152082740  0.93731482984431336  0.94711523057964409  0.95778698788859296
  0.96765374068470345  0.97815764154574047  0.98846453293856884  1.00000000000000000
  0.00449871795292403  0.03656592668478365  0.05071100650319234  0.05985022218901511
  0.06811817915721029  0.07654599674291312  0.08492687360755888  0.09291880836289766
  0.10057455601491889  0.10813531698382688  0.11564921538154165  0.12326425941469538
  0.13003389731920098  0.13681656972441614  0.14360939587866900  0.15052137886198291
  0.15709808837132685  0.16340730473377593  0.16941694378185196  0.17522560897720318
  0.18099284695441348  0.18692384125838249  0.19311679281420882  0.19948377023415323
  0.20587865018255047  0.21217667392369627  0.21892636814544225  0.22589741095615948
  0.23315514272497551  0.24016125577155176  0.24696678030883357  0.25338738441713793
  0.25961518339792800  0.26598816011269610  0.27263505614761946  0.27939248285803769
  0.28626831710883249  0.29317810655302740  0.30047717252358830  0.30811107515349845
  0.31539555992228580  0.32252406462380628  0.32941936188155163  0.33633582174844573
  0.34354326996100298  0.35097426810415006  0.35846284862753880  0.36577477733260871
  0.37283755878406660  0.37978528220446117  0.38720535367202258  0.39466010098245519
  0.40234184374705223  0.40939965965678043  0.41638149687311082  0.42330357185813650
  0.43042617080593548  0.43767325284876918  0.44479767369889822  0.45172408465972286
  0.45847741949336640  0.46516888600387440  0.47188277299894854  0.47890527797242077
  0.48630567811623476  0.49370530895082804  0.50111411761909597  0.50893805207280440
  0.51686852535506045  0.52538084863659440  0.53385011399116167  0.54246502250707673
  0.55072073349612527  0.55869720598517891  0.56699783830106054  0.57590954695849494
  0.58569202498918405  0.59630277197123582  0.60650043853364666  0.61631629841902358
  0.62648384147660063  0.63725197661380983  0.64814811393493521  0.65957061671680983
  0.67156762074920695  0.68391136319283452  0.69679963546200341  0.71128320721654359
  0.72756324496971925  0.74551190086645902  0.76452692963655067  0.78560766704320550
  0.80941772265235901  0.83884364990589944  0.88589988429491540  1.00000000000000000
 -0.01607912280754672  0.09872166412977838  0.13780165568732550  0.16329178447554324
  0.18358000103987732  0.20038449079452242  0.21430011766061036  0.22661784740361565
  0.23842512505704994  0.24958229155460648  0.26005730869496962  0.27041861911806248
  0.27962068070159357  0.28799420392440828  0.29586855983648713  0.30345954422901372
  0.31081209027144396  0.31825166116989673  0.32584437967323193  0.33327783788006476
  0.34049002081241708  0.34736174897905447  0.35397446815138089  0.36052077719142128
  0.36711198554716484  0.37395844637285813  0.38107745417600614  0.38782698414777250
  0.39419451791189825  0.40048289672110882  0.40670840738945685  0.41280454418539175
  0.41853931445882081  0.42372122717523192  0.42867003893442679  0.43362257437035101
  0.43855232481430045  0.44355852791074613  0.44863651900894969  0.45381351095891098
  0.45896903598848432  0.46379084383167934  0.46871556137410747  0.47340392718631774
  0.47815789191937613  0.48363852775576560  0.48941054941929585  0.49522873492460601
  0.50127182493661715  0.50725470389164429  0.51296228416313527  0.51854853396319123
  0.52415395511534979  0.52994147489481414  0.53603283304029858  0.54201119768655992
  0.54794433596449399  0.55368572892642065  0.55927928073357569  0.56485377262969083
  0.57039946909075090  0.57595373774332481  0.58183342791117942  0.58792928914614928
  0.59398769490109904  0.59996617777158145  0.60591604362252827  0.61179001835301716
  0.61767822033231479  0.62372322009914027  0.62994916877758844  0.63648489884497839
  0.64312850355004902  0.64987749794347793  0.65667034331214502  0.66357122389348444
  0.67046300993850683  0.67740859548649934  0.68415127018490185  0.69159524657102567
  0.69874105120157304  0.70623661331394960  0.71429133875604522  0.72268561943821041
  0.73126778598199549  0.74104790033722645  0.75178460208188980  0.76396677806242341
  0.77702640108624998  0.79122976979143966  0.80614961707219757  0.82274858928177241
  0.84314772829148021  0.86922855099697849  0.90666915530639647  1.00000000000000000
   1.5291743290122572E-056  -1.0000000000000000     
 T T F F T T T T T T F F T T T T F F F F T T F T F F F F T T T F F F F F T T F T F F F F T T T F T T F F T T T T T T F F T T T T F F F F T T T T T T F F T T T T F F F F T T F T F F F F T T T F F F F F T T F T F F F F T T T F F F F F T T T T F F F F T T T T
  <DiscreteSampler_grid>
  grouped_processes
  1 # 1 for a reference and 2 for a running grid.
  10 # Attribute 'min_bin_probing_points' of the grid.
  1 # Attribute 'grid_mode' of the grid. 1=='default',2=='initialization'
  0.0000000000000000 # Attribute 'small_contrib_threshold' of the grid.
  0.5000000000000000 # Attribute 'damping_power' of the grid.
 # binID   n_entries weight   weight_sqr   abs_weight
    10   10   8.964161143733541E-045   1.256601933132883E-088   8.964161143733541E-045
    11   10   8.964161143733541E-045   1.256601933132883E-088   8.964161143733541E-045
  </DiscreteSampler_grid>
