  0.00976786434252047  0.05338214879362432  0.08323329515899422  0.10656295464915462
  0.12652610630277611  0.14632697544944120  0.16397356559060675  0.18117011863561097
  0.19777108940950691  0.21363039872919054  0.22943404023420130  0.24468163587226249
  0.26008909827435389  0.27512866017376064  0.28963017482003267  0.30402757871482305
  0.31709944862352124  0.32926512036155170  0.34117598624441842  0.35372569763243372
  0.36612476092633772  0.37845371385523413  0.39091011815169824  0.40360521933516202
  0.41673575852748962  0.43016663710097791  0.44316494788784810  0.45529957769697205
  0.46694007828595768  0.47793124668472925  0.48825539102303611  0.49856863631817866
  0.51018635428299342  0.52249185699006240  0.53463220513617904  0.54609416057463944
  0.55719323690630795  0.56817064218202307  0.57905489712990310  0.58990544504992892
  0.60061506703440837  0.61146972602578742  0.62247515441922108  0.63310239463668272
  0.64382402266612104  0.65335576114976401  0.66258495219209923  0.67160805815543079
  0.68086944151337259  0.69078378961220854  0.70108296438697593  0.71198668036075563
  0.72432029951121368  0.73555566245550386  0.74607437940419241  0.75597014522300643
  0.76533604855429294  0.77448856258010224  0.78338951138192758  0.79208755876839043
  0.80029011022331287  0.80802914064021658  0.81567222873575207  0.82357742056358030
  0.83126392938842852  0.83948728133660122  0.84756925423526241  0.85592246449789988
  0.86427224020343829  0.87235291932864423  0.88023454326055039  0.88822140323641641
  0.89621597195965663  0.90425749093386432  0.91231779790260270  0.91980901586911290
  0.92657595371999413  0.93302919952180896  0.93872206532651614  0.94363960962015958
  0.94847985287461556  0.95336672205951445  0.95811695819384612  0.96274622877566374
  0.96714367629184406  0.97101406565765602  0.97458021741103762  0.97785520910811408
  0.98080203730362259  0.98361694155904100  0.98633835718300433  0.98898301911330322
  0.99150097106737101  0.99396678203972044  0.99690102647214307  1.00000000000000000
  0.00922116013731815  0.01663146175482423  0.02702734686812230  0.03796849375931527
  0.04866895186245808  0.05941620895488237  0.07018275156510323  0.08053897373316463
  0.09025251076102159  0.09958088177681908  0.10892083363248638  0.11785646879328004
  0.12745280617130220  0.13811012115311985  0.14913195123980430  0.16029456679949106
  0.17197859131028415  0.18371188155792556  0.19364128615092305  0.20260962218658340
  0.21199053088917391  0.22170184992608044  0.23161896547584382  0.24115827966720316
  0.25095820324410817  0.26191144385745185  0.27302316297691764  0.28393311732661836
  0.29444056716445144  0.30489076981094876  0.31557570027609494  0.32621359855481280
  0.33665489449320840  0.34703895057248058  0.35808764822417394  0.36998136002208032
  0.38160808071873709  0.39233654887814895  0.40254687113897264  0.41250248075909435
  0.42233046586330103  0.43196951874079520  0.44161538652819421  0.45157269704317332
  0.46197836580258578  0.47249243098252908  0.48284214531564340  0.49325627095564545
  0.50436461389294773  0.51614726229225127  0.52713433524412057  0.53741699233111351
  0.54719141853163789  0.55604695482072641  0.56505084420159357  0.57305306529216871
  0.58094267215460671  0.58925494985735172  0.59839930354622328  0.60822645896255856
  0.61796611225053311  0.62751844884869457  0.63714052947918864  0.64724723190014166
  0.65787837785462144  0.66840823181843478  0.67832411535956427  0.68820293828595902
  0.69842459090928466  0.70858181278602550  0.71887326308132848  0.73011557319491516
  0.74234482857306894  0.75450288364032425  0.76583668813145478  0.77729561586791518
  0.78905945508298891  0.80026133267107125  0.81124358640303174  0.82207211968395177
  0.83347074115241371  0.84475827396183023  0.85559459998237952  0.86622825517595159
  0.87716001146529410  0.88884093626681948  0.90079409753396822  0.91192181715252396
  0.92218411088512042  0.93188185371945254  0.94177369369482622  0.95156029684467425
  0.96133637654372339  0.97124364247402484  0.98113005391144181  1.00000000000000000
 -0.00085640835561293  0.00462842910925826  0.00724300479222571  0.00987035763515644
  0.01290391276749889  0.01635892154423706  0.01998295254922942  0.02424955914584969
  0.02880763143878111  0.03379707123493005  0.03892027530681865  0.04435594395729323
  0.04991292653850059  0.05554893252837281  0.06129472074794177  0.06739344545064725
  0.07410336134362853  0.08129351002602396  0.08892201847840411  0.09642170662505098
  0.10367262703317012  0.11101970328644047  0.11882036990590863  0.12726003609892972
  0.13601976468706059  0.14491335837213740  0.15330949149720050  0.16157881473380664
  0.16937977544926944  0.17751665273893666  0.18598349814199952  0.19431509712308034
  0.20376497278654543  0.21371501994967221  0.22433748052847446  0.23479507509444886
  0.24499388079176637  0.25503041077275213  0.26518834275316155  0.27537351020162315
  0.28529751048220942  0.29536125300193539  0.30541457658945498  0.31554211757420247
  0.32642971434573859  0.33817762257378536  0.34955503296220186  0.36099202743642378
  0.37234914150329657  0.38344677954304229  0.39437587906800609  0.40569059033693050
  0.41825394929807247  0.43151462660708889  0.44467773060536436  0.45774741039094546
  0.47051994767880073  0.48278362123916929  0.49480202872814627  0.50625337809584903
  0.51707463112651308  0.52795445733313384  0.53916520309320015  0.55065323140647193
  0.56267792989238963  0.57517440438638279  0.58775885426732377  0.60083588915530495
  0.61515819293637253  0.62919411375228806  0.64301931064645346  0.65664034124357062
  0.67002186050162293  0.68312404964384199  0.69592894675745476  0.70926782226595475
  0.72308684296155079  0.73709892699290958  0.75127056479258503  0.76563787508838466
  0.78018266908255429  0.79503547443529698  0.81013467614006629  0.82483762904906666
  0.83911264725873902  0.85328640561035030  0.86749790284779593  0.88165320879739495
  0.89596373985557076  0.91047820936206736  0.92513373143769539  0.94012962662851618
  0.95501637996811506  0.97001455089283006  0.98507847471195131  1.00000000000000000
 -0.00251441957605340  0.00995811778100038  0.02073267424330201  0.03194067495555845
  0.04361141430740746  0.05566619063243087  0.06740578650080085  0.07864365420049353
  0.08975531793196120  0.10109420627546083  0.11187869346093915  0.12218140128504473
  0.13221828623786347  0.14186954070339544  0.15136288178054433  0.16081273968839141
  0.17074306241409445  0.18116804223526634  0.19201229743641696  0.20323274940126751
  0.21431682020733375  0.22528273152997863  0.23662864071668435  0.24872126794311589
  0.25959974129389840  0.27008991489667794  0.28076703697025363  0.29042524006495518
  0.30011859387419348  0.30920048082796914  0.31996311271396449  0.33106337172100070
  0.34156517477162701  0.35177201024740923  0.36185268577297136  0.37231515085400507
  0.38311755467644831  0.39401281804901500  0.40452021208590250  0.41468491541760472
  0.42512558638789594  0.43588956631120734  0.44678991253223993  0.45710962804810085
  0.46704402628328817  0.47691660044268397  0.48676239039359814  0.49648613015068677
  0.50578868575262326  0.51500209430526578  0.52446621782572334  0.53441522442623401
  0.54509888372855309  0.55667469576057149  0.56764465693001431  0.57852191433112732
  0.59025179036605868  0.60208960536377365  0.61273970771264619  0.62275977164403640
  0.63207031155879501  0.64100775826295098  0.64965151986183090  0.65850582729681317
  0.66795997645513605  0.67779494787621242  0.68781370277643827  0.69809501539133390
  0.70840175398284178  0.71883301624959006  0.72915589004807713  0.73977899608503428
  0.75093231643627367  0.76124226536611239  0.77155287612571943  0.78251337884176886
  0.79367294306299130  0.80429212657795068  0.81473201841529563  0.82562136936904473
  0.83680358861806559  0.84767025072981717  0.85914972647313081  0.87137408430255825
  0.88449048328476421  0.89798119213286109  0.91040315783978343  0.92226471437361046
  0.93192202945755753  0.94108539101489130  0.95009198417456064  0.95936298109558060
  0.96888952489623414  0.97849498127903822  0.98890150865106463  1.00000000000000000
 -0.00208645925846183  0.00884146388896971  0.01829477201932806  0.02737067400452434
  0.03596062534650401  0.04460635305645187  0.05409577112730265  0.06396253207001923
  0.07325233234164649  0.08218310791296728  0.09197343095417440  0.10254130555505220
  0.11288039210669165  0.12235452959601600  0.13197875285358893  0.14171031677127668
  0.15132016372056317  0.16139519892216556  0.17205004516351091  0.18348508483405337
  0.19499300368271391  0.20643167594564457  0.21854821484887518  0.23054062293918698
  0.24197025872571878  0.25214976928756400  0.26124984902210407  0.27002900644458477
  0.27870252561421116  0.28717734633909603  0.29583570893913846  0.30448824799432389
  0.31371036622088383  0.32414101146668495  0.33540414960785392  0.34658909942350219
  0.35799208972882940  0.36927098024187111  0.37964106633765121  0.38929857693150177
  0.39882465798421685  0.40897153120295432  0.41991958861222189  0.43165926453301473
  0.44379699971371256  0.45607519959725218  0.46890546349098700  0.48166575699263003
  0.49415098157485871  0.50622005743435494  0.51724742088329589  0.52855960417916215
  0.53947254749817386  0.55007325555900477  0.56090777556752258  0.57151586718040381
  0.58264539007825600  0.59313636597495423  0.60341857810434030  0.61377321471978430
  0.62381267167544596  0.63443259691351250  0.64501114594748177  0.65624246230298300
  0.66759634512994936  0.67882660799569505  0.68984808615439130  0.70128129721723820
  0.71285796087430153  0.72464158179367821  0.73657950993401355  0.74840254520105487
  0.75981180702224382  0.77062333044948561  0.78072329317766487  0.79057009451519156
  0.80046327812144014  0.81036764100771830  0.82069853625635325  0.83091696818116811
  0.84218518514997232  0.85395267055012258  0.86594898768964179  0.87717875931064815
  0.88742473875849959  0.89706184766420405  0.90647560217530077  0.91573866452155916
  0.92522839650959743  0.93505713195003726  0.94559051014712736  0.95590892765047519
  0.96703488791392245  0.97827797785013570  0.98937300341850576  1.00000000000000000
 -0.00262884237531584  0.00928759912447721  0.02068878092676209  0.03175097656063040
  0.04369429598001653  0.05634132657623610  0.06854310688650261  0.07973830220303195
  0.09023451270556172  0.10071181259627546  0.11100338414631335  0.12142665874404963
  0.13168795297437061  0.14232665516853521  0.15341739487318429  0.16443009202329131
  0.17542728838676913  0.18610066699156433  0.19714717501075676  0.20753091530244491
  0.21690415013037426  0.22621407194015750  0.23580651604869865  0.24579646563710816
  0.25530001364400545  0.26448543987092715  0.27400292738561383  0.28479620026248076
  0.29511626726301637  0.30500832861077365  0.31426301995603639  0.32368252900184374
  0.33323762655629019  0.34334104332795107  0.35360333593543219  0.36338837047928418
  0.37253550983120570  0.38214349829051480  0.39216770162584935  0.40230243991868520
  0.41244032642319906  0.42297145011266429  0.43362256062722321  0.44374194938468958
  0.45364847839276856  0.46379958792725184  0.47427596333640842  0.48448642540377784
  0.49442265687765402  0.50410392608804222  0.51347346563240670  0.52294007319117064
  0.53246158164675217  0.54183447194187861  0.55103476158406095  0.56018078109854030
  0.57026619422012303  0.58078032915144162  0.59017347361732675  0.59945976057712569
  0.60921016819113094  0.62023726567571602  0.63113595071432871  0.64212892015604506
  0.65404195320885250  0.66639596033451998  0.67868011730462996  0.69081043372164896
  0.70292857788225860  0.71387988967300298  0.72382833741388686  0.73358713101544426
  0.74362743341534920  0.75344375374735018  0.76316202143561296  0.77255223120429806
  0.78366205398081057  0.79394027699138137  0.80409592740263969  0.81476199905546109
  0.82629595797366584  0.83752630571078368  0.84834567591111987  0.85933496277210286
  0.87105871552069369  0.88313725035435220  0.89540151213598562  0.90741904320295230
  0.91901933295768679  0.93044498894555616  0.94196223103482735  0.95364851834903663
  0.96553009410782009  0.97711787634484404  0.98836356128386604  1.00000000000000000
 -0.00144025644716137  0.00730865717995359  0.01499296317951665  0.02344122584813436
  0.03226951250496974  0.04170502716883422  0.05256763264361378  0.06377472300715212
  0.07460122838107863  0.08592739722917819  0.09782626172385137  0.11016615756232058
  0.12281873451295004  0.13414016814787219  0.14458379135120750  0.15429203832593591
  0.16440971824614606  0.17451106577727235  0.18454995808284236  0.19376173134297858
  0.20332132757867663  0.21282630441737771  0.22321969323427324  0.23261823665627665
  0.24105711657328979  0.25008335928711306  0.25946794726603950  0.26852985472954694
  0.27709181664546412  0.28566168591230495  0.29558125117252360  0.30653030815978488
  0.31733479937549025  0.32794089151424360  0.33906433355219784  0.35096464066330108
  0.36330458868981769  0.37581984129062707  0.38831938918696496  0.40069207014924546
  0.41345721575430683  0.42542492481066074  0.43628916529020206  0.44696704499699613
  0.45772961102929338  0.46889759801022945  0.47987572286627878  0.49149405808744301
  0.50326994983536710  0.51553272195905586  0.52728100467358785  0.53947629775203010
  0.55071255448319867  0.56223320971318214  0.57409440396388889  0.58562738800024439
  0.59609210702680937  0.60562984053143720  0.61514333735528559  0.62494473719059218
  0.63487052289643164  0.64492187714046456  0.65492212705280572  0.66485989060559836
  0.67506972079448746  0.68518617083881894  0.69629099559010910  0.70705210396653162
  0.71776586274837628  0.72862453920216996  0.73952940699544023  0.75062425560209611
  0.76137831082588892  0.77181097081077654  0.78239782884437326  0.79261330073361569
  0.80343864202241710  0.81413015361215602  0.82491494850672487  0.83533126016754822
  0.84589951935142116  0.85674395332316799  0.86795346617957436  0.87915181396596953
  0.89042437976755462  0.90130772134824422  0.91148965382108205  0.92133593614804632
  0.93049651438868897  0.94055762400504128  0.95059200853522152  0.96013643840006890
  0.96962430648303477  0.97905473370579721  0.98947540297223147  1.00000000000000000
 -0.00199149454975773  0.00889135709503438  0.01857452168615570  0.02770361914452587
  0.03715547316042361  0.04677403395728848  0.05630146045808284  0.06570349546973184
  0.07468282339849333  0.08353460921759077  0.09363769052513243  0.10450212811977523
  0.11522516822619466  0.12596065907248211  0.13617570747991878  0.14635452784168496
  0.15627978927802313  0.16642884106711550  0.17710159933140091  0.18758804782900135
  0.20083998247209967  0.21232995779931144  0.22291573767412079  0.23304890451671390
  0.24353435487430591  0.25448316803156734  0.26512220155285082  0.27591446862902086
  0.28614713910346595  0.29586874246757588  0.30568753586584257  0.31613952331347739
  0.32703894166226344  0.33757230300339608  0.34824322033449268  0.35859216065170973
  0.36863636574628750  0.37842040010812050  0.38782089002781095  0.39777502994212921
  0.40785075935474974  0.41755688073701119  0.42784735463294044  0.43821237481586078
  0.44926226189977292  0.46066588014339521  0.47052088659728336  0.48015703693899348
  0.48932869268072809  0.49905176001136620  0.50931505298250301  0.51988098483652623
  0.53057995987740991  0.54125932181120340  0.55264589668540953  0.56413412757592019
  0.57590446135322115  0.58763517912274710  0.59920643032422560  0.61051586450663020
  0.62210531226384624  0.63419001555776888  0.64666679246482639  0.65941080259916618
  0.67203445767326253  0.68406981226162167  0.69515182810598064  0.70534158482234910
  0.71527673072325060  0.72566258771595571  0.73644219179770865  0.74696317610471030
  0.75708740404305275  0.76719667204977471  0.77725514359807102  0.78703812431323050
  0.79663758845678190  0.80624239422607236  0.81629073786358686  0.82679045651407224
  0.83704656315839310  0.84696437308554162  0.85664792938702994  0.86652850590146346
  0.87670503041917880  0.88716332344655990  0.89825396960299642  0.90923543429707931
  0.92002584769341977  0.93101044788771625  0.94176347224557599  0.95279749569383365
  0.96461884703452416  0.97684615690060050  0.98873536769027304  1.00000000000000000
  0.00530391638067821  0.03557541640724857  0.05092738314930807  0.06234601597533191
  0.07254826685144804  0.08213223281821544  0.09167426192138178  0.10110976727493168
  0.11044316678615372  0.11957553750148334  0.12826432882130717  0.13644195113176175
  0.14436527047745479  0.15220984111203650  0.15958202089222170  0.16652426209600180
  0.17311085887774647  0.17970224590790457  0.18666768047838772  0.19292404716256850
  0.19887356460090896  0.20494732056157311  0.21123579292616815  0.21754623482672494
  0.22339382111761363  0.22930716156737491  0.23549963451381428  0.24188911166877844
  0.24840497980835261  0.25541578249758190  0.26249560308553066  0.26908251741249528
  0.27521588519004947  0.28149106396066553  0.28809480038136853  0.29532402863208002
  0.30289857539059845  0.31024195019739065  0.31721660339580865  0.32413986990122201
  0.33122891922093578  0.33824973910223000  0.34511126884692200  0.35177971287325599
  0.35821508286784093  0.36496977829205851  0.37198755582026205  0.37906371799006716
  0.38622978833832033  0.39346495463121134  0.40062456182351869  0.40766170274701430
  0.41463210979759135  0.42160951103595345  0.42870876975587063  0.43582310764389393
  0.44284493248595952  0.44994535893182108  0.45707041253300601  0.46495119229987109
  0.47268987950310704  0.48053314502935640  0.48879341758872452  0.49710347630767154
  0.50584843838814164  0.51465286184807268  0.52327509522753879  0.53144313684397082
  0.53960676878177294  0.54815178390466068  0.55713904307244633  0.56634013126155525
  0.57538472301694599  0.58449206222622974  0.59390700455147249  0.60381151237915076
  0.61437543617187251  0.62538534008180824  0.63581770157977546  0.64622863144347265
  0.65667148264252906  0.66727954499159514  0.67822345715297228  0.68984975200207888
  0.70250875480166075  0.71576334305730593  0.72898884449117773  0.74220009039192714
  0.75714350644402173  0.77440841371147995  0.79403192554958935  0.81574735043885238
  0.84059675154822677  0.86974751145830165  0.90957916086827628  1.00000000000000000
 -0.02223264272928567  0.15553351137164212  0.21423076826936988  0.24944229393865464
  0.27525313959890613  0.29680385444717938  0.31519420082151517  0.33137668063734377
  0.34585872005869006  0.35868632680223750  0.37091755206837573  0.38242230871085336
  0.39322856965816327  0.40342334986732986  0.41300929868884034  0.42220182694205982
  0.43123186544573661  0.44046753182050224  0.44953114322228721  0.45803640288864728
  0.46593563921684417  0.47358141520247404  0.48142734298632917  0.48914598690741817
  0.49665385686644198  0.50363002986444516  0.51031975445181699  0.51676572067572812
  0.52286132847341926  0.52865747323451762  0.53460592645065230  0.54063880271762477
  0.54648084388164697  0.55212875126440586  0.55773217590373403  0.56304647041926881
  0.56806323427595573  0.57294536438616772  0.57787730181339403  0.58308486055516062
  0.58852774217903125  0.59408008486578423  0.59916382917895128  0.60439924694713665
  0.60955537150450223  0.61474828930892389  0.61993377401011318  0.62495393608622751
  0.62972076369151053  0.63440770829268278  0.63925451860012916  0.64421538833022107
  0.64920342952858157  0.65402842005164097  0.65884240085934231  0.66354895845482487
  0.66799334530071686  0.67223684146929952  0.67650824562397138  0.68089979056463645
  0.68560317212869670  0.69038586641405320  0.69510594878254117  0.69958693482750767
  0.70392842921156196  0.70824934570907416  0.71273939583443402  0.71740897345077559
  0.72206318179714946  0.72664215835428336  0.73129991148683249  0.73607226984902507
  0.74087589268998677  0.74578936834089338  0.75094921948912474  0.75657343849358027
  0.76250206427970646  0.76867168761696747  0.77499964617514538  0.78142931836771357
  0.78789223703065714  0.79447972569426606  0.80126319195253815  0.80809017258836857
  0.81509677117752544  0.82248673328433175  0.82999516156940345  0.83760117811842327
  0.84561097876376545  0.85473572594651204  0.86531154776060837  0.87684868376141578
  0.88920291208496360  0.90556296621549837  0.93197884987395330  1.00000000000000000
   2.0454282238084475E-054  -1.0000000000000000     
 T T T T F F F F T T T T T T T T F F F F F F F F F F F F F F F F F F F F F F F F F F F F F F F F T F F F F F F F T T T T T T T T T T T T F F F F T T T T T T T T F F F F F F F F F F F F F F F F F F F F F F F F F F F F F F F F F F F F F F F F T T T T T T T T
  <DiscreteSampler_grid>
  grouped_processes
  1 # 1 for a reference and 2 for a running grid.
  10 # Attribute 'min_bin_probing_points' of the grid.
  1 # Attribute 'grid_mode' of the grid. 1=='default',2=='initialization'
  0.0000000000000000 # Attribute 'small_contrib_threshold' of the grid.
  0.5000000000000000 # Attribute 'damping_power' of the grid.
 # binID   n_entries weight   weight_sqr   abs_weight
    10   10   7.698901856106567E-044   1.166776389851438E-086   7.698901856106567E-044
    11   10   7.698901856106567E-044   1.166776389851438E-086   7.698901856106567E-044
  </DiscreteSampler_grid>
