 -0.00027117375325220  0.00666137514064958  0.01666598035304016  0.02728664318129618
  0.03807220080139508  0.04902801270773292  0.05986988484942352  0.07052113621181026
  0.08127491676765203  0.09197826726841482  0.10220329761891565  0.11189957578565610
  0.12143216507102288  0.13080167571717796  0.14016907986598595  0.14950698541214635
  0.15869817142964068  0.16765409484003685  0.17640503471634780  0.18514161017603381
  0.19372501651421137  0.20225252914278979  0.21085934258232647  0.21963121650904485
  0.22847409102525043  0.23745732304632636  0.24638764440078667  0.25497539357263072
  0.26335162027647813  0.27174652128702526  0.28022733897253721  0.28877380617288906
  0.29730428107941503  0.30551297508759734  0.31391758344560988  0.32239554102089657
  0.33102505411175642  0.33970999383344541  0.34796742124728142  0.35606719598432279
  0.36417498648762869  0.37228716138183354  0.38044695885047730  0.38879747612842791
  0.39725145255040650  0.40576164796006670  0.41417897936412734  0.42260711816769486
  0.43122745165665327  0.43983842007793966  0.44831597127283734  0.45677699336353900
  0.46512341355634407  0.47330587487064124  0.48143305731388497  0.48958361154758845
  0.49776871727897559  0.50606764365820467  0.51453231786590758  0.52300899979003967
  0.53139595683658714  0.54016968608130078  0.54906431470015882  0.55806219521289180
  0.56691295673242736  0.57565716587495774  0.58461469036689773  0.59410380329963930
  0.60393052615033804  0.61388779787288195  0.62425566614919104  0.63474664255633240
  0.64512939615749532  0.65556513678894157  0.66629804283429439  0.67692821269059134
  0.68747289655598642  0.69805758831785125  0.70888914340030373  0.71980225502770256
  0.73079200822621293  0.74190912987315838  0.75310206222399989  0.76442033857604585
  0.77649043686837205  0.78959301982795460  0.80282055235047467  0.81634661658844054
  0.83042141164260119  0.84579835027692285  0.86349682793039351  0.88154228872301199
  0.90166025959834206  0.92484378445918725  0.95968295314496055  1.00000000000000000
 -0.00270735904115890  0.01008700913726967  0.02203636227818397  0.03393834613253592
  0.04518418292016042  0.05569808117672719  0.06568680721722989  0.07484812605886233
  0.08341086661534604  0.09209584761000020  0.10113830724338461  0.11095483941616771
  0.12139931873887455  0.13241860728069138  0.14406819232033435  0.15448656322102655
  0.16476133861550771  0.17565823019270516  0.18678817884733170  0.19706488063296521
  0.20710234907828892  0.21772318205016525  0.22855706485393795  0.23868255275422687
  0.24866103528369884  0.25975478316276107  0.27163809185323939  0.28367076831266380
  0.29552662446992362  0.30718196387585250  0.31840510834645142  0.32879201710847084
  0.33961746378174090  0.35070924898520006  0.36143809657700704  0.37277436496838817
  0.38372670166252293  0.39404163870904568  0.40344052691284282  0.41244144063633742
  0.42126383538860218  0.42965874365782986  0.43833111298038252  0.44737085286169981
  0.45642193716238227  0.46560206146776867  0.47513442915703114  0.48538196647965792
  0.49634697516923576  0.50712159093704701  0.51798167643515103  0.52932012938506212
  0.54102482171098887  0.55224435035141106  0.56355596568562782  0.57465628665891444
  0.58612659587040683  0.59822455128345742  0.60993251159418782  0.62151012060834820
  0.63241788239308960  0.64370973064795856  0.65557390986295272  0.66701994516430851
  0.67758646283237878  0.68775336176888002  0.69785363848884763  0.70832184168491985
  0.71807779193343646  0.72789868778645106  0.73806524268801976  0.74796780070820346
  0.75781465938124837  0.76739200534221064  0.77704385894526373  0.78695185547666091
  0.79702229275885239  0.80728684864788769  0.81734239911793127  0.82738167725509304
  0.83722616267862671  0.84729825224149868  0.85763741481946210  0.86796514969146243
  0.87847860384257648  0.88925911285316250  0.90015941936743415  0.91167835645184536
  0.92256616476740239  0.93320408654369380  0.94434086945622253  0.95577741479439382
  0.96769137920841186  0.97818961927689052  0.98932282331317345  1.00000000000000000
 -0.00710405077400343  0.05201308670834025  0.08441705523976702  0.10820854941059269
  0.12714204015847308  0.14400512623991804  0.15970524121169175  0.17358154463414910
  0.18650664421836324  0.19955426142494226  0.21221673344737804  0.22444212897096544
  0.23617456362110922  0.24768887450833948  0.25874942050288685  0.26910183062592630
  0.27866995670239003  0.28800338413594501  0.29777050576592334  0.30761258515620665
  0.31719181654779993  0.32662684805926095  0.33645263944113346  0.34655074902325544
  0.35644283365131180  0.36560969907005075  0.37395072603136992  0.38169974243354982
  0.38907631600845682  0.39656393329081191  0.40452515388995752  0.41276756988911978
  0.42071823408235465  0.42837324744103256  0.43584142901113959  0.44346687434665027
  0.45147552962548876  0.45948704981937949  0.46740302224301078  0.47533396218453600
  0.48313513199427316  0.49099047967720438  0.49888943192196489  0.50649884619563601
  0.51377034561605250  0.52093380940666090  0.52792732242975515  0.53501998591213040
  0.54240000214386930  0.54995186169811938  0.55739999871683699  0.56460454407106098
  0.57158494299762597  0.57852488187701456  0.58551976271560346  0.59349048399163806
  0.60091719060268212  0.60871380850886381  0.61684809458777190  0.62495911102768331
  0.63309028929702038  0.64161739656656513  0.64997617057736257  0.65831103002273017
  0.66613166322118911  0.67349690221797653  0.68084350533236526  0.68808267935614353
  0.69506450746221926  0.70183507956494418  0.70847273705802127  0.71489858864561029
  0.72123835393996327  0.72777645798569190  0.73449419694079376  0.74149902023372816
  0.74861663244313847  0.75606390036970306  0.76374289805121476  0.77173465801188468
  0.78033135417600052  0.78892136279810465  0.79750740760021843  0.80639800446844923
  0.81553454496521671  0.82502492286182916  0.83504018950238623  0.84544914898967138
  0.85664698155623209  0.86879077042273389  0.88224649956170687  0.89689902995451332
  0.91276655988849231  0.93217989929170564  0.95792389827732205  1.00000000000000000
 -0.01490737027445609  0.09406835066153743  0.13062618035379947  0.15425046078324361
  0.17311031809713059  0.18964563288907862  0.20442138658243508  0.21691955311381234
  0.22849890443519366  0.23903764087860538  0.24854860951563856  0.25749380861130616
  0.26634681810016514  0.27531945274300024  0.28419488887204142  0.29288648731719441
  0.30149981077444643  0.30997282172382740  0.31817408092100946  0.32607758066983250
  0.33366342786508013  0.34096289307465655  0.34819045369683843  0.35537460010322924
  0.36267845133607884  0.36990844620241781  0.37664507180642037  0.38311050502261101
  0.38943329250293368  0.39581896047480003  0.40191504479548162  0.40799187115253188
  0.41412390211914757  0.42020168291072191  0.42632535916680370  0.43226049121280330
  0.43800799559119469  0.44375297810570979  0.44942274255282982  0.45508744797069262
  0.46095188549525984  0.46708867661413372  0.47294001061513363  0.47853590725237849
  0.48399655852868617  0.48950356747423446  0.49506682935282126  0.50078871888624421
  0.50681207875601630  0.51276189372068526  0.51860752343217698  0.52434397824789447
  0.52985819576086324  0.53555553233217468  0.54129142248610507  0.54693449529444771
  0.55256802885400980  0.55813442847900074  0.56358299092850206  0.56895320314110276
  0.57426712152651227  0.57983376383581475  0.58536798009513047  0.59101963717265904
  0.59644280887399548  0.60188979354224936  0.60795987830797393  0.61409443446249146
  0.62025519844405663  0.62639101130026975  0.63274351995661204  0.63922339092193614
  0.64589889295898584  0.65291499252193841  0.66001664059738718  0.66698751559503533
  0.67390058186389146  0.68084979895918596  0.68819960398069091  0.69619928246828688
  0.70440923174411618  0.71256598160397844  0.72083567048102681  0.72952592478227829
  0.73915500660876599  0.74972055380074676  0.76092856342458925  0.77295962572857446
  0.78536825962712764  0.79834496651476683  0.81233620907475312  0.82845887803307305
  0.84783493312074609  0.87377301676558972  0.91125880684080229  1.00000000000000000
   4.3826214077562190E-009  -1.0000000000000000     
 T T T T T T T T
  <DiscreteSampler_grid>
  grouped_processes
  1 # 1 for a reference and 2 for a running grid.
  10 # Attribute 'min_bin_probing_points' of the grid.
  1 # Attribute 'grid_mode' of the grid. 1=='default',2=='initialization'
  0.0000000000000000 # Attribute 'small_contrib_threshold' of the grid.
  0.5000000000000000 # Attribute 'damping_power' of the grid.
 # binID   n_entries weight   weight_sqr   abs_weight
    10   10   1.271513353904338E+004   2.531343087024846E+008   1.271513353904338E+004
    11   10   1.271513353904338E+004   2.531343087024846E+008   1.271513353904338E+004
  </DiscreteSampler_grid>
