 -0.00028557978337778  0.00681236659834623  0.01690192371080788  0.02790011211017882
  0.03877384021401922  0.04983131889318074  0.06090446280137291  0.07167521522505285
  0.08235503130848940  0.09290213246709772  0.10332670212498436  0.11322184045980628
  0.12324344947344311  0.13341565575368369  0.14350065279239121  0.15313176205432369
  0.16253700423905337  0.17160575249447302  0.18026915444309619  0.18896592752573205
  0.19777517173175979  0.20649585982234861  0.21527332155621517  0.22451923118067754
  0.23365807070981337  0.24286470152836567  0.25200644829686047  0.26113947577202523
  0.27016053757808500  0.27900426207951107  0.28801489298864819  0.29677521830245712
  0.30543359891451916  0.31403526710442681  0.32270885310021263  0.33178427712922015
  0.34116649262322174  0.35047825919607012  0.35951810035126230  0.36830605656614707
  0.37665891339754676  0.38504328312615921  0.39329924595297638  0.40135949097413831
  0.40932432962016935  0.41733097126903351  0.42540586291730170  0.43354982923853985
  0.44192223279158094  0.45017934423998518  0.45832473157353959  0.46634397251409837
  0.47427507646188322  0.48215061128363512  0.48995044901145146  0.49771342202502289
  0.50591154105156266  0.51446597049470622  0.52319292760670200  0.53207042260671211
  0.54092348720473016  0.54967930143122690  0.55840647850985436  0.56721561700349632
  0.57561813959473107  0.58396675748717619  0.59240541896207621  0.60116007905998048
  0.61028922845020173  0.61958208568240314  0.62879525248732271  0.63800796963915118
  0.64746318933072400  0.65727684901993078  0.66746083859460714  0.67782495384496333
  0.68796956440891555  0.69818602147709052  0.70854064691293539  0.71923951306514955
  0.73010473804934384  0.74100028050912659  0.75192431672079940  0.76264192479547910
  0.77451616670744361  0.78711684162966067  0.80034821670483880  0.81395999920920137
  0.82796235619281511  0.84293337675468327  0.85953847834374153  0.87792525122601450
  0.89789877189235467  0.92145951798107240  0.95758810847903997  1.00000000000000000
 -0.00217878172665593  0.00991991777829612  0.02020594787539413  0.03007759623336370
  0.03995122085510390  0.05054890214346975  0.06101857639906041  0.07026821257150849
  0.07934830784905440  0.08923891759945056  0.09963665702386221  0.11019008911494592
  0.12127640618863925  0.13407296642463770  0.14718394994065145  0.15898117196657546
  0.16931798620801977  0.17889362907939610  0.18845782646939538  0.19754697442457292
  0.20679903828464924  0.21626144935562652  0.22582047777886363  0.23546234844253208
  0.24488436595686000  0.25463145864423264  0.26531122531674367  0.27646946663898425
  0.28771263687433213  0.29924550861855370  0.31130399548367876  0.32386725881767608
  0.33620486451893994  0.34732383507287001  0.35802786692569338  0.36858107934764556
  0.37876598478048801  0.38896527169570727  0.39941473140937389  0.41052025041319901
  0.42116379908289092  0.43187975960865704  0.44329789320031798  0.45494118586590160
  0.46569922626053356  0.47592583489652762  0.48602052685055258  0.49598225150947350
  0.50596486679639574  0.51609967573859783  0.52644675534483909  0.53693456322667055
  0.54701009464981631  0.55690116939655154  0.56738613977278918  0.57782001193363353
  0.58933140159836073  0.60122914641389269  0.61343320399840429  0.62518542192561444
  0.63621578481829022  0.64715132092833150  0.65804630183531410  0.66834269624466691
  0.67791785647724567  0.68747977756453416  0.69742244348073323  0.70727538207858853
  0.71689664580811052  0.72634664992904230  0.73637065429735127  0.74590163371480234
  0.75567499121468062  0.76547232735378956  0.77675290035695799  0.78854390468028523
  0.79989967361462633  0.81085857100854175  0.82184204026099317  0.83324062001068167
  0.84464022836687846  0.85570653753426362  0.86632854580481722  0.87679897760835557
  0.88706244118870980  0.89717938604245784  0.90735671712774313  0.91763573793799247
  0.92821453006995036  0.93954369691079687  0.95169522239825455  0.96250920268246487
  0.97190122473152907  0.98094200849815461  0.99014790401475128  1.00000000000000000
 -0.00921468549464949  0.05834451587729672  0.09157758126403721  0.11765481577157065
  0.13838452075368904  0.15458723758092860  0.16901496557653972  0.18293990656519740
  0.19627101078713641  0.20879144632131458  0.22115037763931136  0.23311982927981792
  0.24463919304079826  0.25581649657097683  0.26631427397636703  0.27602209225895996
  0.28507142875571023  0.29439146188590454  0.30415465591952739  0.31363860534076698
  0.32276003591154501  0.33155150459430605  0.34020975998603631  0.34898881803127874
  0.35753915065094621  0.36576114567024176  0.37366470761184317  0.38158313633625873
  0.38952499803342666  0.39745501958281038  0.40560396636098223  0.41400026174778926
  0.42252282136977648  0.43103314912409474  0.43920117129664010  0.44704996688368231
  0.45479114982107177  0.46237628463164271  0.46966474760375621  0.47670369977136023
  0.48386286803180834  0.49115990871173310  0.49842646115239680  0.50574498606198304
  0.51277846922292680  0.51993878512804881  0.52702755638045851  0.53411603932270246
  0.54131396612978533  0.54827511581688426  0.55501336558071668  0.56178519384874925
  0.56815718868424514  0.57445012069323642  0.58074715596318149  0.58712966579541859
  0.59346893297918735  0.59985317568240415  0.60636053802496359  0.61298263055893210
  0.61963832988748480  0.62651550026192915  0.63380907294497080  0.64107953273574159
  0.64824459608795726  0.65554849687899608  0.66292010685656955  0.67092682083003607
  0.67955196414974672  0.68787577335695271  0.69582463645901560  0.70423072554208199
  0.71237170027523267  0.72039027055885529  0.72820754986027925  0.73584255136597154
  0.74348160105968031  0.75109707767310763  0.75861447451056385  0.76618844788455676
  0.77410800411052383  0.78219610745880708  0.79058491313384638  0.79990564329720448
  0.81006546269165702  0.82113484360488809  0.83271617437999046  0.84394532345283335
  0.85499405368575476  0.86651921412448807  0.87890262725727752  0.89200280177590174
  0.90783884746431476  0.92774531664880988  0.95404036411822724  1.00000000000000000
 -0.02055442992128226  0.11801541825509776  0.15529944296619944  0.17669355225958297
  0.19334977521847599  0.20672834798070699  0.21806240444834049  0.22819042521878946
  0.23756010839785457  0.24649116525271247  0.25564428882791446  0.26491742385381112
  0.27437056693509904  0.28389511528691663  0.29297110405355575  0.30146999572948197
  0.30972070595155199  0.31799674753593521  0.32646031192634795  0.33478750924124062
  0.34255857700084413  0.35014901213252186  0.35726021221479443  0.36387488868728646
  0.37015118145070180  0.37623286455475291  0.38215618683228558  0.38802913613749701
  0.39384567214314148  0.39947471110512106  0.40500460126806276  0.41074379944438827
  0.41686901999226350  0.42294525689976670  0.42882142911700749  0.43451057792352255
  0.43970364281556423  0.44461947114782852  0.44936194534356233  0.45405072593370260
  0.45879845701575150  0.46387497695049001  0.46912924789913063  0.47441683255830275
  0.47978314882999257  0.48526808439676922  0.49074345855585255  0.49612802805657802
  0.50156747536885160  0.50738860058331314  0.51339265842197102  0.51950941862180655
  0.52562253509177204  0.53163422581960851  0.53751201426850248  0.54318099242958540
  0.54860396081492135  0.55396247325441728  0.55948411183734370  0.56494389291197733
  0.57048099777476791  0.57594004277047495  0.58134320343496604  0.58662462914741675
  0.59196434369294471  0.59747996408118043  0.60313251472627072  0.60889086591411334
  0.61474764690259154  0.62051791547964785  0.62633079154178462  0.63236926989893161
  0.63852782924030727  0.64483092239953510  0.65117239734254173  0.65751866376484247
  0.66397277573458136  0.67063927430918435  0.67734042172363518  0.68409906136551946
  0.69111021213848589  0.69853335055054222  0.70620833559086249  0.71439522565437286
  0.72311969160578471  0.73208123174611517  0.74180559794486745  0.75229426372397090
  0.76416796004157206  0.77723706857364971  0.79133391059306668  0.80613504068758024
  0.82357583057653427  0.84603691741012743  0.88467597176095436  1.00000000000000000
   1.0868272615279021E-008  -1.0000000000000000     
 T T T T T T T T
  <DiscreteSampler_grid>
  grouped_processes
  1 # 1 for a reference and 2 for a running grid.
  10 # Attribute 'min_bin_probing_points' of the grid.
  1 # Attribute 'grid_mode' of the grid. 1=='default',2=='initialization'
  0.0000000000000000 # Attribute 'small_contrib_threshold' of the grid.
  0.5000000000000000 # Attribute 'damping_power' of the grid.
 # binID   n_entries weight   weight_sqr   abs_weight
    10   10   1.289492951356698E+004   5.940491886154298E+008   1.289492951356698E+004
    11   10   1.289492951356698E+004   5.940491886154298E+008   1.289492951356698E+004
  </DiscreteSampler_grid>
