  0.00296880413429165  0.01400214433322613  0.02664225811147473  0.03840575922326817
  0.04963576140292923  0.06044522676379845  0.07158708008955719  0.08257194075973487
  0.09340165370785850  0.10403878791460872  0.11492317833424526  0.12600936042422181
  0.13686996108043659  0.14759820079850533  0.15829865637985682  0.16918321907964268
  0.17997501673691291  0.19092345945240774  0.20185676044048662  0.21281214545375007
  0.22354788192548258  0.23435619554801609  0.24510885224896969  0.25575562489253034
  0.26622095016090674  0.27659460356116966  0.28712059037670312  0.29767158558631068
  0.30828467113715530  0.31891888595729356  0.32952121513796928  0.33984390009990478
  0.35007251207010287  0.36042289190937316  0.37094219912204801  0.38152116654159673
  0.39236837883426262  0.40339203997894613  0.41432956075404015  0.42496392720470594
  0.43551999100641575  0.44605534936447988  0.45665985826729438  0.46731588716925271
  0.47790100800752727  0.48826679607954315  0.49847263529284236  0.50856254891294927
  0.51876734153436876  0.52899955435608415  0.53927404650837718  0.54961637637730154
  0.56014184448756288  0.57096896001723163  0.58184296245787692  0.59286592399846150
  0.60400518315757101  0.61494770696326662  0.62554636278563824  0.63590508205415464
  0.64639352664892946  0.65703124690770875  0.66766962845534594  0.67828960193453391
  0.68879903969902179  0.69922323762001370  0.70963762093347438  0.71997440736961504
  0.73039398754052343  0.74099447823464371  0.75148116776628637  0.76177164639908956
  0.77185107126495844  0.78183757810148546  0.79193831777056389  0.80217650451599054
  0.81264697668055597  0.82310402567995256  0.83349503023274907  0.84393966952269805
  0.85432291152980622  0.86460966458396127  0.87460574855783757  0.88443888270841930
  0.89420164340176145  0.90409026164944717  0.91413592860528792  0.92412958897888575
  0.93398157780484570  0.94370259455488137  0.95341318702753008  0.96318135857589982
  0.97293506474404989  0.98234511937219793  0.99134829759414245  1.00000000000000000
  0.00000236835305564  0.00000257136669575  0.00000277618732723  0.00000297115938020
  0.00000316399131606  0.00000336612293482  0.00000357652052659  0.00000380119230111
  0.00000403945235509  0.00000429774966669  0.00000457567143340  0.00000487109391579
  0.00000518551058759  0.00000551870668356  0.00000587630642431  0.00000626144502723
  0.00000666495873925  0.00000709498102866  0.00000755163235084  0.00000803627398830
  0.00000855982445408  0.00000910763669046  0.00000971042938764  0.00001035651002732
  0.00001104818941736  0.00001178608304134  0.00001255658081862  0.00001337430616822
  0.00001422656740900  0.00001512490778732  0.00001607063433678  0.00001706025775726
  0.00001812430823947  0.00001923128746292  0.00002042609355287  0.00002168901524425
  0.00002303891304379  0.00002449256423151  0.00002603403039751  0.00002765178669400
  0.00002938885408919  0.00003115745284976  0.00003316651403775  0.00003518657863398
  0.00003745366457845  0.00003980351688212  0.00004233842785112  0.00004510231424768
  0.00004797404749865  0.00005108858247139  0.00005429999433931  0.00005777026680056
  0.00006152668337160  0.00006557105826479  0.00007000276112089  0.00007470666267518
  0.00007960627067002  0.00008483906881060  0.00009043374501488  0.00009666797409956
  0.00010316701452526  0.00011007770581943  0.00011730600849643  0.00012518196986466
  0.00013394850819122  0.00014325262661866  0.00015355229391904  0.00016509014152691
  0.00017780991099405  0.00019233750203834  0.00020854048584806  0.00022639645334680
  0.00024588018378141  0.00026705247160866  0.00029012432030575  0.00031506650284935
  0.00034335040592379  0.00037600250437059  0.00041148195922781  0.00045358259669513
  0.00050357888153925  0.00055918505020259  0.00062432928903612  0.00069494193545591
  0.00078818448386492  0.00090836917929396  0.00106493483242260  0.00123905443781066
  0.00146779942233580  0.00180961227634923  0.00222264283075150  0.00270556553984728
  0.00338341035337568  0.00443744457199048  0.03362534908721280  1.00000000000000000
 -0.00167470687094702  0.00534589149526111  0.01185281899063566  0.01819527211966902
  0.02467261100449288  0.03127120349559648  0.03797601784200615  0.04476724671181375
  0.05157802869835305  0.05840289169427991  0.06522579272892061  0.07200146667042399
  0.07878206605419302  0.08568277185277774  0.09269491656602945  0.09979140774346491
  0.10701921545806906  0.11450909308255219  0.12207900567830962  0.12968451936128467
  0.13732484577911366  0.14501213019203291  0.15273955957891935  0.16047309741995666
  0.16825376055969440  0.17614929466822044  0.18411302953222353  0.19206613387106494
  0.19998666117916972  0.20802881167836176  0.21624448776284400  0.22466773572495519
  0.23314017065841178  0.24182118082812054  0.25059016033765513  0.25933483200285412
  0.26806788250129809  0.27680704560776154  0.28569071217710423  0.29484318797893194
  0.30435215680594607  0.31392765459075084  0.32374751147917658  0.33348817444762674
  0.34350332783059745  0.35356290423420073  0.36370515922948338  0.37399168361410673
  0.38439725387804552  0.39491991059887716  0.40559100636073747  0.41641483284482883
  0.42725805876011974  0.43822543432848488  0.44934677161040693  0.46070507781894948
  0.47215230985926898  0.48366470096938902  0.49537901620604202  0.50751154165978951
  0.51992526418873264  0.53260452291706695  0.54547462924547796  0.55851795864013032
  0.57159144148429897  0.58461534889912070  0.59755236339749596  0.61050436031532995
  0.62358259972395469  0.63678098679081296  0.65017661876952870  0.66382721679868006
  0.67769928188497053  0.69174966070404054  0.70605755018822003  0.72032281846170454
  0.73486521666513038  0.74929628044927277  0.76317296972863291  0.77751900490500492
  0.79271225137348134  0.80816213451736463  0.82336371893554705  0.83792291277445941
  0.85178772077800857  0.86566273922965165  0.87975967992000625  0.89412616169796910
  0.90872323110578124  0.92282157258144260  0.93656528113861692  0.95001093940561310
  0.96340462044656261  0.97626264692737230  0.98848494388025454  1.00000000000000000
 -0.00262635011003708  0.00975204095880615  0.02007997436356022  0.03066638656370721
  0.04105567172358375  0.05153188124662083  0.06208113790450794  0.07254806355030906
  0.08291695821115615  0.09325539556731605  0.10363211501477665  0.11410453599455206
  0.12435883076315568  0.13487867229666514  0.14544391171134954  0.15588542279309089
  0.16640969938619837  0.17704795141024751  0.18782797195972376  0.19842732651266629
  0.20902068811503063  0.21973928257459635  0.23039133049110652  0.24102811590961490
  0.25169888474406615  0.26232681354207327  0.27277296678099483  0.28327794181607024
  0.29371478146732599  0.30434600455704885  0.31497885496338157  0.32578195704229373
  0.33640185260783673  0.34689281787547505  0.35721216585822663  0.36763686487400310
  0.37813961669564378  0.38870875197581450  0.39900736784054874  0.40913930650373187
  0.41924474897226938  0.42948786014525780  0.43989552367440293  0.45040435257881339
  0.46076413706876651  0.47104026586222453  0.48118731184439673  0.49175431261963998
  0.50215717559561901  0.51274152580576571  0.52309285942400507  0.53385201000211602
  0.54466257930414064  0.55527433932953318  0.56611573100650880  0.57673731094269176
  0.58759634879035882  0.59810891446673542  0.60860830253817222  0.61916561127142733
  0.62987820597078215  0.64073750931494122  0.65168384958028813  0.66253398551918774
  0.67338054650822177  0.68401885062995949  0.69467457598264915  0.70516895222684173
  0.71568783001893876  0.72622255930584534  0.73676836114743494  0.74731085296914002
  0.75779105775161815  0.76838056703008117  0.77908819520149863  0.78984805185388673
  0.80036488078198098  0.81063651820303984  0.82076210338446498  0.83100917348675318
  0.84145288964909493  0.85199253531826213  0.86240352489518746  0.87277992834933682
  0.88330525782851543  0.89383409677996983  0.90437925863219326  0.91478710798133178
  0.92533340880706172  0.93590409388131601  0.94651773058369137  0.95717890069918821
  0.96785330810509973  0.97860241716513430  0.98931334899778256  1.00000000000000000
 -0.00246879759403041  0.00956286456357307  0.01983975304361203  0.03036250471302014
  0.04068880660695938  0.05095969156712198  0.06123273624500794  0.07163002210411262
  0.08185718171485243  0.09228383293435254  0.10289162819593596  0.11360203617634757
  0.12395894034700977  0.13397641456381401  0.14396452208112281  0.15428956969027438
  0.16466641241555266  0.17495340577444196  0.18534827931276296  0.19597083872805901
  0.20647022818711688  0.21659515939448259  0.22669223191674143  0.23709144815014990
  0.24781102870666494  0.25837577439247433  0.26893175268400349  0.27914949377019499
  0.28976735746813137  0.30052060185275808  0.31129705603759517  0.32190996542871086
  0.33250735637414780  0.34314119768641299  0.35346161325039027  0.36395538238176761
  0.37450179989366383  0.38537356598257899  0.39600436150248952  0.40671023116611593
  0.41743005448090692  0.42814196529276993  0.43859552154553944  0.44881978724237548
  0.45905844963841735  0.46962158375839208  0.48017815055408686  0.49063168732936624
  0.50092332033446663  0.51137370267292503  0.52211293004706483  0.53303513797147362
  0.54378892318261229  0.55428126961608715  0.56488895292281005  0.57561353975657747
  0.58613706505988583  0.59630845473600480  0.60654635146790570  0.61699332383092609
  0.62770994439512717  0.63845496693034631  0.64917636770842913  0.65997841772527144
  0.67074623550603996  0.68167512529877694  0.69236536289944883  0.70316123661482643
  0.71399310036226638  0.72486376918835826  0.73590446839027346  0.74698565080399693
  0.75785365147277028  0.76871704043115319  0.77963477618767207  0.79053951472094786
  0.80107309409670269  0.81151285167585796  0.82206683501997102  0.83255334497718658
  0.84308264383664688  0.85369940110016818  0.86442393820278618  0.87509658908503585
  0.88568254110009215  0.89614520186944580  0.90643855681485996  0.91669081641318384
  0.92704965253445770  0.93760380753953299  0.94824260548354578  0.95877902656669989
  0.96912702893934077  0.97925777054646457  0.98961178678162909  1.00000000000000000
  0.17126934893017087  0.22497859961032879  0.26582409427930859  0.31795200558706649
  0.36333242358238993  0.37081088668663448  0.37934687088308711  0.39014779504825137
  0.40413885928496662  0.41716034817923742  0.42778360768428836  0.43586651776202667
  0.44280139216578174  0.44913095053732832  0.45595518539103425  0.46300594596451605
  0.46986253759916069  0.47586002736004246  0.48149799500548984  0.48781568355984861
  0.49464185018334961  0.50199550199661513  0.50928512550468730  0.51615032463329602
  0.52255326308767491  0.52886280692453047  0.53493895250643497  0.54104467613408935
  0.54689778881832274  0.55251602214165685  0.55803947093838868  0.56370910770615046
  0.56922844123111682  0.57490421892751786  0.58047835567053740  0.58610463543919222
  0.59177037389582732  0.59741024724852765  0.60303842038615718  0.60870797609290372
  0.61445986974486200  0.62016585926356604  0.62581573214225794  0.63142207329196398
  0.63710026864752001  0.64282273328512218  0.64845005876918638  0.65408454924533044
  0.65971158040738520  0.66549761773198446  0.67142021399216034  0.67743092481729639
  0.68344688858257341  0.68946284593514362  0.69545482495654465  0.70133366556745813
  0.70724820285794787  0.71323419270312549  0.71933833775961820  0.72546524671911961
  0.73163408578144629  0.73782217555460827  0.74403340965680964  0.75024655886323355
  0.75647099912611804  0.76274718835433475  0.76918915104523733  0.77570593777330954
  0.78221715773977651  0.78864008859347601  0.79509451705598977  0.80152699291606644
  0.80798546170306584  0.81438539660454268  0.82082459041841360  0.82740012888573389
  0.83407164942273626  0.84078925201031218  0.84748793167014336  0.85424274380148224
  0.86119959544205071  0.86825131045959203  0.87543999732880318  0.88279862723002034
  0.89029495609980069  0.89787719132042909  0.90557754058358264  0.91339557969932228
  0.92149211309577173  0.93010235880444181  0.93899951385941172  0.94846607945730321
  0.95837027341352599  0.96936972004777766  0.98280285863751682  1.00000000000000000
 -0.00843577517578986  0.04502094683364181  0.06549683206414469  0.07907299968277108
  0.08987834487955856  0.09927442930843786  0.10777801833865569  0.11548815067638918
  0.12276299631863449  0.12947175813811279  0.13589161479083184  0.14222717912815849
  0.14831383000427648  0.15414182261085158  0.15986240945264119  0.16548118391545605
  0.17100301606832946  0.17640523464825042  0.18171251393703752  0.18700580477719836
  0.19227440455336534  0.19753529765981651  0.20283827192399756  0.20817240305396392
  0.21348533141191825  0.21879486763576628  0.22415497343959095  0.22953949852777378
  0.23508795313531647  0.24064624747158089  0.24622365029294294  0.25190944368461343
  0.25769184798407269  0.26350004660822035  0.26932213904321944  0.27518388404418131
  0.28107290816444069  0.28697275061747513  0.29294060981071240  0.29894973289343574
  0.30507452102406518  0.31125816299297443  0.31754614501046874  0.32375551664270902
  0.32998289794566577  0.33626498848156777  0.34264361738395799  0.34908036195914810
  0.35553094870424118  0.36203686873483099  0.36867944908327654  0.37546668259709987
  0.38233626305034996  0.38916721652842845  0.39593230306008692  0.40292683227606130
  0.41003954317354224  0.41727886675159548  0.42455305113211639  0.43199883698484320
  0.43952363627565944  0.44710838557804317  0.45461931611766931  0.46222162484711621
  0.47005903215083533  0.47794253695291888  0.48594917587130970  0.49405579230009028
  0.50243913928789363  0.51110873496351339  0.51989171563544023  0.52872397485113298
  0.53758299865109427  0.54650175129293643  0.55551993896433416  0.56489584178134777
  0.57468740847711608  0.58468907330260567  0.59492179078911422  0.60549314527582154
  0.61660482000286221  0.62797413647526079  0.63977302896663335  0.65245118966643756
  0.66587768577342632  0.68000321797377539  0.69450662706221422  0.70965322306377243
  0.72596819022141690  0.74359100715798188  0.76311189316347194  0.78461020720338392
  0.80955820397859590  0.83938166650943746  0.88257301573638514  1.00000000000000000
   8.1840834035449631E-003  -1.0000000000000000     
 F F F F F F F F T F F F F F F F F F F F F F F F T F F F F F F F F F F F F F F F T F F F F F F F F F F F F F F F T F F F F F F F
  <DiscreteSampler_grid>
  grouped_processes
  1 # 1 for a reference and 2 for a running grid.
  10 # Attribute 'min_bin_probing_points' of the grid.
  1 # Attribute 'grid_mode' of the grid. 1=='default',2=='initialization'
  0.0000000000000000 # Attribute 'small_contrib_threshold' of the grid.
  0.5000000000000000 # Attribute 'damping_power' of the grid.
 # binID   n_entries weight   weight_sqr   abs_weight
    13   10   9.271773083591327E+006   7.951244055782208E+014   9.271773083591327E+006
    14   10   9.271773083591338E+006   7.951244055782228E+014   9.271773083591338E+006
    16   10   6.157982854985752E+006   2.162115153629827E+014   6.157982854985752E+006
    17   10   6.157982854985966E+006   2.162115153629866E+014   6.157982854985966E+006
  </DiscreteSampler_grid>
