 -0.00013627687156169  0.00597247711650356  0.01636325787221126  0.02760932108401325
  0.03887417026584863  0.05043269400541088  0.06216972933954865  0.07327323430543922
  0.08384951957010528  0.09416798006934873  0.10406820281245280  0.11372339813030390
  0.12330994124452777  0.13281110491321174  0.14242256824355240  0.15194366910394538
  0.16125947124638212  0.17048613117964947  0.17979176794340274  0.18924693239144341
  0.19867247789644166  0.20803904821749297  0.21732571166131151  0.22651311470669647
  0.23565437107058346  0.24467710746502641  0.25353135906960272  0.26223842905192929
  0.27077881360762701  0.27919707765322022  0.28747291787770890  0.29574131399499159
  0.30397038477213428  0.31215446092694982  0.32037817123933365  0.32855164170521090
  0.33661466054506856  0.34458276657539805  0.35263750761857371  0.36081461135043336
  0.36905676779614305  0.37730897781721073  0.38554314814483048  0.39392782759174483
  0.40256226952393354  0.41122512266717060  0.41972818484039504  0.42829794150099149
  0.43686449495670548  0.44536038321171134  0.45382115132174500  0.46231594838425549
  0.47055258812259459  0.47889630888930468  0.48741314422059295  0.49608679886388207
  0.50482528799233517  0.51352271473907796  0.52213265836391465  0.53065172900567781
  0.53927166609144395  0.54801801424221341  0.55677103270136907  0.56547241289012840
  0.57423009085615961  0.58303166217630442  0.59208079635523991  0.60129905692742536
  0.61065848004621492  0.62013919323519884  0.62970570200409037  0.63925445560398131
  0.64862264097344358  0.65866564464379085  0.66901675555614848  0.67947266933423012
  0.69009249259353345  0.70101564456800847  0.71190244106692979  0.72266062255096009
  0.73382208350033240  0.74545404598642373  0.75735103304534623  0.76927784116605469
  0.78166592958759851  0.79425743404155758  0.80759674076609056  0.82174849696159236
  0.83673165550717954  0.85268905895297087  0.86971799666848260  0.88789477859225296
  0.90850329180805756  0.93327786998525253  0.96332539365036440  1.00000000000000000
 -0.00235759454463219  0.00936024637603221  0.01869489561173735  0.02863256479618194
  0.03840262779214604  0.04940430495821450  0.06127071913559302  0.07316510003769422
  0.08513959892907853  0.09728540291847261  0.10865951434166082  0.11959281126771329
  0.13013386284756387  0.14061132861097286  0.15112077909423252  0.16187464471389146
  0.17272870126957440  0.18370547887450475  0.19424167196018657  0.20515744614721798
  0.21583476381431749  0.22598154121219149  0.23533857348601814  0.24428009697715442
  0.25362316927522982  0.26352325769638940  0.27347373127730012  0.28360638636855640
  0.29396425830344819  0.30457236497788531  0.31506944830116618  0.32512539494904719
  0.33544458079803247  0.34588935663340015  0.35625536799305685  0.36675930634922271
  0.37753513198035066  0.38869456169845101  0.40018199461620202  0.41171818213388317
  0.42311112739335782  0.43405442204400202  0.44508703083423312  0.45603885182047443
  0.46700797765119462  0.47816101755231405  0.48944610008587247  0.50105330680650073
  0.51258562830447496  0.52369994627160343  0.53477747946550724  0.54540634189606541
  0.55592635613254060  0.56601886551392211  0.57562541982505866  0.58518092142929701
  0.59463972609037241  0.60429315614198809  0.61415900364399334  0.62412988089373700
  0.63456994477084205  0.64512056017054231  0.65554106356752573  0.66597633920992116
  0.67668225917447700  0.68722740645173053  0.69746949044631623  0.70760827094905066
  0.71797796070807240  0.72839844171035051  0.73885405278444727  0.74949423482177358
  0.76032204035998374  0.77126004094635114  0.78199865792836210  0.79248908360335546
  0.80282046619752234  0.81302995524983357  0.82306678912574349  0.83308822799123661
  0.84336514197855228  0.85359512599553067  0.86379137614374579  0.87410520206298203
  0.88448125845322800  0.89484358559886956  0.90529588642535264  0.91595723157217812
  0.92609967904866697  0.93655397607752422  0.94753411773170737  0.95838005871336973
  0.96861802206847325  0.97866314169696544  0.98939199709553416  1.00000000000000000
 -0.01100151893106150  0.06618924058141522  0.10534168150656553  0.13385971440728572
  0.15714417282921037  0.17782283423009501  0.19727378616881558  0.21581792475253855
  0.23268067917045657  0.24781818206684325  0.26251403306171500  0.27658119869217512
  0.28987238017710293  0.30255058739298873  0.31469990638089235  0.32630570646243601
  0.33802664009607436  0.34979547112546128  0.36102446106988811  0.37162169546890289
  0.38171517310920872  0.39169221239422303  0.40159072756211561  0.41135481373667809
  0.42091570098687348  0.43027205436415356  0.43954299870056646  0.44868574921547738
  0.45772130123096855  0.46706530240165306  0.47650456127282609  0.48565169956964904
  0.49450581243088898  0.50331856799050090  0.51213736520433373  0.52079835377565609
  0.52928405640600096  0.53748954017510653  0.54578932802623736  0.55425673530004771
  0.56235068525058751  0.57008807000830841  0.57775859137588881  0.58539751823941599
  0.59288556335834397  0.60015632483786563  0.60713109211864558  0.61387927681473775
  0.62065663523106196  0.62758507259233309  0.63472181161479346  0.64200060919453172
  0.64903274181628789  0.65590711925546596  0.66263544771678784  0.66950649161098563
  0.67681788475347271  0.68399777460124678  0.69151301886134220  0.69936890681299280
  0.70719474458122900  0.71482187305507860  0.72223040408325057  0.72936447188129461
  0.73614534618692185  0.74271268844653393  0.74939418876431496  0.75586769893789163
  0.76246207365204555  0.76904600457632666  0.77576572609691430  0.78249312401476190
  0.78925799953258913  0.79625671542521093  0.80342961687923065  0.81059487674271435
  0.81779160305757292  0.82505536323819406  0.83247025507811923  0.84012023886153708
  0.84791124875753565  0.85558835157121604  0.86307886472406947  0.87061276963225009
  0.87825233939750014  0.88609041550081658  0.89403859759817184  0.90220769949504243
  0.91061100494738034  0.91938976977244458  0.92858804526542238  0.93830559901144006
  0.94862348099710403  0.96034433814684783  0.97633717299763012  1.00000000000000000
 -0.02077369412415057  0.13120104990746367  0.18165534782040524  0.21481135321223818
  0.24200863433032060  0.26556684102267503  0.28606075139895276  0.30443533222795061
  0.32089682862983909  0.33609544591140361  0.35015060627124445  0.36339752392471592
  0.37627207104391019  0.38923956041634827  0.40205665674075003  0.41448518578372429
  0.42632500894647951  0.43746359276179536  0.44791622786511637  0.45782400373430543
  0.46753606194494624  0.47713553616748505  0.48641894600194968  0.49529824726867944
  0.50374965772516433  0.51198987857601663  0.52015817450888457  0.52801871600135386
  0.53561676666706393  0.54309711737988420  0.55017973090967531  0.55716548066183680
  0.56401795383842390  0.57094606217026445  0.57773404163765185  0.58432022960252405
  0.59105396647040431  0.59765931110832593  0.60426088821423529  0.61069076514583365
  0.61717566813997582  0.62353431795671987  0.62973128525810074  0.63579327218867265
  0.64174196316671428  0.64758397352735297  0.65320267948853161  0.65864028724352897
  0.66411542746132246  0.66971681856933252  0.67555209512363990  0.68135326838301002
  0.68711919257857013  0.69275828903296965  0.69836714917977116  0.70391400558589523
  0.70935682809377898  0.71465893757071874  0.71984293352140349  0.72498844467238044
  0.73009753298344782  0.73513399965894477  0.74021790769936135  0.74532176476461653
  0.75051890105655850  0.75584859070078736  0.76117430140538833  0.76628557572545919
  0.77134740903238297  0.77635733454476297  0.78137446157805235  0.78662677631355060
  0.79187641547276200  0.79699052061302023  0.80213149266533423  0.80741291640866464
  0.81267633484680013  0.81772339743580102  0.82272774960011685  0.82769479974889404
  0.83277845997016242  0.83799741702691655  0.84331651023245269  0.84877923587871806
  0.85456531238811728  0.86080308861700627  0.86726854950376930  0.87376810678548977
  0.88071096685668093  0.88818815429988263  0.89641017242366916  0.90584654638399387
  0.91679493729733397  0.93092826655584526  0.95264890179942563  1.00000000000000000
   7.6491361380431360E-007  -1.0000000000000000     
 T T T T T T T T
  <DiscreteSampler_grid>
  grouped_processes
  1 # 1 for a reference and 2 for a running grid.
  10 # Attribute 'min_bin_probing_points' of the grid.
  1 # Attribute 'grid_mode' of the grid. 1=='default',2=='initialization'
  0.0000000000000000 # Attribute 'small_contrib_threshold' of the grid.
  0.5000000000000000 # Attribute 'damping_power' of the grid.
 # binID   n_entries weight   weight_sqr   abs_weight
    10   10   1.443889229936253E+004   8.883748659605544E+008   1.443889229936253E+004
    11   10   1.443889229936253E+004   8.883748659605544E+008   1.443889229936253E+004
  </DiscreteSampler_grid>
