  0.01093327367317074  0.05341707784492553  0.08258463378479168  0.10371921551982621
  0.12206699196298329  0.13964006380898081  0.15748975092877215  0.17567468356187640
  0.19295978943650119  0.20801679242145579  0.22115705823088877  0.23438033428190463
  0.24799016506470647  0.26217939702975251  0.27614948457991223  0.28994634972528432
  0.30396549331780409  0.31805029671858470  0.33167137799729651  0.34547083832404152
  0.35922344498594594  0.37260202780701041  0.38558215014673397  0.39879824326990848
  0.41165382490490021  0.42495814141321137  0.43861324697312881  0.45100417822752464
  0.46358928292833229  0.47591937336211104  0.48774587341439984  0.49906686617110513
  0.51053318334927056  0.52208793461682290  0.53363865400685695  0.54516723447429660
  0.55662020184535277  0.56808481011215539  0.57971936898005305  0.59134451391467235
  0.60178059466514333  0.61172539521130576  0.62210819572008857  0.63252278693676978
  0.64261487710214127  0.65273872500740460  0.66357555837778182  0.67524449303996203
  0.68609861199558630  0.69614889565629789  0.70587647512217599  0.71520077237075508
  0.72449431272795584  0.73399195299233044  0.74419299163507602  0.75474582071689944
  0.76470540199595360  0.77372531487751339  0.78223312255717015  0.79098096560545972
  0.79997885084845632  0.80870948701634660  0.81707178171760142  0.82512421315880202
  0.83326363740050335  0.84202885931298788  0.85085949239693193  0.85909623508311528
  0.86683681163410842  0.87443172982431183  0.88219318878099207  0.89009284376517817
  0.89775574471103248  0.90458716393981520  0.91111426775944016  0.91745222720356656
  0.92379598985616784  0.93042932448486593  0.93681911339638846  0.94266116879741191
  0.94802614718218403  0.95306135401004743  0.95780400600990856  0.96230226564717658
  0.96670427505818646  0.97110740540737128  0.97519833055078675  0.97878401856736663
  0.98210760025433053  0.98521876072220249  0.98812856663055582  0.99083160124228009
  0.99371182889935605  0.99603982875419184  0.99672185108611455  1.00000000000000000
  0.00802355956037658  0.02004830853110102  0.03399675691758926  0.04622875010332422
  0.05681270001319192  0.06706689806842184  0.07700660357839478  0.08727001993836093
  0.09735872307853416  0.10720406069568342  0.11665050659550236  0.12601615067553684
  0.13489996941704366  0.14413623226746694  0.15349801176908884  0.16273211359748438
  0.17267371460695641  0.18256718689078899  0.19321808457845166  0.20442726813152079
  0.21564569900838598  0.22670893658179833  0.23715008713490127  0.24727610447965018
  0.25764814089468108  0.26824502802063122  0.27856166403628063  0.28871091328972615
  0.29931003288332431  0.30972348604799860  0.31930447357110864  0.32862796686904744
  0.33862960425878913  0.34920476081203827  0.35918921374564849  0.36897780383669238
  0.37906583220589263  0.38963160682607767  0.40006975594072008  0.41021554275365041
  0.41991017590123320  0.42923103306765825  0.43859751368986177  0.44839986547393423
  0.45867024021868230  0.46954445340619111  0.48104828115418852  0.49349205717117939
  0.50583817474465398  0.51739709234697351  0.52745832656379787  0.53709072414458037
  0.54668396420589271  0.55660505017834938  0.56676873161276009  0.57643439423967591
  0.58620593253359410  0.59637264638417720  0.60706868880545961  0.61873359956244300
  0.63008647682687025  0.64007152713894044  0.65084389229208339  0.66116805754999530
  0.67200832913672148  0.68216380520459907  0.69197479260746897  0.70204339662353743
  0.71132542998462334  0.72069794222231709  0.73028241995689980  0.73997415927758436
  0.75007091857992503  0.76054387644792409  0.77090043118254459  0.78052931153785343
  0.78988709985493522  0.79967132930133900  0.80989912531641350  0.81951043266363244
  0.82832415502533530  0.83751246797094991  0.84731119100796370  0.85748207785409625
  0.86815636737186008  0.87923229740866105  0.89132616634894934  0.90271277692894181
  0.91400054739562819  0.92525017401834275  0.93611246071975185  0.94660765108419109
  0.95715504855436406  0.96789216031221115  0.97974993340522343  1.00000000000000000
 -0.00064522711815182  0.00436890013636543  0.00705491810600843  0.00956436629415864
  0.01234256399458877  0.01540125400672802  0.01896300831994545  0.02264296848484813
  0.02638951433190474  0.03065336533947696  0.03521877838628507  0.03995394527228394
  0.04466700314723682  0.04983234168204886  0.05599972103417164  0.06208789776635672
  0.06796349683084382  0.07417653199759339  0.08070203308249697  0.08788825565257759
  0.09530569938797541  0.10274310551352694  0.11058298510597835  0.11871179403171470
  0.12677626090110355  0.13479180079668640  0.14301067473532189  0.15148209656925585
  0.15998659978909549  0.16837061835609998  0.17678324611265858  0.18558789629230391
  0.19469170582722028  0.20403854567478377  0.21323822381124266  0.22268992415962854
  0.23294753964466755  0.24353057840516865  0.25413132142074019  0.26474658887041946
  0.27536102340044233  0.28610147359496274  0.29724372914971764  0.30880155599900494
  0.32004621852648107  0.33101781502330280  0.34154792994081773  0.35170017049899532
  0.36260715051648579  0.37372960233573232  0.38564791465454523  0.39781447494770816
  0.40991697322584780  0.42203544976472745  0.43442316019634469  0.44758288893455950
  0.46004286473048106  0.47233418830461388  0.48500126033233054  0.49765367198209864
  0.51016586052218837  0.52236905638400200  0.53436465100583508  0.54655672086700346
  0.55911820966760040  0.57188405279402998  0.58491353224088638  0.59826449670142356
  0.61186293432688266  0.62572997863218949  0.63957581507792960  0.65265972522143034
  0.66583650318995036  0.67859405110995497  0.69117114229338583  0.70400211378454380
  0.71689229738220372  0.72972470119535748  0.74270004732138339  0.75606834368731080
  0.77002022409753090  0.78473958250613451  0.79942655992057654  0.81389949771802061
  0.82829247317679433  0.84290091881945606  0.85807633942575245  0.87330149210731556
  0.88840840991998171  0.90395476085990112  0.92016343991440341  0.93683191691949452
  0.95302912779728044  0.96890620139649675  0.98453850220312800  1.00000000000000000
 -0.00249408759907425  0.01044005959707781  0.02077128141091080  0.03206452748977250
  0.04228190331279860  0.05238901083321591  0.06191585427231940  0.07103899048575303
  0.08021894547961876  0.08966624681193458  0.09978317017705263  0.11039497522711798
  0.12156755095990660  0.13344771943807637  0.14579252470824616  0.15806633352218938
  0.16994113957405677  0.18053010034838191  0.19042203396729393  0.19990749608597355
  0.21004163199351161  0.22058238472198449  0.23148608618607441  0.24270202566682739
  0.25397121857784599  0.26482590398080197  0.27543795999906684  0.28581612588311539
  0.29613141148540745  0.30652071235835560  0.31708168166662160  0.32777658764776973
  0.33843487190401322  0.34891171436614393  0.35928266762072186  0.36915462252423520
  0.37867258339823434  0.38814903665469896  0.39801138875249092  0.40801975723334311
  0.41812574214020742  0.42873534012270426  0.44033406834416383  0.45263201900929190
  0.46497075468174864  0.47667472399907429  0.48741503512113665  0.49787546658065385
  0.50886847729269058  0.52063694285413886  0.53280254807259775  0.54419140357156182
  0.55483566806447393  0.56485790970341121  0.57449625858910858  0.58423039253461151
  0.59422024269043416  0.60424464330114680  0.61398430193202702  0.62320893332411420
  0.63280225008569935  0.64280660398437284  0.65339843592035629  0.66442031535939028
  0.67583034031159439  0.68697271360768764  0.69754796806562491  0.70805793907916670
  0.71899329467342121  0.72976924486458816  0.74025282481289956  0.75072489061130854
  0.76067360663725381  0.77020301348639253  0.77999109554834101  0.79021726194254716
  0.80044346366860020  0.81031654244812923  0.82024844556909904  0.83035061057484139
  0.84075454231440661  0.85107952771282569  0.86155666905698958  0.87206437483895538
  0.88243277743992343  0.89282811110747906  0.90300076582095112  0.91320285130321310
  0.92308000898627163  0.93322929305378743  0.94337660422244296  0.95413079686805236
  0.96522911426643299  0.97677002186771211  0.98838523433830749  1.00000000000000000
 -0.00219464839610790  0.00961717951049454  0.01980068773719230  0.02973172271472069
  0.03885283186728003  0.04755765841126784  0.05627514068836705  0.06529921036950995
  0.07435057884648391  0.08356819290707344  0.09330249753708346  0.10271204522541677
  0.11214113526361551  0.12130271915401485  0.13110524318943936  0.14124043267207478
  0.15219582977739576  0.16351949483403483  0.17460121943908935  0.18506115735822012
  0.19522877947950135  0.20598815280836344  0.21689533030253955  0.22749059200074440
  0.23717646228991804  0.24655129980615528  0.25615796536227753  0.26600114540121356
  0.27624144187585953  0.28750378778647440  0.29977920109793160  0.31177927455993687
  0.32324558320422209  0.33431968062244927  0.34545319056919160  0.35684604121903485
  0.36718553926543529  0.37748558007561245  0.38741868263434759  0.39858633365402951
  0.40971736988157953  0.42102370992867277  0.43260776232672288  0.44436742965469167
  0.45556935446100721  0.46648556023101667  0.47716413287201909  0.48775960675319174
  0.49846568386254941  0.50969629477923184  0.52148599706928778  0.53320103590478118
  0.54423963123390018  0.55489806602505043  0.56551341660205523  0.57615213105884633
  0.58696957305735376  0.59734878796625634  0.60742742825058549  0.61741511795237958
  0.62768100707302132  0.63868525191892478  0.64971869334727250  0.66129597654494643
  0.67386632769786436  0.68701917715085103  0.69981182618016657  0.71223845372454742
  0.72484523188213112  0.73686632589569689  0.74832961794336961  0.75981301760537767
  0.77034144644396263  0.78028557821745081  0.79000366787680687  0.79988363802183593
  0.80994218046614574  0.82041283403237175  0.83100579947561004  0.84095512906534331
  0.85071915530352915  0.86083943008398445  0.87130930829676656  0.88143110884889220
  0.89119960504992346  0.90103594966336709  0.91061610516687619  0.92039233787142405
  0.93062252097519460  0.94172019240006399  0.95295137539694963  0.96300503842243756
  0.97289740722779117  0.98199910145966562  0.99104085934353137  1.00000000000000000
 -0.00270445040320364  0.00997938096450886  0.02130319966921687  0.03298033700743438
  0.04460751292977158  0.05590138629696472  0.06750322544696725  0.07841178181234666
  0.08894115502744247  0.09875555539864313  0.10902898143433269  0.11985854912116600
  0.13067967952509044  0.14159824792959178  0.15288521782350434  0.16438016801999739
  0.17564861813787533  0.18650244846537004  0.19695684224340823  0.20694299072437122
  0.21635466270977688  0.22555140515056696  0.23504576578820080  0.24455257871174071
  0.25377907197263189  0.26270089872510111  0.27183314046476781  0.28187757117765777
  0.29291524771963656  0.30450070557070391  0.31549510584370261  0.32601868235425296
  0.33667500211265083  0.34758957442596344  0.35807893111798722  0.36783716100447705
  0.37790315018546483  0.38812616423021512  0.39843636542186711  0.40878303135665983
  0.41941682675814446  0.43037669415450619  0.44171943271598219  0.45322143930832537
  0.46402582531035069  0.47476574337495192  0.48527777707472136  0.49591153783458197
  0.50614702434303649  0.51641796850356070  0.52700955962550555  0.53776815962277502
  0.54725633533399731  0.55665033671691300  0.56568539211899194  0.57519529276808290
  0.58497825263541203  0.59533781719604151  0.60536879644814290  0.61580724215308658
  0.62632949184123932  0.63704795155674709  0.64761213095456871  0.65792439797449587
  0.66786457170483782  0.67862737150928176  0.68897642892951694  0.69948164745827290
  0.71022009844978495  0.72129853443500525  0.73143895687256832  0.74105411730564053
  0.75073529699150743  0.76054696863912286  0.77063630650607695  0.78084900058788054
  0.79152914744342828  0.80168158315765614  0.81141472305112194  0.82111325824509163
  0.83108468010385317  0.84183283798467323  0.85306455247567625  0.86451642472411816
  0.87547404256117289  0.88583955615233534  0.89618891091432618  0.90687700931028958
  0.91787024811986029  0.92912662029692061  0.94047208862489962  0.95191123892944152
  0.96354602660737376  0.97517024968462440  0.98723536801851752  1.00000000000000000
 -0.00170556121392334  0.00700695653396452  0.01447204563092043  0.02325655888484066
  0.03187622285380015  0.04014511064723921  0.04893470994140216  0.05844030194919163
  0.06924840941233562  0.08106074790329408  0.09245084669442846  0.10322056351543295
  0.11368094867902144  0.12352243048933177  0.13277312869170013  0.14216068230942958
  0.15186649991341952  0.16214263534063306  0.17233750222825958  0.18270872997993254
  0.19267837922244421  0.20270449255312367  0.21380659381325279  0.22612079928688847
  0.23808081718169427  0.24952414183305188  0.26002176693299311  0.27032941832990415
  0.28056954573005999  0.29102142950667309  0.30185147859842137  0.31340056506056169
  0.32581493401222006  0.33791161354847005  0.35023311479822250  0.36146424094495755
  0.37258893870432802  0.38331030487477169  0.39409782711054647  0.40440262632694185
  0.41488441940872595  0.42603859141392875  0.43760653332564242  0.44864061344828376
  0.45898409447608568  0.46960534151112171  0.48083755795011046  0.49190198690944092
  0.50292122728819366  0.51370867106082829  0.52475538184814829  0.53474707640478125
  0.54499766285499673  0.55437592959436810  0.56360494038894793  0.57298351811815496
  0.58303860362066717  0.59413934883210751  0.60562312911172622  0.61733344713609406
  0.62940841302849093  0.64128520907632991  0.65287621353431458  0.66467517438876722
  0.67659686383955464  0.68803557348963007  0.69848759717735731  0.70835265561489535
  0.71845109842897614  0.72911997066777434  0.74006027123589180  0.75068581644207977
  0.76142653982640740  0.77248603724259712  0.78366599351874078  0.79472542139670876
  0.80595279650650353  0.81659956493850994  0.82673375802010196  0.83701688618426018
  0.84706338662894576  0.85742201751518787  0.86697635615492241  0.87704982540049292
  0.88764744312301302  0.89846289759731912  0.90933179697598865  0.91994514776927372
  0.93006400281230361  0.93991013589610262  0.94956990231405536  0.95917311444738240
  0.96856554227370262  0.97813680772682710  0.98857212005433526  1.00000000000000000
 -0.00189518472865212  0.01018495920209059  0.02056574562828730  0.03157316881885359
  0.04283826523091899  0.05483172523643494  0.06629287131120325  0.07652505802528162
  0.08709239214452680  0.09731081124489813  0.10750265585143248  0.11745318661441746
  0.12729230850376372  0.13762502513591157  0.14831596084641407  0.16037251779982342
  0.17180846814071468  0.18330515242864454  0.19413106389771673  0.20488653551896988
  0.21561907078500969  0.22624270381497455  0.23727149877789150  0.24873550134883560
  0.26002419670808907  0.27087566969879695  0.28166744990990883  0.29322238193740507
  0.30605070667040429  0.31808400451847524  0.32877780134536722  0.33881870433590516
  0.34937818705645707  0.35990398512324978  0.37085494277915187  0.38104025573802713
  0.39108918245511981  0.40150223945818020  0.41166488319969119  0.42148328939944124
  0.43091674493469495  0.44045679243076552  0.44976841290455294  0.45926374834147304
  0.46887562342066691  0.47850113231187358  0.48738759975250945  0.49624954310966468
  0.50611675864735872  0.51635309813382602  0.52635574671520480  0.53679201434944035
  0.54704555834564705  0.55775182681833491  0.56816952987281166  0.57919099054614176
  0.59023761297944688  0.60173589400780170  0.61284715487777330  0.62393998512679116
  0.63521183250516888  0.64657503765957636  0.65761655491850679  0.66810007211991507
  0.67809163192308519  0.68836969022998540  0.69919808157457708  0.71016427665858206
  0.72083964323593108  0.73122067622236941  0.74165554476133333  0.75165831804363736
  0.76156559749746588  0.77173899840685378  0.78255983420447928  0.79298183134628641
  0.80295635816914301  0.81307075932034578  0.82365239471843033  0.83416791337686413
  0.84484008343458272  0.85620788615700116  0.86889091043291600  0.87998924897833541
  0.88997692625930813  0.89968516883975247  0.90924280634285204  0.91880189124060607
  0.92839656069376852  0.93817417856750862  0.94912623415764197  0.95999584099668500
  0.97011499750949548  0.98015942237029774  0.98958478811130524  1.00000000000000000
  0.00862682647560463  0.03223822823220052  0.04762216111876950  0.05835842903891088
  0.06781610384708439  0.07659971693024409  0.08514920481815870  0.09364219490501849
  0.10190098630517380  0.10978741166420457  0.11742777564239790  0.12455148674502042
  0.13180925295229917  0.13895341249626769  0.14600671276892968  0.15309440575021033
  0.16007685270915614  0.16677391923940660  0.17312604642041746  0.17921573404272945
  0.18556252513443336  0.19172583265230478  0.19788767840003516  0.20402156641810376
  0.21002562925152105  0.21601555482750043  0.22211321144411800  0.22834305708276148
  0.23468690198240022  0.24099947188804066  0.24727470710665214  0.25374789701245093
  0.26071106369948149  0.26759167845061954  0.27452238082840408  0.28146194506703553
  0.28853401027848824  0.29548581692000997  0.30222467119543378  0.30877588021960939
  0.31502139603876783  0.32104912940566044  0.32713221238797541  0.33327059099638967
  0.33954707487667318  0.34585211298252344  0.35217909288315374  0.35861030327997451
  0.36503790650343615  0.37136328248805955  0.37817365548662535  0.38529656288951275
  0.39271530161102408  0.39979181662290997  0.40704974635861912  0.41477552644637983
  0.42225086099404674  0.42943189264423659  0.43665918237046714  0.44423792949273688
  0.45161614404223388  0.45929981761469096  0.46742423221231183  0.47566254303244249
  0.48364258191242365  0.49180031788770046  0.50016606008873388  0.50845779022379400
  0.51701474635142974  0.52585478413261999  0.53493606540301486  0.54408790716974920
  0.55315864609881427  0.56216955012883618  0.57179797105519226  0.58101123932593279
  0.58975492156491405  0.59867235819071241  0.60828138655627806  0.61859200771483791
  0.62878270529175784  0.63956418080917066  0.65113801941724314  0.66333241047217539
  0.67504994747087455  0.68712587597915853  0.70052281544069384  0.71501920986569989
  0.73089034726847657  0.74880417277424238  0.77001311664345395  0.79289256516582907
  0.81781669846438054  0.84604534549307431  0.88909654321763876  1.00000000000000000
 -0.01505541768828366  0.09849565076074343  0.13775604135371605  0.16345269663387293
  0.18393539278301807  0.20129286014030690  0.21598300780283339  0.22862761107347779
  0.23968974264926998  0.24985880966072280  0.25915942568293571  0.26784483229524986
  0.27598556744883113  0.28375847899032902  0.29165098312073334  0.29966918858782804
  0.30773159867951622  0.31533996479662157  0.32261794299455626  0.32980400598883214
  0.33677479411346939  0.34357249194251543  0.35035175979678090  0.35703557740591696
  0.36362289619695498  0.37016788073432588  0.37658135029889578  0.38296456412172486
  0.38941792313651713  0.39577301815568716  0.40176082898973736  0.40789240810055399
  0.41390642381687620  0.41960286355384441  0.42510613784148438  0.43057542244448560
  0.43613953170265846  0.44200135630354387  0.44809164993730399  0.45406685506629901
  0.46023519061058005  0.46649083037227335  0.47276558378490630  0.47872939213975585
  0.48435477600541088  0.48979898719722087  0.49513563957405465  0.50056885772547866
  0.50595031110291810  0.51150596552608174  0.51727756323171947  0.52311886695416865
  0.52881700373988383  0.53443070436495621  0.54017615305219913  0.54620994634435971
  0.55244931287458920  0.55860940419211336  0.56461443018386648  0.57051720605747769
  0.57652359262768305  0.58266978536578029  0.58869560591523229  0.59441397968457566
  0.60005991365599942  0.60567050168732572  0.61117708953925887  0.61712976772341888
  0.62354840168143200  0.62997225434850301  0.63623110020939522  0.64230071550757961
  0.64823424528151008  0.65411351490555325  0.66015877044743043  0.66647816623859235
  0.67300777709804971  0.67961001187682701  0.68638403225273403  0.69401111724103104
  0.70217597473684412  0.70999091332957376  0.71805327786921691  0.72642435530278315
  0.73521863259787712  0.74454313938506045  0.75431431831516915  0.76530192580088841
  0.77745797043630660  0.79018567906461645  0.80381852359186456  0.81984223853985505
  0.84000829059560211  0.86595459804471098  0.90775747129411355  1.00000000000000000
   1.5202367891530131E-056  -1.0000000000000000     
 T T T T F F F F T T T T T T T T F F F F F F F F T T T T F T T F F F F F F F F F T T T T T T T T F T F F F F F F T T T T T T T T F F F F F F F F T T T T T T T T F F F F F F F F T T T T F T T F F F F F F F F F T T T T T T T T F F F F F F F F T T T T T T T T
  <DiscreteSampler_grid>
  grouped_processes
  1 # 1 for a reference and 2 for a running grid.
  10 # Attribute 'min_bin_probing_points' of the grid.
  1 # Attribute 'grid_mode' of the grid. 1=='default',2=='initialization'
  0.0000000000000000 # Attribute 'small_contrib_threshold' of the grid.
  0.5000000000000000 # Attribute 'damping_power' of the grid.
 # binID   n_entries weight   weight_sqr   abs_weight
    10   10   1.593725044984880E-044   4.602095417432092E-088   1.593725044984880E-044
    11   10   1.593725044984879E-044   4.602095417432087E-088   1.593725044984879E-044
  </DiscreteSampler_grid>
