 -0.00017496858271534  0.00139623556568283  0.00271200183056034  0.00447620965508561
  0.00670402017049493  0.00927174469914242  0.01228159709019303  0.01562665840687501
  0.01942162482337077  0.02353480233192552  0.02773296424094123  0.03226007008843571
  0.03736160003259208  0.04268073001794197  0.04802922540365436  0.05374135700716767
  0.05992759135658921  0.06627517649779135  0.07269081750981246  0.07917012170220770
  0.08587999265352381  0.09289459943175561  0.09991752337952806  0.10702443688174833
  0.11431267371503934  0.12180456530038233  0.12954969027801794  0.13749240823762929
  0.14548780923424837  0.15363112663257586  0.16216787575502042  0.17110386089694671
  0.18045653515817037  0.18997292181016828  0.19944962141447395  0.20886299006045075
  0.21842862595616735  0.22811179596619016  0.23801918309154141  0.24814037125605368
  0.25841043724458967  0.26881660427221976  0.27925343202787206  0.28981741266333044
  0.30087726361223172  0.31234391835134689  0.32397251192188264  0.33554804967515744
  0.34684269813579238  0.35884911115701129  0.37099713969957016  0.38300126307003368
  0.39516616161578394  0.40768284339791494  0.42020367927663893  0.43285331619119172
  0.44509710306925604  0.45742014239771617  0.46992064554824564  0.48268493383072442
  0.49558626507655229  0.50847119144153041  0.52131487356017348  0.53411694168424650
  0.54742538223590698  0.56090810293401205  0.57420984850472889  0.58771847981110592
  0.60178406747376478  0.61613769808734231  0.63049104299988334  0.64431339189012515
  0.65810439249851116  0.67205320888051512  0.68594065622484379  0.69914835263281361
  0.71244702032336027  0.72632600286648896  0.74076314707903290  0.75552135881100568
  0.77030309048963230  0.78512190380369729  0.79980636043926945  0.81470753696836851
  0.82969062566525886  0.84458875851408011  0.85942692925235131  0.87501357721734341
  0.89097016797292694  0.90707472503205555  0.92313144841006356  0.93922777713949268
  0.95474703413976192  0.96998368468010643  0.98505278654737127  1.00000000000000000
 -0.00278377864142876  0.01089835609889273  0.02207164900683531  0.03152160985696222
  0.04122433540318892  0.05074283160203095  0.06018663226238769  0.06994765827055481
  0.07912861180413563  0.09046632166058581  0.10219878763518578  0.11392148391174026
  0.12586885245374060  0.13805615814648331  0.15033397764017117  0.16271163672140707
  0.17483474026185955  0.18675249081820061  0.19797465247955653  0.20873700398074405
  0.21943571259957745  0.23023392894419406  0.24078518342093680  0.25087000302829870
  0.26114252299458690  0.27185658803166007  0.28270597289441524  0.29325859681326150
  0.30379899829846174  0.31422486415622070  0.32444710069313815  0.33512618248457310
  0.34637390581385502  0.35783269865099587  0.36951022884751894  0.38112287629236913
  0.39259353608958925  0.40416964298699160  0.41472821670565357  0.42454861575325065
  0.43377331640189276  0.44317678453392223  0.45294292631164307  0.46287522641580869
  0.47311709098789162  0.48381536075742676  0.49460968357672547  0.50471805651490065
  0.51438961585084308  0.52413710287016213  0.53424678428192296  0.54452059953415877
  0.55517459347837328  0.56608863520515473  0.57674296364027611  0.58700165186861986
  0.59699730092796643  0.60676074922231127  0.61620509201393503  0.62553313563534751
  0.63501167345287912  0.64484943901576131  0.65514063039236015  0.66496202259216786
  0.67558666004736612  0.68639792360150775  0.69861182281135104  0.71051121890299462
  0.72157393595682628  0.73176582137894475  0.74180873616648457  0.75233224862733428
  0.76309597698925802  0.77354413768658026  0.78371961177350236  0.79359174331483973
  0.80402817673656823  0.81406856534877869  0.82315446396062408  0.83227953127274756
  0.84186394001263820  0.85135828875959862  0.86069182147508205  0.86983594697846744
  0.87961181273151312  0.89059701373576639  0.90127400831151183  0.91218183405912179
  0.92340434624740453  0.93481036081718394  0.94612553161440660  0.95696552757142694
  0.96728337536705233  0.97781255777187248  0.98879494132480916  1.00000000000000000
 -0.00049372992223571  0.01153430327582074  0.02198642956856723  0.03095666392583879
  0.03935338065814026  0.04730582421380330  0.05495215033749297  0.06241847572077028
  0.06974441259711651  0.07643874499423996  0.08311727279385095  0.08945035610528218
  0.09546858305584403  0.10146949460478707  0.10748832430456612  0.11359988517543525
  0.11987115390438577  0.12626056833268082  0.13272843100540660  0.13925233288626071
  0.14577202597455721  0.15222423559364581  0.15853432482506585  0.16454404235532660
  0.17066637255252620  0.17697331485842013  0.18341058336759228  0.18984444980057333
  0.19620356301666669  0.20250585900737911  0.20863939700745182  0.21464416495939270
  0.22057772442899332  0.22689456545920358  0.23312883657617212  0.23923794994318195
  0.24550028961359352  0.25186996039222470  0.25826342003412539  0.26463894092290818
  0.27091812052145831  0.27710167775792760  0.28343635333928413  0.28966082084971739
  0.29585515540364776  0.30210237676550028  0.30827541195427005  0.31446479750071588
  0.32093785419052612  0.32753663589454790  0.33418485984437502  0.34075812936754640
  0.34732969390846108  0.35397059963340166  0.36066276221571780  0.36740063197430722
  0.37428113008778663  0.38130244642774269  0.38833061592274420  0.39538786587636532
  0.40263914441603527  0.41010368440792216  0.41777620977898006  0.42566342229302162
  0.43343032012623911  0.44100077819445233  0.44861487812907602  0.45657556923849668
  0.46505402464085360  0.47371693556691430  0.48228221474527166  0.49098882396636262
  0.50017401426174446  0.50978589060636359  0.51928799916064960  0.52837474185454303
  0.53765028872838150  0.54786405082371958  0.55902177497534533  0.57055192394227883
  0.58208341511462303  0.59360527339179958  0.60553438286493111  0.61776223444678147
  0.63119877152067350  0.64583299704425479  0.66335874605676493  0.68229631262557822
  0.70344159082624225  0.72575298024192714  0.74822755973761768  0.77120828719202805
  0.79613631615307245  0.82867615040053544  0.87861483500716753  1.00000000000000000
 -0.01485837392000187  0.09156392069097793  0.12920460481810267  0.15555613455447012
  0.17548042053134211  0.19063722235486477  0.20376287611903879  0.21558103052048611
  0.22643045964278807  0.23748277011323909  0.24803021996907973  0.25840854291107912
  0.26810284863512079  0.27691393043344931  0.28535950600941379  0.29347934588449059
  0.30107427278410254  0.30846727570079258  0.31571173107806738  0.32290207762775874
  0.32979405581529869  0.33647909727826564  0.34304770159278758  0.34956030867624988
  0.35592119378842924  0.36235799187817230  0.36877318049011604  0.37513387242147012
  0.38134378453081347  0.38740007895498835  0.39351456114812799  0.39985159003715082
  0.40606169429616873  0.41211515353021777  0.41798377893244393  0.42370246330739081
  0.42943042800965292  0.43511316675104478  0.44076966861481248  0.44664949703690210
  0.45265051217454672  0.45869383803602676  0.46486660707028660  0.47098779980780792
  0.47700563310080435  0.48292435477800100  0.48866220380515379  0.49416701635700894
  0.49941397756595740  0.50448851906998948  0.50972239676362496  0.51520705599107530
  0.52095292394938797  0.52736537941326145  0.53336265026711538  0.53926591059255768
  0.54514823090944831  0.55108405744367028  0.55695840196240531  0.56262552254001574
  0.56819803612720665  0.57387416280363157  0.57975149537642989  0.58581787353300507
  0.59226388663413010  0.59868996090317572  0.60494513747937528  0.61107162673714854
  0.61719087473320922  0.62345855637215186  0.62988318333550208  0.63632729618312767
  0.64289852839259032  0.64975673508576282  0.65694723082963369  0.66433391684730381
  0.67161816917711303  0.67919849255097309  0.68695742090096090  0.69478165177489060
  0.70294217891175492  0.71132064886718716  0.72043716640856093  0.72940940288260592
  0.73957413701463770  0.74970146329727549  0.76193668215326793  0.77359205426523847
  0.78526878771407649  0.79840813596544713  0.81315853271984595  0.82973764561796737
  0.84961670014293633  0.87419890457860439  0.90970114394849189  1.00000000000000000
   3.6158594849361199E-016  -1.0000000000000000     
 T T T T T T T T
  <DiscreteSampler_grid>
  grouped_processes
  1 # 1 for a reference and 2 for a running grid.
  10 # Attribute 'min_bin_probing_points' of the grid.
  1 # Attribute 'grid_mode' of the grid. 1=='default',2=='initialization'
  0.0000000000000000 # Attribute 'small_contrib_threshold' of the grid.
  0.5000000000000000 # Attribute 'damping_power' of the grid.
 # binID   n_entries weight   weight_sqr   abs_weight
    10   10   6.495063779639519E-003   5.907912974270085E-005   6.495063779639519E-003
    11   10   6.495063779639519E-003   5.907912974270085E-005   6.495063779639519E-003
  </DiscreteSampler_grid>
