 -0.00000001544136069  0.00187867539054515  0.00280772035774381  0.00361021063616943
  0.00430800862336301  0.00495011490929052  0.00552078720278819  0.00610413433189555
  0.00666149295244732  0.00720998446457416  0.00772681545122179  0.00822342753879284
  0.00869946795566859  0.00916269347934653  0.00963134919063026  0.01011247420651633
  0.01060027095404452  0.01108189927544426  0.01154269952054837  0.01197863314342119
  0.01240258279835829  0.01283036453205707  0.01326047145422387  0.01369597760481520
  0.01412653732554722  0.01455776028338967  0.01498404960439249  0.01541008364541447
  0.01582968337092135  0.01624969194976560  0.01667378338968746  0.01709958275333122
  0.01752978956792934  0.01796302760564271  0.01836499225862534  0.01876516840634786
  0.01917508363697652  0.01957952861047064  0.01997497804507593  0.02037377533479565
  0.02078730131945358  0.02122457699278607  0.02170247596622468  0.02217223369161307
  0.02265261146914845  0.02312954157614723  0.02359187513156184  0.02404184756906837
  0.02448642137955063  0.02492984759894732  0.02536711131557292  0.02578445539134705
  0.02621442136115811  0.02665636596747956  0.02710424337491447  0.02754700914504725
  0.02798099283416115  0.02842260880323248  0.02887995245859486  0.02934206634083698
  0.02981293634806397  0.03028503516253483  0.03077350134297037  0.03127532062351854
  0.03177613220143165  0.03228147681568523  0.03277919463386783  0.03330850604874902
  0.03385432596176837  0.03439350720750101  0.03491146575114926  0.03541995802507970
  0.03591468698862024  0.03641689204990228  0.03694804507181843  0.03749255169577641
  0.03804249899401027  0.03862065096218305  0.03922935634276017  0.03983869939767970
  0.04050081350987897  0.04118541411846537  0.04191846572763273  0.04275209507037397
  0.04357803878110748  0.04441687713879647  0.04532555653856530  0.04636933234128576
  0.04784108537330312  0.05013895203766043  0.05341104892758892  0.05723182039668546
  0.06154756494155612  0.06787289921983865  0.07234225543661686  1.00000000000000000
  0.00882723441597424  0.01769906352775257  0.02885985645546601  0.03992279871666527
  0.05027297607689013  0.06053768491697187  0.07145673334365314  0.08312183549836724
  0.09557588696441935  0.10766616336380934  0.11812481365486768  0.12887222928498884
  0.13928917123437301  0.14957949051606559  0.16021424208540325  0.17142750704904736
  0.18245818356890903  0.19366185108507378  0.20484854649406486  0.21399269162845791
  0.22232186229071535  0.23039306254004491  0.23909785565826785  0.24831434411705181
  0.25713571164976895  0.26548992339388916  0.27367643738074682  0.28219602603765820
  0.29090375784113409  0.29943414436294657  0.30775644528521345  0.31704217542234492
  0.32766215113858027  0.33880391627745488  0.34968416218995690  0.35996299180630426
  0.36949467797501773  0.37948627137830532  0.38977618426048027  0.39984840133040256
  0.40952021652164838  0.41962134558047193  0.43095439100646721  0.44199682340049212
  0.45298727548210727  0.46393150555351303  0.47511136556160438  0.48683764160633991
  0.49839833956997087  0.50841802858729257  0.51802278699948934  0.52798261389235634
  0.53809375239512980  0.54830925620875004  0.55823448514935647  0.56814860993399940
  0.57782156167272047  0.58729807956472657  0.59719990981373205  0.60720691973714336
  0.61745690041892021  0.62810456227643352  0.63973580995782597  0.65031805923050523
  0.66027475671687341  0.66989854901363388  0.67975212413733266  0.68907104711853917
  0.69827736568007204  0.70757739859275992  0.71803684177590688  0.72783246369180121
  0.73759895711590606  0.74709474098159234  0.75720985038922239  0.76775090834214765
  0.77730796422764870  0.78604718834533638  0.79464501381703190  0.80334137453099219
  0.81259086394401692  0.82278199405948726  0.83219343778650501  0.84207486251167940
  0.85146928105526354  0.86205145245992576  0.87359151878571395  0.88480158984448587
  0.89542774759949528  0.90915724159922529  0.92145146016131840  0.93337307282534454
  0.94588636489546540  0.96073898622890574  0.97837796832551116  1.00000000000000000
 -0.00121542784882483  0.00589453910826931  0.00878195194146305  0.01164552253225564
  0.01454044382937325  0.01794719986446673  0.02173717415158721  0.02605291116358200
  0.03065286437875778  0.03504113372792436  0.03967147435941688  0.04480413728233833
  0.05131956556893193  0.05798649391756844  0.06465296935184427  0.07155336825117939
  0.07832369864954546  0.08554112776675087  0.09274474492966908  0.09938209544763578
  0.10617305869733842  0.11402409271803676  0.12178912506949720  0.12992340932108731
  0.13906059197311330  0.14918474582404509  0.15881950425633454  0.16757750919669800
  0.17613677802999872  0.18501929080936869  0.19434311725620679  0.20413732102135362
  0.21412312438124181  0.22448120125371399  0.23506628845764535  0.24552629074704044
  0.25591614998863732  0.26638546506062283  0.27732239653070356  0.28889135598263532
  0.30066409216326945  0.31207793996392197  0.32288293709113736  0.33349280549287780
  0.34446936169224474  0.35482853173192602  0.36626001225790927  0.37764940511825790
  0.38924813688667131  0.40092817357955346  0.41242684278361491  0.42453632400929575
  0.43704273306669233  0.44893959013022156  0.46049087261661265  0.47213384306545803
  0.48378056128522295  0.49551090898011535  0.50744046735108672  0.51907075003507763
  0.53164012393319870  0.54501122164906701  0.55738528522884689  0.57000940412591838
  0.58228704475509241  0.59440002444652884  0.60695467148228155  0.61984213497781970
  0.63278104270294477  0.64576674319370209  0.65865942479219242  0.67165251725769404
  0.68463408068759113  0.69762461688658939  0.71047415455534779  0.72308010521841748
  0.73575835062225381  0.74853122949061279  0.76161110054738712  0.77460672099174221
  0.78723990978102054  0.80004859955387519  0.81303411331894893  0.82588697646968212
  0.83882199484730646  0.85160871342674327  0.86529786752429672  0.87907836900539138
  0.89297121699114979  0.90708601306930303  0.92128095278987565  0.93490678186632803
  0.95021486846739123  0.96637403964142798  0.98306090078650576  1.00000000000000000
 -0.00252944265575295  0.00990897803837740  0.02125574611412137  0.03273445208435774
  0.04398217621625539  0.05431496121488159  0.06413984929571108  0.07389098364005313
  0.08353980278166785  0.09323753772226978  0.10304382157719269  0.11323126326321209
  0.12335274765899465  0.13354566549363120  0.14363441412090416  0.15383483398317502
  0.16334998236332937  0.17409052205882741  0.18427407902318035  0.19399160693665468
  0.20288394613347652  0.21263258554150485  0.22326330717563328  0.23385421180832536
  0.24373450491324475  0.25332826681659193  0.26253500972497523  0.27177876126586792
  0.28084849257947936  0.29004171880312646  0.29971627640858245  0.30976835540659953
  0.31993179037873853  0.33006594075627599  0.34095651345330630  0.35224154648405542
  0.36298423601664148  0.37319666886963804  0.38390817812014899  0.39474378175975011
  0.40501836960084198  0.41520807878715144  0.42563439877176024  0.43639307871836280
  0.44674538904410355  0.45652769483038791  0.46621562536862404  0.47588936068577148
  0.48630383697314633  0.49705644660687170  0.50803576527855476  0.51916713931805025
  0.53049710034663533  0.54189668172974992  0.55413373720191306  0.56674684668591879
  0.57903509840681699  0.59075260852148603  0.60169593961252610  0.61153156372902784
  0.62140491018629640  0.63214372490163473  0.64289528014042052  0.65338341082906126
  0.66359425853108578  0.67336809581651802  0.68280122224958384  0.69198178752922912
  0.70148546063917006  0.71166737517630341  0.72220105000776924  0.73288113798971044
  0.74470047775972414  0.75588174338885106  0.76645643830623733  0.77688493909924283
  0.78704955845380975  0.79722749534352710  0.80725518855116962  0.81748255312297302
  0.82872610837195093  0.83977247802223820  0.85124281855594441  0.86316182307463440
  0.87470316104734624  0.88591341486647635  0.89710456741364530  0.90766429058374187
  0.91778776836386822  0.92743920062297336  0.93724614999775591  0.94787778802002898
  0.95906963790617517  0.97074739860588488  0.98364741235990760  1.00000000000000000
 -0.00286549610469213  0.01032755047444535  0.02251117454247402  0.03414549592290700
  0.04566145996742749  0.05701025716164106  0.06774390570618372  0.07802863910627229
  0.08842927389778871  0.09886453413681162  0.10924349219018330  0.11953236853543242
  0.13035342654321891  0.14220975540241138  0.15476293985807732  0.16718647920625043
  0.17815596743203435  0.18829949367677926  0.19800907755803540  0.20735297794698737
  0.21674258744719582  0.22582969995645241  0.23517665488482289  0.24498636289264733
  0.25494562295868567  0.26418046734135792  0.27338736608549885  0.28291686274683903
  0.29306244605666298  0.30370008722667707  0.31390399408086606  0.32351812080075859
  0.33366106677463497  0.34393060390280944  0.35353534240132295  0.36299064773894368
  0.37277243106841118  0.38390899981010812  0.39526614587536141  0.40631025172605606
  0.41691980069121637  0.42713581053400879  0.43737680670731277  0.44753844081880989
  0.45739682733167847  0.46729112935500611  0.47659775739728705  0.48610519837003596
  0.49602623807967322  0.50728200143021096  0.51911250203953785  0.53052222039732866
  0.54137134851284963  0.55183748380920150  0.56196034192353161  0.57203757520037057
  0.58254149872940209  0.59355414349347801  0.60465891212709411  0.61549746887533552
  0.62642076860073115  0.63756866727735373  0.64920778643675736  0.66151586081868452
  0.67437612794853563  0.68673889412999234  0.69764486004263149  0.70749017406056525
  0.71714346869044454  0.72698899105957993  0.73824910523424891  0.74964916689150796
  0.76138791897365565  0.77278170474601460  0.78429696407367011  0.79573967451827599
  0.80652541079914120  0.81694322664961661  0.82658316054420156  0.83654751480354306
  0.84619701371627021  0.85613963011997296  0.86597841212120563  0.87642978494568480
  0.88756036777487146  0.89814974156322114  0.90804293714896922  0.91757572225607409
  0.92764368346057113  0.93801875503676302  0.94880662651724224  0.95952846046352136
  0.96979517121254744  0.98003937475101977  0.99013390188609574  1.00000000000000000
 -0.00320084540581398  0.01113585705735355  0.02221748320157969  0.03175369708760506
  0.04160748580968934  0.05151893659225389  0.06100069288920664  0.06979219793343948
  0.07830890039556709  0.08723731548989945  0.09697420209835536  0.10695775996812087
  0.11770140581179969  0.12876241467473901  0.14078848431705956  0.15312231921288008
  0.16554915108770787  0.17788015559449766  0.18922123912381900  0.19934313118614466
  0.20924486952991439  0.21940234827556296  0.22934538944852831  0.23912310608448659
  0.24882964079771872  0.25917154586096486  0.26963661906128855  0.28003598349872494
  0.29000055277858811  0.30179667168434188  0.31307464037123023  0.32530099255075123
  0.33666385954433603  0.34765787007777138  0.35868074834022534  0.37002539844582077
  0.38094672788992795  0.39064248212890540  0.40037969014682273  0.41035810439417014
  0.42019431597987733  0.43004139408681846  0.44003204275617397  0.45055093294108967
  0.46080982900466899  0.47063279600327390  0.48053477383118171  0.49049857018757692
  0.50020690288554215  0.50974823376796563  0.51950864895962057  0.52943509586866355
  0.53932506186291695  0.54926863064245901  0.55927165366849918  0.56883422163330466
  0.57839362063511812  0.58822056767412045  0.59822469444117721  0.60834864151681800
  0.61859750028140004  0.62969809159802326  0.64102916546294164  0.65225150590690095
  0.66342620825632959  0.67460252406371646  0.68583130744051135  0.69747166339745681
  0.70911836910400738  0.72055570910666256  0.73206366150815594  0.74395070721438661
  0.75609728999144554  0.76755382784501991  0.77771995869404864  0.78696107540765292
  0.79722548831900220  0.80700092254258926  0.81681359737620329  0.82628481513741381
  0.83609006864657098  0.84692164008429716  0.85797527721317968  0.86905635926433578
  0.88038865916951514  0.89169565886578583  0.90343318785663251  0.91564145096804794
  0.92674048052574576  0.93677148220876438  0.94645087148129181  0.95676828061480113
  0.96657874009782474  0.97710314042973678  0.98834870743093306  1.00000000000000000
 -0.00242455078566236  0.00900371011805193  0.01940391323109869  0.03044795010125022
  0.04159539342408389  0.05231732624033905  0.06229109484369288  0.07188981287392271
  0.08146943508298285  0.09110727364363433  0.10063705282756352  0.11053281972364104
  0.12026187453496745  0.12928573381131320  0.13782578475721721  0.14676906485596983
  0.15694433273103189  0.16786407256776675  0.17856666468949531  0.18909987929906558
  0.19992610249234774  0.21095118386589853  0.22193955914759264  0.23226991020694626
  0.24256418857507644  0.25276054427258771  0.26262452492641847  0.27228448944316785
  0.28215833567980042  0.29238591634146732  0.30231500465417666  0.31193971032977025
  0.32225975010776164  0.33308733896744991  0.34368583139081887  0.35379933721493445
  0.36329840480957354  0.37267193972243751  0.38261808875475811  0.39245496856314749
  0.40227682527991526  0.41199235612300589  0.42410459315839660  0.43725991870609221
  0.44996826286047337  0.46203234955740757  0.47388729138856550  0.48593715284160277
  0.49821109569803484  0.50927539516109632  0.51882102629297122  0.52891604237254575
  0.53934203394133473  0.54976102952355665  0.55978273583082705  0.57054962506690488
  0.58109723710514027  0.59096435565776873  0.60055569106638484  0.61051502628768028
  0.62140474754198893  0.63369549869250874  0.64613505541703631  0.65787590440750765
  0.66952746740993629  0.68148779742681298  0.69314371763689508  0.70418938610764503
  0.71469638110758027  0.72464002008022743  0.73436302983413748  0.74426630672141392
  0.75486311003794604  0.76596609114250447  0.77715574225341255  0.78846592006415173
  0.79953747660603514  0.81064771569211835  0.82206914244324092  0.83302112855493704
  0.84323739077116722  0.85307552128888453  0.86322983160967115  0.87367520344905025
  0.88414046302661387  0.89524581177605511  0.90678400211036070  0.91825737181344425
  0.92890147253557709  0.93920221363580414  0.94929649482626466  0.95958747569970593
  0.97032415126669636  0.98062855804789184  0.99058785827537410  1.00000000000000000
 -0.00365424212034941  0.01317964168738860  0.02629827293887100  0.03855069367082908
  0.05027293954980550  0.06165233300993002  0.07309655874404926  0.08430845612853914
  0.09468476371664168  0.10449173332560925  0.11424785072419572  0.12395562367393095
  0.13361011780299165  0.14371891942841977  0.15432854196867166  0.16424134507840907
  0.17324376037671882  0.18211227856262074  0.19161865362560579  0.20163431003566684
  0.21174815001910857  0.22172527738716280  0.23198347350810852  0.24135308117087170
  0.25122543453115120  0.26155601773323495  0.27250471663092884  0.28377774398355127
  0.29402755486951315  0.30347535588504532  0.31294540503387852  0.32158197582923753
  0.33014954652448192  0.33916993881480889  0.34902922980033868  0.35922458724287826
  0.36972441781450172  0.38135271763002754  0.39434025448493870  0.40792034524739973
  0.42093224852650940  0.43272493432084030  0.44344864209302293  0.45316157950156399
  0.46249521463302246  0.47175406997062008  0.48184951917078328  0.49215766648448689
  0.50190230922533763  0.51147949168531703  0.52170957121563810  0.53274209300362030
  0.54349114508794827  0.55374239222432975  0.56437072532750376  0.57595401287734194
  0.58802186103622811  0.59989196883937346  0.61200126656290521  0.62530273452020890
  0.63545847475070316  0.64567072471906284  0.65548902754169058  0.66559152720958514
  0.67617769138065964  0.68670039639008718  0.69782729512468644  0.70836412673391613
  0.71905472062633280  0.72934429440358539  0.73841905655495566  0.74833577158150844
  0.75806465546153801  0.76830662529116556  0.77753348947412093  0.78629753497541877
  0.79546759507975884  0.80616362984067236  0.81656325380744454  0.82649827007887799
  0.83638170814252977  0.84633309923962630  0.85663093554440317  0.86708029057128977
  0.87762505698430548  0.88857540638348742  0.89941047372732508  0.91069516030693742
  0.92113456916929692  0.93097682048635799  0.94134564790444075  0.95294069137060189
  0.96458627585820200  0.97628155804872618  0.98804309200897356  1.00000000000000000
  0.00495214939681927  0.03712734583581159  0.05946905437313095  0.07281158061849001
  0.08455741635054839  0.09476284291653087  0.10418760013919004  0.11272653593817752
  0.12044701271419243  0.12797318443051012  0.13559438299847093  0.14328463150041376
  0.15071949747862459  0.15762713214227836  0.16441904844207569  0.17129286437165875
  0.17784547094004766  0.18481493247162201  0.19144699703200022  0.19766760003168365
  0.20399914114022283  0.20963584104682276  0.21530233864434217  0.22053353857415842
  0.22588714399873291  0.23162021933581572  0.23786665481897548  0.24442308895119691
  0.25119829354657475  0.25816098380340635  0.26499225972105012  0.27168547009331417
  0.27831198224247095  0.28510774182239279  0.29219669371290830  0.29852128558896707
  0.30485045903327562  0.31078135478015367  0.31686882956273582  0.32297229416000484
  0.32910637897538197  0.33544981131149021  0.34200511225930808  0.34879026436401955
  0.35604807948237338  0.36365180544583742  0.37129046541414307  0.37876052870207222
  0.38604450768935261  0.39327832335819263  0.40070690080749038  0.40832009417834680
  0.41636450120218310  0.42275887692233216  0.42914995269046141  0.43578399840487725
  0.44240966032079299  0.44888126104467202  0.45537732340678871  0.46205908185415906
  0.46879183267498420  0.47536878463279592  0.48207409042823013  0.48945023027517970
  0.49713910605468015  0.50490239704588524  0.51249030705031873  0.51997033760071798
  0.52778361310860666  0.53573018325027499  0.54390249372870669  0.55258999496021177
  0.56183158147970536  0.57157811336615560  0.58198015178239715  0.59219563534989861
  0.60215996070504851  0.61160324087965401  0.62115833379499574  0.63136274942673287
  0.64225059304440146  0.65323953893640563  0.66443045977958581  0.67661474992829851
  0.68997746471036103  0.70380537328023951  0.71868201996959735  0.73431036745347367
  0.75067378081555314  0.76909770416392320  0.78874961922226372  0.81077958675500728
  0.83429459171073650  0.86051284757993163  0.89888335478394465  1.00000000000000000
 -0.02141112908928173  0.15839049564616167  0.21485482125046129  0.24987187201684324
  0.27545094121390684  0.29694882489381641  0.31607233137987295  0.33286095322676806
  0.34783900866800371  0.36088858992639017  0.37196545647919799  0.38284208579958356
  0.39396035967840143  0.40510454425264569  0.41560909558001025  0.42539154898291021
  0.43483791992775422  0.44390545376612200  0.45238294146611996  0.46057405977326010
  0.46798387787816159  0.47569976801449182  0.48310384803296608  0.49028543690323917
  0.49717875418744867  0.50380265122670265  0.51043856480424843  0.51684424380646232
  0.52314059662877299  0.52937209118953621  0.53580236052159214  0.54227245994518325
  0.54838892721224097  0.55405641657026394  0.55927068250361567  0.56401294492739584
  0.56850896104680226  0.57318265236942034  0.57804468507279438  0.58289677577987853
  0.58774554898141484  0.59229152141450281  0.59676098785646403  0.60112034507790557
  0.60546862976137350  0.60981659107486375  0.61426592282390347  0.61900283206190543
  0.62389663294002351  0.62925589271121229  0.63464903742987766  0.63968110729040895
  0.64434872589970449  0.64887037349291310  0.65335401830981243  0.65800902966498465
  0.66331830411784121  0.66840290865338536  0.67321161840971744  0.67785894798881940
  0.68245464483313600  0.68716083700715758  0.69207167910316880  0.69716771647180587
  0.70221441810362639  0.70737793510840841  0.71263204637707944  0.71794639642943003
  0.72316578137822762  0.72808728254586219  0.73294801414212174  0.73807224732204590
  0.74333069236014826  0.74892059127979216  0.75449194697715616  0.75973978238172546
  0.76486184824940562  0.76988125564960608  0.77501053521744012  0.78023891824959224
  0.78571778323379327  0.79157118062036935  0.79766526899011614  0.80405657756673321
  0.81087015454072520  0.81800436871889326  0.82537964509519235  0.83271155916094597
  0.84049204423361423  0.84892982303799991  0.85878170957200095  0.86951500321698172
  0.88183594379388253  0.89801178363549361  0.92694463293020113  1.00000000000000000
   2.7243501941564523E-012  -1.0000000000000000     
 F F F F T T T T F T F F T T T T F F F F F F F F F F F F F F F F F F F F F F F F F F F F F F F F F F F F T T T T F F F F T T T T F F F F T T T T F T F F T T T T F F F F F F F F F F F F F F F F F F F F F F F F F F F F F F F F F F F F T T T T F F F F T T T T
  <DiscreteSampler_grid>
  grouped_processes
  1 # 1 for a reference and 2 for a running grid.
  10 # Attribute 'min_bin_probing_points' of the grid.
  1 # Attribute 'grid_mode' of the grid. 1=='default',2=='initialization'
  0.0000000000000000 # Attribute 'small_contrib_threshold' of the grid.
  0.5000000000000000 # Attribute 'damping_power' of the grid.
 # binID   n_entries weight   weight_sqr   abs_weight
    10   10   1.809440928133572E-001   5.967121447634445E-002   1.809440928133572E-001
    11   10   1.809440928133570E-001   5.967121447634440E-002   1.809440928133570E-001
  </DiscreteSampler_grid>
