 -0.00031276361414599  0.00679376240133671  0.01692006755096310  0.02790701199260960
  0.03926763676005060  0.05045467464182959  0.06121001835895896  0.07214703375823789
  0.08257523515163545  0.09295037146494815  0.10319521867566454  0.11323901357390967
  0.12333937060489382  0.13334654001154286  0.14309083410904339  0.15245025336617229
  0.16170463158531143  0.17101412339754568  0.18022570860900480  0.18931993215999124
  0.19841623741860639  0.20757943091483558  0.21627863322603560  0.22482810717231694
  0.23327100107943052  0.24141522799500045  0.24961964257542210  0.25786663325375730
  0.26607068626991753  0.27453184775561529  0.28320685914481225  0.29183252590498926
  0.30107215549656607  0.31014758074275611  0.31917928558546610  0.32817682195215481
  0.33691174174564736  0.34552429144401475  0.35416023277924402  0.36287372684911623
  0.37163567974176448  0.38032473873314659  0.38883775629422884  0.39729380412299264
  0.40571920489274566  0.41438830131742493  0.42311982314691043  0.43177791838718838
  0.44028122044777174  0.44868322292840890  0.45710577605056840  0.46550543473776279
  0.47361411287915633  0.48181530091761815  0.48989147128246446  0.49804254789289437
  0.50639593818744821  0.51481457710579948  0.52308374517889977  0.53128888679528374
  0.53947003639820190  0.54741171118642562  0.55555137094566032  0.56402892851858755
  0.57275901002449725  0.58156120280150669  0.59030874179101034  0.59919928094507935
  0.60820109734077665  0.61727855918178764  0.62645112155566518  0.63565918437635660
  0.64492177179616306  0.65442333695837263  0.66429453964421370  0.67442037377911523
  0.68465960519915559  0.69501119971278202  0.70543079694804478  0.71575980774727199
  0.72659024610206080  0.73766146802334820  0.74894600603425965  0.76020151847966688
  0.77163221173315488  0.78384617704764992  0.79714817233602075  0.81107923997011344
  0.82533467568041397  0.83961050821913330  0.85687570520000811  0.87650950688518980
  0.89755215316449033  0.92250072258088156  0.95778341464455607  1.00000000000000000
 -0.00161286659938438  0.00964967792012058  0.01954201716842927  0.02942727151869038
  0.03923204816371582  0.04875688856901685  0.05869670277129789  0.06885576709631834
  0.07911428370620117  0.08920885045367494  0.09954085596746978  0.10952934900095428
  0.11905369922825394  0.12918193419508747  0.14008552314670492  0.15058168582721232
  0.16054875436081759  0.17103151782658521  0.18222350064455034  0.19316616448902216
  0.20359535029419512  0.21457535572438116  0.22591418235599078  0.23681875388113577
  0.24785158558237674  0.25828598220218840  0.26814374253419554  0.27736290052990009
  0.28655697733484908  0.29597486108752419  0.30566816347026249  0.31536111578953940
  0.32496740219510811  0.33448272417339742  0.34410357136339847  0.35400079523556605
  0.36400783349552018  0.37390411418367830  0.38349952716975577  0.39331815980436741
  0.40394363175349757  0.41494906611750204  0.42601395988321450  0.43714824896175353
  0.44907300468141853  0.46142104035827874  0.47358579277991086  0.48507014815056243
  0.49586458563355401  0.50624692581816100  0.51634758769994316  0.52669283614145124
  0.53728894022194207  0.54740526009439150  0.55703512977996872  0.56714504827575984
  0.57817216448575659  0.58930637196713476  0.60063651906970861  0.61270290378899839
  0.62543290221255132  0.63823745446354363  0.65007573306867394  0.66175633744150320
  0.67231420994406743  0.68232033486841892  0.69218545136839660  0.70204327672430633
  0.71231389221883223  0.72363953268975545  0.73413644558234348  0.74435479497598389
  0.75414180438114464  0.76401716543782094  0.77408021018699891  0.78383480310434606
  0.79349631994133796  0.80346383102994734  0.81401017136975196  0.82563189499502976
  0.83717231519795787  0.84851640050974042  0.86023319548128674  0.87202164892527978
  0.88250224448790915  0.89193744183768409  0.90174404977802192  0.91187938882325936
  0.92219876056318362  0.93303657932855311  0.94482790233282476  0.95729236567315401
  0.96861387145760713  0.97930548856651511  0.98934237228265265  1.00000000000000000
 -0.00826287858474670  0.05529862316644204  0.08624376914851245  0.11006705246552795
  0.13066791547892423  0.14931123125954451  0.16504870195629814  0.17921164134584755
  0.19233555366033150  0.20498599192356717  0.21691121862731108  0.22852002464049809
  0.24033938326592275  0.25192672047318276  0.26289615419008933  0.27340343705964903
  0.28364557180728733  0.29312924102375171  0.30188190824970285  0.31036824466528684
  0.31894888018380962  0.32745021788287942  0.33584651147656142  0.34395584215114355
  0.35184790003718658  0.36001526995247030  0.36858994282145086  0.37696667813527157
  0.38498331377778716  0.39259543693641880  0.39995740367544663  0.40693539652584793
  0.41403666915124160  0.42121170181107170  0.42849527025321943  0.43580658942890121
  0.44273844321755340  0.44936888683238480  0.45609374995060414  0.46308436509481765
  0.47040599029412494  0.47783704154369100  0.48482606792622673  0.49156056689124461
  0.49797055271083612  0.50444924995430063  0.51125228402137557  0.51829899658857825
  0.52527454362773396  0.53186684190615652  0.53836908325008936  0.54523115178758053
  0.55239346707803683  0.55953969113449931  0.56649451976347209  0.57338803006438666
  0.58033593254881544  0.58751765684791379  0.59487732281548089  0.60220861512528978
  0.60947816748450645  0.61677562386040619  0.62410134306985077  0.63136290086587377
  0.63842232543549526  0.64547611878092981  0.65313486134006982  0.66162256275926756
  0.66980546015223741  0.67765485599815156  0.68514873512284169  0.69260744894590343
  0.70029772671217649  0.70811470474025240  0.71609816945999194  0.72446425714185081
  0.73324766128163799  0.74219138125329454  0.75095356755685794  0.75931416478245473
  0.76759678763081451  0.77609737609252161  0.78477167653607016  0.79363841318850048
  0.80268982049580639  0.81224937038545819  0.82248465843037466  0.83290080922149357
  0.84380078234245759  0.85602688733758403  0.87006491626519789  0.88683747637295329
  0.90521963503233216  0.92519266210204809  0.95105625133546889  1.00000000000000000
 -0.02068233394164012  0.11875259208327429  0.15158507009336997  0.17433594108482448
  0.19425087974013744  0.21048211934718575  0.22343862178759311  0.23524140778474867
  0.24683969439330777  0.25717336462685353  0.26727230737154656  0.27606744500248814
  0.28455449257407078  0.29248183314466170  0.29970739260281076  0.30683863648555432
  0.31376514238964359  0.32060005536015390  0.32730442274723687  0.33395568916555018
  0.34074312896983056  0.34751028750055363  0.35419376688317006  0.36065585656146953
  0.36696987966319755  0.37311348913776637  0.37926542342471170  0.38547528295051758
  0.39178560684636243  0.39808173140495218  0.40427300511147829  0.41033770920548729
  0.41623649486199915  0.42199624216919784  0.42775829843592711  0.43338308562925221
  0.43910285693364587  0.44507828729384230  0.45111186760556393  0.45719427451712658
  0.46319979727254768  0.46909572006744737  0.47493733913551989  0.48059649833396850
  0.48588692986118565  0.49133188058257349  0.49680725239444312  0.50205424252167430
  0.50699319358008843  0.51189775778050028  0.51688697894005098  0.52192897220009304
  0.52685746249697274  0.53176026377981034  0.53680471716719380  0.54214655403785705
  0.54774082116554723  0.55330025471906419  0.55875961463551949  0.56441644067283747
  0.57037951795978548  0.57647968604521649  0.58234478768348952  0.58787189957334496
  0.59341193588644914  0.59911234521888956  0.60484784280498805  0.61049712249945853
  0.61609269139164968  0.62174417432099793  0.62749883412903429  0.63351961505413334
  0.63964395151384279  0.64596763310344274  0.65253891783471996  0.65911689504254267
  0.66583629520996013  0.67298866690129922  0.68053166003429244  0.68838864179011683
  0.69665052841794806  0.70478809805054488  0.71276524137483721  0.72071030331679564
  0.72940285937835758  0.73843486770692246  0.74783032889412371  0.75758025186221711
  0.76774335173770258  0.77895482237725389  0.79129507892158246  0.80551700087197220
  0.82255087954221817  0.84436549815911743  0.88094978574269645  1.00000000000000000
   1.6294230128248465E-009  -1.0000000000000000     
 T T T T T T T T
  <DiscreteSampler_grid>
  grouped_processes
  1 # 1 for a reference and 2 for a running grid.
  10 # Attribute 'min_bin_probing_points' of the grid.
  1 # Attribute 'grid_mode' of the grid. 1=='default',2=='initialization'
  0.0000000000000000 # Attribute 'small_contrib_threshold' of the grid.
  0.5000000000000000 # Attribute 'damping_power' of the grid.
 # binID   n_entries weight   weight_sqr   abs_weight
    10   10   3.120312344605866E+003   1.603763424761004E+007   3.120312344605866E+003
    11   10   3.120312344605866E+003   1.603763424761004E+007   3.120312344605866E+003
  </DiscreteSampler_grid>
