  0.00832761019295818  0.01961387234280620  0.03207859823348432  0.04427827465626744
  0.05418478409566897  0.06483289352405269  0.07462450621466020  0.08426915306190472
  0.09418031250902595  0.10450117042046210  0.11553639228224599  0.12642684873026319
  0.13722265467693009  0.14792340736280923  0.15813847100761474  0.16795360137885351
  0.17760385878187779  0.18786154069344962  0.19869910654476267  0.20897760200945875
  0.21920797553421900  0.22919564765103290  0.24014905516250809  0.25084634781410159
  0.26190592898379389  0.27263590426065554  0.28255047951511469  0.29255990378149443
  0.30244511637946914  0.31249047776725103  0.32252768684533928  0.33235337650568159
  0.34256156954713235  0.35282339173301264  0.36382499091737008  0.37458588263266612
  0.38464485709053858  0.39529429556821544  0.40677536003725928  0.41803935416058086
  0.42865864983868707  0.43875123109558761  0.44844849439765411  0.45773809965311285
  0.46657066879229042  0.47568574863117508  0.48570955844000041  0.49627087666637848
  0.50697907049575985  0.51784008946515514  0.52919321372154127  0.54063067274506171
  0.55146786999784059  0.56195197804206165  0.57236360757626337  0.58257751761827536
  0.59263730474902898  0.60249247943656969  0.61245054437561031  0.62227237522464640
  0.63222823466879730  0.64259026732477531  0.65351468255164691  0.66443482887896577
  0.67432210348905319  0.68352872127216424  0.69256507116400712  0.70157268758095315
  0.71075862492562847  0.71986176722901296  0.72964411635327076  0.74014137406564040
  0.75083520417601279  0.76116907450756510  0.77147224592752628  0.78220014831485185
  0.79322127014658583  0.80438731179174983  0.81481826503209176  0.82490516889474896
  0.83477430617509940  0.84437056235165919  0.85407541054108793  0.86379741823833001
  0.87352198258850422  0.88319289436013393  0.89321614940707017  0.90436467451911462
  0.91624956907062027  0.92762198185075562  0.93801543316768021  0.94819849065404016
  0.95838271952891585  0.96881046076794930  0.97956635619257970  1.00000000000000000
 -0.00092802545385762  0.00450613076021295  0.00696076345255524  0.00956793636641362
  0.01256288291718631  0.01585588122810566  0.01953882445097607  0.02351718553506506
  0.02766527299164603  0.03228326193658911  0.03706852070112303  0.04212873033005889
  0.04748454703744945  0.05344607912812763  0.05927339322027086  0.06526681727014515
  0.07175556268039855  0.07866601755160167  0.08575700957515971  0.09315830035846306
  0.10060913389372460  0.10829297430298367  0.11627253489860449  0.12480458179516841
  0.13327631426680273  0.14158548963810266  0.15018256219194234  0.15882523547145477
  0.16752765529855826  0.17639068400757138  0.18569324721596694  0.19503325720236236
  0.20420664792667811  0.21348032860404295  0.22315242546204850  0.23344916638492952
  0.24396860683533178  0.25416936385110195  0.26467370520228417  0.27527842809645864
  0.28566183936165895  0.29611186726368416  0.30662376069236125  0.31713244580325339
  0.32797354076835716  0.33912222300915495  0.35008660052260365  0.36157129707717722
  0.37332381307253792  0.38495575602344162  0.39639119846396648  0.40780263086141072
  0.41934092186838579  0.43069411893933496  0.44176449365349763  0.45311311666517584
  0.46487883935689511  0.47701007120688876  0.48929118800377225  0.50171094955604489
  0.51453670738263890  0.52789651895911827  0.54125453721541261  0.55498757886753758
  0.56888527448658988  0.58204315012295293  0.59517587948529349  0.60849572913378747
  0.62189472853947492  0.63538311497757183  0.64903206836906069  0.66241706002206691
  0.67586462064582242  0.68960891594483753  0.70316808817202670  0.71737185234953771
  0.73225875595481515  0.74704142297187726  0.76134140420033758  0.77477317208780816
  0.78828324005370809  0.80203528956100045  0.81599800493870056  0.83005451786225071
  0.84460379120457529  0.85885557615619557  0.87303922779022125  0.88727855517407783
  0.90159874910559989  0.91592262447823158  0.93002137993945433  0.94374468354505681
  0.95758003335218467  0.97159924013005483  0.98572006644283083  1.00000000000000000
 -0.00311303523999771  0.01046005855108011  0.02232152166290361  0.03386405421720309
  0.04479997262389337  0.05508737072233942  0.06553690076591877  0.07611538279209742
  0.08673942914313335  0.09701926181436654  0.10743240429699176  0.11812501594458469
  0.12896796247539374  0.13977573733256635  0.15039183251696867  0.16102249365290211
  0.17185758147663074  0.18278216606074102  0.19351973988372445  0.20404239467034477
  0.21438621931474885  0.22474343039613726  0.23531709649580915  0.24605585191945734
  0.25671377698867653  0.26711334781555762  0.27741677136966575  0.28751877834506179
  0.29744911381609834  0.30710806974722288  0.31723630735989672  0.32763744260492206
  0.33914273424546260  0.35105677901296284  0.36313350939239858  0.37506754016856830
  0.38703357357776930  0.39852771293511569  0.40901936680505135  0.41932141228966602
  0.42964665998211882  0.44026496726088554  0.45116260787035206  0.46226876936028410
  0.47329383694044219  0.48379389728219419  0.49381057633255987  0.50379805305512793
  0.51401822325889246  0.52472939279844155  0.53589021920829771  0.54711047337960672
  0.55798275962288602  0.56862790985258771  0.57914310306566974  0.58961955876534056
  0.60019466658862308  0.61040432694239588  0.62061589578104392  0.63059063998083209
  0.64021082620831260  0.64954097650048215  0.65817785167330045  0.66666197081597656
  0.67592280590164189  0.68576220287911538  0.69582117514647146  0.70564887318250580
  0.71689483947397203  0.72826398666202941  0.73894739738549886  0.74930564533475930
  0.75916143605111785  0.76889224161031222  0.77879754436285042  0.78919530697236595
  0.79979665776911435  0.80934916795467982  0.81907162833624392  0.82954330254599662
  0.83997752066500486  0.84959113270908493  0.85896030620907937  0.86876376804386490
  0.87930469594135863  0.89032135519120592  0.90157317067976772  0.91294368430190909
  0.92449692403371897  0.93574692894923006  0.94657569171594103  0.95745065818692943
  0.96861751415073549  0.97968609164466258  0.99000220824434515  1.00000000000000000
 -0.00194848623392731  0.00760398646016431  0.01568807144689145  0.02430430032536254
  0.03293736624905549  0.04177938196017808  0.05103182694299728  0.06047610336358322
  0.06943401687587329  0.07772236860623677  0.08601068265613243  0.09483123606798696
  0.10384856863386453  0.11362823339680796  0.12380341070318493  0.13490363306461425
  0.14633978754446786  0.15777795111464055  0.16867826927582577  0.17904621458047806
  0.18942859870002871  0.20031318535188142  0.21088296180808955  0.22096619495720138
  0.23085321035652637  0.24086581736819765  0.25101385361973144  0.26170210051731108
  0.27279780992701308  0.28464892729977465  0.29622275284941613  0.30764580232520394
  0.31826134699623621  0.32864360128126835  0.33936969546488244  0.35078328315625396
  0.36214276615557534  0.37283908257558235  0.38387703519440397  0.39503608372467314
  0.40629935774865267  0.41711979364566770  0.42801270048314233  0.43910248813658259
  0.45095023173390414  0.46281541873462251  0.47458343611539128  0.48598146908787476
  0.49751620432258631  0.50877678506629331  0.52000078799469007  0.53145990091410755
  0.54319049603411029  0.55455121996720558  0.56615459465800888  0.57751261762184980
  0.58831691589938417  0.59876169220925202  0.60877263538280890  0.61871147099565582
  0.62833259839412048  0.63892187764715536  0.64969869147557902  0.66060304346098797
  0.67115218362649776  0.68135984499631175  0.69149961929439852  0.70186741537280384
  0.71273327084050619  0.72426155469150111  0.73579056880934512  0.74796222073120133
  0.75916545902615318  0.77030694808630751  0.78095852947733269  0.79197778215955761
  0.80332606888264269  0.81470802232626216  0.82625504115837545  0.83724496406083349
  0.84855983918315037  0.85933731373155609  0.87056778612066266  0.88166680645956608
  0.89242302783341976  0.90258053901435609  0.91314662094853627  0.92366978730988092
  0.93424809046129809  0.94423119579626458  0.95379583173867388  0.96332228108497731
  0.97223866733890851  0.98173755027603848  0.99097595725278254  1.00000000000000000
 -0.00217519051404336  0.00921535858983105  0.01859073318417854  0.02789125245129260
  0.03711345313649055  0.04620838799296444  0.05512065721139896  0.06434687169973799
  0.07323905439727268  0.08205998546393078  0.09137227740091609  0.10141071996123276
  0.11143330471213825  0.12094380294228514  0.13067502750108262  0.14093493882883665
  0.15111518425698636  0.16107326266339525  0.17155108436368002  0.18255748253212806
  0.19346047290873639  0.20422434138351750  0.21503041022024830  0.22576675028245738
  0.23639193847179757  0.24698727682233329  0.25739391453741411  0.26818861393981208
  0.27962164653290233  0.29167003953359927  0.30359245807498486  0.31532261897398989
  0.32737315536674244  0.33996130977584599  0.35268679299464656  0.36447331099884955
  0.37506248909511530  0.38566706836884113  0.39622808531873083  0.40597487782702851
  0.41609318175741444  0.42781818630628232  0.44016956994975937  0.45136025766097126
  0.46232004366027546  0.47417773887029357  0.48581571515591893  0.49721445232906014
  0.50901758585926438  0.52113077358328519  0.53258061032999315  0.54359303120790503
  0.55444460869445555  0.56572972243567921  0.57697105896818013  0.58800307555084030
  0.59765210970080362  0.60702732944830273  0.61632040201887761  0.62597123614429762
  0.63563981982603357  0.64576115048976834  0.65659608512442413  0.66758757812312020
  0.67808137867135354  0.68870375871132350  0.69954917530896910  0.70992933551522597
  0.71956940060521046  0.72935236345975851  0.73979724015038817  0.75065113654604099
  0.76131946743589041  0.77197045780175666  0.78323475041084545  0.79421994663397311
  0.80391123529495967  0.81366711652280221  0.82348487504766243  0.83316743519419645
  0.84289079270481215  0.85283128299503219  0.86325707814696773  0.87393350040950024
  0.88483948387390166  0.89588221649782729  0.90684046424100340  0.91729787894555659
  0.92820866634369237  0.93889573734113541  0.94924777195368581  0.95991562877342640
  0.97072002396802559  0.98108038530620456  0.99063682892953298  1.00000000000000000
  0.01146176337779097  0.03315941438687279  0.04757748067430294  0.05783589439641298
  0.06683478065987974  0.07534086787857541  0.08338220876983761  0.09069717314934916
  0.09764191084723520  0.10450375732223249  0.11148567329315996  0.11847713042237532
  0.12506106958879226  0.13115647566924296  0.13709076739800660  0.14315841299906670
  0.14960382747506271  0.15613640028144699  0.16229211446980460  0.16837196196024481
  0.17452573306546498  0.18064922714778658  0.18685317006119490  0.19335272798401881
  0.19999552082755276  0.20643693139943128  0.21270280248302184  0.21872035754333696
  0.22464061156699555  0.23053338670683343  0.23648496156580823  0.24256629490440595
  0.24868276930523947  0.25457303679220700  0.26036407204820639  0.26615018611931252
  0.27184830818396882  0.27747812990030191  0.28313896955064394  0.28899656215901665
  0.29502113740349845  0.30123049705798383  0.30739708876922472  0.31372767677476054
  0.32049160732945275  0.32728630168738088  0.33414796955064063  0.34125806173758028
  0.34834923071988322  0.35517945791108413  0.36170062219728888  0.36805382798954606
  0.37476221374619795  0.38178650489248517  0.38870336135625810  0.39584712652212828
  0.40321047541448651  0.41078678653936385  0.41841445197572680  0.42590205398943548
  0.43339243400548649  0.44076536501695773  0.44783055679777251  0.45531537183119336
  0.46290843430871476  0.47049820787646607  0.47798871014878397  0.48573049812488078
  0.49373837974434431  0.50224787631205270  0.51180250363317326  0.52127383261581672
  0.53080540948257215  0.54015011971347449  0.54964271026192346  0.55921329060012126
  0.56872349357658758  0.57851241704813938  0.58863848224873960  0.59936616226594042
  0.61058739476546964  0.62181696356097971  0.63322227018297550  0.64506774652716847
  0.65772520992393391  0.67078312747138746  0.68406885231920345  0.69842397626016905
  0.71415269496840916  0.73157342296907235  0.75207290033741514  0.77420307378971354
  0.80089614476848459  0.83271668499350959  0.87716336181752352  1.00000000000000000
 -0.02279632660128085  0.13340422424781154  0.17213075299040925  0.19479822845062911
  0.21289714595549594  0.22755517716922138  0.24074942841260988  0.25255729597373200
  0.26285552763505998  0.27248396771892075  0.28122719844824434  0.28968638752226994
  0.29746559114037485  0.30471811188718029  0.31188914705552578  0.31883196226224403
  0.32561246159095575  0.33208460370345566  0.33822889902612474  0.34439408335498134
  0.35060178632090594  0.35692628540188104  0.36323891462916830  0.36947954078654943
  0.37551510111729264  0.38128100901078565  0.38698584907590972  0.39240629733673704
  0.39790781509999551  0.40348726596396906  0.40908549601112842  0.41476365127039067
  0.42029557410778090  0.42545789026707953  0.43045025755153898  0.43540262396290363
  0.44050851710717587  0.44563422696915433  0.45087855500888790  0.45616654054617878
  0.46147931913413920  0.46693932546581374  0.47256815367308763  0.47825303570091249
  0.48384582929885894  0.48933770416382560  0.49471575175935362  0.50003030031482321
  0.50534133755460342  0.51058176821565537  0.51574598054499410  0.52082908828195740
  0.52587690022441169  0.53098029941308211  0.53605232358504684  0.54101546792844457
  0.54595613090660400  0.55118028401784602  0.55633237423573978  0.56159275468340808
  0.56675687458443103  0.57186590006341564  0.57709166029928349  0.58241611129144699
  0.58796456899614458  0.59383175956552692  0.59979154883099450  0.60582072882191085
  0.61139369365595175  0.61684878903064599  0.62225981949833864  0.62792233451530766
  0.63398388776792713  0.63998734454754092  0.64594455365631065  0.65187907869826367
  0.65785213412599319  0.66395435988364326  0.67018316645309350  0.67662340511125241
  0.68340168260518419  0.69074529577604415  0.69862868197819583  0.70670897059250615
  0.71524759302217800  0.72409664616246583  0.73322514417077789  0.74272205001284153
  0.75258299376039928  0.76298758628409769  0.77408423586579855  0.78751036906624394
  0.80436144222695416  0.82644324906184596  0.86418643306517684  1.00000000000000000
   6.7958980596853522E-035  -1.0000000000000000     
 T T T T T T T T T T T T T T T T T T T T T T T T T T T T T T T T
  <DiscreteSampler_grid>
  grouped_processes
  1 # 1 for a reference and 2 for a running grid.
  10 # Attribute 'min_bin_probing_points' of the grid.
  1 # Attribute 'grid_mode' of the grid. 1=='default',2=='initialization'
  0.0000000000000000 # Attribute 'small_contrib_threshold' of the grid.
  0.5000000000000000 # Attribute 'damping_power' of the grid.
 # binID   n_entries weight   weight_sqr   abs_weight
    10   10   4.764265026490711E-021   3.253618334581505E-041   4.764265026490711E-021
    11   10   4.764265026490709E-021   3.253618334581504E-041   4.764265026490709E-021
  </DiscreteSampler_grid>
