 -0.00088793773050527  0.00440109100445642  0.00687667323769513  0.00936411772183750
  0.01204531819075718  0.01503746413310973  0.01835838200232865  0.02201408737999720
  0.02611044922312093  0.03039014057951939  0.03490436497640791  0.04005487872251162
  0.04526632473415148  0.05057853284936654  0.05641124737891729  0.06216307241456234
  0.06817088202289744  0.07457268758651034  0.08145014366456642  0.08862766255157510
  0.09591129881823433  0.10359853155254573  0.11116622236575928  0.11845443335658831
  0.12565534694697711  0.13318027702148455  0.14116213523301230  0.14945947742183369
  0.15792255905694352  0.16703940816170018  0.17647483576514503  0.18543327129230555
  0.19417055888517887  0.20274873232380827  0.21188423657447455  0.22110858301136632
  0.23071644067192276  0.24070734790350762  0.25063003447460053  0.26069666733747909
  0.27118549180123919  0.28161343610554634  0.29238771149857656  0.30339639925609196
  0.31447595294306435  0.32556192591672217  0.33671322719488922  0.34774511552319765
  0.35903729248308192  0.37003991690244403  0.38154473894123148  0.39362104279834892
  0.40646377125274535  0.42004828590440751  0.43383537894758689  0.44731816612081815
  0.46058054176111146  0.47377160820566622  0.48715700925329258  0.50058028850463177
  0.51420860549833836  0.52793591675388030  0.54179810139843854  0.55584869936227366
  0.56998648150636300  0.58377574666532639  0.59659821940844693  0.61009851434468254
  0.62338359459965731  0.63663275741266656  0.65000531645607040  0.66363391139628625
  0.67740725975843252  0.69093879311169260  0.70425327482502442  0.71732980754723585
  0.73036015181245983  0.74356782939143828  0.75705942056408293  0.77088871263708869
  0.78508780996942207  0.79983776108867721  0.81500565803770386  0.83054829255971274
  0.84607737902834101  0.86105748295052786  0.87551305260430612  0.88982169647965770
  0.90392286726936688  0.91780291063886199  0.93147228315289154  0.94494814864259813
  0.95882094160779996  0.97264263672790341  0.98634216343948811  1.00000000000000000
 -0.00255880758061640  0.01104748971366244  0.02224907922043684  0.03216600267772547
  0.04198552793108858  0.05165163181508401  0.06162646663766069  0.07152688870303979
  0.08142136849376119  0.09290995198484690  0.10480885208244201  0.11657536577514682
  0.12758331878224652  0.13808107488518997  0.14875259246327424  0.15899700903562972
  0.16894362984245531  0.17828107134755403  0.18765955772278262  0.19779909776227569
  0.20786596788716522  0.21813309495275079  0.22861199112290811  0.24006907414362405
  0.25174452374333395  0.26289197749178295  0.27405135324939828  0.28529364496675708
  0.29658714079366211  0.30756829893967652  0.31789263589403360  0.32851312325771642
  0.33936674481248036  0.35003002833404195  0.36008183252451054  0.37006760969600566
  0.38089372554701584  0.39260821939393181  0.40370386212059606  0.41459197247919188
  0.42511522267305696  0.43591455354123598  0.44597366224698581  0.45618290777420384
  0.46581704065887786  0.47578362444746741  0.48618616306720569  0.49690060808281777
  0.50751388807995124  0.51766703219945909  0.52790926810085392  0.53835435838287793
  0.54913723415444160  0.55933019517625360  0.56930896521068464  0.57910256066569987
  0.58908565696136661  0.59948051562292282  0.60980660296911160  0.62041445240570625
  0.63117076778778147  0.64158804272725656  0.65140493767131269  0.66150420379906216
  0.67118440330066520  0.68144986612950431  0.69182216798297336  0.70282378741823848
  0.71351559648754836  0.72407338867794691  0.73493880162724390  0.74555536816510981
  0.75587936813658485  0.76651593284587138  0.77735431653789155  0.78864625585028569
  0.80025266788267446  0.81230923730373727  0.82342760766097345  0.83450907330246626
  0.84542540928314391  0.85606357425971136  0.86606553479676518  0.87606593706624381
  0.88597321221021774  0.89567305161395649  0.90572287987789390  0.91554225182681070
  0.92559108164061099  0.93567128569182445  0.94573377903017430  0.95618981162286321
  0.96720545105187450  0.97849624792506373  0.98944894733241839  1.00000000000000000
  0.00605366462390288  0.01716353550588768  0.02796778337007559  0.03805286485179495
  0.04713925813725865  0.05572184431742903  0.06416216143699760  0.07241926533060110
  0.08038299496945271  0.08790984401194951  0.09521765267562628  0.10247899074792881
  0.10942370485898137  0.11619607344799625  0.12294210344711899  0.12929663438141606
  0.13538581347648018  0.14136911972151384  0.14755404230813815  0.15345949249952304
  0.15903818769801475  0.16454612141891720  0.17026524454374947  0.17622832259910284
  0.18212336831424941  0.18791443303746441  0.19371833687789311  0.19980868627522325
  0.20607528299698305  0.21232441733925450  0.21858870614456985  0.22468127423497861
  0.23079159621160966  0.23704130041875701  0.24335995307423888  0.24982497274238258
  0.25627671997550133  0.26251326096295813  0.26877937429227944  0.27523762776596833
  0.28184284486819849  0.28853316908408516  0.29531749191933437  0.30220027955889972
  0.30937796723501032  0.31610775351963799  0.32272957665601304  0.32934435340020468
  0.33580676991126879  0.34197669977655482  0.34841891676831344  0.35507079586685875
  0.36174033945370271  0.36824802926537842  0.37460100335363328  0.38112809862422481
  0.38800482114521812  0.39493935620462139  0.40191375953149677  0.40887964979352687
  0.41580919476455624  0.42323408083936720  0.43103875747279241  0.43931095145031263
  0.44777014914219676  0.45621081984442030  0.46479118614956555  0.47347513402900954
  0.48218837138762710  0.49042280053325626  0.49850033465802795  0.50653759008241628
  0.51455289437319673  0.52305434588741850  0.53228467834646209  0.54188088361979592
  0.55142320372319287  0.56133798647430055  0.57188254639214309  0.58252234532365066
  0.59287842470295593  0.60390867249722535  0.61661395472405833  0.63010192077153071
  0.64409347530293914  0.65888132918393605  0.67410529988771173  0.69010217510231231
  0.70727453834637533  0.72568433626866946  0.74660893140382201  0.77056025549904650
  0.79705144537228645  0.82919900850793737  0.87490964346032052  1.00000000000000000
 -0.02411687272547394  0.13639499963734061  0.17437223295419232  0.19625114008159875
  0.21337556590478801  0.22836328942687595  0.24114299936815770  0.25302869433140401
  0.26358850830275171  0.27344244912430693  0.28217503124115761  0.29060058430930918
  0.29880735064897634  0.30698744477237294  0.31485711405199335  0.32240701621695028
  0.32960762410119415  0.33646945356920205  0.34299465979883764  0.34936938956152686
  0.35546612991480447  0.36135602404514011  0.36725436856037907  0.37321668154122706
  0.37921496694826307  0.38522855841629239  0.39116033380280529  0.39697214578500906
  0.40238368971298138  0.40769065272388588  0.41291548624877050  0.41807093916573212
  0.42315465880969294  0.42810856886920118  0.43320541852594835  0.43810378208517664
  0.44301675636268373  0.44772837006603661  0.45238279803080728  0.45712127598158114
  0.46198015686014854  0.46692406849875695  0.47194881106731107  0.47698899565112401
  0.48201615518800744  0.48708952137901218  0.49216880891895398  0.49731526970188272
  0.50243997434718579  0.50760456306309498  0.51262755232022972  0.51762675513270962
  0.52266541163152680  0.52776235247096270  0.53289165860309795  0.53804907743352270
  0.54325315052803180  0.54849419103374109  0.55374827457814546  0.55887690567438186
  0.56419263473657055  0.56960400457955618  0.57504114107881232  0.58052980443653512
  0.58597948410019773  0.59137578654820944  0.59682267057308624  0.60237866930962247
  0.60809871426242945  0.61405959817871492  0.62028217901907545  0.62645834622090202
  0.63241073500619160  0.63835402384205175  0.64431603968380613  0.65035430404901218
  0.65658028531340640  0.66295624786966434  0.66961324465144534  0.67663956244192092
  0.68408058676961636  0.69174586000044125  0.69937604446740942  0.70691188652747561
  0.71446148865876757  0.72228037791250299  0.73056266259506097  0.73954341754397135
  0.74918380478559177  0.76011916051755990  0.77182484900431292  0.78549074345789738
  0.80310125006260469  0.82690019395449033  0.86424285701724757  1.00000000000000000
   8.6981292758439179E-011  -1.0000000000000000     
 T T T T T T T T T T T T T T T T T T T T T T T T T T T T T T T T
  <DiscreteSampler_grid>
  grouped_processes
  1 # 1 for a reference and 2 for a running grid.
  10 # Attribute 'min_bin_probing_points' of the grid.
  1 # Attribute 'grid_mode' of the grid. 1=='default',2=='initialization'
  0.0000000000000000 # Attribute 'small_contrib_threshold' of the grid.
  0.5000000000000000 # Attribute 'damping_power' of the grid.
 # binID   n_entries weight   weight_sqr   abs_weight
    10   10   2.113491115801761E+005   4.470309275886586E+010   2.113491115801761E+005
    11   10   2.113491115801761E+005   4.470309275886585E+010   2.113491115801761E+005
  </DiscreteSampler_grid>
