 -0.00013763940563627  0.00577380795564028  0.01580154508401353  0.02717660706361504
  0.03907240258081366  0.05044183434504382  0.06167204442631893  0.07268900997541231
  0.08325357695459873  0.09325919745166757  0.10318367790436106  0.11334208455927339
  0.12347251677675507  0.13346440098258600  0.14295056673088574  0.15234317120152177
  0.16183057378693128  0.17107761573525809  0.17999740939905662  0.18886060844376859
  0.19779890121031463  0.20676069734346014  0.21562081532185864  0.22423561188318850
  0.23289128756922042  0.24169503946790005  0.25048614248713730  0.25925689004095204
  0.26801160148319331  0.27670678590386799  0.28536276109486741  0.29409144213304761
  0.30279556500277993  0.31144994319774399  0.31987400686748824  0.32830251877648892
  0.33650554251207476  0.34458277173508889  0.35288057445615384  0.36128496528213511
  0.36970276568342419  0.37809912419271635  0.38655528755082952  0.39528705787169538
  0.40406051780041630  0.41291434064629434  0.42173722212090120  0.43039923092005400
  0.43888253096617658  0.44718850685089206  0.45532416882415366  0.46342374108984702
  0.47153486754145857  0.47967823468480070  0.48813729379115323  0.49673453373168241
  0.50530462017432343  0.51382057606904219  0.52230572497976835  0.53074383237458345
  0.53907419270686363  0.54731575895158036  0.55552066642887843  0.56376801046254632
  0.57207680598877253  0.58034857998486711  0.58885371693455124  0.59748783251001658
  0.60677063935081366  0.61616498555905252  0.62554980005487859  0.63502768639926255
  0.64463708145245557  0.65437708788559579  0.66407111217276171  0.67408233370300319
  0.68428604098906587  0.69459696550356398  0.70503379841224645  0.71556504922940578
  0.72643680975801372  0.73768871840774264  0.74962807012178967  0.76197687359222244
  0.77438344515101143  0.78686485506692183  0.79969251100328897  0.81436202402981139
  0.83025438470742485  0.84711649333470840  0.86475633764995596  0.88320819817782670
  0.90402830216332575  0.92938917404691990  0.96108616045926021  1.00000000000000000
 -0.00243041856236540  0.00973853693873385  0.01969556123184158  0.02951058853726427
  0.03956225185071473  0.04999095843991426  0.06059149581860961  0.07141273794592527
  0.08215323723841782  0.09338127473795348  0.10479625555698205  0.11544938329177529
  0.12613618354315848  0.13695332597950313  0.14743745163682967  0.15792218031553312
  0.16836202698071140  0.18032505047674496  0.19160154308348620  0.20259306261008980
  0.21320670302929651  0.22381389589582001  0.23417328506621063  0.24469375133486507
  0.25501994115083437  0.26545138383473926  0.27591908382205899  0.28683811594510761
  0.29733632348896033  0.30825535295446782  0.31949494849584564  0.33130410780697850
  0.34211751723260792  0.35255305463544456  0.36244468926165702  0.37237594424228632
  0.38232324169537601  0.39218619500732715  0.40199850263621389  0.41189529469473435
  0.42195514227988040  0.43215364979949400  0.44223501116142638  0.45273047789590598
  0.46344456028661557  0.47458920960683160  0.48509150268240442  0.49539682289822762
  0.50571735597383560  0.51633093688036469  0.52750307010867403  0.53886517913563980
  0.54949269390423860  0.55999172960837673  0.57024909572484950  0.58097493159070923
  0.59065780945621482  0.60011939252629665  0.60967487097071316  0.61965983412118797
  0.62993720269605236  0.64039146024138438  0.65112581074715536  0.66242474009138852
  0.67302706245099098  0.68327027058611312  0.69358395407730811  0.70384010877191272
  0.71412878928953849  0.72435342213991305  0.73491784341408728  0.74659832945032467
  0.75733909535208155  0.76771088120926978  0.77786251048152599  0.78806802472486659
  0.79799602390885727  0.80794945532566176  0.81856002306592568  0.82908974625148935
  0.83895674316332580  0.84860763399131378  0.85820778086021143  0.86779600159551018
  0.87757763557805768  0.88773395970852942  0.89794492435341544  0.90815677351419344
  0.91907400779750792  0.93088676894127687  0.94262350688841523  0.95359694829349573
  0.96487619197163454  0.97684898882228155  0.98844159402618281  1.00000000000000000
 -0.00971547343848223  0.05653023048154313  0.09160840257499332  0.11719642282944893
  0.13830377340682351  0.15658888261416098  0.17292993996444991  0.18819154239363373
  0.20244027727174574  0.21626239115154686  0.22962153286792150  0.24196721500910867
  0.25392062553545414  0.26547447689531262  0.27665878269226135  0.28727901484862550
  0.29769274520084221  0.30774371463406319  0.31798281481832169  0.32825649679767110
  0.33836588769082787  0.34823406432897774  0.35752148028055775  0.36640753722059977
  0.37524060761896627  0.38409261929078464  0.39279323727063442  0.40135515646501524
  0.40968973357143945  0.41806956828083330  0.42667642353302315  0.43535781697564363
  0.44379832591975998  0.45228466411368562  0.46063664794374398  0.46862712610806156
  0.47661797429488251  0.48511047479251024  0.49355747013618034  0.50167009224241255
  0.50963026428439917  0.51749743701148265  0.52527679022443752  0.53305218099582807
  0.54071527634465433  0.54841164967102263  0.55615859439169535  0.56407854529060908
  0.57200920451991222  0.57990481493703938  0.58803305615784451  0.59646403034671192
  0.60450399713340641  0.61234815027009704  0.62014277272526963  0.62787520003976749
  0.63558302814208623  0.64323764394846816  0.65070195866660052  0.65805208368724022
  0.66577631526199332  0.67348750356597598  0.68104927691854955  0.68844941507264845
  0.69595430646633327  0.70363759608451037  0.71156292427005785  0.71963015126799257
  0.72768945645026828  0.73575660759338157  0.74384628849283285  0.75187152709805760
  0.75979432862409013  0.76760672988497358  0.77533088344615808  0.78304623099641568
  0.79082550702850352  0.79871006796998112  0.80651378010309793  0.81424771084766012
  0.82199798449254780  0.82994017905693540  0.83806061579211333  0.84672641319194930
  0.85566846698309895  0.86496277137585764  0.87435863254933244  0.88425106886363580
  0.89455184073477545  0.90533820849287838  0.91671531617072755  0.92893549639165085
  0.94179003220308388  0.95604624893473988  0.97469747989426025  1.00000000000000000
 -0.01990652903643622  0.13092723632926626  0.17787202115267267  0.21160033829651401
  0.23866956205339862  0.26156195634632007  0.28198033519957844  0.30065747993635705
  0.31825653515505020  0.33479935643981956  0.35043018365970213  0.36458953533247018
  0.37775310268954188  0.39039648888134787  0.40258582882346561  0.41438799695710610
  0.42566540367426486  0.43666870911543110  0.44758536862537635  0.45807107918840601
  0.46781893679497438  0.47728856952627008  0.48675763404541655  0.49595080655644963
  0.50486525567652663  0.51378690750200451  0.52300557260482960  0.53261358455211816
  0.54180746822033687  0.55061306519910880  0.55917396226794003  0.56727316362154512
  0.57490550099658810  0.58230399328959048  0.58924336630653795  0.59588346082154731
  0.60252845162032398  0.60927896753510336  0.61607740794415444  0.62279493933957830
  0.62938164529503704  0.63580038495894386  0.64199449288446053  0.64811110333082045
  0.65408461497710646  0.66017568186957953  0.66606442507298036  0.67178251628132379
  0.67744423677617782  0.68306523205895819  0.68854292153130925  0.69375468974579657
  0.69874152123683231  0.70382740563815072  0.70886308908747742  0.71386018217180625
  0.71872708373669336  0.72353328371670278  0.72825616603819476  0.73294282726438809
  0.73758418910509382  0.74221159832277095  0.74685902094537659  0.75152257454306270
  0.75616730407144883  0.76075745964158381  0.76532973184807851  0.76996782433886213
  0.77470708882626760  0.77962832624756429  0.78459830857942481  0.78960157690492661
  0.79457020722929583  0.79945718136201904  0.80431657065065154  0.80917292767501225
  0.81394547247115034  0.81876285979841157  0.82352339827458232  0.82845721672810246
  0.83365534422775112  0.83905479856737686  0.84458177430425718  0.85005035330076506
  0.85557447727590585  0.86132177025308865  0.86735248925793984  0.87390393432947455
  0.88119730646605632  0.88896532932780403  0.89721838164903878  0.90656760318266560
  0.91764827212048594  0.93168102356494753  0.95274189620248795  1.00000000000000000
   2.9313368081291609E-007  -1.0000000000000000     
 T T T T T T T T
  <DiscreteSampler_grid>
  grouped_processes
  1 # 1 for a reference and 2 for a running grid.
  10 # Attribute 'min_bin_probing_points' of the grid.
  1 # Attribute 'grid_mode' of the grid. 1=='default',2=='initialization'
  0.0000000000000000 # Attribute 'small_contrib_threshold' of the grid.
  0.5000000000000000 # Attribute 'damping_power' of the grid.
 # binID   n_entries weight   weight_sqr   abs_weight
    10   10   9.554399664281344E+003   1.935893311272272E+008   9.554399664281344E+003
    11   10   9.554399664281344E+003   1.935893311272272E+008   9.554399664281344E+003
  </DiscreteSampler_grid>
