  0.01020058801467819  0.05114585224348753  0.08096456838585600  0.10473740464530966
  0.12603545582692222  0.14650376071017804  0.16530843635635870  0.18137577790438852
  0.19683148933396638  0.21216247249016054  0.22679018465580958  0.24113534564988509
  0.25529015380010539  0.26961497370795645  0.28403129497360702  0.29849738568722273
  0.31303542263371398  0.32700929180829785  0.33988209707506473  0.35214284360643466
  0.36453381351257308  0.37702024133770895  0.38893076105382923  0.40052455094950973
  0.41164629209917081  0.42307601849649118  0.43404425044201095  0.44515999414002555
  0.45625880807738606  0.46825972566159535  0.48080055476834599  0.49324742901762259
  0.50541380499068456  0.51702252393205150  0.52850510938930861  0.54032830166120271
  0.55231512653073778  0.56340187583095258  0.57366617580025803  0.58380613238893742
  0.59419680779153050  0.60458555896700306  0.61514415512857101  0.62546424464101258
  0.63729641745519294  0.64867336344787818  0.66033498384787725  0.67153843732141438
  0.68278304883816665  0.69405100141893439  0.70430001872149217  0.71490146335735738
  0.72526085676166563  0.73558319937694516  0.74572250941151808  0.75566607857827173
  0.76557892361847057  0.77542095098242159  0.78550826178766209  0.79512521031816230
  0.80420462101768264  0.81307355913486468  0.82192376321668925  0.83093924515330020
  0.83988907814110425  0.84842316126752892  0.85670253816296904  0.86483135831749602
  0.87269930610743296  0.88040883827281569  0.88804654464250765  0.89556363458640853
  0.90281757129419615  0.90962068258324436  0.91605113649380798  0.92199949982587115
  0.92759000140757464  0.93336188037363610  0.93903305248103053  0.94435830342227289
  0.94956737383416523  0.95451760908734118  0.95909269506605765  0.96334092922737347
  0.96740975197688572  0.97142287038924680  0.97551692831883963  0.97909761506163884
  0.98241517259313249  0.98551987655274143  0.98834920266862214  0.99065789230628853
  0.99290558737449830  0.99497643498551891  0.99676355660399452  1.00000000000000000
  0.00895770820620667  0.01668796537382707  0.02680819057556143  0.03785969245487625
  0.04828652588877366  0.05829630511419458  0.06817982716994371  0.07748632014125940
  0.08696958440916050  0.09637920235508528  0.10572509623606957  0.11479483385154572
  0.12387078371247107  0.13338280473742462  0.14298559763626917  0.15265938537304960
  0.16247138160776964  0.17297353163838708  0.18397978420366057  0.19489806847147248
  0.20541184926163666  0.21650897115303666  0.22800945885075957  0.23862559103753922
  0.24889302715995543  0.25864388470158123  0.26833051526874896  0.27752274219447859
  0.28619495465283035  0.29532447172091186  0.30479030454472772  0.31477706699363001
  0.32502129942314339  0.33572760499021825  0.34739840318166848  0.35933720262455338
  0.37096507023487146  0.38265337520695869  0.39439616708035052  0.40576068887358552
  0.41642876326287426  0.42650061833928399  0.43665926835658747  0.44705184376774615
  0.45787508866521670  0.46874011869725513  0.47884153031567389  0.48895790526221505
  0.49888391771794238  0.51021717990564752  0.52198467015434213  0.53342269603769488
  0.54441422475566170  0.55501055730867932  0.56568246047257054  0.57569317061546144
  0.58544409676981857  0.59547412894110208  0.60621482213420408  0.61779477616461798
  0.62906735644728351  0.63968269636433250  0.65049552244200892  0.66085061594665584
  0.67008628982808738  0.67933647076771597  0.68874794054929978  0.69850666051376376
  0.70812033677441022  0.71754358819423369  0.72690463983086584  0.73601100428232213
  0.74480163490431517  0.75390542745919731  0.76383711391325904  0.77457529805145453
  0.78540848662641116  0.79639779754527606  0.80759113188982024  0.81873499166659103
  0.82964298042462370  0.84050658996456673  0.85148852210856119  0.86236036346266787
  0.87260909834429901  0.88265554537580482  0.89275995596002478  0.90303214312330582
  0.91394108354924031  0.92528601173583003  0.93670500189618866  0.94787639135239254
  0.95887639172897421  0.96934114271739635  0.98041842255568090  1.00000000000000000
 -0.00069753470035531  0.00452197267361161  0.00692852344010779  0.00947192730562287
  0.01239299850881933  0.01570376730221545  0.01960038404349675  0.02379719590770675
  0.02803227673850441  0.03306060013124642  0.03823072287894744  0.04346439112147948
  0.04858730018992242  0.05396927321794668  0.05956723130957969  0.06521058581278633
  0.07103118443647385  0.07743451682392209  0.08450887652608857  0.09155800634142579
  0.09857618959132758  0.10554340563651554  0.11244472287629777  0.11927646540557914
  0.12705458618616255  0.13577597526486343  0.14442272077857810  0.15273358395360467
  0.16086568579383090  0.16959960498687776  0.17827238850124877  0.18693398090113461
  0.19552017749185169  0.20442621796734758  0.21357787964298433  0.22262071327068883
  0.23193168207036716  0.24156409888842167  0.25178120580258118  0.26269833114246022
  0.27397547519226795  0.28515259689492300  0.29610284968635198  0.30703635803970647
  0.31807361527303446  0.32933819508178697  0.34104224454966314  0.35313128766487989
  0.36543706574119583  0.37827119974324874  0.39023524150885308  0.40132986689726324
  0.41214450006156600  0.42313934003480597  0.43451550275655493  0.44643534718096667
  0.45859570539242828  0.47006535990670095  0.48105784105237326  0.49214774870089611
  0.50332941955686250  0.51484557426304400  0.52732943685068190  0.54119689778902624
  0.55569436549606355  0.57014802145545840  0.58419438559177406  0.59792639898749311
  0.61292234387630617  0.62803888575320532  0.64250945321713859  0.65643301939636656
  0.67032049763485546  0.68492466433178922  0.69970061261558825  0.71469186839576870
  0.72977911946014840  0.74466215668173907  0.75981532571937360  0.77514221418834994
  0.79051593234094475  0.80546247298271090  0.81951507192956452  0.83324936836243768
  0.84767434992842261  0.86250763741979974  0.87702615308808707  0.89067021978303285
  0.90408149673432237  0.91731881742345034  0.93004877590757906  0.94311235600448562
  0.95698334560030840  0.97136556786074446  0.98567787800677520  1.00000000000000000
 -0.00219704694789156  0.00921768699907419  0.01884068060576223  0.02996366147348317
  0.04103963548431534  0.05113044363140994  0.06039320512265061  0.07058463230909225
  0.08147094302820013  0.09171332147594893  0.10182304827539587  0.11099467855328730
  0.11987506282568861  0.12842956964667671  0.13737669836340069  0.14596217973700906
  0.15500557632365522  0.16393158909072902  0.17307791399363773  0.18216784710495429
  0.19155518653471260  0.20163413818576764  0.21262740227056467  0.22458473118766853
  0.23615269305614012  0.24815973385383974  0.25948445481360266  0.27066574045810560
  0.28078627689539631  0.29088503761029688  0.30107123013371961  0.31056926789634243
  0.31998033477702142  0.32958879460057400  0.33972327800408186  0.34957435321459090
  0.35927395635881298  0.36878575720310280  0.37865978064487943  0.38811004383075415
  0.39773177383245417  0.40725552705796386  0.41738985607468920  0.42797260641195312
  0.43857138050083055  0.44928929734344880  0.45982329771174957  0.47000465806035435
  0.48011925525756566  0.49080428839565898  0.50094765291740728  0.51066478830295425
  0.52043957212235958  0.53026849064623971  0.54003807404021409  0.55015594815664570
  0.56101831457592743  0.57302816857630501  0.58645586178961395  0.60068974425617871
  0.61394758307952413  0.62589639177783463  0.63756334120674474  0.64885800193430621
  0.65946118736007531  0.66973153102161864  0.67966333919136501  0.68934852330150587
  0.69944152421337391  0.71021757784433281  0.72138359105297600  0.73229326574322229
  0.74364803312906469  0.75511898039062875  0.76597771922309366  0.77611295329535757
  0.78621648996243132  0.79671529394743101  0.80846047707665625  0.81991875686225335
  0.83150915262709868  0.84311966392688031  0.85537840985566094  0.86730654901582649
  0.87913476530204038  0.89204520586258285  0.90440238714496968  0.91713085331043576
  0.92908733843010027  0.94038883372528759  0.94999904933216262  0.95996839734299388
  0.96998318961141838  0.98016921317761108  0.98971274759986727  1.00000000000000000
 -0.00295124036602637  0.01070535330412531  0.02186121735212731  0.03311052523667173
  0.04402031953001000  0.05482615853543860  0.06564507923923800  0.07664387496566466
  0.08801013377625290  0.09881871801257687  0.10974599772216148  0.12123225811711404
  0.13295981202216131  0.14441384507675128  0.15551204559024415  0.16691184966900868
  0.17877780992404552  0.18981862565276994  0.19971572140430546  0.20931049822346567
  0.21909022287728083  0.22900357815138103  0.23884627911404566  0.24865551875423517
  0.25966717492363195  0.27121539211908674  0.28273507736925646  0.29389101703178633
  0.30463446523833976  0.31409877113599804  0.32313870782696569  0.33217029909018231
  0.34141204549862975  0.35072701516873983  0.35937492036683838  0.36785192343081841
  0.37642543591645800  0.38527760131265537  0.39474613033510220  0.40510279846045488
  0.41630508668891858  0.42794988922473626  0.43938675847049224  0.45066275653710697
  0.46192505052201782  0.47333329002138280  0.48459662910653589  0.49481494368748119
  0.50447465170743266  0.51390083011703580  0.52377396527145281  0.53359903570628164
  0.54341907665119149  0.55348246878903495  0.56403120946158225  0.57501694986859664
  0.58589597291944073  0.59684536292785750  0.60709811116646917  0.61730942353084506
  0.62824636457136851  0.63945352249845089  0.65039516396785757  0.66109097536668460
  0.67281520339747269  0.68472353019843357  0.69516185404675135  0.70515263930943228
  0.71541243011307365  0.72656743167949789  0.73709489655491722  0.74656923663322206
  0.75601492134716719  0.76613975082509522  0.77642227951291409  0.78686490473167348
  0.79738332738743301  0.80822909073926152  0.81849145027361803  0.82931483328287658
  0.84021221113016265  0.85142184036368385  0.86258679318579234  0.87366271164669707
  0.88420401659214165  0.89465396355168025  0.90574157594357363  0.91669963836065171
  0.92681147514211448  0.93731554856508636  0.94784073377828437  0.95868195836368064
  0.96870462766007148  0.97914340723487259  0.98940794089072359  1.00000000000000000
 -0.00204478322348501  0.00897571431158537  0.01949204169425788  0.03000757124725256
  0.04093394538967524  0.05161917470669602  0.06166424143336777  0.07119619129253046
  0.08050822396458843  0.09057619258531537  0.10069628279314688  0.11077963443926953
  0.12138048671743076  0.13226615522214796  0.14315407946561029  0.15355468130905042
  0.16330926166002113  0.17335625910477284  0.18329824570929387  0.19361811874591991
  0.20437730146640101  0.21632419425128185  0.22828866872969897  0.23995367912771928
  0.25148081586167043  0.26299954345782112  0.27422721950457429  0.28482351951272716
  0.29553906079923609  0.30579779154677705  0.31679077442084930  0.32780206477319979
  0.33883782586789063  0.35108065324664267  0.36175808461888603  0.37371167423465884
  0.38353944684428570  0.39414707943312233  0.40414383417912364  0.41416174752473611
  0.42394838443831295  0.43376416094498604  0.44367986827607486  0.45444339541666823
  0.46507881061260542  0.47728697212421434  0.48865889051595207  0.50117264989404986
  0.51395382742995621  0.52524665930864278  0.53537703634950218  0.54493965620020457
  0.55416419431303976  0.56377498199307263  0.57330028706324032  0.58354234212170153
  0.59426065684080287  0.60486149734702410  0.61546195152371896  0.62610871500244947
  0.63683830184853585  0.64720231261342254  0.65702507379064368  0.66711595545225655
  0.67750127479218392  0.68799436495370647  0.69834532049778164  0.70893371505107328
  0.72001063433939672  0.73089242560217005  0.74167814785849562  0.75218289875811706
  0.76296548579299406  0.77375075707904328  0.78499830912354673  0.79535249123492857
  0.80430164036740837  0.81297825981140026  0.82204937433536951  0.83169756472582701
  0.84152996991200713  0.85125074513390175  0.86193675967231664  0.87363440658967084
  0.88484664873453578  0.89655239754061766  0.90807941358847766  0.91971277587962708
  0.93159049139064010  0.94246826441163978  0.95273853246660756  0.96260051860080420
  0.97173312346419072  0.98054361012759927  0.98957762564669716  1.00000000000000000
 -0.00188220879112837  0.00899365635605127  0.01847623822445093  0.02881616583920492
  0.03941921911837741  0.05024522315602043  0.06077438023648931  0.07125363581489580
  0.08127581723912201  0.09044134518677527  0.09901750874026513  0.10747571934438012
  0.11579169104512038  0.12521860669916948  0.13562357180815687  0.14660931798925605
  0.15810319125321845  0.16943346917967400  0.18074357574061756  0.19237426172194236
  0.20415734552576070  0.21523945694851226  0.22556689361846652  0.23617858646601309
  0.24686109965363295  0.25751478920926524  0.26823003415034324  0.27895738097809436
  0.28956667186263507  0.29992601299393001  0.31049368697406787  0.32161081094081917
  0.33256554060209303  0.34321994245646670  0.35399128485880454  0.36528959140648870
  0.37653794348858072  0.38745810198790381  0.39796496957564170  0.40811866096184068
  0.41880342299442813  0.43011297371020879  0.44100301610159420  0.45147110403869517
  0.46260714084211813  0.47486591407649542  0.48733865731790993  0.49957667682761225
  0.51236286312690615  0.52495651608563565  0.53642571954152540  0.54712050953444402
  0.55765712091788722  0.56843263357026419  0.57945438122630721  0.59115847231606988
  0.60328054833733613  0.61532604636958832  0.62698429244213871  0.63818171204362062
  0.64973569227774297  0.66214790751258834  0.67419030534304580  0.68582201027740153
  0.69649895715808063  0.70638987502454065  0.71585140981741047  0.72559655373895382
  0.73632252864914127  0.74671902663832090  0.75679123454745145  0.76729320681203772
  0.77868602501236417  0.79043393933815209  0.80073808225893806  0.80985682829396233
  0.81884152383947495  0.82800834733381512  0.83724634972580581  0.84596793640756773
  0.85489581973254269  0.86446623475620765  0.87440401553829683  0.88412829746431143
  0.89396654567804290  0.90372947623314481  0.91381179329583850  0.92321635711539951
  0.93307375446251484  0.94237751382572732  0.95166951194658356  0.96089555881789290
  0.97010719624951514  0.97954298408082874  0.98949346878170397  1.00000000000000000
 -0.00203240888083330  0.00976449293863029  0.01945147157564051  0.03003903193201658
  0.04032207326418146  0.05081098173895728  0.06050121700722515  0.06982676450914686
  0.07906992886823788  0.08915147741405668  0.09965485154051321  0.11051360563326140
  0.12185352513639866  0.13354637965073998  0.14522430069875059  0.15649513622731950
  0.16789733460248188  0.17974909220602436  0.19153862112710299  0.20270616533331987
  0.21340714390186621  0.22414611867136106  0.23518244746959022  0.24626486112075086
  0.25673324899515765  0.26713929311237172  0.27717772309846683  0.28714980362902770
  0.29615500521703980  0.30460346657523951  0.31330971835554461  0.32238117292972218
  0.33198442221399332  0.34237711388812631  0.35340544305230115  0.36433047525226997
  0.37502956405052429  0.38577405206383525  0.39705125910287475  0.40829760088907668
  0.41912311564156762  0.42981366904735574  0.44020850824005558  0.45035076104334060
  0.46056741898938930  0.47129785265574542  0.48162907339455019  0.49132469382624361
  0.50095318795656496  0.51088800963848768  0.52101480568938008  0.53114071774446092
  0.54144001401000530  0.55171235460105661  0.56194043311229436  0.57266659997339442
  0.58427646145889744  0.59638246720589438  0.60816147762377215  0.61931854358918159
  0.63014327492493638  0.64084413437635090  0.65185532370541832  0.66333236905035742
  0.67416354926002886  0.68436962479024199  0.69493836971326040  0.70562482523437564
  0.71620706244185628  0.72625477796615390  0.73710518016231608  0.74803750520318524
  0.75857264700492932  0.76902758055404541  0.78020036643312540  0.79148751204477608
  0.80188822305403251  0.81230644433390276  0.82345900617160483  0.83563040801715360
  0.84796111468916280  0.85991456849776016  0.87050054523978837  0.88096811056821223
  0.89095620959544952  0.90053723587185930  0.91020372821334017  0.92040983395003684
  0.93210738265589765  0.94241745509247887  0.95182642869874423  0.96174773680351566
  0.97162057722104433  0.98144975473557039  0.99059524592197756  1.00000000000000000
  0.00584200438747361  0.03348663876836244  0.04909621108624924  0.05979261452454425
  0.06871825151131257  0.07677411553743024  0.08434938689987881  0.09152375155072058
  0.09857654532656272  0.10541745646112963  0.11200889424555451  0.11849504403379053
  0.12458447784648675  0.13102656452126082  0.13743625046450603  0.14395138275664007
  0.15032674541262486  0.15666100938462829  0.16285939008792932  0.16930461031800020
  0.17545707955351811  0.18207908266931969  0.18886803669999766  0.19577473970426301
  0.20269622751382407  0.20924725172073172  0.21535502959646829  0.22137600747138200
  0.22726723707408489  0.23308146959395054  0.23879050767891621  0.24408839969118049
  0.24969839724612641  0.25529309530135424  0.26124465909758221  0.26704831729302086
  0.27268196965213742  0.27846038784106220  0.28431770812422535  0.29036718958240509
  0.29672145027272662  0.30330888109459864  0.30993278236517202  0.31646794309428455
  0.32318039341761551  0.32962161695218711  0.33631678096821027  0.34305947870560000
  0.34981611517326361  0.35657270105329897  0.36339231147636575  0.37022636953470017
  0.37694109040990714  0.38333887697312702  0.38944740389706795  0.39557882604521805
  0.40200862751027339  0.40876869438336288  0.41575768730712170  0.42299298856529532
  0.43008941469858308  0.43720873091077583  0.44480532227299580  0.45231296401828441
  0.46021056255085802  0.46817572512257749  0.47596062828798813  0.48404938020623867
  0.49240032025297203  0.50175468788666422  0.51132430135957407  0.52081407129825974
  0.52970791141815610  0.53850973838245730  0.54733017630846226  0.55619551108333154
  0.56501161383641574  0.57372123285804311  0.58316731908294506  0.59387036085332001
  0.60580113335034402  0.61812253492472125  0.63048793226663979  0.64306699377756693
  0.65630104520987176  0.67038810375169222  0.68526572344859304  0.70015033896913792
  0.71588106125604034  0.73319069471124321  0.75408577218316875  0.77911154233010316
  0.80478235016140098  0.83441948382070696  0.88060762727059150  1.00000000000000000
 -0.02302937707614154  0.13866251755961409  0.17717256377746274  0.20002445764050392
  0.21780316642928835  0.23293321524646601  0.24641379177459150  0.25781725131290251
  0.26787672361069687  0.27689114459755149  0.28579797633103760  0.29449341792669381
  0.30255125230767488  0.31011221672060696  0.31745678231523311  0.32465950594314058
  0.33165956382898709  0.33837830265982366  0.34490719021146876  0.35126562809877476
  0.35730225093221230  0.36327585571261928  0.36932479900808823  0.37541036349692208
  0.38126095115641073  0.38684781448533428  0.39231391890861744  0.39769666974590534
  0.40333197987263386  0.40886237631827260  0.41447987186799662  0.41966871312267789
  0.42464899129884942  0.42948288328949341  0.43420122844183240  0.43960179861204651
  0.44551587262109338  0.45152370701292871  0.45739877911341126  0.46294470032620327
  0.46820715525906925  0.47336684860694894  0.47847793208281553  0.48364360753470437
  0.48897478710027720  0.49453575951528655  0.49985705085640830  0.50476597711124449
  0.50962380536110063  0.51467762064168510  0.51969544058481187  0.52443859946448346
  0.52901774844135585  0.53348434958755109  0.53794431822280697  0.54243370390108336
  0.54687857468064027  0.55133868074341341  0.55573539069567279  0.56020280717096727
  0.56481973237911054  0.56971647205812737  0.57449696145532847  0.57929090776030101
  0.58418744656384125  0.58961000992905133  0.59503618641104394  0.60046964700216698
  0.60604904041047092  0.61174028946414694  0.61746769146098179  0.62319138113767703
  0.62882374750633363  0.63445138390792677  0.64044167799191265  0.64652336704025326
  0.65293536284155373  0.65958392859781834  0.66633807732212724  0.67317233978144220
  0.68012815062406984  0.68717897491077917  0.69479980893349813  0.70292032113649039
  0.71102748175220232  0.71973166329888694  0.72876101395075354  0.73841539157091851
  0.74843065497975969  0.75941872431023882  0.77127895440384020  0.78518304661544702
  0.80202586627168171  0.82397999444592518  0.86012038104688848  1.00000000000000000
   1.1771111029754600E-056  -1.0000000000000000     
 F F F F T T T T T T F F T T T T F F F F T T T T F F F F T T T T F F F F T T T T F F F F T T T T F F F F T T T T F F F F T T T T T T F F T T T T T T F F T T T T F F F F T T T T F F F F T T T T F F F F T T T T F F F F T T T T T T F F T T T T T T F F T T T T
  <DiscreteSampler_grid>
  grouped_processes
  1 # 1 for a reference and 2 for a running grid.
  10 # Attribute 'min_bin_probing_points' of the grid.
  1 # Attribute 'grid_mode' of the grid. 1=='default',2=='initialization'
  0.0000000000000000 # Attribute 'small_contrib_threshold' of the grid.
  0.5000000000000000 # Attribute 'damping_power' of the grid.
 # binID   n_entries weight   weight_sqr   abs_weight
    10   10   1.645921747028369E-044   5.419014498636845E-088   1.645921747028369E-044
    11   10   1.645921747028371E-044   5.419014498636854E-088   1.645921747028371E-044
  </DiscreteSampler_grid>
