 -0.00008488739366131  0.00082158310783484  0.00189325818737727  0.00337772465087018
  0.00535199319415304  0.00782303586957508  0.01077955059143107  0.01426202712446444
  0.01809866106281508  0.02246796951583510  0.02694235357137526  0.03179266211608493
  0.03686265492806341  0.04226936742323480  0.04793099286540231  0.05379557394626484
  0.06002181954576954  0.06679707293288970  0.07388329208523578  0.08116747538044210
  0.08839700570575829  0.09580488787618635  0.10360970140615505  0.11170879042194690
  0.12031507480329090  0.12946685394927637  0.13905185062170999  0.14853942726497035
  0.15763204642059178  0.16683661191666596  0.17647091226747169  0.18590515732518151
  0.19549470898125462  0.20584554832573365  0.21645945915868361  0.22662269983326705
  0.23656548473343933  0.24692219513078068  0.25743505094778668  0.26785188612093264
  0.27815222187595995  0.28879695513697157  0.29963567974641409  0.31058113739024018
  0.32128484155530435  0.33192509022829353  0.34258302590411110  0.35342245352501578
  0.36457874695588466  0.37597395868236022  0.38741965361248581  0.39874279443612998
  0.40990993304819595  0.42138675789638891  0.43322116024345048  0.44517716144626102
  0.45708803597880843  0.46881763123769621  0.48058542313198827  0.49228189632317237
  0.50448139330616604  0.51736367104762471  0.53044081958718614  0.54366072442896907
  0.55685577882003712  0.56983984096635798  0.58258035850766710  0.59516747590257368
  0.60779636428156791  0.62068097247669718  0.63370753861270301  0.64650932125923166
  0.65963625909895240  0.67292407237858942  0.68629058238139806  0.69968401526689417
  0.71305552815379247  0.72661823721612795  0.74043902327129429  0.75423615288287993
  0.76836639512547877  0.78304536221752385  0.79808416354367751  0.81276947356700469
  0.82764529729197578  0.84286770343458484  0.85850180819670285  0.87444484096471553
  0.89052168691538414  0.90629693204178574  0.92186381193336675  0.93741524633350959
  0.95309933095308486  0.96869764146255222  0.98429115361110364  1.00000000000000000
 -0.00216167705421828  0.00985447917985491  0.01973405446002635  0.03004839600414408
  0.03986274730303497  0.04896459591340947  0.05779555916293307  0.06682626965972728
  0.07660065528231698  0.08699277060742119  0.09806654071031892  0.10953740562097532
  0.12154567692495154  0.13324300836927816  0.14512191854573686  0.15574254556610762
  0.16660805653427718  0.17703186640810370  0.18752776930061885  0.19788718700463820
  0.20729430575105551  0.21736650879019687  0.22727648770434453  0.23817046552547447
  0.24948027849213986  0.26080397275745010  0.27192910092601474  0.28304839488312938
  0.29372789671809552  0.30432051279340505  0.31531453566703721  0.32680248874014656
  0.33790454830123073  0.34857438870558594  0.35899725160019336  0.36939047001658837
  0.37962521504696878  0.38948482355257419  0.39947975488395043  0.41007002277137822
  0.42145116777554620  0.43334443978463039  0.44472444655675752  0.45543750276314970
  0.46529387022706531  0.47451601234222845  0.48349344519426601  0.49252065465746925
  0.50180724696241197  0.51218621354191107  0.52274646388393609  0.53372698596067192
  0.54459186499543777  0.55579511085275102  0.56707965292684070  0.57839864536046615
  0.59028085234407657  0.60211920078816938  0.61351802032594482  0.62453955669704142
  0.63563095903676514  0.64689914994526798  0.65775320534987103  0.66823899707634127
  0.67838969089927381  0.68863437677533412  0.69855711978363100  0.70916444389519184
  0.71975315219027891  0.72971187625765854  0.73958582540542595  0.74929149568328890
  0.75940631636659284  0.76933690187876791  0.77985059952123981  0.79023344969614751
  0.80045235321862318  0.81100629808964597  0.82243621230329866  0.83394489614544343
  0.84477819912914898  0.85539212751972638  0.86618446118270565  0.87668349562975179
  0.88675860598929046  0.89655742543485728  0.90642044132141464  0.91652861837561106
  0.92700055193582132  0.93778738151524799  0.94881852433505542  0.96005914588219021
  0.97123436866277180  0.98178922845700367  0.99116152341546515  1.00000000000000000
 -0.00133765839895146  0.01108903006872328  0.02117940387269230  0.03043029834924410
  0.03961026457650961  0.04817691595712392  0.05635933283775080  0.06382894357334493
  0.07059214194036335  0.07718917688364098  0.08362811464878452  0.08998131404594506
  0.09634497359156106  0.10267168182954868  0.10903744955887744  0.11536921598906974
  0.12171452728566198  0.12820828676835405  0.13473464855042083  0.14128961383338173
  0.14759921738395698  0.15364114064104711  0.15961985205825935  0.16560329221625686
  0.17183262015318926  0.17812237404967071  0.18427870393507578  0.19057448592648590
  0.19701427649012002  0.20331847057944100  0.20972050928876471  0.21603665806838318
  0.22235646612075868  0.22854838252386889  0.23430666228799157  0.23998178882313184
  0.24584455643204600  0.25183662809056245  0.25789576519200086  0.26394900129156790
  0.27009983020595224  0.27657200233867868  0.28338513625737927  0.29031718104076260
  0.29737568973974476  0.30445524415581693  0.31126288839360688  0.31787275894631584
  0.32429041493731264  0.33098267323829317  0.33772053820587611  0.34444011012467929
  0.35090085505360052  0.35797572954110529  0.36539159179864467  0.37285523535923809
  0.38032851468517209  0.38799133281581250  0.39602652673408234  0.40420780457699468
  0.41214991719166016  0.41952954154509881  0.42652600570973076  0.43370277271434693
  0.44122966401798225  0.44930015135090928  0.45776534363517629  0.46658010206749251
  0.47554957275879794  0.48477047876573959  0.49443634764476097  0.50393613578985319
  0.51364371196004388  0.52398438497200450  0.53444559489064514  0.54483657884782755
  0.55466697774812168  0.56490799538450087  0.57531151764532662  0.58578177803389475
  0.59618453966649909  0.60702812278628615  0.61883343507923105  0.63152279006672640
  0.64479668521441869  0.65838409288345401  0.67283081734126993  0.68898660402281686
  0.70686918458878156  0.72722061930219051  0.74847278156067387  0.77306712291701962
  0.79996044915570685  0.83468099356101821  0.88724687785075707  1.00000000000000000
 -0.02030812294729264  0.11464272042683718  0.14997647761274396  0.17148158960047039
  0.18948216715520599  0.20464177965198363  0.21762979117358025  0.22934889130822450
  0.24041050350239190  0.25089277170150820  0.26099243733428684  0.27058731796003482
  0.27957813796938835  0.28819951285292211  0.29627316768038864  0.30366890838813593
  0.31062751731400745  0.31706236920048259  0.32334285567565890  0.33002917151449596
  0.33677122361231510  0.34329202644686896  0.34951524909708787  0.35557241639701037
  0.36155291889199154  0.36753232307943484  0.37344152187174451  0.37918185073394162
  0.38478054079565066  0.39022974211949918  0.39582234830338614  0.40158830197225798
  0.40745329551437154  0.41328264455157815  0.41895467281582627  0.42451973546607996
  0.43005035010242659  0.43559613410576620  0.44118556367437078  0.44676586874997337
  0.45230960496639616  0.45807911521116629  0.46362624371073796  0.46931215845020774
  0.47483954693562680  0.48028623271743459  0.48573877357228129  0.49114142515644016
  0.49645517360207103  0.50181025336858132  0.50740720930005445  0.51314197741924228
  0.51908804360911398  0.52490726776004337  0.53065221103061111  0.53634946115477022
  0.54205606798194461  0.54776265586529094  0.55344386835740733  0.55903782913168432
  0.56446268799789012  0.57003911157501064  0.57561698401205508  0.58135064616268728
  0.58730289960879245  0.59344124464983417  0.59962639615017688  0.60585912818409116
  0.61200637946279779  0.61810829009903323  0.62427334874626961  0.63077265596528165
  0.63752439876810829  0.64430535400600331  0.65114672719926636  0.65792032134845280
  0.66503904451418350  0.67255674436819513  0.68079870242495866  0.68890480441032009
  0.69673032709070970  0.70447318769150424  0.71277205827937984  0.72098179418726449
  0.72951266613963128  0.73858364953277456  0.74861005188704188  0.75982352905247963
  0.77219144828806896  0.78517400411374727  0.79918828958489030  0.81483070092992804
  0.83265492773875227  0.85427272987333103  0.88961681345931176  1.00000000000000000
   9.8557266782813925E-013  -1.0000000000000000     
 T T T T T T T T
  <DiscreteSampler_grid>
  grouped_processes
  1 # 1 for a reference and 2 for a running grid.
  10 # Attribute 'min_bin_probing_points' of the grid.
  1 # Attribute 'grid_mode' of the grid. 1=='default',2=='initialization'
  0.0000000000000000 # Attribute 'small_contrib_threshold' of the grid.
  0.5000000000000000 # Attribute 'damping_power' of the grid.
 # binID   n_entries weight   weight_sqr   abs_weight
    10   10   4.432074993833664E+000   2.498716972332485E+001   4.432074993833664E+000
    11   10   4.432074993833664E+000   2.498716972332485E+001   4.432074993833664E+000
  </DiscreteSampler_grid>
