  0.00839231050366206  0.01922119924459420  0.03079904415742836  0.04185543581330878
  0.05202431900392029  0.06221623730552588  0.07191414616644648  0.08084600286803446
  0.08986984671320054  0.09894866706453412  0.10810610398709389  0.11738283141711504
  0.12757419129959244  0.13865434709705243  0.14944964056828206  0.15957089425926071
  0.16988046213152169  0.18094475433734825  0.19311806252939320  0.20568885877367338
  0.21788290211079020  0.22904008850747717  0.23941255815929816  0.24930697648326935
  0.25910023888887257  0.26945491057645493  0.27958234588105313  0.28957879637707962
  0.29957405972570439  0.30970759537987980  0.31996721650137977  0.33001173901791175
  0.33979869964996884  0.34969238979910866  0.36022406120951733  0.37120556372271651
  0.38272019381876538  0.39383171869566386  0.40510284303464500  0.41570550757567765
  0.42586952284566010  0.43630439998102277  0.44655313888421594  0.45676290406162073
  0.46686951790369979  0.47743803017766223  0.48905281086832791  0.50094014589135150
  0.51244579895507181  0.52393082215676900  0.53555768978552853  0.54688747608608557
  0.55766429210651158  0.56819924356703255  0.57878457530174610  0.58897861548901087
  0.59876637807899380  0.60870879030252467  0.61869432529030222  0.62881106991112923
  0.63883881373058882  0.64908843986583609  0.65989996259019446  0.67113801872169576
  0.68259883342250649  0.69331143091445657  0.70337540770330254  0.71334868734462242
  0.72347217120456397  0.73363401461516153  0.74401061332237250  0.75479661272068954
  0.76566340582299419  0.77601835942665132  0.78587387985303125  0.79610892550998769
  0.80647906272285708  0.81661515023627607  0.82647667734444974  0.83622073053981560
  0.84618163928015444  0.85660940156378751  0.86749368687962769  0.87829308854683119
  0.88850064747085755  0.89850312285249245  0.90859711582502789  0.91862434595992604
  0.92835548742270524  0.93795595793799846  0.94768495113963536  0.95778019665047454
  0.96827040959604460  0.97899248464733679  0.98943159776995160  1.00000000000000000
 -0.00083122133590781  0.00460426381908364  0.00718144652581473  0.00983110407033474
  0.01272475988740823  0.01628898490019747  0.01985240491606157  0.02378776294469236
  0.02806694164354187  0.03259245204529859  0.03750421190307962  0.04290561973339565
  0.04843114289706132  0.05423885903653218  0.06043470471244456  0.06696619453686611
  0.07363551544329411  0.08035307617968870  0.08813837088725227  0.09522146197625922
  0.10254821899437599  0.11005710053129555  0.11799262616832457  0.12604937657799034
  0.13399388661200640  0.14168918883841905  0.15002241672978109  0.15854904573585574
  0.16769177975383989  0.17701639474090214  0.18674400410683401  0.19656100921859915
  0.20605841726060195  0.21555659121567738  0.22503226508485530  0.23505677234005057
  0.24534250014626624  0.25545991442397376  0.26550423785143512  0.27576034343883837
  0.28667336760727730  0.29743723127260924  0.30890126371190002  0.32033906138364771
  0.33119547477136707  0.34244369004528047  0.35397699024356366  0.36524315831827059
  0.37626507931423470  0.38707927037271239  0.39771935676869491  0.40837126564410287
  0.41867148188107334  0.42954364511946430  0.44042486330293107  0.45180836705296734
  0.46384839566650388  0.47645477788105134  0.49014400930686369  0.50453268766907233
  0.51847300047267508  0.53232945387006625  0.54610203742833230  0.55991333791755837
  0.57364564995629386  0.58717888180815025  0.60034846042299761  0.61304843316582069
  0.62545421108415133  0.63818713744136268  0.65115136061262113  0.66418486577921010
  0.67694971068451648  0.68951818335206683  0.70196197786456205  0.71444928547319164
  0.72737107082748875  0.74072128031227702  0.75438879694037053  0.76849165734915836
  0.78233946065525473  0.79657355631706206  0.81133184133743252  0.82628692026748907
  0.84121577519212565  0.85684042961590656  0.87215347400635468  0.88713357853090935
  0.90170359859865745  0.91582032928460633  0.92985425038033864  0.94375312557793778
  0.95764441113829446  0.97164717133750600  0.98579450984768158  1.00000000000000000
 -0.00194958810617095  0.01079775349382548  0.02111162374881928  0.03227958801625928
  0.04310750956146463  0.05464680760754660  0.06583514378104421  0.07685349853996788
  0.08725054861024399  0.09741337527838594  0.10747013056464971  0.11782558642334755
  0.12902943026162886  0.14009411262495072  0.15099532811463662  0.16139381268450645
  0.17116634010958992  0.18061837294825006  0.19028948488381983  0.19996967574677979
  0.20940075520596185  0.21940466905512557  0.22890775825010645  0.24072156025753816
  0.25192222648836343  0.26216584418762229  0.27250092502569734  0.28260398173746548
  0.29290864208571687  0.30310577074591921  0.31323141591091619  0.32373823785548272
  0.33428196483811978  0.34486939107002507  0.35603012792707278  0.36655519790116770
  0.37693512506322613  0.38691707038952511  0.39719517652126191  0.40739070816515188
  0.41773912602621449  0.42765527269513021  0.43752298716688409  0.44733935381993212
  0.45727763245219483  0.46755883344493959  0.47804320663391275  0.48882083565034140
  0.50001395409559313  0.51203690587528505  0.52413942051759266  0.53537139760954089
  0.54618622861137445  0.55712574369251389  0.56761071020403786  0.57814377164184527
  0.58915814436440561  0.60065243330037499  0.61161689262187935  0.62213480733224624
  0.63291719243911360  0.64396524652373555  0.65521310264553378  0.66633010639140178
  0.67673259620491855  0.68667810183828892  0.69674867499082671  0.70683261948996701
  0.71686583000359017  0.72666778513918440  0.73705306226766665  0.74782518765730877
  0.75845767604583347  0.76943220392234946  0.78047837010495624  0.79104630941425691
  0.80196709754741580  0.81311959119038635  0.82488402427657903  0.83653238936851926
  0.84829017481290958  0.85902011464525874  0.86929078634570489  0.87960265833288009
  0.89071660745434289  0.90087518386057930  0.91042823372307624  0.92003602368004311
  0.92987323870062932  0.93970955155544134  0.94941507116873447  0.95934057498071834
  0.96943475497997122  0.97965896668884878  0.98970102254215786  1.00000000000000000
 -0.00234860202223855  0.00976321045924865  0.01976808728746927  0.02990881895406672
  0.04035579678673083  0.05160717165100912  0.06288081926732345  0.07459198998444994
  0.08617563885043270  0.09801848655422937  0.10949814494565413  0.12070662501668479
  0.13154935395577086  0.14185088907287660  0.15207172647106193  0.16229935217192276
  0.17291127955768607  0.18392403796372506  0.19437755759523634  0.20433997565857687
  0.21447175330677068  0.22493484218037355  0.23541746542153247  0.24613014406484190
  0.25768191271082841  0.26990971905006539  0.28215575609100152  0.29417902004365243
  0.30591644071750268  0.31669782723428402  0.32659816492004062  0.33657034572407063
  0.34687848307529429  0.35707628776771028  0.36664191440044036  0.37641096754749881
  0.38687743938801433  0.39764201833708968  0.40864261103853677  0.41941128007800593
  0.42978251214818841  0.44010688763930944  0.45073195983526221  0.46137459251903101
  0.47224942560629823  0.48356070337592610  0.49499262368882002  0.50618582620565922
  0.51714670114689087  0.52803135901599096  0.53910278360665964  0.55031097934485140
  0.56112520549022027  0.57146598651618763  0.58119437339096669  0.59090112169482456
  0.60055175826434781  0.61058471489527000  0.62034486464162397  0.62992506582343977
  0.63959064870448368  0.64981604179006125  0.66070641265034402  0.67188821779496222
  0.68307726482929765  0.69323408141527454  0.70321419085786141  0.71351114896621404
  0.72424707317867021  0.73438640461843718  0.74432547356981549  0.75438372953827204
  0.76476797386501749  0.77499963225065105  0.78507852954683033  0.79515341952793006
  0.80544303634873671  0.81555445370878399  0.82532304604000783  0.83547515751126966
  0.84608571362931873  0.85660563367958331  0.86685480884857202  0.87697880413258622
  0.88720772795020597  0.89731785770210526  0.90748732477965055  0.91769556652486861
  0.92791496309861854  0.93843744510681326  0.94931000878543736  0.96026673175800925
  0.97086710757276606  0.98117883441931464  0.99066765865129836  1.00000000000000000
 -0.00290363684699001  0.00998061588976110  0.02133800452546242  0.03278286509646967
  0.04444009018704784  0.05629874471647894  0.06795066416759771  0.07926318227743988
  0.09052699503947610  0.10160132434952666  0.11172136706777423  0.12162694318922393
  0.13172440301480398  0.14175851254923202  0.15159675887730292  0.16113069762564800
  0.17049172812736529  0.17989254089181342  0.18988744360717277  0.20037803832123705
  0.21029655531842342  0.21909605569524923  0.22791737440096868  0.23719871324353275
  0.24733153430144383  0.25756067777273195  0.26764326903742064  0.27721749192549161
  0.28691489867851927  0.29696700450663688  0.30731487310648808  0.31783771026698360
  0.32822251973504613  0.33837330817473793  0.34819287888100486  0.35787486344146618
  0.36733165884547181  0.37692099381648281  0.38696362065215706  0.39766621808528274
  0.40925668907935314  0.42077865185509367  0.43216724119143746  0.44253564572511750
  0.45205283595091322  0.46132218204059205  0.47060561574058640  0.48029644568260377
  0.49070275165665245  0.50215737215589573  0.51431893146269159  0.52620410130042983
  0.53755207343253142  0.54854225792888278  0.55904785690449454  0.56899061587739197
  0.57900121012068728  0.58961441856366681  0.60067603764307020  0.61184612075405220
  0.62264758395242736  0.63352712666524968  0.64441671725226346  0.65559588210269215
  0.66732153727702392  0.67977656924486163  0.69191582556263631  0.70314899851026214
  0.71441634489352479  0.72606448904802401  0.73801770766042474  0.75013824246634064
  0.76234895310918338  0.77411952680044260  0.78505957509337565  0.79582149430169591
  0.80617758988588728  0.81622572659804815  0.82593850140927327  0.83588692186476188
  0.84631535265618885  0.85669815415738859  0.86671057146571229  0.87669141102328074
  0.88715875826032453  0.89824761555779564  0.91007579273123407  0.92164172014240187
  0.93226622940832049  0.94201912863976212  0.95142964905718308  0.96141266283693816
  0.97149133409202038  0.98133060341179967  0.99071966754616225  1.00000000000000000
  0.00821730687606628  0.03292691055447625  0.04852667762097287  0.05992730387537355
  0.06957853934520714  0.07833917338414220  0.08679131452710158  0.09457836437559664
  0.10217494620771451  0.10902329225179803  0.11546692790976701  0.12174029903708958
  0.12811492400697871  0.13456385022864803  0.14118343356598984  0.14767360615239142
  0.15387241433321550  0.15979101904331994  0.16572892015566398  0.17181232769515584
  0.17801533336464964  0.18425160613851668  0.19048368980290037  0.19679310893814145
  0.20293772191575857  0.20914159776243141  0.21532636568959662  0.22166476818191244
  0.22813061935396789  0.23429483974596094  0.24038446699430288  0.24638136158120125
  0.25224993757961622  0.25807751444145322  0.26384434216123626  0.26947913556736325
  0.27503632344205731  0.28058260064883767  0.28621422587219492  0.29199268312094379
  0.29785876183114601  0.30378460550354242  0.30976145485663786  0.31588168622438062
  0.32214682401386507  0.32841786132340522  0.33463476102702766  0.34109763329299503
  0.34783771236147221  0.35484587855684446  0.36222540371518358  0.36948219242563013
  0.37668225997697474  0.38396512787865378  0.39127540414032763  0.39833145091225958
  0.40509153189766545  0.41171981411972464  0.41843654828619037  0.42537867565508264
  0.43250677524574904  0.43981403686535830  0.44737136539735806  0.45527869402906651
  0.46368499339567731  0.47214904863183477  0.48016754857960980  0.48847048145449629
  0.49665027404655487  0.50528435877935796  0.51432579526992672  0.52360674100672255
  0.53261117715660589  0.54129508209857269  0.54978524358911340  0.55858585565589047
  0.56772327103689491  0.57739851876582071  0.58779445952739628  0.59851284262849980
  0.60920653907081967  0.62013249043545926  0.63200240135754726  0.64467322084214562
  0.65744376820863470  0.67071469481033441  0.68461986677165987  0.69897402722402158
  0.71432652970538268  0.73128193721103196  0.75019191569119081  0.77220538739219324
  0.79735197958656301  0.82837628512472128  0.87669543216173640  1.00000000000000000
 -0.02367982547467729  0.13890686732817045  0.17639103001964312  0.19853568202369545
  0.21527152045533435  0.22929032702134675  0.24140016420908650  0.25277166824436836
  0.26346729951529224  0.27342716411237949  0.28166071062771530  0.28971904248783681
  0.29725045049583521  0.30444896284485795  0.31152192099205389  0.31854398184139393
  0.32543266662909481  0.33224198580193692  0.33868177815434486  0.34494519652202438
  0.35091374872072689  0.35681684526760554  0.36262694755598357  0.36849932047652190
  0.37418833021245634  0.37961063013901497  0.38483535791266982  0.38998606983097034
  0.39517135886274107  0.40056428856614790  0.40628221272826787  0.41211367832581292
  0.41781242742826291  0.42330298248513770  0.42852718862825490  0.43371715841476066
  0.43897091884924472  0.44428910514578707  0.44956903405585846  0.45505454733205997
  0.46040321801910883  0.46559492245526340  0.47069911702009709  0.47572325589962339
  0.48056351848637840  0.48536928796717183  0.49021484272754734  0.49512480087812916
  0.50010632537158350  0.50505081920658412  0.50991021960886063  0.51479577251150732
  0.51957930525237650  0.52457763498834564  0.52960591689453951  0.53462202028505457
  0.53965563804459360  0.54470818814696320  0.54983141818129144  0.55494936682793161
  0.56012175039166734  0.56542945403709444  0.57075787486329854  0.57595622270363656
  0.58110839678823978  0.58629074019418381  0.59161205731159361  0.59740908966540107
  0.60329284902166891  0.60919253854269573  0.61511054053720260  0.62098544181331028
  0.62688574488652749  0.63294215392684661  0.63907339255105611  0.64528581205765734
  0.65209887269739431  0.65901795643493277  0.66617106459723041  0.67306029082421903
  0.68003612837385863  0.68724476635999443  0.69525816668713547  0.70374760522214397
  0.71203775127807256  0.72064234626729884  0.72937919344093594  0.73884804064439080
  0.74892583035974758  0.75981868552578902  0.77139980369674321  0.78447340744578620
  0.80082170078559489  0.82344619329919400  0.86400618839399124  1.00000000000000000
   1.8495030527325761E-035  -1.0000000000000000     
 T T T T T T T T T T T T T T T T T T T T T T T T T T T T T T T T
  <DiscreteSampler_grid>
  grouped_processes
  1 # 1 for a reference and 2 for a running grid.
  10 # Attribute 'min_bin_probing_points' of the grid.
  1 # Attribute 'grid_mode' of the grid. 1=='default',2=='initialization'
  0.0000000000000000 # Attribute 'small_contrib_threshold' of the grid.
  0.5000000000000000 # Attribute 'damping_power' of the grid.
 # binID   n_entries weight   weight_sqr   abs_weight
    10   10   1.299282528396088E-021   3.276681324313503E-042   1.299282528396088E-021
    11   10   1.299282528396088E-021   3.276681324313503E-042   1.299282528396088E-021
  </DiscreteSampler_grid>
