 -0.00008609511624279  0.00085788129546047  0.00192247263127112  0.00343341428215062
  0.00555906504966264  0.00820205857552177  0.01125565570502580  0.01471666750783770
  0.01878425916611826  0.02330200302612667  0.02802446564835119  0.03301013133334030
  0.03836967622818750  0.04407642189931068  0.05033541220777754  0.05664818795120361
  0.06302241083768850  0.06954036206182415  0.07660937291697591  0.08410597035480868
  0.09177039840969463  0.09952187611061503  0.10724880303265427  0.11485003273628808
  0.12263749957328841  0.13082084353460319  0.13948141677140308  0.14853404997631245
  0.15783544213338460  0.16709049919327815  0.17646715820587444  0.18613153133685509
  0.19604635477261612  0.20627970714527274  0.21677646367867773  0.22739755564864028
  0.23807081923005374  0.24857568597133972  0.25882531868189729  0.26930930420119459
  0.27959081450299911  0.29039246053496842  0.30105688843075468  0.31194339862392068
  0.32318432278496650  0.33457442220741151  0.34617781952458404  0.35803955858721587
  0.37004192389855189  0.38208697548287507  0.39418825252721501  0.40624387529804445
  0.41820473932836788  0.43069277581294191  0.44313988603527538  0.45563411979828333
  0.46796340936623931  0.48013118859643372  0.49227756464979122  0.50445205237289892
  0.51657377445838215  0.52921213124666044  0.54203397126059272  0.55495183012088500
  0.56819149905256161  0.58185653238263435  0.59562068341634666  0.60948058472518285
  0.62314303845879693  0.63682064985861064  0.65058235033669687  0.66437377898856520
  0.67823132565729882  0.69201200865777068  0.70559434487765382  0.71911694658560732
  0.73269326187982042  0.74633451353308045  0.75996047401291711  0.77398707674875578
  0.78838431424484068  0.80303786936332577  0.81773087246619225  0.83213988848680964
  0.84634283113651398  0.86042225577112097  0.87447834711843220  0.88860372311573022
  0.90281329169587610  0.91678968408359629  0.93058487909381160  0.94422634350311963
  0.95802032855564390  0.97199636272320600  0.98600998821706642  1.00000000000000000
 -0.00271227929399296  0.01047215129336043  0.02159419406066761  0.03346335249264049
  0.04494465363545862  0.05600409439942323  0.06712919617152814  0.07835452693974095
  0.08889575080469431  0.09924818962125095  0.10985973309036731  0.12040861618842191
  0.13130107260873222  0.14150780969654711  0.15279598592803645  0.16423186590256469
  0.17571398523238671  0.18727550938998272  0.19875353261203582  0.20942800815569618
  0.21903688327890886  0.22858787029202152  0.23842590739976674  0.24820626738873197
  0.25763424573615190  0.26731646993817054  0.27793239048060342  0.28881783078389728
  0.29925642977803968  0.30939328929614646  0.31952336716129909  0.32951826147822849
  0.33912200291526357  0.34859315926424617  0.35853501086616552  0.36899605376308464
  0.37932673843041337  0.38964438883919711  0.40070388859322631  0.41209187080434295
  0.42322744868185985  0.43398424706406669  0.44547358274466725  0.45723162473136558
  0.46864985052003200  0.47981266631523173  0.49073616329318076  0.50170321884128066
  0.51267753476177624  0.52356363762337244  0.53433465611874409  0.54454147377490603
  0.55406951298343554  0.56343552877154290  0.57251448305542485  0.58134095818976306
  0.59027798978239943  0.59948388309272804  0.61020156089154443  0.62174091891247163
  0.63223733196659182  0.64204488150886163  0.65214283909806459  0.66311764797623030
  0.67516758033272650  0.68701170381210541  0.69756027681886046  0.70755016341405430
  0.71759336927518147  0.72779830472946749  0.73750804283654547  0.74708956587056241
  0.75729424905922194  0.76671073271822476  0.77605531381469051  0.78520974824314416
  0.79454148368586985  0.80420018898753798  0.81455659276267744  0.82619926476301664
  0.83845631844662227  0.85033842321072306  0.86141598679118669  0.87191559602288482
  0.88299620956479885  0.89425485763523860  0.90490899624981491  0.91551544701235832
  0.92619325738556857  0.93683350381795416  0.94688145287339887  0.95692900085221677
  0.96793695881647623  0.97901066563317374  0.98960343734892131  1.00000000000000000
 -0.00234696042526919  0.01413159526687058  0.02694423950464649  0.03764278101263095
  0.04756484340744847  0.05684820848594498  0.06522635183063774  0.07321458298253923
  0.08093884191280454  0.08857970316512780  0.09607554990385050  0.10331894667257152
  0.11030532941682186  0.11715405873376809  0.12400651824240813  0.13089743442528695
  0.13773952135058135  0.14450488978056614  0.15092598572988536  0.15707129412805118
  0.16318519506885851  0.16937189206854322  0.17547759517754968  0.18187217981356757
  0.18830160032554175  0.19482784103670803  0.20131768707461276  0.20765121475931525
  0.21404027255457056  0.22048963333363783  0.22699817337266298  0.23380067469947977
  0.24066663650145309  0.24747729454665138  0.25420688996692475  0.26089459071062693
  0.26764898670603682  0.27432094433958304  0.28086906352433150  0.28750235289138909
  0.29379134942678098  0.29955726809295896  0.30525378376388063  0.31115104687288303
  0.31731881421141334  0.32378387632624378  0.33020848336966435  0.33665446693969570
  0.34322979316465985  0.35007112971941290  0.35735667747991617  0.36478712934649221
  0.37199351568719224  0.37901475562573056  0.38598057986888401  0.39338088923938419
  0.40071490436885898  0.40817007670635147  0.41536774723490077  0.42325537680151265
  0.43158544119590436  0.44018938142240388  0.44920980030472235  0.45830037817867375
  0.46672471263123883  0.47504884970793831  0.48324989844081251  0.49137993988009465
  0.49983265272693411  0.50827438908812661  0.51662552161524111  0.52504767139820430
  0.53381992781836007  0.54299921869791568  0.55294322451110112  0.56296853409258285
  0.57288268618567328  0.58298545583613948  0.59335916714722670  0.60438258537197209
  0.61579479145748262  0.62760906176377473  0.63982087470343296  0.65293203734164740
  0.66751666497632978  0.68331359417784199  0.69944245367768731  0.71624698005526233
  0.73412695264280792  0.75257403939978895  0.77333409072186732  0.79709475418722675
  0.82463560709261519  0.85689346465095551  0.90162495567283052  1.00000000000000000
 -0.01995971295792867  0.13278233635450726  0.17934365007482075  0.20743650216037546
  0.23042919424252861  0.24806477151683243  0.26335718910673084  0.27754366241469397
  0.29201006122051826  0.30661189020672730  0.32054965578376093  0.33392683956558999
  0.34668898145091936  0.35830229705058292  0.36872003095462141  0.37885351620410035
  0.38867077612860046  0.39812441526331643  0.40619194278890458  0.41443822970726213
  0.42194420730157406  0.42924715417281811  0.43685873419675708  0.44439138426760599
  0.45165315434650238  0.45869685870331789  0.46562366587644283  0.47242680037555268
  0.47913353900836120  0.48607778974410154  0.49301947838352222  0.50013067642503461
  0.50662072937279523  0.51324822067862330  0.51941681358712877  0.52578839910337893
  0.53212276105314793  0.53856657591223678  0.54479445781375890  0.55089703812482416
  0.55690183115876746  0.56278367542320684  0.56870698589338486  0.57469204386436967
  0.58067235357497626  0.58660495004762225  0.59245193630418791  0.59815602993262895
  0.60413354664080687  0.60979577814187125  0.61531800946361659  0.62073479215887073
  0.62615328232965695  0.63174820719293279  0.63745946229977035  0.64308574937481311
  0.64860954233073254  0.65415230595673091  0.65968268431413146  0.66522079049722060
  0.67044674043555919  0.67551394630868677  0.68072017009290609  0.68592899199227730
  0.69101205041794944  0.69580791447925372  0.70057381011020115  0.70535913378048998
  0.71019980050035203  0.71502344619590430  0.71977855828117854  0.72451383419888538
  0.72935824282843520  0.73447987346734522  0.73978977258223655  0.74500471531642987
  0.75026866098142253  0.75609203929464630  0.76204089708159228  0.76810463428056430
  0.77422506804008917  0.78057175440017112  0.78733790409807958  0.79446706909214304
  0.80177744374841131  0.80912165187848084  0.81654996894615028  0.82453816594759199
  0.83335628444429011  0.84348048288325628  0.85507964611615916  0.86974540265268496
  0.88560956509050193  0.90509257444172042  0.93320172181199534  1.00000000000000000
   5.4455530065736992E-017  -1.0000000000000000     
 T T T T T T T T
  <DiscreteSampler_grid>
  grouped_processes
  1 # 1 for a reference and 2 for a running grid.
  10 # Attribute 'min_bin_probing_points' of the grid.
  1 # Attribute 'grid_mode' of the grid. 1=='default',2=='initialization'
  0.0000000000000000 # Attribute 'small_contrib_threshold' of the grid.
  0.5000000000000000 # Attribute 'damping_power' of the grid.
 # binID   n_entries weight   weight_sqr   abs_weight
    10   10   2.662125134549312E-005   8.833334509305517E-010   2.662125134549312E-005
    11   10   2.662125134549312E-005   8.833334509305517E-010   2.662125134549312E-005
  </DiscreteSampler_grid>
