  0.00009689600289100  0.00150464957523465  0.00255799705547849  0.00338989968053414
  0.00409449769415757  0.00469158053675233  0.00524673564970425  0.00578163567536141
  0.00630669118331082  0.00683269205977469  0.00735270232284792  0.00787115653827403
  0.00837380325407184  0.00885797821070375  0.00934613835493529  0.00983409093093847
  0.01030989019999416  0.01073613967562884  0.01113801894442621  0.01153305769405953
  0.01192308010250391  0.01232277981440474  0.01273903252179522  0.01314505586361951
  0.01354718031736641  0.01396128754270714  0.01438774122500507  0.01482446820322817
  0.01529076847731970  0.01575914148307299  0.01620803136521201  0.01664637364798562
  0.01708068145319404  0.01748425094477748  0.01790017260314025  0.01831116025369096
  0.01871932169392336  0.01913745457201460  0.01956647092928721  0.01999527442269811
  0.02041127804647058  0.02082018157878401  0.02122810457054774  0.02166434120741557
  0.02210094197635865  0.02254763091707280  0.02300468428540758  0.02346666153015067
  0.02393582655606374  0.02441565161645321  0.02488112633547932  0.02535937561241781
  0.02582166736804417  0.02628559634995428  0.02675554625969653  0.02722578836430024
  0.02769440406702313  0.02817107565572555  0.02865007811692525  0.02913924637907686
  0.02961468624186912  0.03008000790062626  0.03054431357462010  0.03101787953065265
  0.03150715201582927  0.03199737933497900  0.03250028444512051  0.03301662531020618
  0.03354367060502838  0.03405229593141507  0.03455584084270082  0.03507767463890864
  0.03561107513750324  0.03616076487622756  0.03673959190964906  0.03731894013949254
  0.03788248241228273  0.03843650500409110  0.03900931641888143  0.03959642127577757
  0.04019092444687426  0.04079705214062265  0.04146828652498135  0.04222602022896340
  0.04306167368314828  0.04395036669392058  0.04486747186448722  0.04589193697377676
  0.04722607656585430  0.04928324471376474  0.05253695964257803  0.05646280938046602
  0.06105639031089947  0.06723717674426821  0.07316185751827806  1.00000000000000000
  0.00713387075424466  0.02279886856525126  0.03672217629274728  0.04832762966000917
  0.05993780097275820  0.07076252761295114  0.08176747027122902  0.09267827753002164
  0.10338169866122489  0.11390041122803957  0.12456599243510831  0.13488857783907635
  0.14580287195493091  0.15699490431812876  0.16766054716827108  0.17746331344264688
  0.18694847697066502  0.19710146914987237  0.20793904906871052  0.21943407907625451
  0.23052940663707619  0.24098411516053980  0.25060207051258754  0.26007903578617636
  0.26956050346000526  0.27902946855528671  0.28807034931855430  0.29758483676303027
  0.30768665253981897  0.31698585205666197  0.32574165337506794  0.33487496089711044
  0.34442577931953489  0.35351252198105998  0.36198311851990667  0.37025275096618776
  0.37987458305771366  0.39259561103590346  0.40511893022079193  0.41750040183667997
  0.42919374044386971  0.44018793826179131  0.45084625392216526  0.46093107698704244
  0.47004073787061612  0.47856126733095633  0.48685095149739432  0.49564306533840680
  0.50463493163805540  0.51329232452274087  0.52224753536447266  0.53072457308371956
  0.53918970762802565  0.54866401384334085  0.55946191550800228  0.56994004560380140
  0.57913440409785832  0.58871909097781672  0.59904606263548654  0.60917828837288102
  0.61903322718989251  0.62922560106049796  0.63999521800383452  0.65007829656920801
  0.65977340487930947  0.66927960819615817  0.67908038910573498  0.68911659997923791
  0.69977700842019375  0.71074119994436691  0.72154182082462914  0.73236567922473284
  0.74375412370897187  0.75468207055903824  0.76484514396187464  0.77482399574289473
  0.78442101844937917  0.79441012657692855  0.80429328177727633  0.81407118681067447
  0.82427966870533342  0.83441083169506070  0.84444755760846857  0.85399306923088347
  0.86328765015430287  0.87254870538298346  0.88212065738937173  0.89205864591237649
  0.90254310963350259  0.91307827787303675  0.92368071832193999  0.93405066872313813
  0.94512843568181837  0.95821406821537369  0.97510299267249168  1.00000000000000000
 -0.00121884289527916  0.00597153104507133  0.00911402460975280  0.01189879833674920
  0.01496519394313060  0.01830740297228392  0.02209902397338809  0.02612937239547407
  0.03043865505504890  0.03522607385655203  0.04043443899674665  0.04614984495890610
  0.05115670120559360  0.05625618786947287  0.06134387041795682  0.06653707688644606
  0.07310132359867520  0.08063397795986994  0.08778413459663992  0.09525523370162267
  0.10283232124816531  0.10998870692166497  0.11709275178706613  0.12453579530617681
  0.13213626093654993  0.13955795898137477  0.14701386037712347  0.15493114857984056
  0.16285847878303258  0.17136797986816435  0.18018611692291475  0.18888786530318860
  0.19777519876937788  0.20706972879978766  0.21661400859458335  0.22588177002635243
  0.23488251114415234  0.24404235692120996  0.25327262137810447  0.26280020783299823
  0.27282710200832549  0.28356358529149572  0.29360020149911847  0.30315285519743579
  0.31246369937109170  0.32229398174778767  0.33317603334620843  0.34528605993865646
  0.35826785297977193  0.37146643456554251  0.38430207901394575  0.39665426202407683
  0.40886591314762860  0.42197584092717882  0.43551047467505388  0.44938199910490439
  0.46290984424483683  0.47549750043690553  0.48799673390996284  0.50018481839577933
  0.51222857822620971  0.52437701845488960  0.53695743163662035  0.54960423917754753
  0.56235823779999761  0.57532430132161860  0.58821174071793003  0.60056744345716795
  0.61291492470286402  0.62530905765210787  0.63779607090687507  0.65031853803431805
  0.66276418924818459  0.67528429267799006  0.68843115681183531  0.70282477849202107
  0.71824033579522950  0.73327296872466907  0.74790096657456084  0.76239460353278532
  0.77721903835821182  0.79318110379788864  0.80836998417803518  0.82332494475587847
  0.83817197490806628  0.85312136274230854  0.87034754787970026  0.88726699251284324
  0.90295013448142880  0.91704875396216534  0.93067963574743340  0.94400045911051822
  0.95761783075397056  0.97149714724633696  0.98562140109170626  1.00000000000000000
 -0.00232429484251385  0.00967248015340951  0.02017246158411723  0.03049750836938762
  0.04058556722390131  0.05187762991757011  0.06320046508479976  0.07324052457871293
  0.08290116163886888  0.09267929165369691  0.10283815743109170  0.11269755854931027
  0.12207933810100452  0.13119577078158579  0.14039407661487341  0.15046492475477136
  0.16149933043497611  0.17173437214871684  0.18105090699125181  0.19046899701356779
  0.19964047411288072  0.20844635191155286  0.21714063662536856  0.22600539911349102
  0.23576847265469711  0.24617356275171462  0.25669240658000769  0.26688142682571786
  0.27730820843943271  0.28784099667441632  0.29806409497692066  0.30788894823848839
  0.31751344583617758  0.32705277163436108  0.33624715521532433  0.34507654667402943
  0.35453915197408398  0.36525813489473030  0.37571652841284875  0.38611381399546335
  0.39646740498727595  0.40781261288926685  0.41985506972769765  0.43200348566121616
  0.44351336520005613  0.45503867871464115  0.46700524283345546  0.47887395632794399
  0.49109635451024158  0.50444190517476095  0.51800300024374824  0.53042314322750805
  0.54161033047769602  0.55157300509558915  0.56082995540650704  0.57012265008716545
  0.57960184426599037  0.58918472341204497  0.59866864083647331  0.60848043340716651
  0.61893734444220827  0.62983114336325130  0.64083431432482185  0.65135842479909456
  0.66116171430408188  0.67155156946122296  0.68248037210440238  0.69320422762997691
  0.70364116422295320  0.71430536877615780  0.72524193072332022  0.73618407138995101
  0.74719433120362022  0.75805960819352736  0.76905932934832355  0.78029143965367276
  0.79214108228584934  0.80356620323122852  0.81445669676901977  0.82477429799399216
  0.83536481131961748  0.84628172615902630  0.85782053506563272  0.86873408945548969
  0.88012147878984326  0.89141070584549953  0.90285691682642566  0.91399998492384793
  0.92495685244069392  0.93607757965272431  0.94733068209775106  0.95910883902302024
  0.97042924252014795  0.98152161928761894  0.99125826080518364  1.00000000000000000
 -0.00354121493516394  0.01181178433410297  0.02543002370018540  0.03831767342943302
  0.05078670300182697  0.06262113084527587  0.07400671021973407  0.08566034558255008
  0.09794664124010588  0.11064040312830224  0.12345817998179677  0.13575628319621982
  0.14703340584573005  0.15748235842568672  0.16752515063261167  0.17743914956765669
  0.18715328219160618  0.19625051107613234  0.20500599617791110  0.21432866891672303
  0.22447211701957948  0.23470251635210007  0.24477778024448321  0.25520770313613106
  0.26602923622387631  0.27638119437994041  0.28584604107929895  0.29519220319844863
  0.30500609011368879  0.31538760791751558  0.32606538379921596  0.33699622773499588
  0.34847008643888183  0.35979007959377979  0.36977275740465854  0.37968810838850836
  0.38988166604532626  0.40038160482417962  0.41073498384555024  0.42063572876366462
  0.43059708827851384  0.44101277565467267  0.45201815480383595  0.46374615300651828
  0.47558869044095009  0.48774199332065932  0.50000712885411558  0.51199323626624271
  0.52351342384737443  0.53408888643069374  0.54508966802667835  0.55660847899599486
  0.56800056480025241  0.57910976584480622  0.58897599584684301  0.59856811076167593
  0.60830189389431877  0.61844079327335322  0.62889894280597480  0.63932840787162581
  0.64977135233606420  0.66057121040675937  0.67158392682087664  0.68298595365675618
  0.69477203712442781  0.70630186434192199  0.71659844000781803  0.72616750399373964
  0.73624492955087573  0.74654791890244188  0.75598516154495188  0.76456943541098610
  0.77320111472381969  0.78215185763976447  0.79103063750540648  0.79997318306561382
  0.80875295206765485  0.81833732346567345  0.82839448159713935  0.83878262448881180
  0.84850421625606787  0.85902517578015414  0.87027952149019427  0.88077372658868003
  0.89045184839043701  0.89952743298258886  0.90897663564009512  0.91926786017927498
  0.92931419976082319  0.93897077197752088  0.94932780488446955  0.95915336538737350
  0.96917782034193456  0.97924074675999973  0.98941468303845626  1.00000000000000000
 -0.00195667278170507  0.00979211474151196  0.02142026697333383  0.03375188061976248
  0.04588224971948730  0.05721117901021862  0.06828459165845249  0.07938047177486759
  0.09053113099413682  0.10073335093962592  0.11151490343261877  0.12233522687090859
  0.13348022334627649  0.14412566501081250  0.15394794362286199  0.16371747187871058
  0.17298837170330172  0.18253877834587534  0.19185990771065892  0.20180011756760952
  0.21138417285033106  0.22215355994284566  0.23257293443508947  0.24384536272142993
  0.25482063864969784  0.26658741115708801  0.27626649348691362  0.28634327840491491
  0.29601609745948188  0.30643577010115047  0.31691515901775230  0.32738456044149372
  0.33663666466204545  0.34508857651582581  0.35373584420063708  0.36279876769645003
  0.37187483738898841  0.38073278565822932  0.38963795860849226  0.39884286212071884
  0.40866287621979253  0.41844421912106800  0.42821286386786805  0.43833731557442618
  0.44886733721540745  0.46051578256792880  0.47291454145385919  0.48481880002996935
  0.49598886210906540  0.50663311578120129  0.51732329444743341  0.52842685793787247
  0.53937492556093247  0.54952063954143304  0.55931968544284782  0.56941732624240693
  0.57988978890993603  0.58979757589043824  0.59976352896328311  0.61092020075325904
  0.62336028334284921  0.63585115890939226  0.64793227000502629  0.65979591197176424
  0.67092492525028191  0.68142790035244383  0.69213047298889019  0.70344010903637910
  0.71459254584535359  0.72577467001113960  0.73637086737088031  0.74731731386964573
  0.75788213147248351  0.76882080083818338  0.77891097226801131  0.78856804395224400
  0.79796725784461175  0.80730141502644870  0.81697819219232393  0.82676777584785088
  0.83637005214968763  0.84653315156058906  0.85717033634701556  0.86861014318630514
  0.88048090581542915  0.89202870911875165  0.90349689474700789  0.91485964825430000
  0.92622537789907700  0.93813602431146548  0.95104573358859501  0.96217976503014868
  0.97183851064228544  0.98112129582411811  0.99052831965718313  1.00000000000000000
 -0.00178744240226321  0.00661812168586828  0.01429019154060477  0.02292393874846339
  0.03206816499379783  0.04028766481901169  0.05016953721929850  0.06005606037749473
  0.07054781253910500  0.08121838162115771  0.09174780245302523  0.10306014133675856
  0.11464048805826874  0.12650788090252729  0.13822870025604703  0.14939751285588240
  0.15957210073995023  0.16954023306774954  0.17997565264843274  0.19030530980495386
  0.19987466948979102  0.20907479556579425  0.21853786017094021  0.22815771357346090
  0.23746473910422611  0.24640300044761768  0.25587772772665685  0.26540741766359244
  0.27502224204180947  0.28485396488964770  0.29526287582330646  0.30561344504437060
  0.31551726995061036  0.32486563098901899  0.33418108300082588  0.34383367361226558
  0.35381444134317996  0.36383209892879670  0.37380109802692363  0.38391320743253743
  0.39417633613048209  0.40498165445720941  0.41646994462439080  0.42836997568115132
  0.44027728809703964  0.45176639070548918  0.46340759024930855  0.47522003183399819
  0.48750378569712433  0.49956962656636306  0.51076939246189956  0.52097467336340542
  0.53004978814491088  0.53912783375405215  0.54886504610421027  0.55928368800179262
  0.57029373959042506  0.58143334917980027  0.59294700798093047  0.60493482161249923
  0.61754517016658439  0.63040017251293512  0.64283217051097075  0.65546690006101815
  0.66812087263712105  0.68086116878375225  0.69318037949999556  0.70413928618250854
  0.71469404704775796  0.72508380946791606  0.73564477866849720  0.74654486729856362
  0.75844847094801349  0.77024719317868029  0.78193292559537875  0.79325944612927413
  0.80436492890069866  0.81452195449839737  0.82353287813618004  0.83386247201434127
  0.84426301098602496  0.85435050077966879  0.86346284269353557  0.87236298988902872
  0.88220391923065677  0.89324104733331688  0.90412314049979203  0.91443635140573709
  0.92427857458862817  0.93395869691864086  0.94373959364521409  0.95388932387894232
  0.96472880318706211  0.97609530836540981  0.98777879403072144  1.00000000000000000
 -0.00293007412027522  0.00983405431017450  0.02055666585758115  0.03061189040352539
  0.04097915627299328  0.05189301712734349  0.06282466923294780  0.07284154815935034
  0.08296226611410377  0.09456788876123935  0.10686551855662794  0.11839195189420704
  0.12926841009985859  0.13901546181412386  0.14831781371158195  0.15737156599787908
  0.16660343209017045  0.17585253746019472  0.18511567691546249  0.19585789908935539
  0.20752340303044584  0.22047790584281618  0.23245531392100582  0.24331543302681102
  0.25368631884306414  0.26392168549673339  0.27401496954258042  0.28409741496972690
  0.29553054684778879  0.30861123390023215  0.32236988025224522  0.33542901211135168
  0.34707049828017300  0.35769903573452633  0.36759702088469781  0.37720443387083291
  0.38699642877986751  0.39708541358806654  0.40724666962712264  0.41758622510066395
  0.42840560537430389  0.43908165326980741  0.44866402838366376  0.45759249565978816
  0.46683366747927446  0.47686836749980366  0.48686979116034390  0.49646061806971065
  0.50609008754402474  0.51605265943504486  0.52612776687147988  0.53625512196404090
  0.54631785245808340  0.55595351750781763  0.56547362300329329  0.57493302784661071
  0.58501259004677242  0.59596410735290883  0.60749917905302508  0.61964419624528022
  0.63189827642954166  0.64348852606461393  0.65406638977228071  0.66411090920293492
  0.67469551676101602  0.68594669606422332  0.69735080376528369  0.70919297013340576
  0.72176356364637850  0.73356258600489688  0.74346037549849242  0.75364448143227125
  0.76324287051439865  0.77215324066005842  0.78064607906532790  0.78920951252000338
  0.79828245239242646  0.80786412740665781  0.81735130790318877  0.82670992276085320
  0.83602768481280076  0.84562043635157413  0.85515672774433704  0.86460138482538740
  0.87422456912601243  0.88435236323788846  0.89540812340699594  0.90689856549646308
  0.91865785799495658  0.93033550030260170  0.94156403644410880  0.95311880632386414
  0.96559242442215387  0.97788724731182319  0.98930218986903629  1.00000000000000000
  0.00524386147321996  0.03564627277278277  0.05742232198459947  0.07063172830412501
  0.08197543735790741  0.09092039074554738  0.09944961729443168  0.10783190978831836
  0.11617326299662099  0.12451713577513943  0.13263924172585267  0.14033233596796435
  0.14780304037089367  0.15499691524855969  0.16247447099948673  0.16997125168062144
  0.17740912698051001  0.18470147338480722  0.19160183460106212  0.19815853499472932
  0.20441683283853540  0.21048488343327126  0.21661050958049066  0.22311830227421653
  0.23019140167861779  0.23752525975670552  0.24456459486831822  0.25118617456369857
  0.25761781897519970  0.26414914669944900  0.27078049658077852  0.27733680823754775
  0.28349778691604999  0.28986566916073830  0.29619273737300134  0.30259235971403842
  0.30931380497386224  0.31569333659949972  0.32181147691044976  0.32798942676729503
  0.33410564594218789  0.34029771248475671  0.34640975114151268  0.35223046586771195
  0.35778995131564373  0.36323726473053469  0.36870018104706914  0.37439757611584823
  0.38048819210964696  0.38654125852904225  0.39272706352635428  0.39979696695904460
  0.40729368262280802  0.41461331973765431  0.42165856315243161  0.42842608524281689
  0.43517121063761993  0.44209564565357695  0.44932270141712710  0.45718410755011779
  0.46570525279739677  0.47416867521876960  0.48217487484681032  0.49002599415564385
  0.49813340336146267  0.50678480766925438  0.51542814146448135  0.52394607274556459
  0.53209856884653839  0.54018877761818129  0.54907970029837327  0.55906391369773722
  0.56876297930964204  0.57932635771310459  0.58960934828582390  0.59988710907834486
  0.60925847610262085  0.61830787842855683  0.62762521543097427  0.63753071540870720
  0.64769517363633455  0.65842813951859924  0.66998489787755666  0.68293730187508161
  0.69579078339364842  0.70834896822038951  0.72151899122017904  0.73584135684097107
  0.75089314621789049  0.76607728755059390  0.78434376464472877  0.80444870963305382
  0.82914719245825863  0.85964879421748108  0.90062980145371041  1.00000000000000000
 -0.02199433325337157  0.15616730793354100  0.21308450226801057  0.24793800471786523
  0.27387573470318394  0.29627113778071301  0.31545390339867263  0.33257236656641997
  0.34668512724429307  0.35889172121905910  0.36994174184682327  0.38084205470741905
  0.39143339182503939  0.40172078518868548  0.41163805101610773  0.42105152250775807
  0.43030015655619525  0.43917305155174541  0.44740125151711541  0.45522843551170539
  0.46250046045290505  0.46929815119078855  0.47586693884474696  0.48249806160372055
  0.48920419362946255  0.49579764741881416  0.50218023032082382  0.50834894375410222
  0.51451008695726907  0.52054938866227729  0.52680776830466047  0.53300870270764600
  0.53927337905955353  0.54497743800895004  0.55021251140583272  0.55549162238495731
  0.56083934584797246  0.56637216084817077  0.57184417529169607  0.57705118158171165
  0.58217007507619167  0.58742134848694560  0.59276902454083424  0.59809124861800900
  0.60361014950194458  0.60933206571843712  0.61499823614198801  0.62044352236504619
  0.62573594526683063  0.63096483022089034  0.63617095586015704  0.64137120898679445
  0.64662475988106782  0.65187821245711985  0.65719056289107047  0.66274204315516083
  0.66769171355840595  0.67194366388003790  0.67629240997960960  0.68066289148303261
  0.68500790538576128  0.68926709535451869  0.69374916872706371  0.69814497545538989
  0.70289737030448640  0.70769926363404401  0.71248655362734126  0.71737803250023735
  0.72209824636334263  0.72678231363562718  0.73193814272027846  0.73734081596135370
  0.74305425368708622  0.74902451448459895  0.75435694327907898  0.75948534377447230
  0.76469291374888460  0.76998064764953100  0.77527488787200827  0.78061487116377759
  0.78609015846806896  0.79169456599983279  0.79746085139012246  0.80343864751601690
  0.80973954884232391  0.81669394050513155  0.82423728541716090  0.83194592271195178
  0.83981067351009475  0.84820300944254345  0.85831608163995565  0.86987503718676407
  0.88279703391045827  0.89959215911129253  0.92997195176453962  1.00000000000000000
   7.5451523374340800E-013  -1.0000000000000000     
 F F F F T T T T F F F F T T T T F F F F F F F F F F F F F F F F F F F F F F F F F F F F F F F F F F F F T T T T F F F F T T T T F F F F T T T T F F F F T T T T F F F F F F F F F F F F F F F F F F F F F F F F F F F F F F F F F F F F T T T T F F F F T T T T
  <DiscreteSampler_grid>
  grouped_processes
  1 # 1 for a reference and 2 for a running grid.
  10 # Attribute 'min_bin_probing_points' of the grid.
  1 # Attribute 'grid_mode' of the grid. 1=='default',2=='initialization'
  0.0000000000000000 # Attribute 'small_contrib_threshold' of the grid.
  0.5000000000000000 # Attribute 'damping_power' of the grid.
 # binID   n_entries weight   weight_sqr   abs_weight
    10   10   8.567114286067912E-002   2.175939159624594E-002   8.567114286067912E-002
    11   10   8.567114286067912E-002   2.175939159624600E-002   8.567114286067912E-002
  </DiscreteSampler_grid>
