 -0.00009274079391194  0.00090518360143186  0.00208128265659078  0.00377135011051925
  0.00599754101270691  0.00862261638910822  0.01172652181024625  0.01533048456745469
  0.01925362709637226  0.02344003002711339  0.02789763316122235  0.03282044164212657
  0.03833373687048745  0.04389768835087306  0.04963023643833033  0.05553125757889092
  0.06190605865290798  0.06845360959360755  0.07505506473208937  0.08178093913024187
  0.08906349222583920  0.09619395225416817  0.10372735659697828  0.11130717301982108
  0.11910544341623107  0.12704799258629371  0.13536155195481070  0.14407392926127155
  0.15299648737727425  0.16242279558475675  0.17210727817653745  0.18170078262192510
  0.19143786966276308  0.20140943782498286  0.21147217252703782  0.22165902821988978
  0.23205960358850911  0.24239151583562896  0.25228830127388885  0.26221149248613690
  0.27273605881958107  0.28351554202123319  0.29436087276614009  0.30483597554231645
  0.31595223192840705  0.32695051803556657  0.33798627162573591  0.34927438620862511
  0.36044334949870221  0.37190455253743326  0.38367793954648560  0.39548169230608926
  0.40739215461530759  0.41931309199470079  0.43090527822272906  0.44338972450539454
  0.45585164643703213  0.46789790966781386  0.48059306543544816  0.49310545717121429
  0.50559737704786578  0.51837086571230595  0.53130128846705982  0.54399885179992180
  0.55709257168701953  0.57076053959143724  0.58504054555916107  0.59977479920414856
  0.61467726673318857  0.62921089243785566  0.64349985300804502  0.65788339860128942
  0.67242408125101483  0.68703800776702950  0.70144300599711573  0.71596213103839035
  0.73049521634954351  0.74500736183379612  0.75949727783113741  0.77398289237645757
  0.78839863682094280  0.80234253528203447  0.81597029446634217  0.82945023880294233
  0.84285540374364487  0.85646279612109766  0.87031761067603597  0.88436787929817617
  0.89855323112538099  0.91285000998373411  0.92740360833221014  0.94193196631677001
  0.95657007639117020  0.97115838619185835  0.98562830349569441  1.00000000000000000
 -0.00221002244857278  0.00885583382612838  0.01859274627412851  0.02865182358455213
  0.03880747796113644  0.04883029445987817  0.05842384056434032  0.06768569977241418
  0.07700979997934337  0.08697846345437964  0.09797453248172161  0.10890113457420848
  0.11924157253305809  0.12935087759093128  0.13967943815147721  0.15012069502277453
  0.16111439186078894  0.17293902298604097  0.18548448996333533  0.19720246700065330
  0.20838551742165470  0.21928550851011033  0.23044985631449094  0.24092412476602659
  0.25172032162945446  0.26246988248452358  0.27289209561852573  0.28370356885000070
  0.29407405582056456  0.30460715588124554  0.31495167761607867  0.32563722089463820
  0.33595904690400546  0.34584195871960444  0.35648216400865518  0.36846759047857414
  0.38039568024471687  0.39141572725701285  0.40188982070314039  0.41177931126604178
  0.42156061829597524  0.43137270142723677  0.44131417893273295  0.45130191847889572
  0.46096535713834214  0.47135819411776375  0.48209293724227886  0.49337700074833324
  0.50427615435521245  0.51413385193774175  0.52367697214214370  0.53316819145978656
  0.54286877052580962  0.55318013239810793  0.56308867693109066  0.57353163266773710
  0.58430108480493548  0.59616572741592078  0.60825514046794815  0.61958687685065617
  0.63075697318493340  0.64144215124785320  0.65215177303495120  0.66237082552316306
  0.67301311654985541  0.68444288600196512  0.69702586385574783  0.71066473866667212
  0.72369357533205370  0.73538629738441863  0.74625617643230457  0.75635934924572834
  0.76591331366944038  0.77528953649616439  0.78434972182475515  0.79406071281918356
  0.80400215236291883  0.81415729782646629  0.82538561236570829  0.83615091452169110
  0.84652633304307401  0.85756748525943061  0.86912893522664836  0.87971163097192606
  0.88988289926295694  0.90017236843512061  0.91082573355249619  0.92094627334768320
  0.93052820908851419  0.93971816924888540  0.94919292568940783  0.95891300412340319
  0.96903295369618359  0.97892430907197026  0.98945069385868945  1.00000000000000000
 -0.00131539014344089  0.01143713714503540  0.02157496062377758  0.03089121921928636
  0.04010905786138224  0.04890422899952959  0.05734890326366729  0.06595206239316094
  0.07459415903460979  0.08268319666145846  0.08987825382946195  0.09652713450101091
  0.10347554869283046  0.11027831326974764  0.11702132387208285  0.12360684858637760
  0.12990409698437227  0.13602030744489241  0.14232720862021844  0.14873250856401524
  0.15524240019523192  0.16178817128632186  0.16836218775337830  0.17479984352144942
  0.18099619464290631  0.18738315563636385  0.19414338014314486  0.20130318564540392
  0.20871919770312702  0.21620445587660664  0.22362589438118105  0.23045019713208259
  0.23745806284083770  0.24462093457267320  0.25194219472521789  0.25935992021915172
  0.26664955492382203  0.27363313481521462  0.28041287949420873  0.28726997549588329
  0.29415076073396756  0.30085335339257374  0.30748621140672533  0.31378614938259120
  0.31965253199986360  0.32556260048612612  0.33152953513373767  0.33768425832427817
  0.34389535609189881  0.35030437192416214  0.35657613120017750  0.36277872613227830
  0.36901318927997734  0.37542522187990607  0.38210348998411214  0.38875260324073008
  0.39561177466663300  0.40282781058018735  0.41032761688868252  0.41818678385302055
  0.42668608324611912  0.43559625746998426  0.44427450274337815  0.45325740616464405
  0.46219982944983434  0.47133356041295049  0.48077120459491546  0.49011362916025353
  0.49952747735338909  0.50869733273531870  0.51777202604522110  0.52706344667437199
  0.53701373873975466  0.54765672188767367  0.55822908764113899  0.56880231980849016
  0.57923195472786049  0.58979458523937156  0.60030371012999451  0.61137813811691355
  0.62280673356753513  0.63560703609845259  0.64921396864157499  0.66316242336227271
  0.67722115524209536  0.69225128673545555  0.70805446806694894  0.72436885562945452
  0.74144524918837817  0.76033061599725782  0.78179192626211746  0.80420399844194890
  0.82955687663192879  0.85923278262026970  0.90327465157407272  1.00000000000000000
 -0.02196263995020633  0.14824561691303914  0.19761084464453257  0.23033783874000985
  0.25940864458104690  0.28322010168517303  0.30312185183464452  0.32114511705338944
  0.33838055063607958  0.35490521752292165  0.36883986258886842  0.38209653054604392
  0.39530231495349172  0.40786982083475987  0.41968585485151766  0.43139475265140703
  0.44245586319575003  0.45329324611270960  0.46380522356888704  0.47379548497165408
  0.48305893583493015  0.49235809421065863  0.50083701353666488  0.50858105698957001
  0.51603680084557468  0.52342299561600591  0.53088245608285323  0.53834151169859945
  0.54550782554156896  0.55220380883960440  0.55868323856010049  0.56533304555544373
  0.57238583262467801  0.57964162972898170  0.58662304802895404  0.59316312679709160
  0.59952680526533331  0.60582616682998691  0.61216860094674919  0.61826183652003430
  0.62410461798326422  0.62995148781180710  0.63585355130428745  0.64186426967429178
  0.64809052100936371  0.65457684619914691  0.66081260508175466  0.66663311094781419
  0.67226759426451999  0.67797254792714357  0.68377938157851281  0.68936924213835971
  0.69433549854167065  0.69906880268279425  0.70365108493669160  0.70821812435808118
  0.71274523831049841  0.71720028111689282  0.72171733339020683  0.72630213102739904
  0.73089665271023807  0.73545615533309483  0.73996439502243883  0.74441865307053112
  0.74887695194090620  0.75353991987879587  0.75830189968327222  0.76314295865941850
  0.76787824249721792  0.77233449584514591  0.77653073677431061  0.78080066930789671
  0.78522458744788703  0.78979144376192145  0.79445934248169203  0.79924105611389118
  0.80408336597673524  0.80891265813917490  0.81382322907565519  0.81866716381707250
  0.82341116172992990  0.82812523203279420  0.83300981447287481  0.83831242638813586
  0.84418925058315142  0.85001198599363792  0.85620145746210941  0.86275696977157224
  0.86951511299538320  0.87693615936785885  0.88535165431612739  0.89489594785836135
  0.90612028033515024  0.92068353744831299  0.94440150338041440  1.00000000000000000
   1.4677533400655591E-017  -1.0000000000000000     
 T T T T T F F T
  <DiscreteSampler_grid>
  grouped_processes
  1 # 1 for a reference and 2 for a running grid.
  10 # Attribute 'min_bin_probing_points' of the grid.
  1 # Attribute 'grid_mode' of the grid. 1=='default',2=='initialization'
  0.0000000000000000 # Attribute 'small_contrib_threshold' of the grid.
  0.5000000000000000 # Attribute 'damping_power' of the grid.
 # binID   n_entries weight   weight_sqr   abs_weight
    10   10   1.095318196038569E-005   1.524617347743013E-010   1.095318196038569E-005
    11   10   1.095318196038569E-005   1.524617347743013E-010   1.095318196038569E-005
  </DiscreteSampler_grid>
