 -0.00029509230255668  0.00674536231043621  0.01685949028812029  0.02751325704997139
  0.03908632666187175  0.04990716959390412  0.06076945934315406  0.07160366618947789
  0.08191822580707597  0.09204044593683924  0.10229609656485933  0.11242644643757164
  0.12249952133399433  0.13233116075021464  0.14173369046428785  0.15099009678224173
  0.16022325029349022  0.16940974151404145  0.17884048591064799  0.18831033449296827
  0.19773940894897890  0.20705261632746957  0.21621900239244995  0.22518337640841954
  0.23431748737223501  0.24347050751043695  0.25261738101860748  0.26168704541309984
  0.27084159192741986  0.28004561482915991  0.28925827344925253  0.29830359403089679
  0.30704608819976598  0.31562907922765243  0.32419555487431589  0.33261539853518979
  0.34078893699445184  0.34885843042746090  0.35693670793307364  0.36502120891934303
  0.37343233483500754  0.38148038780893823  0.38939606987987618  0.39725323959552711
  0.40506814030660293  0.41292496314837451  0.42081780038053729  0.42873563944208443
  0.43684571225309743  0.44538610922348243  0.45372539903839465  0.46203511728627744
  0.47027558815745324  0.47837345463166414  0.48649806434011467  0.49471180477130711
  0.50297634186704443  0.51140829200846238  0.52124103618727380  0.53101222507103496
  0.54066231271054643  0.55021900240749966  0.55973225759469503  0.56924646346223740
  0.57872467323324805  0.58805857784297577  0.59754443413913383  0.60724759933966677
  0.61717468539947151  0.62734478121915560  0.63743111211681369  0.64755863293197924
  0.65732579467277918  0.66687359304679239  0.67649211212029237  0.68614119929206663
  0.69613530346832997  0.70626707541281120  0.71648254822056878  0.72700567998313759
  0.73782472829703782  0.74880309214538998  0.75992785044975619  0.77133357029902416
  0.78314180973189051  0.79564779165271526  0.80853142640711162  0.82173394960569246
  0.83531426267772346  0.85010231746788112  0.86798924271958033  0.88637136279806306
  0.90671679165847630  0.93054989103468022  0.96171722286046013  1.00000000000000000
 -0.00233861491711308  0.00926492962618139  0.01977386242883562  0.02988094143238763
  0.04008612315613167  0.05032494855683821  0.06064848196443239  0.07115405172927555
  0.08148294354222167  0.09156640840687240  0.10133469662065883  0.11124852097250178
  0.12110032711003016  0.13151044889655616  0.14235449197220262  0.15344527093206453
  0.16467727992396033  0.17566790972531202  0.18611546901756881  0.19614996793074080
  0.20631739345545727  0.21743116186446956  0.22974777607586488  0.24165459952297996
  0.25342962070126412  0.26474172046917865  0.27583853914763956  0.28668200883245748
  0.29782650885909978  0.30925768018176025  0.32064344484227691  0.33197799628684699
  0.34346073424747464  0.35434252725949011  0.36434141518722035  0.37417976802191610
  0.38414562285820775  0.39396518257163821  0.40317798821997042  0.41188277449114591
  0.42100002264333108  0.43051759956905500  0.44040110459402371  0.44994407054808122
  0.45948719604887950  0.46998650843472500  0.48043926274543569  0.49083479587517548
  0.50067925412218184  0.51013371005827790  0.51959557590202854  0.52939611695079936
  0.53948099884800216  0.54965031436985889  0.55971922603804636  0.56993361294611056
  0.58045477925598510  0.59163554423486941  0.60298216399102100  0.61383975859536255
  0.62461873147492752  0.63556170060525741  0.64595391521080558  0.65565132760819955
  0.66505595700296527  0.67483048802611911  0.68491585305637459  0.69523613003127738
  0.70584017766664253  0.71702277586465535  0.72850452276862976  0.73966842966695245
  0.75048929760930660  0.76079616485813040  0.77084673596083109  0.78069058635789690
  0.79052024605841376  0.80046761927844423  0.81072358412034651  0.82177380364563024
  0.83315150580252595  0.84448769440107707  0.85559213636816356  0.86666512032656451
  0.87746793745958984  0.88832318701931201  0.89924758216675327  0.91050688297404236
  0.92143471363335616  0.93241458085590756  0.94325924878272460  0.95434032730598461
  0.96537341025784873  0.97658768389668305  0.98821598244111786  1.00000000000000000
 -0.00878488815569871  0.05940470699802820  0.09588161898026050  0.12256038856550340
  0.14427090276163362  0.16335101567949459  0.18070985762701230  0.19697178419927389
  0.21198445160209445  0.22566520308361618  0.23856627405712474  0.25108580664027980
  0.26353148389641301  0.27543850418991006  0.28695926967053892  0.29817514111814541
  0.30907320713216113  0.31956265557858943  0.32963915438311747  0.33974397348378782
  0.34948869331029220  0.35915276904139198  0.36879366755564541  0.37814280528013583
  0.38718496507647726  0.39592271320028760  0.40455168058941943  0.41310559377226719
  0.42167712242093308  0.43026530015388370  0.43902041874928066  0.44810917752999990
  0.45719133693760555  0.46563941925835217  0.47370531810140609  0.48183240290925788
  0.48945328583107583  0.49704366977486641  0.50404199486722867  0.51099754774527106
  0.51797227682392943  0.52484956362735768  0.53162486522716312  0.53843652110282525
  0.54534088547363835  0.55212312404479535  0.55880256497024272  0.56552328233980143
  0.57232704283125424  0.57913883074356798  0.58618765922481419  0.59369103400949885
  0.60142661673243214  0.60903372788270471  0.61638362823057491  0.62345393583784880
  0.63039251936705454  0.63733151923258557  0.64427228539846315  0.65127510384266929
  0.65797141025496608  0.66492252983483169  0.67185875119572647  0.67880890664499371
  0.68583350685605049  0.69323853281713599  0.70085798507440800  0.70841240971218755
  0.71609423712782871  0.72382983253153266  0.73162376883622404  0.73942897580443678
  0.74684579679685570  0.75402427969706820  0.76102987644861286  0.76800722095095797
  0.77493663256257961  0.78189617854476323  0.78908029340161800  0.79667130611497805
  0.80446756612543391  0.81261376863372348  0.82129526301329692  0.83017213670672041
  0.83915481955388693  0.84861523254106086  0.85826771233132038  0.86790267140165656
  0.87772653017869406  0.88780997271031958  0.89844579147814452  0.91007104015026741
  0.92338762615738368  0.93976924795614580  0.96287026971625178  1.00000000000000000
 -0.02031659200951848  0.13643930692949829  0.18252283223354160  0.21147714224914610
  0.23494594228131183  0.25437457881221154  0.27223313115066072  0.28902502502273686
  0.30484914455248202  0.31889815177925246  0.33131895159355079  0.34283350451988681
  0.35352104635777781  0.36333138187599978  0.37285192162545350  0.38246294140972292
  0.39199649582586943  0.40104948189676504  0.40964240766206383  0.41823160775044271
  0.42667945982011257  0.43484002054650883  0.44237071084857371  0.44954684875488565
  0.45651409591906295  0.46413161800629310  0.47192815183126618  0.47962327253965370
  0.48691640629402960  0.49390480107773632  0.50075720963014725  0.50758280704995018
  0.51446941317956929  0.52118254416916299  0.52730228124411005  0.53309327463310519
  0.53889178069990129  0.54454695370365924  0.55008310665970084  0.55543707719344315
  0.56063199287543453  0.56574157699891259  0.57086907547054833  0.57605133415297693
  0.58127053271142204  0.58633195910400393  0.59145676766787347  0.59642247362692480
  0.60131540080800361  0.60628012379410456  0.61128800707726827  0.61637064241359585
  0.62138550898738332  0.62651925004111741  0.63179797458639142  0.63705358812112667
  0.64230696464601522  0.64757447672673663  0.65258369035665664  0.65758729306114538
  0.66266083233153095  0.66765325342804449  0.67260022566306177  0.67758824406031515
  0.68254468197001938  0.68753338364523020  0.69256467387046639  0.69761131401081544
  0.70272109215374667  0.70803239220695402  0.71361041521917068  0.71948283243191369
  0.72521390796719332  0.73077971142056475  0.73636907588993539  0.74199649068495555
  0.74771627191407108  0.75379145366204536  0.76023216730572774  0.76671702196182656
  0.77335544084496632  0.78033142070586059  0.78749618760311380  0.79505199999142140
  0.80306569554943852  0.81135881707846602  0.81997941251180750  0.82899469991711427
  0.83819202557778194  0.84765128408287715  0.85778906517639497  0.86957542165921553
  0.88344531424649597  0.90127995886246681  0.92952445237318693  1.00000000000000000
   8.6980469804096396E-009  -1.0000000000000000     
 T T T T T T T T
  <DiscreteSampler_grid>
  grouped_processes
  1 # 1 for a reference and 2 for a running grid.
  10 # Attribute 'min_bin_probing_points' of the grid.
  1 # Attribute 'grid_mode' of the grid. 1=='default',2=='initialization'
  0.0000000000000000 # Attribute 'small_contrib_threshold' of the grid.
  0.5000000000000000 # Attribute 'damping_power' of the grid.
 # binID   n_entries weight   weight_sqr   abs_weight
    10   10   4.695710034520424E+003   6.108913460896661E+007   4.695710034520424E+003
    11   10   4.695710034520424E+003   6.108913460896661E+007   4.695710034520424E+003
  </DiscreteSampler_grid>
