  0.00920885682724795  0.01560512287189498  0.02506229914120363  0.03491018727942671
  0.04449097829654511  0.05426908526728320  0.06408468633532709  0.07367826944537827
  0.08314373901555761  0.09254895434910276  0.10225051572381370  0.11212296324763270
  0.12225576366588893  0.13283414415648595  0.14400484650717682  0.15528059391238394
  0.16659946485640409  0.17765285753046711  0.18849779576001452  0.19926955913930328
  0.21024064760463310  0.22162584067946547  0.23285240878786145  0.24342617745840303
  0.25389177592761275  0.26447001911300577  0.27478113516655206  0.28558208336784008
  0.29588966424551749  0.30584039724047130  0.31559324939613537  0.32536839863723960
  0.33495982613470171  0.34440900968073218  0.35383560959566968  0.36420835789463535
  0.37447948798451530  0.38424213600142326  0.39377574513562091  0.40324177648528114
  0.41288246861814065  0.42255724963489416  0.43214052116902657  0.44205949551501078
  0.45248766109607347  0.46334130579123955  0.47451520446711065  0.48588188579572700
  0.49781987746559608  0.50965516198020688  0.52151376525433124  0.53277374106157549
  0.54340980868488886  0.55387432228484657  0.56412869760067941  0.57437880142259334
  0.58491872909362153  0.59582759973597643  0.60716038009500106  0.61828103385738808
  0.62896451877874449  0.63921102676032138  0.64976637300576545  0.66047113196488871
  0.67099576236262948  0.68128075788500142  0.69194597381216516  0.70319313268670847
  0.71505074230207699  0.72698054555182168  0.73805063192036013  0.74852059991112374
  0.75844897985582238  0.76820248437724414  0.77792469229356875  0.78746322733885354
  0.79734127073693728  0.80701272299587246  0.81754208638647896  0.82870200072763589
  0.83982721621735623  0.84997255620857670  0.86061298178542256  0.87157241704270516
  0.88175588241618552  0.89176762554489641  0.90134076500529592  0.91095596692652081
  0.92035490625340199  0.92944203875393550  0.93906360628417984  0.94934195826510892
  0.95920350492973361  0.96972122077236367  0.98012611469681310  1.00000000000000000
 -0.00094681975935019  0.00465655163193826  0.00712315228347129  0.00974211496481231
  0.01276776104842469  0.01603831032537625  0.01953387626525496  0.02354297058302988
  0.02804005377928972  0.03274972944659810  0.03783897305365451  0.04323800798207981
  0.04881927340772405  0.05452338403149751  0.06079284850050395  0.06739880197197652
  0.07360985387722263  0.07983535210440910  0.08667958000605003  0.09387481201974213
  0.10134050555697215  0.10929292367268280  0.11757962862385758  0.12611982868147145
  0.13503212642835613  0.14370631836485903  0.15221022977585211  0.16059206225191869
  0.16931480826832973  0.17786529649634908  0.18670702345432488  0.19583948723816097
  0.20506948249395909  0.21465875524311573  0.22438467936171938  0.23458625855325668
  0.24513425325540061  0.25582230807469192  0.26651620773417195  0.27708078596032099
  0.28766376314219633  0.29818076189072257  0.30992445307973793  0.32304478835487971
  0.33684512704355835  0.35045098135512365  0.36295799595307343  0.37373524104502176
  0.38486632606491633  0.39610566766537875  0.40764550011051104  0.41932070058722754
  0.43155959465974542  0.44409175132313622  0.45632417016476134  0.46819779556667679
  0.48010780953962251  0.49213794549593526  0.50410726115514193  0.51603888345403093
  0.52800433409610825  0.53997610604818880  0.55322477366265255  0.56625516705354328
  0.57924522514409549  0.59236993760591361  0.60565992417220427  0.61899447570401600
  0.63217513901611855  0.64497129159704580  0.65774631599697309  0.67070453387947904
  0.68446528602171486  0.69867929309635668  0.71269359307961733  0.72696609943174550
  0.74126227644323373  0.75544965332694514  0.77021487860577675  0.78525581467313232
  0.79988169364014539  0.81429395186765996  0.82854893133283147  0.84237534194903974
  0.85595852846714737  0.86935965087936262  0.88257894616541177  0.89592360307182883
  0.90890239219969804  0.92200828836301307  0.93527688242173879  0.94838949825556573
  0.96130578625962604  0.97414579039202287  0.98701969781067622  1.00000000000000000
 -0.00252289201231311  0.00993257206063711  0.02040020638829971  0.03078519210454629
  0.04156139581674021  0.05249306816331919  0.06348952597765867  0.07455449750718764
  0.08580954258894531  0.09742334559637282  0.10838083338522435  0.11887979226304227
  0.12857449757588638  0.13764526705596844  0.14674816018514231  0.15578172839147547
  0.16478058264281858  0.17379347010731810  0.18258721365342417  0.19216775353835872
  0.20274412970877748  0.21335924971518544  0.22404911793165730  0.23440544832376306
  0.24493073418368883  0.25538227018985354  0.26585612389864000  0.27608524960426906
  0.28622286303119276  0.29654203141129737  0.30699879006536934  0.31724589008709747
  0.32704331107888640  0.33640940129404512  0.34527084894806631  0.35436822040710908
  0.36381579833777683  0.37372451842795795  0.38404073486116319  0.39475089706187672
  0.40570467035941898  0.41697787029223299  0.42812891432056821  0.43882632707915847
  0.44905016340609738  0.45941569216209721  0.47017827787468636  0.48112838978938499
  0.49149865748536481  0.50170404584810357  0.51204881523424939  0.52230175812966717
  0.53242074456254673  0.54276970852592421  0.55294759055080511  0.56303416903695980
  0.57320259006848495  0.58382340628697993  0.59484861111320808  0.60621575775636927
  0.61748599986356600  0.62915380353068628  0.64019068058651096  0.65176703209714049
  0.66343027152207201  0.67520923741414429  0.68699201709654967  0.69874069622605739
  0.71038214917778164  0.72157448374399680  0.73261601605555515  0.74343416024694431
  0.75420605090634674  0.76504321949520737  0.77627222290629216  0.78780085013310863
  0.79918041184577582  0.81069465298613741  0.82252314617787181  0.83419119643802753
  0.84407842433132241  0.85359855841264021  0.86336744020286971  0.87374816756300711
  0.88439616961425227  0.89438952381494607  0.90469335911563964  0.91519989367610821
  0.92496495614550056  0.93513304577421907  0.94556298636819625  0.95647722314570705
  0.96641989652011995  0.97668537700262981  0.98765246301643916  1.00000000000000000
 -0.00254769033610547  0.00970660646611370  0.02050508032845613  0.03049063213943323
  0.04043806812649910  0.05033898909093920  0.06053867736805619  0.07104693711241271
  0.08190013646655528  0.09468486956672986  0.10679607710184867  0.11756296416486599
  0.12759135778867792  0.13727064767208894  0.14688112993790309  0.15655950870625693
  0.16673289244165423  0.17761973328367672  0.18920715829571916  0.20141028454474372
  0.21386073739819203  0.22626121686537953  0.23807499734017279  0.24933714482544639
  0.26037824280785155  0.27120386288305226  0.28162853270452110  0.29165501873090327
  0.30164677492768976  0.31191179542249031  0.32231670125863848  0.33287472398371326
  0.34380118298357804  0.35531909776434056  0.36657273546828389  0.37788904864037465
  0.38927253024394926  0.40005620557947008  0.41033656423969295  0.42070465685709096
  0.43134607988254103  0.44160908989169717  0.45145101145127459  0.46136173269204461
  0.47197651624914250  0.48294019653417974  0.49423468262225861  0.50549632470663286
  0.51672449152971767  0.52805379527007690  0.53957201475848204  0.55034456012508026
  0.56104591283467831  0.57146498670527002  0.58180314915876385  0.59172454868307967
  0.60170380130708634  0.61197945340196047  0.62267291236847000  0.63327757370207050
  0.64379556100896118  0.65411956981176045  0.66483136092517447  0.67471304951326161
  0.68450546664432710  0.69418740260104694  0.70447961592250585  0.71463640852945221
  0.72471148839197930  0.73541104284158132  0.74697630672473081  0.75760413178364905
  0.76798149275097893  0.77942007108132116  0.79098386158653877  0.80193295098808803
  0.81239702911220824  0.82272333231214634  0.83311325083378995  0.84290297549336257
  0.85237482826252420  0.86189045612647930  0.87179015230822265  0.88199658290627536
  0.89221316091736058  0.90258826826405025  0.91294631851728403  0.92316752440769856
  0.93364023214640934  0.94375955369850084  0.95370702164383059  0.96340316181077723
  0.97310171493881192  0.98270997482956135  0.99155960200559823  1.00000000000000000
 -0.00212944585587873  0.01011260651462123  0.02016980491647213  0.03121988616010342
  0.04212435298960062  0.05304561619432074  0.06398383943141954  0.07576840268754910
  0.08683699462301922  0.09796319002415554  0.10978468155241507  0.12191178715861815
  0.13328852906023692  0.14426603781053454  0.15486822777429907  0.16495943760153670
  0.17467704355653232  0.18436779209023002  0.19401627669068341  0.20355927828847062
  0.21334303940929986  0.22363250903713236  0.23402311346552959  0.24472193355996691
  0.25610567942688572  0.26847264818356653  0.27939139834385424  0.28972976319485455
  0.30016409599677968  0.31058229407064808  0.32069535940943461  0.33082763468143478
  0.34140772794841567  0.35230384273753046  0.36259931701989689  0.37246269016371159
  0.38232770429856816  0.39209791505125802  0.40204469782884816  0.41230824608040439
  0.42283049531503586  0.43334794689436129  0.44363261800995368  0.45353990936389382
  0.46358044671276771  0.47367411283242583  0.48448238666185711  0.49467573682377775
  0.50585525574301082  0.51733492493198407  0.52923267815068120  0.54091103087520920
  0.55212452518658095  0.56267033854014581  0.57296992522818346  0.58320965579922357
  0.59353724902352312  0.60434107217608934  0.61530988606288650  0.62580558766760230
  0.63563939667378933  0.64526230927535499  0.65582378270533281  0.66624756044886846
  0.67725931815745988  0.68850885949721186  0.69962849928880566  0.71044954033864727
  0.72018104260550508  0.72981150415812979  0.73968672399261703  0.74957787511095320
  0.75949130190175806  0.76914830579994364  0.77950900468064144  0.79046348130280031
  0.80077476881220233  0.81157730910404247  0.82258252220445072  0.83336833694854395
  0.84432921878752876  0.85512580367544855  0.86641212236655440  0.87720797851028520
  0.88794100350046079  0.89886433058432869  0.90981212718575621  0.92063781659732469
  0.93092685324452207  0.94110167208216933  0.95169424086549548  0.96205588407683484
  0.97206284925641395  0.98159017378460134  0.99075823562740839  1.00000000000000000
  0.00448159167666561  0.03578299767925196  0.05114854386340265  0.06196375745590306
  0.07109374077375021  0.07954876790220987  0.08739235551183828  0.09465539029137680
  0.10174866489475573  0.10873638922982044  0.11563373499496249  0.12248742391546130
  0.12906899860613183  0.13539983640618128  0.14155650481431301  0.14750756944157248
  0.15334374314151980  0.15920195493516398  0.16518900902768677  0.17124678261540163
  0.17717635529316847  0.18304017015709922  0.18905964708207998  0.19513869489361496
  0.20113028123483517  0.20700459824976136  0.21281657093302969  0.21859625091659149
  0.22443525752082463  0.23049366385146741  0.23682934693098009  0.24330156125639371
  0.24968575334726401  0.25561236840713336  0.26119650121059618  0.26667906756357596
  0.27216248582406355  0.27759526318440636  0.28333661293836826  0.28881461707329048
  0.29441642543343222  0.30009670107212888  0.30599305455641740  0.31225547526788455
  0.31862225214274331  0.32500519260911220  0.33144246498535090  0.33760559660138723
  0.34355615119340083  0.34947311051644042  0.35556755948897023  0.36206568888265572
  0.36862882171535710  0.37534116470523959  0.38223521769507574  0.38911837973831936
  0.39628849764920704  0.40413830356110569  0.41248994852990645  0.42074540942069244
  0.42905124571225023  0.43764267690641512  0.44583655698328611  0.45386247772199789
  0.46168030731800741  0.46932794583446974  0.47700476441277356  0.48480489304891988
  0.49281599873957560  0.50109136806934296  0.50946578017910349  0.51781915300491144
  0.52651332365634684  0.53555782949063480  0.54479297672871008  0.55437554342024042
  0.56433025726014885  0.57454299410700427  0.58499505564538190  0.59586949625824936
  0.60746513352171183  0.61933468863922125  0.63091402796730278  0.64277076479938577
  0.65546480199728319  0.66852450368755112  0.68177937948241807  0.69659666601475345
  0.71314536468354928  0.73102902667556069  0.75043428865251416  0.77247551469650699
  0.79858177988990331  0.83121283835271187  0.88185207723434877  1.00000000000000000
 -0.02178068467794624  0.13523332487843245  0.17436346058594149  0.19708665694952340
  0.21409035540109636  0.22877612461559904  0.24164491438669372  0.25277712528114027
  0.26281003478503606  0.27207505134018611  0.28086392772690749  0.28925811553721653
  0.29727820842980990  0.30482948144290883  0.31218335422719301  0.31917114318288792
  0.32596689451825200  0.33269613013614724  0.33921170597064343  0.34581154312942186
  0.35245977275024287  0.35920227301545976  0.36592608468230453  0.37234536731443785
  0.37841999164596551  0.38426345448442978  0.39012189859024859  0.39599630296452198
  0.40153753741211906  0.40695035179782851  0.41242758474337726  0.41782860150365247
  0.42326330245635857  0.42860383907680144  0.43375562479934510  0.43886034617527037
  0.44402044486783426  0.44920727335830651  0.45440445272334884  0.45965703528804941
  0.46497018409160584  0.47024967834158465  0.47546101176664107  0.48072491629992742
  0.48586655099782011  0.49124179384240935  0.49653054837607674  0.50157247015120621
  0.50635450522811565  0.51099914452519712  0.51567806463522714  0.52030690505813071
  0.52499270429541611  0.52984088559995712  0.53483384816305768  0.53991559007432943
  0.54487697840780436  0.54966095154998218  0.55434907442390358  0.55905555165328125
  0.56387198505216718  0.56927805411784260  0.57449685270963080  0.57968472102933122
  0.58476989765114473  0.59000019050666674  0.59532283643586892  0.60080992289110624
  0.60672499657530277  0.61284682736400165  0.61891932545450745  0.62508883521164516
  0.63124375047663805  0.63756865552218001  0.64410373356428330  0.65086794868306053
  0.65804506634072857  0.66518966234564059  0.67215377988585145  0.67935943668890264
  0.68660056707508599  0.69372017695751398  0.70088226317308699  0.70833106741358653
  0.71594966326584419  0.72360720742090057  0.73129430919734117  0.73952137153071784
  0.74841786144250921  0.75879235545700618  0.77054654349910556  0.78398534244586415
  0.80123942950921279  0.82468166375145158  0.86460043925114161  1.00000000000000000
   6.7123632787579479E-035  -1.0000000000000000     
 T T T T T T T T T T T T T T T T T T T T T T T T T T T T T T T T
  <DiscreteSampler_grid>
  grouped_processes
  1 # 1 for a reference and 2 for a running grid.
  10 # Attribute 'min_bin_probing_points' of the grid.
  1 # Attribute 'grid_mode' of the grid. 1=='default',2=='initialization'
  0.0000000000000000 # Attribute 'small_contrib_threshold' of the grid.
  0.5000000000000000 # Attribute 'damping_power' of the grid.
 # binID   n_entries weight   weight_sqr   abs_weight
    10   10   6.387581295723610E-021   5.808206120243964E-041   6.387581295723610E-021
    11   10   6.387581295723591E-021   5.808206120243912E-041   6.387581295723591E-021
  </DiscreteSampler_grid>
