  0.00793135331656174  0.01915708504999595  0.03398632235995310  0.04697849514106836
  0.05872228307042393  0.06918575819422351  0.07922886991152656  0.08903061315476407
  0.09897583050199310  0.10909500301448001  0.11920967461532568  0.12968794884877380
  0.14053955635504486  0.15159032911739259  0.16253982156746499  0.17317751860185812
  0.18384896777416931  0.19434766871603298  0.20447873325043245  0.21384052105995568
  0.22306018360898239  0.23263912331104694  0.24227716563182658  0.25150523870344527
  0.26071513133770491  0.26970310673883535  0.27860273261961321  0.28807203959832367
  0.29742527271687297  0.30756371460249637  0.31749975864953439  0.32668097646845290
  0.33612082675434068  0.34618937791762056  0.35678953651973216  0.36721455094871130
  0.37742562576444577  0.38759206273730012  0.39748646886679767  0.40713347412583001
  0.41702350095057938  0.42750507070010724  0.43832148729235854  0.44914057461993195
  0.46009298107128221  0.47111899973755028  0.48192948864378615  0.49250278896988375
  0.50359914952581053  0.51488901703398127  0.52579092598188171  0.53643431028211852
  0.54700165005164947  0.55759160812683883  0.56796224639368320  0.57809105452635989
  0.58835801566331425  0.59889507615399651  0.60943772694037146  0.62004885641468888
  0.63056652700448923  0.64107523996842630  0.65190318733641706  0.66237732522853143
  0.67241102966275779  0.68204384088170367  0.69191878997245793  0.70188981953034635
  0.71197147270582506  0.72219245559710132  0.73286278354522150  0.74396240299498995
  0.75522965895729022  0.76661632244277256  0.77730527642371916  0.78743216368872149
  0.79666964159379572  0.80571056877089309  0.81518175284430772  0.82496246139233287
  0.83543930948730327  0.84622697859015172  0.85720927362954291  0.86877129094475047
  0.88012972397196498  0.89138947814673553  0.90223140859909212  0.91240399399881578
  0.92250051294561475  0.93244264485240902  0.94230533841406527  0.95161302118708402
  0.96108033907022794  0.97085375785111916  0.98115192778751104  1.00000000000000000
 -0.00093287561739799  0.00464670343759209  0.00712976559367432  0.00970146469006270
  0.01259730987333834  0.01573643850795685  0.01932897481957325  0.02311452112394033
  0.02732626625529469  0.03191702577510603  0.03670755541364663  0.04176714280808649
  0.04714826569301384  0.05293421070030769  0.05886659852258859  0.06508303415890486
  0.07159984650955825  0.07862097619548196  0.08551078918307671  0.09242563909169955
  0.09963501980071332  0.10697337711824231  0.11439280672693133  0.12205679884844356
  0.12996055869192272  0.13808607753121185  0.14629533767240194  0.15493287734636593
  0.16354483370453723  0.17249364826776117  0.18166762191934419  0.19119749352598520
  0.20054805924624236  0.20970136579276466  0.21888238306408317  0.22824673543497273
  0.23771460493713328  0.24739882028167520  0.25719602733174840  0.26705557430528676
  0.27715454553654351  0.28742182178130582  0.29768911658737734  0.30802183349033568
  0.31854268313651940  0.32960002434152780  0.34081407760262272  0.35176828840615876
  0.36307111254776903  0.37474216315558595  0.38662091908731988  0.39866312799694004
  0.41153910928761445  0.42464872510385959  0.43734220536965768  0.44953710275570125
  0.46125440434772380  0.47242253729645345  0.48420684713944018  0.49639498415300765
  0.50884911842676983  0.52166318752406182  0.53518668415345305  0.54929038216133197
  0.56335264336166369  0.57743958626446301  0.59102928563162671  0.60469342853283481
  0.61844022186967962  0.63216032044636195  0.64579458447239535  0.65940920221517163
  0.67350367108870546  0.68744780084781953  0.70137858714250878  0.71540475827205674
  0.72967156340019423  0.74433752583171797  0.75857542520468246  0.77255873787508722
  0.78696635131422210  0.80102438706089629  0.81431916383466474  0.82744875218372993
  0.84068609255373739  0.85411263931602288  0.86769426448214126  0.88148849174520350
  0.89556759494663296  0.90998148368146214  0.92444763776598160  0.93886201732560282
  0.95380021971062656  0.96904232901082799  0.98441802989870730  1.00000000000000000
 -0.00224524280508240  0.00879648362987455  0.01775166086406145  0.02742101636892862
  0.03704877183271280  0.04745126502803455  0.05861460613584360  0.06924338680913254
  0.07951268268455321  0.08942549604069269  0.09912281326334187  0.10886498191022130
  0.11912490109998050  0.12943624834721557  0.14050839965670800  0.15157672060555177
  0.16342333241188658  0.17461773213912549  0.18578190466499606  0.19607919522926959
  0.20611603513295018  0.21605327147845294  0.22608956213044215  0.23627282721427381
  0.24676239283917553  0.25789810001048080  0.26946476944728481  0.28109146136406760
  0.29291556171325023  0.30500935852017769  0.31718115975897837  0.32903775188982520
  0.34050619315343567  0.35157769754572032  0.36252390880251101  0.37354719328902330
  0.38450294363674792  0.39566362882713224  0.40618907443700047  0.41733885815363880
  0.42831053996147161  0.43956228989921992  0.45038403773853253  0.46161877746184499
  0.47301140993358731  0.48429375549754383  0.49515160612825693  0.50582769924152648
  0.51633921874256772  0.52686393152911648  0.53724424649812019  0.54743952063091295
  0.55769950484717634  0.56773418587238889  0.57771742618374333  0.58769469688951126
  0.59857352256113694  0.60990511116372059  0.62097965457467463  0.63167962339979100
  0.64214662545343504  0.65234752431352683  0.66242919788966437  0.67250936425769958
  0.68267894065537016  0.69280094357926802  0.70287999985165539  0.71362769257179282
  0.72480648717449137  0.73586879106862380  0.74698957046730863  0.75770794352311976
  0.76804746620265452  0.77802710034253264  0.78812805114669371  0.79839133143306851
  0.80874748886139924  0.81940081828475464  0.83021101996241276  0.84082963623574059
  0.85146700294318878  0.86169569297843596  0.87169803330663098  0.88127122403093650
  0.89107213484371639  0.90077733691513495  0.91011666428654059  0.91948537942039665
  0.92914830737299769  0.93917923789931590  0.94902390322727448  0.95929046212171598
  0.96999745079134103  0.98076803608482621  0.99049680554782338  1.00000000000000000
 -0.00238081352366160  0.00867150541048808  0.01846655878058268  0.02821296673756121
  0.03801297594792195  0.04787180111165405  0.05818588828728355  0.06800514076588758
  0.07748646922679947  0.08640369992279147  0.09536818973164922  0.10476208592681596
  0.11448352096172443  0.12437135631106050  0.13449623271753619  0.14445468884181170
  0.15405489022036936  0.16344754673943065  0.17284695860174193  0.18248713641917186
  0.19222239664054278  0.20191850648962498  0.21154784618617181  0.22118355702077058
  0.23103358809180125  0.24101752782687363  0.25109861034648040  0.26226212741513394
  0.27380076581973567  0.28579263913796893  0.29708602710255116  0.30777070667596318
  0.31891793615376723  0.32981009736484257  0.34100513912275471  0.35313099954832444
  0.36599910529287638  0.37820854570056317  0.38927158759008168  0.40010234156169600
  0.41111456825683379  0.42236169359164066  0.43406288246306657  0.44656924011960930
  0.45952562585632373  0.47175219998445594  0.48278880768055676  0.49309556322283804
  0.50313114489468591  0.51293846526655662  0.52250735749527477  0.53227201614282837
  0.54264558328636314  0.55388003688133092  0.56567710435757834  0.57771105310009430
  0.58972728606214886  0.60148690722420106  0.61292412525272477  0.62417383364120238
  0.63542685484185979  0.64684690211400497  0.65838733069988609  0.66959996708344283
  0.68047403295376918  0.69115990473256506  0.70176333460762264  0.71238333936709763
  0.72307032458059350  0.73410454221872790  0.74554255637159894  0.75704469777425021
  0.76790440530591564  0.77812692352921642  0.78822157975432350  0.79920845587220435
  0.81040722099367180  0.82049321435460176  0.83015122859141299  0.84021989046254597
  0.85039877666863295  0.86022822574200530  0.87016434982629598  0.88095607555656053
  0.89214743803658902  0.90257629390926641  0.91252666562903706  0.92235996851960156
  0.93201397927886520  0.94134220977662864  0.95059260253329025  0.96034686227153965
  0.97011577719157671  0.98008719849191150  0.98978377915136129  1.00000000000000000
 -0.00162442200979252  0.00927561238869881  0.01897473136534081  0.02975474527635547
  0.04034924952835756  0.05109385129497135  0.06155366406892739  0.07203645913592389
  0.08252994758077908  0.09304860936697086  0.10375235858461576  0.11481893982754467
  0.12610064214157993  0.13771976282204659  0.14902074412462801  0.16058560463613153
  0.17239769900293545  0.18378933468675557  0.19469368657835154  0.20546439770068106
  0.21629777448974719  0.22708455201582534  0.23740595793409783  0.24758514812773930
  0.25849830426791565  0.26933436218161000  0.28001717264301884  0.29060629511601371
  0.30203056653744514  0.31347758199224857  0.32415451418853386  0.33444351343196549
  0.34469003681321209  0.35480626168377100  0.36485571103086378  0.37508750344039465
  0.38546275472275676  0.39582314784319933  0.40631806302457618  0.41741882979404576
  0.42834929894187068  0.43873474001776619  0.44875182247436474  0.45859868621413358
  0.46848779253225181  0.47838466423227638  0.48806893089061992  0.49781713448070480
  0.50783032730591260  0.51768981535291236  0.52733007469086313  0.53710612387246448
  0.54770706293592775  0.55822297508491781  0.56805632722466703  0.57769602102884177
  0.58742532474878673  0.59792406011988475  0.60842062530677321  0.61908223691397568
  0.62974429003427312  0.64020744370103633  0.65067068112159154  0.66140298549068777
  0.67220139514273991  0.68350923101569938  0.69356703869244196  0.70314459631310500
  0.71238565991897795  0.72171047360065721  0.73135670388276564  0.74091198962418592
  0.75037012793130098  0.76007086391225398  0.77003940258814396  0.78038174908586977
  0.79107924413324826  0.80184454067612998  0.81271291524570366  0.82387202507821256
  0.83510159234043801  0.84595200018041194  0.85648472868705094  0.86689688889866756
  0.87744843918133131  0.88805940198729938  0.89865727693469244  0.90956197107714443
  0.92057249942636843  0.93196506632524057  0.94311438886953369  0.95349755932968649
  0.96462557778201163  0.97613701384883178  0.98830382716807241  1.00000000000000000
  0.00329345383173323  0.03607861950216860  0.05102282679763005  0.06201837251304394
  0.07183024590756872  0.08115412574791166  0.09047883298812123  0.09965151973922112
  0.10839500589241435  0.11675216838453405  0.12469218390344199  0.13218017864742901
  0.13956687845587853  0.14691583159318755  0.15430404385380395  0.16166695145130885
  0.16904134158902820  0.17654563067310300  0.18415105764784823  0.19129588906634551
  0.19805297087209051  0.20467561824017672  0.21123927860615116  0.21793590666056831
  0.22481237934257955  0.23165157131299902  0.23839865177179792  0.24518938961251183
  0.25187769613657746  0.25848350914745982  0.26496285708249950  0.27150147161809618
  0.27844417355236478  0.28555562689935349  0.29234581569241447  0.29880000324739159
  0.30516941198604014  0.31155682152992703  0.31798555992270189  0.32445891950271188
  0.33080367337113747  0.33709920594515819  0.34350692682908396  0.35010322825707868
  0.35682152922270932  0.36350711587803824  0.37020602597749352  0.37707334256384040
  0.38405275905815545  0.39087253329912308  0.39770400896409674  0.40474994284062221
  0.41209167298937815  0.41991670140207765  0.42838345051329352  0.43707422003218471
  0.44534063716440009  0.45317079290685042  0.46101056764281650  0.46882069294137840
  0.47651173739123004  0.48394350923025059  0.49131444707814453  0.49876391591770791
  0.50663673253146446  0.51482123323194984  0.52290493098453805  0.53105312109461245
  0.53956602068302040  0.54844263000794158  0.55732041351404771  0.56618387151485827
  0.57522535628497606  0.58463284225275125  0.59440355319369964  0.60413613076522388
  0.61413452534154078  0.62447856251953826  0.63504280810215485  0.64581942094137046
  0.65698784449772096  0.66857360814345379  0.68047743114708215  0.69297747695875256
  0.70610092988936324  0.71962375092881281  0.73362860993230383  0.74755253937283128
  0.76094845221115115  0.77551144683786399  0.79347858045429587  0.81374750665301487
  0.83612138361102872  0.86326701154566243  0.90406163435908671  1.00000000000000000
 -0.01934494423405931  0.14428484451970147  0.19995458775854782  0.23188331522364614
  0.25462730248333842  0.27326822501469433  0.29003265514151372  0.30546401373599957
  0.31947498436925925  0.33217924251459097  0.34351050057047100  0.35396848790688640
  0.36365099095512510  0.37285304744419651  0.38158115383712904  0.39005778641461675
  0.39858475531209270  0.40679942408161263  0.41465859527740823  0.42220588234531592
  0.42979124180142847  0.43730515758516431  0.44442256661280405  0.45125443742173027
  0.45788945697827332  0.46419539776038260  0.46997896319628396  0.47591715910644966
  0.48196804442587998  0.48814148234176780  0.49424921908386960  0.50014814269085717
  0.50597437519602728  0.51182566243725169  0.51760560233809527  0.52320356409618940
  0.52872350390824430  0.53407599530312355  0.53917570395155889  0.54410452881560512
  0.54909260953933214  0.55404103305228203  0.55897674490953397  0.56392059553230589
  0.56866673756792296  0.57332979452829358  0.57835083128089315  0.58331811964370683
  0.58819433923319131  0.59300208697325385  0.59779014581627021  0.60258860670740710
  0.60731391620326203  0.61188589531188842  0.61636572406001044  0.62078016166502159
  0.62515831075244166  0.62948752180799894  0.63386875666012032  0.63821886738855738
  0.64270287424841055  0.64727017244125185  0.65188755442521662  0.65662918083982147
  0.66143006419290185  0.66643369222731452  0.67168847768218598  0.67699348884507693
  0.68229919311596110  0.68771430589853066  0.69318770853040212  0.69860068492075644
  0.70414540153465965  0.70971664314689475  0.71554393135948491  0.72146936767545322
  0.72744180834670169  0.73342915463424141  0.73938977969725361  0.74541335845855217
  0.75171690182135076  0.75858113519424408  0.76591341224778353  0.77350490020436313
  0.78145101377591342  0.78943259733473081  0.79782427591519289  0.80683967585663041
  0.81648608668659073  0.82669191105318895  0.83811396498689272  0.85132659470269445
  0.86711999453536825  0.88695877544219182  0.91964260827951227  1.00000000000000000
   4.0748235444771830E-034  -1.0000000000000000     
 T T T T F F F F F F F F T T T T T T T T F F F F F F F F T T T T
  <DiscreteSampler_grid>
  grouped_processes
  1 # 1 for a reference and 2 for a running grid.
  10 # Attribute 'min_bin_probing_points' of the grid.
  1 # Attribute 'grid_mode' of the grid. 1=='default',2=='initialization'
  0.0000000000000000 # Attribute 'small_contrib_threshold' of the grid.
  0.5000000000000000 # Attribute 'damping_power' of the grid.
 # binID   n_entries weight   weight_sqr   abs_weight
    10   10   1.193637662378524E-021   2.092868326582250E-042   1.193637662378524E-021
    11   10   1.193637662378524E-021   2.092868326582249E-042   1.193637662378524E-021
  </DiscreteSampler_grid>
