  0.01049296414656619  0.05181447533916581  0.08214393591001790  0.10618468938247863
  0.12771392379046492  0.14866739958648856  0.16815752554401150  0.18403207754350556
  0.19932538900145247  0.21373800057646009  0.22770418735668171  0.24288152675362276
  0.25854972110802554  0.27304982036474218  0.28812735216534996  0.30341976900372880
  0.31841659093959251  0.33190293851723773  0.34418847915104894  0.35595185547091379
  0.36719667986176507  0.37811124946201391  0.38873253820781939  0.39986119112418195
  0.41100560955881477  0.42263399760343007  0.43452173747163342  0.44681250486411855
  0.45894409951357995  0.47101108234107136  0.48346858653939806  0.49610609707540021
  0.50765185662240897  0.51851990645415635  0.53029202991098612  0.54278393239007250
  0.55507251087106602  0.56744905426282477  0.58001086468342167  0.59195699667757262
  0.60322753715236155  0.61404667907151567  0.62468069039142937  0.63541445258921125
  0.64652478473860264  0.65790621015814643  0.66896196859381707  0.67982157994826009
  0.69047248759381297  0.70074064018298510  0.71053428906719851  0.71998390622080699
  0.72963687981996805  0.73977654280254446  0.75016154817681058  0.76024986045390519
  0.76977348270145696  0.77892978526194323  0.78804413603045309  0.79694918806338999
  0.80527570045476160  0.81344520108008000  0.82130603469930374  0.82920511293191845
  0.83728858048818977  0.84549670140297850  0.85409387658899416  0.86298650225034068
  0.87196066516262760  0.88034511232695256  0.88806171460780026  0.89557647274556285
  0.90312755860794780  0.91076738825381343  0.91866421372305218  0.92643233554888449
  0.93349228233224146  0.93953253203227083  0.94469509296218701  0.94947639275019791
  0.95425170430782236  0.95873126781656026  0.96267549735712399  0.96630148175294872
  0.96981265744077638  0.97329764217184456  0.97673388657152238  0.97990325883547535
  0.98275551912072112  0.98538989547044908  0.98787095635723376  0.99000689693203292
  0.99207530770524210  0.99415883633514135  0.99675029383130742  1.00000000000000000
  0.00855862882097471  0.01761893698211282  0.02968188697906617  0.04159633580197157
  0.05212125728548216  0.06221998279554931  0.07284538527281874  0.08400501066539046
  0.09522598365769670  0.10627286872957441  0.11752921461201811  0.12808038109284156
  0.13811971726900077  0.14796857268118641  0.15813444338497160  0.16812575009069639
  0.17849269573793378  0.18916337110524292  0.20046277031376705  0.21196555938584999
  0.22325897083169499  0.23389903851742200  0.24407760505597551  0.25432143751011377
  0.26471217760962401  0.27525253566005392  0.28602401899745872  0.29708730233332059
  0.30824670509344698  0.31925060620006779  0.33025428860052208  0.34141917602117589
  0.35253038574353679  0.36334187650033478  0.37373883514374456  0.38373293091274646
  0.39349549369342290  0.40330253007357986  0.41305294105067419  0.42273055308120189
  0.43222440089819059  0.44200017872617026  0.45253444738739279  0.46346077889992404
  0.47478893780584130  0.48567927661154459  0.49600421508881259  0.50569218200629329
  0.51435065515568024  0.52238487254860155  0.53060402940253060  0.53897455425383400
  0.54721201546060538  0.55487233728015140  0.56321973172708362  0.57242386240469734
  0.58107667891841808  0.58959300622554756  0.59845796833025411  0.60826294229751687
  0.61869581288772024  0.62917669809796473  0.64050655742880325  0.65286427215068366
  0.66560452612213672  0.67777926038749070  0.68900161134659210  0.69961758549157127
  0.71009633505024794  0.72029650965611436  0.73026370050228806  0.74050132238304944
  0.75103526559861122  0.76176810008945417  0.77239293722355939  0.78271706643122663
  0.79303491109954716  0.80366583246596357  0.81433890875651738  0.82472163621035832
  0.83491570817780680  0.84549673589368946  0.85654476896148979  0.86878974272695808
  0.88098848378481742  0.89163051360314416  0.90158418132838947  0.91115218832925304
  0.92120680157131674  0.93155604991566321  0.94211345960784654  0.95390656928908202
  0.96488501249472491  0.97606550771073730  0.98738531876662305  1.00000000000000000
 -0.00090059407781488  0.00453357413932819  0.00693600088084770  0.00949279196264765
  0.01228820277982322  0.01527403796800780  0.01876397535396572  0.02252604992709827
  0.02638525462402686  0.03069994482722664  0.03534535518736340  0.04034337433248843
  0.04567527472192615  0.05116095667449071  0.05712232298421239  0.06332268510413738
  0.06944356789153473  0.07594976816718087  0.08289601191823887  0.09070204307220314
  0.09874077858450582  0.10663162082630230  0.11438576554001588  0.12291839498445993
  0.13140854307583016  0.13993829528952903  0.14839358588862842  0.15678643395011585
  0.16535272826518116  0.17444061875079392  0.18393331534139501  0.19299409964504224
  0.20203656241561671  0.21095398240784727  0.22038477050850913  0.23052937483846531
  0.24104050612973241  0.25165972343585730  0.26236951335297409  0.27325640467940643
  0.28467363196537998  0.29661061256041282  0.30869889778062409  0.32091161278570074
  0.33256618879522121  0.34414330566218831  0.35569815588478687  0.36730385041245389
  0.37894268936801606  0.39058078448022526  0.40252604119710828  0.41504114046082585
  0.42750675064958454  0.44007860165223178  0.45264150611690945  0.46529019183806092
  0.47776716016330650  0.48950403037317719  0.50105514409610219  0.51293321535046787
  0.52500569733401348  0.53744035244782018  0.55102218097005407  0.56449730140246224
  0.57815304718788685  0.59199846364441211  0.60611266784978701  0.62035203679580742
  0.63427598298993382  0.64772135237033024  0.66148661776302864  0.67579220208625768
  0.69041449077210870  0.70494575077663124  0.71900253424184823  0.73273461205165458
  0.74609967492528007  0.75891889902540943  0.77145317450584028  0.78402499554744498
  0.79687700013134455  0.80998901227178521  0.82277238614717318  0.83553701409320380
  0.84847524556586784  0.86159332245074050  0.87466460741872221  0.88809800052557242
  0.90178436310027488  0.91533799923557402  0.92916941869712233  0.94318828954534017
  0.95720609375529153  0.97142813588526100  0.98580423589897792  1.00000000000000000
 -0.00223122517869495  0.00867865593432373  0.01816575094604334  0.02881732164753564
  0.03939271811406378  0.05003792864070078  0.06047046437798463  0.07215854070380169
  0.08432028065624736  0.09655377861605378  0.10836087556737220  0.11974571357964388
  0.13112402282061927  0.14215770853014770  0.15283496475476036  0.16315300046716835
  0.17253421830319973  0.18146403224172872  0.19094140000847992  0.20095154068225474
  0.21081484914846529  0.22031439563171198  0.23020524444071086  0.24095710285435268
  0.25160532919141820  0.26168068590865562  0.27188370247719018  0.28194231973896344
  0.29211666426208360  0.30208736560173699  0.31169612612223918  0.32118410867944869
  0.33107604960334425  0.34176239800761499  0.35241250726474510  0.36342671910642649
  0.37473036973044943  0.38680670294584191  0.39847916859841986  0.41010474075048148
  0.42163967758271942  0.43334818906281358  0.44446825970053244  0.45536257471918806
  0.46603307758507317  0.47655446231923193  0.48726816730410127  0.49867075701942465
  0.51004960993219106  0.52110944135062731  0.53130587061028134  0.54192524863396418
  0.55321533375646970  0.56598091845228748  0.57839490295207352  0.59065992178026971
  0.60255679304347987  0.61460778422699680  0.62642205468971945  0.63763074573995115
  0.64830423021821981  0.65843439937863124  0.66866879060984052  0.67927718339695942
  0.69003101979346082  0.70046897263005403  0.71062248175056653  0.72116277471570078
  0.73191149994171767  0.74302431357830712  0.75325179477198323  0.76204630560414188
  0.77070852185920991  0.77959673960736231  0.78872516970104578  0.79776459904125485
  0.80642511296398811  0.81557915098581779  0.82596444703620131  0.83646663597233228
  0.84648284994337930  0.85641977996081298  0.86631989278372279  0.87713268806916089
  0.88891629186271193  0.89984260377895819  0.90983274640910283  0.91964355778140172
  0.92990360357120172  0.94022666897748264  0.95022149822449631  0.95968911024332992
  0.96952940071974780  0.97957886593078269  0.98966949417257744  1.00000000000000000
 -0.00274960016575814  0.01137124049017703  0.02242363503885057  0.03289038075964023
  0.04299196291556927  0.05187877864141040  0.06086619721123819  0.06964860056790387
  0.07875161986659916  0.08799637560068757  0.09719413645911558  0.10660499079626876
  0.11663724716691466  0.12747270205924255  0.13911328778728577  0.15062540427476173
  0.16187249189485539  0.17244293967589636  0.18283512613834008  0.19222800736017101
  0.20197282166605224  0.21231229464401791  0.22341579216690849  0.23340064064068664
  0.24258775388704734  0.25224086332096984  0.26190248465278715  0.27154092981055034
  0.28144810164100326  0.29222285597297942  0.30516654119326497  0.31772875459077810
  0.32892766888907471  0.33983031779823891  0.35041715047199068  0.36113419022955107
  0.37111336785980636  0.38070634186498770  0.39018903635901220  0.40003188569692311
  0.41081534508440903  0.42236375889792943  0.43486317168060457  0.44724941658447598
  0.45858017598409478  0.46961057995938299  0.48018193015654537  0.49045995546301474
  0.50015440174244152  0.50853260980936010  0.51668015174922699  0.52523569826747818
  0.53414369002587225  0.54316783387056400  0.55215620813077904  0.56181043955881949
  0.57238932719031699  0.58340045835767285  0.59341168398764443  0.60339520188320328
  0.61279365707276801  0.62219170037834826  0.63216777583144168  0.64274309928840867
  0.65430759689410711  0.66615931565676034  0.67867209005285734  0.69070215542787150
  0.70184507017178499  0.71299567604747538  0.72450603854794660  0.73608562562046631
  0.74794682689570324  0.76016018721796186  0.77208089211470932  0.78324734826373565
  0.79409253861334672  0.80524049137096243  0.81657161678719659  0.82801751549609948
  0.83996029032125930  0.85193020389918972  0.86369047339016547  0.87503118376107925
  0.88559058971365445  0.89605550688612856  0.90594973518634481  0.91588145220092632
  0.92642074467845337  0.93672224113077751  0.94727361099595186  0.95815323698388921
  0.96911876097115135  0.98007766827581988  0.98996667152013573  1.00000000000000000
 -0.00200151850166122  0.00858352232134243  0.01805196130852487  0.02776725024080431
  0.03799777790130497  0.04841945890849938  0.05884771822742565  0.07060218942462312
  0.08253794700043239  0.09501225204695943  0.10682408602306953  0.11770308082977821
  0.12872552211571944  0.14029779001069026  0.15198880221399214  0.16435828394112556
  0.17709572118334121  0.18873541786131087  0.19899421539427636  0.20896444330080047
  0.21893730065371619  0.22890822819340456  0.23886586062397663  0.24905061791461150
  0.25986508867597119  0.27122269753476724  0.28329412335443133  0.29488560062680774
  0.30554782052855728  0.31576299154189597  0.32611756547838905  0.33702527577962099
  0.34793764066962368  0.35759076432845627  0.36599255562538824  0.37472477406259247
  0.38322768905093019  0.39182490207324583  0.40069025445852041  0.40917564306578830
  0.41762676367949825  0.42796395387120822  0.43936304051874192  0.45104857771616291
  0.46228785927279803  0.47257989126912692  0.48267371381594093  0.49267820812822510
  0.50296966683464217  0.51336938138072796  0.52385013730281682  0.53443065440907711
  0.54504126058691738  0.55539516014503365  0.56569376305724106  0.57639182454114035
  0.58734163554092733  0.59957972655861069  0.61018422282109752  0.61980431778318335
  0.62936822181222074  0.63869276818953213  0.64789348391602108  0.65709831983815159
  0.66642900368165359  0.67734589640330933  0.68887418553723878  0.70049668943349197
  0.71162091981495768  0.72175131231479450  0.73189896759666873  0.74207746027322419
  0.75228969954834379  0.76232642699329567  0.77309771624241586  0.78500413415228365
  0.79692366225598621  0.80870285122176999  0.82038093288625258  0.83211743332592003
  0.84306778709071017  0.85398364158140727  0.86449952755787007  0.87442684704059270
  0.88332886599736071  0.89220848125795482  0.90155182337391282  0.91175639016767263
  0.92156558906333086  0.93163302852234242  0.94188100819663223  0.95333722491427997
  0.96492621652601007  0.97620987411125082  0.98804850550897649  1.00000000000000000
 -0.00221931046582265  0.00784080547672461  0.01733379107932522  0.02800024588770655
  0.03850441989599641  0.04963164699966215  0.06075038075637811  0.07157469560601278
  0.08279439329795352  0.09439186219213523  0.10573389874685445  0.11597596511477254
  0.12561484712897139  0.13524596650324755  0.14462810707368318  0.15372678975170648
  0.16307428526323309  0.17404461969083262  0.18557978370432182  0.19715609551447166
  0.20816528582924093  0.21888585721247777  0.22974646745012436  0.24094050328797509
  0.25233595069112624  0.26377868723235803  0.27553489394800001  0.28770742580479725
  0.29976191622533299  0.31149763264992725  0.32278830801102765  0.33359218218893133
  0.34383241925087982  0.35451108699647749  0.36507579150221198  0.37537279223280962
  0.38477775284503601  0.39402886117269853  0.40296868329466806  0.41164336083422037
  0.42013253295598540  0.42913490604820431  0.43807498488624069  0.44710327510893455
  0.45597484626440954  0.46588561784841581  0.47737419726799402  0.48956022161730023
  0.50231703504305325  0.51452203629024329  0.52575976497759203  0.53667139908378914
  0.54775797057863418  0.55941203475099133  0.57156912556156836  0.58390838484819962
  0.59593792681913160  0.60704330392668904  0.61741301909983237  0.62781594297664756
  0.63855750506704356  0.64986946231494824  0.66166465852318490  0.67347716188830209
  0.68456065846341640  0.69490293534832059  0.70481048111941735  0.71472063071111269
  0.72476523824444927  0.73526887279098496  0.74590510902864449  0.75656448256573527
  0.76678985643881792  0.77684970314388746  0.78723866857481883  0.79860582255773405
  0.81065014719879858  0.82227581853622567  0.83316464733421980  0.84384115204213772
  0.85424126396821909  0.86383230170985770  0.87292957028914575  0.88197810799643195
  0.89130180100336054  0.90092030231133369  0.91086944119187740  0.92121302045311149
  0.93207858158741186  0.94282729705074020  0.95314783364181666  0.96327245406271100
  0.97214200784753890  0.98126628056391529  0.99030062136079311  1.00000000000000000
 -0.00249048646792862  0.01010022261081628  0.02016594365394456  0.03072827998896131
  0.04118140694327160  0.05276763785773424  0.06418202073262044  0.07225232658897877
  0.08105236901314383  0.08985060497243220  0.09845131845041101  0.10686085221317770
  0.11533245484319232  0.12378946103183704  0.13406558605951360  0.14482796118998287
  0.15522462962248143  0.16511962559755033  0.17479366969329296  0.18422372008335469
  0.19371018049169775  0.20351686050934517  0.21355871573148066  0.22385602876032887
  0.23510077589006920  0.24735050255110946  0.26026608365786869  0.27362053933640706
  0.28608014385072206  0.29834317372499219  0.31042866622641552  0.32200591971498310
  0.33260119692358453  0.34262118960531013  0.35175643042632343  0.36121113411343714
  0.37088851161314335  0.38207732087514434  0.39460569936868778  0.40745382232231298
  0.41987591930020474  0.43146218245227824  0.44229550785577820  0.45262826581358157
  0.46280117904729912  0.47332966777572172  0.48423074031311836  0.49479616368184676
  0.50471076380121127  0.51482662021720760  0.52564347991399596  0.53644145324784587
  0.54662209923159033  0.55662072774934290  0.56721365229763954  0.57838331486689254
  0.58946095943874766  0.60023149995081460  0.61077642879529992  0.62145308753494977
  0.63255018376355243  0.64376198778015292  0.65464479264810937  0.66532423750686553
  0.67627793566233108  0.68708190803621316  0.69718553118265114  0.70711556348345139
  0.71758228605765495  0.72883636207471159  0.74013059221012711  0.75100187385595962
  0.76121021707453129  0.77113078646930211  0.78116151915486010  0.79168527301445990
  0.80277011483359906  0.81342654136696257  0.82299045234710588  0.83217695577402417
  0.84143342205400407  0.85056186948473589  0.85942698957893338  0.86801963525925518
  0.87664983140841291  0.88613399952180805  0.89666512685719779  0.90831914414903880
  0.92050232577202462  0.93214674810797438  0.94354223358687062  0.95505141429292606
  0.96600383920730892  0.97697985897491157  0.98837783056231587  1.00000000000000000
  0.00590788947154804  0.03455937764453889  0.04894822387743096  0.05893475508431550
  0.06822103711499154  0.07701299183446621  0.08541889976577303  0.09342219679810004
  0.10118222416692894  0.10919777507824609  0.11739910758617125  0.12532279374836716
  0.13303990170871191  0.14038404666127066  0.14742430769102388  0.15382496403533080
  0.16019504027356976  0.16637260464943920  0.17242741440803980  0.17857039313318976
  0.18476928821457386  0.19077423947294850  0.19662827370228811  0.20246403879058145
  0.20830319076309073  0.21450117908115129  0.22078821898033515  0.22694544035943406
  0.23321810433001242  0.23962921621524907  0.24627682756745475  0.25347294305640827
  0.26098846732732850  0.26819738284359185  0.27492731503494450  0.28146147409727612
  0.28800099770365789  0.29444242967236833  0.30062579172898757  0.30669787373255286
  0.31273446687544487  0.31868139899465275  0.32484855887543546  0.33120369553423523
  0.33796896685193689  0.34482664593279394  0.35164661890789001  0.35857417538067415
  0.36544989362128710  0.37218872590232044  0.37888677903851459  0.38575995236583416
  0.39304688634566753  0.40036715915803428  0.40770332295603540  0.41555693529513243
  0.42172338723955222  0.42802235774063530  0.43407698484597929  0.44054106064169474
  0.44747493695503893  0.45400320853117632  0.46041039662732464  0.46630182418162258
  0.47266603690421666  0.47918552364786698  0.48773604027721562  0.49649622955692896
  0.50500454157837360  0.51302573132908713  0.52081121341038517  0.52926839767131229
  0.53780688515445474  0.54660782633467564  0.55567636894638139  0.56528602309957332
  0.57532652193817257  0.58577473887845621  0.59667289461634521  0.60824312273810843
  0.61977410037893699  0.63153705187543163  0.64355864355214798  0.65605698984562666
  0.66902217325936486  0.68295852710356664  0.69771844188355003  0.71268867612981857
  0.72869813522841020  0.74700696986100101  0.76634013577572135  0.78816540038573712
  0.81323692285697990  0.84244855623950909  0.88573156635198280  1.00000000000000000
 -0.01597674665384015  0.09840075155845099  0.13930526928296749  0.16500536771701471
  0.18552227658751286  0.20262240004261270  0.21724368154760601  0.22996889068918591
  0.24211805867166414  0.25303246002068691  0.26288207231007049  0.27263124235518377
  0.28227007214006933  0.29126292602045845  0.29928024937090908  0.30706332992996338
  0.31458087115542388  0.32116697727060373  0.32724792307329331  0.33334384935903377
  0.33940034925090601  0.34550410596259318  0.35122511346928592  0.35694473865058129
  0.36244738195077819  0.36781718516005246  0.37308662661252240  0.37935778039423396
  0.38623853764584715  0.39311482887708588  0.39991855905395657  0.40664694728186485
  0.41329427466897978  0.41975876799791356  0.42578928078430639  0.43145884453039784
  0.43723717695102099  0.44289318489957141  0.44857997492385326  0.45436030670114447
  0.46006878048856253  0.46567944500023595  0.47137289388777281  0.47690726764424052
  0.48255646965614041  0.48826103786396663  0.49430619075667015  0.50026628111432003
  0.50596303727856984  0.51150775270779136  0.51704111930004759  0.52245834611975783
  0.52776274271906554  0.53297548254879246  0.53815209664017871  0.54360743970930747
  0.54960342058977096  0.55567725506318355  0.56164303188477860  0.56760417851830081
  0.57364009454712606  0.57975330665686509  0.58560099765319640  0.59106088317078742
  0.59643312710696805  0.60193265783770489  0.60760562115008920  0.61342011473525671
  0.61931449669771554  0.62528502418756571  0.63118493015766541  0.63692991712934710
  0.64264356611307005  0.64864885844324782  0.65502711023251969  0.66143509087563979
  0.66816253411947402  0.67534499304534756  0.68285924228517780  0.69073225632156510
  0.69882876486047252  0.70739886858659862  0.71573171495281462  0.72419087894912559
  0.73311931816932907  0.74272596077849773  0.75291681139320399  0.76409374772991701
  0.77648551264510590  0.79040567941992246  0.80559420386988079  0.82356280741427390
  0.84435290362965831  0.86827354259959999  0.90654695999256141  1.00000000000000000
   1.0592090916378785E-056  -1.0000000000000000     
 T T T T T T T T T T T T T T T T F F F F F F F F T T T T F T T F F F F F F F F F T T T T F F F F T T T T T T T T T T T T T T T T T T T T T T T T T T T T T T T T F F F F F F F F T T T T F T T F F F F F F F F F T T T T F T T F T T T T T T T T T T T T T T T T
  <DiscreteSampler_grid>
  grouped_processes
  1 # 1 for a reference and 2 for a running grid.
  10 # Attribute 'min_bin_probing_points' of the grid.
  1 # Attribute 'grid_mode' of the grid. 1=='default',2=='initialization'
  0.0000000000000000 # Attribute 'small_contrib_threshold' of the grid.
  0.5000000000000000 # Attribute 'damping_power' of the grid.
 # binID   n_entries weight   weight_sqr   abs_weight
    10   10   2.829118651367002E-045   1.932440902110252E-089   2.829118651367002E-045
    11   10   2.829118651367003E-045   1.932440902110255E-089   2.829118651367003E-045
  </DiscreteSampler_grid>
