 -0.00032134687131816  0.00691971793636154  0.01688342266862867  0.02768451902608726
  0.03825729001416809  0.04923719969074004  0.05994133336696420  0.07053574486813263
  0.08104145387065670  0.09155699746624202  0.10203639293979239  0.11224210399392724
  0.12188301201651582  0.13128465634678496  0.14048009442541853  0.14961850474625421
  0.15862785236670113  0.16764023704023459  0.17650279626202708  0.18520385642274126
  0.19384904276495793  0.20249584104366081  0.21112494422175232  0.21954230283864268
  0.22812549477750607  0.23685487282867618  0.24558678654660759  0.25439152533257015
  0.26306164860275827  0.27153403496094286  0.27980071724878297  0.28804915996779956
  0.29665528308498496  0.30501340729820720  0.31348453830136386  0.32193187978827292
  0.33026171949474664  0.33850894599496678  0.34672676272147751  0.35486688888454754
  0.36290238330193086  0.37098978541156968  0.37920936856000786  0.38746253833678440
  0.39577747630572058  0.40424575080949349  0.41277594540504686  0.42121826981009880
  0.42961089504938887  0.43809514138879585  0.44670602074358112  0.45538738663266265
  0.46409383537947907  0.47262697285747451  0.48098896006040509  0.48926146292671646
  0.49739050641277921  0.50551807204631094  0.51379980635024025  0.52212057976109316
  0.53070864272005758  0.53954074013053510  0.54842721731039035  0.55735312135560133
  0.56616802646765796  0.57501254470977736  0.58410047841248025  0.59334643082377969
  0.60287287141374057  0.61237578332705955  0.62281223861267332  0.63348508980757234
  0.64395895429606098  0.65441481821217162  0.66518892268943530  0.67589559117446096
  0.68655670375086630  0.69726170349076211  0.70814291661217554  0.71911736896813383
  0.73017686947193472  0.74140862752368830  0.75276479649631833  0.76425312413465463
  0.77628619419930744  0.78902032263427424  0.80233979649063147  0.81611123853458323
  0.83039117501915127  0.84573758881925387  0.86299168178739405  0.88133563019248096
  0.90150438008745404  0.92426676165393695  0.95968588395440468  1.00000000000000000
 -0.00270182659215341  0.01008968675355252  0.02199418458114346  0.03387976435204160
  0.04512279563561964  0.05566416572145189  0.06570042623582364  0.07492899281929825
  0.08356716377051034  0.09233641041984574  0.10144909578517722  0.11138249631307273
  0.12192735902239113  0.13308781228342750  0.14478056359895355  0.15516107432006895
  0.16547132616767554  0.17637998203205496  0.18755101373490618  0.19795157230135302
  0.20812578951606725  0.21874110099014751  0.22959101156295603  0.23978644903313392
  0.24977724418273212  0.26082175859254775  0.27271563580520208  0.28478487883933817
  0.29672583866111901  0.30849731491491866  0.31942747967443336  0.32990151623871999
  0.34081999379732103  0.35188793336255797  0.36258792258613731  0.37379357042921957
  0.38472876956083590  0.39503839023157200  0.40437641925480117  0.41332728627317006
  0.42211694058861210  0.43052402054610489  0.43926513316573362  0.44836975087459924
  0.45746587307123104  0.46667638657413302  0.47626996084769985  0.48656487798371556
  0.49751133313090368  0.50814504283349116  0.51890940780245232  0.53028320680585850
  0.54203676434129799  0.55310724710746895  0.56437260755456287  0.57545628175594288
  0.58686158471803695  0.59884354025235664  0.61048253626575355  0.62198294294779422
  0.63282547567726832  0.64405043573346454  0.65587321955996369  0.66727514159171308
  0.67788386536117951  0.68808728479210524  0.69823367298258565  0.70866612278599650
  0.71844077974949416  0.72827577964748846  0.73848248477960021  0.74840643670661322
  0.75832054779733471  0.76797252015036976  0.77765304933504886  0.78753000361043402
  0.79758708519504573  0.80785962684850599  0.81791929347692605  0.82794805688723172
  0.83776614125129378  0.84783869728651629  0.85818630536959750  0.86852296201007873
  0.87903453357114658  0.88983936896401705  0.90077696971500032  0.91241414571154700
  0.92321034216808118  0.93376301700253483  0.94475282315716425  0.95610270533554642
  0.96794583372400800  0.97838998015029899  0.98944053937705778  1.00000000000000000
 -0.00707628198754633  0.05164015209904861  0.08364402346765099  0.10719284337782448
  0.12582659159911266  0.14248498301134643  0.15804405134850816  0.17194232721385533
  0.18474460909394194  0.19769367091177045  0.21021329394955943  0.22229079485925371
  0.23388231792938080  0.24525767949215380  0.25621200302627906  0.26648489665548680
  0.27604914626162991  0.28520428896490868  0.29459931394285432  0.30421879581262651
  0.31369317458698143  0.32293524130990098  0.33245334666344600  0.34227685193391738
  0.35200840963499397  0.36110669694555725  0.36939803931301413  0.37726004055419909
  0.38445862544101322  0.39179470729602123  0.39956415904255738  0.40763946980506643
  0.41549448115713805  0.42312175777814853  0.43032395038839144  0.43747980545983844
  0.44526280142149799  0.45321073461842809  0.46100514039086504  0.46889001310797174
  0.47682874794512231  0.48467737933507055  0.49238808528040784  0.49998587090695690
  0.50712606956195716  0.51423144432117474  0.52124582366848093  0.52827243530967316
  0.53551294721927223  0.54298025249364035  0.55043492257782156  0.55763683496243943
  0.56455130235168560  0.57143112568621801  0.57831507559423367  0.58579669449291161
  0.59316626388243865  0.60066608055307869  0.60848414148370589  0.61653312905558610
  0.62479890037587105  0.63336522294630804  0.64176277377867774  0.64998343447973206
  0.65805259896850188  0.66579053619647477  0.67319177737696034  0.68050485275413564
  0.68769543771507380  0.69457265202815510  0.70124685219370531  0.70785199610310934
  0.71431818478954900  0.72082255561323760  0.72758786377106577  0.73458275271308326
  0.74177014251367712  0.74904747689616702  0.75671293042595733  0.76457014247638488
  0.77293505961942655  0.78163061286077551  0.79032419238613805  0.79927630799524507
  0.80866444198364196  0.81844766817319070  0.82860248473258813  0.83926267838471846
  0.85035759683143275  0.86262683082538560  0.87569439417673700  0.89086107402331638
  0.90725272608347163  0.92708631427915489  0.95430908261774960  1.00000000000000000
 -0.01501963683501277  0.09499630070994837  0.13180070525732063  0.15558757271446200
  0.17453195109314334  0.19114564399845813  0.20584216401811606  0.21829930722753213
  0.22985467376756194  0.24029114029066995  0.24973088575115182  0.25862328420699399
  0.26747257434749927  0.27644150878423962  0.28526541673897571  0.29385386236051986
  0.30231931832990666  0.31065493144106432  0.31875599816036071  0.32658209914629921
  0.33410617140032411  0.34138928265588320  0.34859209831642218  0.35576122913196540
  0.36308099132052357  0.37028316829688807  0.37698301187487926  0.38344842467048429
  0.38978703223745403  0.39620645844933539  0.40232868240670772  0.40843293426454697
  0.41458048656884061  0.42065598986758806  0.42676810590012293  0.43269787312267566
  0.43844310217845528  0.44418911352983431  0.44986478424477072  0.45553384765551008
  0.46139828179424369  0.46750779571568574  0.47337433332418904  0.47898398925039326
  0.48444049615830709  0.48992034771434878  0.49544397611150948  0.50111130200885723
  0.50711941367726798  0.51302669196947215  0.51883594470850791  0.52453090085990983
  0.53002577248261373  0.53567609774955205  0.54136358065724222  0.54696721726623765
  0.55258337933203028  0.55815404874400554  0.56361165203607422  0.56898647245856004
  0.57429995637254727  0.57986575911456961  0.58539558270464920  0.59104696669746337
  0.59645035366804700  0.60186511581159319  0.60786460114644736  0.61395502727630269
  0.62007803118004001  0.62618341744251815  0.63250661981845069  0.63895486922767297
  0.64557886966219336  0.65255355346258270  0.65964262597021228  0.66660683861920089
  0.67350891283511571  0.68043011566621214  0.68770865731424624  0.69562832125820684
  0.70379330074226387  0.71191873235094538  0.72015459962098083  0.72876642602618147
  0.73828921537227621  0.74878535037187965  0.75988277261589998  0.77183111091578926
  0.78413146887363250  0.79706124792257305  0.81109718204658787  0.82727296899906255
  0.84679332679142172  0.87298240446654518  0.91087004789631509  1.00000000000000000
   1.9261234878207211E-009  -1.0000000000000000     
 T T T T T T T T
  <DiscreteSampler_grid>
  grouped_processes
  1 # 1 for a reference and 2 for a running grid.
  10 # Attribute 'min_bin_probing_points' of the grid.
  1 # Attribute 'grid_mode' of the grid. 1=='default',2=='initialization'
  0.0000000000000000 # Attribute 'small_contrib_threshold' of the grid.
  0.5000000000000000 # Attribute 'damping_power' of the grid.
 # binID   n_entries weight   weight_sqr   abs_weight
    10   10   1.283946851551679E+004   2.553616928158025E+008   1.283946851551679E+004
    11   10   1.283946851551679E+004   2.553616928158025E+008   1.283946851551679E+004
  </DiscreteSampler_grid>
