  0.00005184549413194  0.00182728001742956  0.00273528637826512  0.00348973676200628
  0.00416550497581775  0.00480799364804915  0.00541440645535755  0.00600059817307056
  0.00656927367305687  0.00713092317037420  0.00766940512548793  0.00819714347673668
  0.00869095029704276  0.00917195016062346  0.00961646325513404  0.01003898497783141
  0.01045737906683989  0.01089193475858110  0.01133414181121372  0.01178647855073638
  0.01223544622097754  0.01267909638608594  0.01312408560379452  0.01356631784270212
  0.01401271708562800  0.01446438942724211  0.01490968306815786  0.01533288841676298
  0.01574682379870081  0.01616752672561089  0.01656684380878950  0.01695302022024641
  0.01733197765193889  0.01771331907739206  0.01810785315336334  0.01851328455274674
  0.01891801483323254  0.01932366150471108  0.01972825999036290  0.02012857565717027
  0.02052915128524407  0.02093204002856241  0.02137507883027179  0.02183473468076757
  0.02228832807657338  0.02273756950966679  0.02319238805946026  0.02363875382539886
  0.02408665849959822  0.02454317824305903  0.02500330221139986  0.02545641663676615
  0.02590215474446486  0.02634081955064994  0.02678454754164558  0.02723998331140196
  0.02771415249778920  0.02821296599983778  0.02873146921502277  0.02925061523127274
  0.02976464032609540  0.03026466667319365  0.03075342381407682  0.03124880680297958
  0.03174185110583367  0.03223434252320360  0.03273856485211868  0.03326796604712733
  0.03381471976968767  0.03436485261953223  0.03491007080609893  0.03543971602875293
  0.03596465539711347  0.03650128110897052  0.03706758573357126  0.03764628320474397
  0.03822319251379077  0.03879094860110887  0.03936458935025555  0.03995403772728254
  0.04055566270181324  0.04118333492803956  0.04186933955750633  0.04264603275387968
  0.04349000516498070  0.04433209845727697  0.04520674749735337  0.04618605842360708
  0.04744117400829675  0.04937568366836440  0.05243661124122170  0.05637333475868810
  0.06071660229367169  0.06780930085717880  0.07326784055582494  1.00000000000000000
  0.00796714970380405  0.01918337481312388  0.03346755186610052  0.04740053283534503
  0.06054814463049451  0.07353880964638700  0.08679063442858412  0.09985368148075553
  0.11236031063899959  0.12407764027250162  0.13482814659181949  0.14497126452840972
  0.15475492159912529  0.16468960549586481  0.17484464266411567  0.18515224426115309
  0.19541686841098282  0.20554934753708623  0.21601552108379130  0.22655692896456384
  0.23736804437683584  0.24825577486416542  0.25835770728840945  0.26802346315237363
  0.27766559223063675  0.28776948891191201  0.29843903129986521  0.30953267214018265
  0.32147557468324683  0.33355906776445166  0.34425843092576247  0.35496502176011724
  0.36615709532790613  0.37670783173014222  0.38665777957863606  0.39623601140852799
  0.40521588346244436  0.41442120057759785  0.42423272710175008  0.43476491368134740
  0.44515188521705118  0.45531492005852975  0.46591017954718600  0.47673751233952433
  0.48732975957715274  0.49753125887775790  0.50690001490116499  0.51606430111914126
  0.52478420165976647  0.53293525349526460  0.54155474366742351  0.55024610372617655
  0.55909708729810559  0.56810253762939200  0.57664108774129885  0.58513029004487738
  0.59599253115423267  0.60702885522976013  0.61824543637535978  0.62931510005672375
  0.63972089192818626  0.65015142082817012  0.66053917871503331  0.67038861716098608
  0.68062465808973549  0.69144830578884453  0.70298885282983248  0.71323102585154252
  0.72259713527387026  0.73189803182240976  0.74105393302219935  0.74988934758724490
  0.75863110479222295  0.76771892627581051  0.77667636154769337  0.78506806749889924
  0.79355856970962080  0.80258761560636116  0.81188019172845594  0.82095669114346870
  0.83013483986020342  0.84000513257919818  0.85037107527906108  0.86044321270967528
  0.87010999786588505  0.87996415441705100  0.88973940369277182  0.89932664484692948
  0.90880696343072720  0.91807859132785907  0.92736416818777079  0.93706151236925517
  0.94818812170794720  0.96044699120727839  0.97629383144432280  1.00000000000000000
 -0.00038053256600030  0.00568159725374810  0.00834536545580708  0.01119249838179818
  0.01415760810700054  0.01740038708756082  0.02140652904516716  0.02625793411984954
  0.03080932025811267  0.03549164893875623  0.04049132443042786  0.04565402833790864
  0.05119205372150021  0.05767267028870713  0.06401926983520599  0.06995657481542708
  0.07600498515598436  0.08234632718999430  0.08919408630068482  0.09725956566937710
  0.10657346612233000  0.11441292268917562  0.12162616599532000  0.12885253962532861
  0.13658105287070588  0.14492200826296131  0.15320284022647682  0.16136623248714990
  0.16975127664767925  0.17898602197820918  0.18861670100441175  0.19833854913451068
  0.20846536505556273  0.21952735955916586  0.23046405700921671  0.24113790422211748
  0.25121454956305117  0.26133448751760163  0.27157658457490241  0.28242966095725702
  0.29289406717715677  0.30345505646863979  0.31437607408547075  0.32506606117212739
  0.33550880691842849  0.34596108913945334  0.35663644453424370  0.36752975602760440
  0.37878184410740245  0.39078257631336150  0.40328866523044660  0.41660220714360913
  0.43111143177887534  0.44538583598506398  0.45885299589761092  0.47068096983835511
  0.48214467284964807  0.49378323046852152  0.50593789621878626  0.51855957067225966
  0.53077460044373792  0.54362140714545015  0.55639705654663585  0.56899037455629498
  0.58156936623179312  0.59383583432680809  0.60571935234186836  0.61762390849637927
  0.62983596446656076  0.64198858505728762  0.65404504464814106  0.66573744560454895
  0.67725701023778440  0.68901818620230582  0.70153763761713528  0.71430968618909985
  0.72697515314128314  0.73960433794362701  0.75235621566668087  0.76513898678657410
  0.77839424530431778  0.79191795257668385  0.80547298066738326  0.81895466312272303
  0.83247070741569984  0.84639747424414080  0.86046864907435827  0.87443857682611725
  0.88849711116494468  0.90312401620161220  0.91868601420053619  0.93512907114427046
  0.95121242703098952  0.96731423072198086  0.98354786201938416  1.00000000000000000
 -0.00115284487370776  0.00732761322019320  0.01540212384341438  0.02377785733050522
  0.03265052128295703  0.04138177578874092  0.05072284996760033  0.06066439848989560
  0.07087039704697784  0.08105549370924418  0.09155906450831085  0.10272383328677957
  0.11368202154905871  0.12456164564455748  0.13619727703944778  0.14779312373979395
  0.15893023651523902  0.16974299304739887  0.18052151759354496  0.19122215911009077
  0.20160530344361777  0.21232689084688353  0.22326732917215236  0.23402360178087492
  0.24456004489440875  0.25496304145949461  0.26504079863771840  0.27478948496711819
  0.28431246326738357  0.29406422683448979  0.30394741200415260  0.31415244022074484
  0.32511485178887417  0.33660986569375839  0.34809089408964311  0.35935153030394512
  0.37072049804432977  0.38213205502372749  0.39338184413761912  0.40452644420961154
  0.41555116250301760  0.42748590877202652  0.43876927380076564  0.44972574703306784
  0.45980379156504658  0.46970959186849970  0.47956988284516705  0.48889491140013841
  0.49837252100867196  0.50809608594611577  0.51760545451051676  0.52762741657299017
  0.53822717568636291  0.54886404878505290  0.55864895480343935  0.56880298756816039
  0.57984636630021347  0.59038347728339824  0.59996584721326429  0.61001282375539778
  0.61986428768369883  0.63005142453721719  0.63980720755120712  0.65134697579960343
  0.66447357232293702  0.67702615237299990  0.68823405907713775  0.69846588655446185
  0.70891746093074104  0.71943997559667727  0.72977821615460559  0.73965291067616790
  0.74951562289445650  0.75975750617967330  0.77056884694197636  0.78175460193395274
  0.79340222029272534  0.80525403520845695  0.81678425171946833  0.82809306696599794
  0.83931121404563147  0.85048671846999147  0.86161199242619735  0.87217636628274975
  0.88202557595011433  0.89149492895958293  0.90138098042651549  0.91114564391198527
  0.92130275289734898  0.93165987458357724  0.94220999303931696  0.95350431076203213
  0.96498181775836633  0.97746216031304711  0.98894338405880999  1.00000000000000000
 -0.00218049656787654  0.00837668442639188  0.01810057783672469  0.02879999986946289
  0.03960638874975013  0.04983428220546741  0.05968794468465918  0.06954179484738425
  0.07936260867888650  0.08932560700012421  0.09908286848009026  0.10848855130981465
  0.11810613622671408  0.12831343645648391  0.13923969769785194  0.14952651480750942
  0.15858433241937900  0.16781119110202536  0.17735882339313214  0.18696051706611269
  0.19657344272267210  0.20652036079006836  0.21767873908006191  0.23003142089188172
  0.24212631653369307  0.25389262868627505  0.26493789260909051  0.27539367454766772
  0.28548093562198851  0.29540427690475962  0.30503838851315418  0.31447399872241305
  0.32370922030213101  0.33348180037927916  0.34374328038707241  0.35396140117710112
  0.36401840563382587  0.37462315011344666  0.38617609835150346  0.39790470092185232
  0.40951638472466939  0.42141259419370658  0.43380045020230396  0.44613098123399064
  0.45771002535688843  0.46953012629900998  0.48141993702633246  0.49390031026276238
  0.50590534941859167  0.51725531229137955  0.52801889783329625  0.53856244224892624
  0.54854641612136257  0.55847378061966069  0.56916027569551553  0.58015330148174526
  0.59057203855235529  0.60085870214617021  0.61067877980076801  0.62054056403656999
  0.63041953317716493  0.64081413162191669  0.65144738225917409  0.66159038226253930
  0.67140065545352590  0.68127054262726061  0.69150362269667287  0.70216231966557996
  0.71316173371096048  0.72437969714323958  0.73581059547810801  0.74728873279094066
  0.75786083962199413  0.76780491225727288  0.77731683167411747  0.78701416125043533
  0.79712130432699968  0.80713057887937456  0.81698408320334492  0.82713122030977326
  0.83874260360355490  0.85220924586691149  0.86228533753088854  0.87199718334983567
  0.88155082281814023  0.89182645317524201  0.90222085914149153  0.91317207953224111
  0.92429405558195854  0.93588604948489662  0.94648715037706599  0.95705048462290521
  0.96752712082083814  0.97854039840536067  0.98900219638394793  1.00000000000000000
 -0.00262669211795802  0.01064764914666278  0.02111662010881435  0.03222970729718119
  0.04336970508247635  0.05493046997607162  0.06646488519824031  0.07766474754463067
  0.08845507294229345  0.09877500445570039  0.10897302191349614  0.11895795610476360
  0.12983818687418078  0.14169777882299969  0.15413675627342155  0.16658975572056464
  0.17918876656040278  0.19105806637348199  0.20238309954716799  0.21371830742802966
  0.22492369331129611  0.23556050645053003  0.24541935184847077  0.25517284325377287
  0.26552740340745434  0.27577300090505041  0.28562873466993505  0.29608468612535144
  0.30817970399040751  0.32099820408142343  0.33344694261807972  0.34395183824006731
  0.35415271236693724  0.36434179448493298  0.37498614842969030  0.38473882497034273
  0.39407926724956543  0.40360900324981636  0.41329265976214757  0.42266837944736213
  0.43201294238410026  0.44181726669713750  0.45197796383304173  0.46205989692275062
  0.47226654950532898  0.48306091371218640  0.49433716098542768  0.50520999995486759
  0.51581676731340309  0.52583762855556493  0.53524506295212360  0.54463992124004679
  0.55466556888401797  0.56526150764006744  0.57568926732332637  0.58605703142604870
  0.59693019303565331  0.60766886207890369  0.61785155272833836  0.62788923459453261
  0.63765910145640448  0.64753024814137072  0.65724391019646100  0.66739585378448119
  0.67855187860706667  0.69044310349852989  0.70311320249850717  0.71446379179141406
  0.72498314244399042  0.73493544339350414  0.74424630956318005  0.75311070668234104
  0.76224460910828118  0.77245938388083857  0.78538632461336289  0.79819125775898458
  0.81029686089200370  0.82213390202687608  0.83339986266554744  0.84452575962504717
  0.85495926047541082  0.86451993627066637  0.87347303330061998  0.88240649293974738
  0.89150471438304901  0.90048245582131914  0.90974227307240330  0.91978583003211167
  0.93194368659756988  0.94250121034601619  0.95315798828272946  0.96345375060978622
  0.97312073994259429  0.98196430759569298  0.99080793613392337  1.00000000000000000
 -0.00196200716072902  0.00805436778770792  0.01616783145476447  0.02480425235433149
  0.03463070741968132  0.04412002458636268  0.05302912347762728  0.06145716335840005
  0.07101435744631047  0.08137831433824189  0.09136203426989523  0.10104989679359885
  0.11099572250044089  0.12098018944545907  0.13053307586096616  0.14005195999559553
  0.14995383705481238  0.16024192321182487  0.17052934847490631  0.18061755343721786
  0.19085668029695757  0.20169791564591194  0.21333199766012848  0.22600258325114411
  0.23921307830046834  0.25211122797468083  0.26379123228647483  0.27467498366894250
  0.28532370349269925  0.29549874187783637  0.30532957140079570  0.31536782287015375
  0.32596760502640154  0.33694185969900048  0.34822509783867517  0.35997627569605201
  0.37202503100836920  0.38265505793119564  0.39215277840644913  0.40175278215438881
  0.41147148351981339  0.42108467360799468  0.43026017657257049  0.43961654691962193
  0.44982533950779952  0.46009716976453313  0.47024641058325733  0.48125830168422506
  0.49373242057063449  0.50618276150642183  0.51792871128992246  0.52956885447292001
  0.54158192319401310  0.55390004540384274  0.56670367812705280  0.58008415401058366
  0.59040456604083469  0.59937153811355759  0.60807814339459476  0.61704590758345923
  0.62656475751963725  0.63606965359582457  0.64520765357092136  0.65563118641583062
  0.66670881742296395  0.67666052920082997  0.68711011179384995  0.69632316121897242
  0.70650263256136181  0.71692389922018895  0.72752677962580936  0.73780860332747722
  0.74909360864487595  0.76146399186154201  0.77508190879109462  0.78689921616645475
  0.79732862346345990  0.80675847668275513  0.81582607977022958  0.82482476607072641
  0.83393112140895354  0.84436353625365712  0.85533233499896344  0.86639399692451557
  0.87660512489630682  0.88742181346860505  0.89806972994544654  0.90849183110785214
  0.92016951211822195  0.93249644351489280  0.94468996811436612  0.95651673444649998
  0.96798663567680177  0.97905948238964369  0.98966738939119037  1.00000000000000000
 -0.00212778571043041  0.00914539954018327  0.01808796072622512  0.02770183353730946
  0.03729268425004544  0.04905038716551125  0.06262689959876051  0.07523176678788941
  0.08603661101992488  0.09585441142904995  0.10570353722964113  0.11598709748693785
  0.12655713890012651  0.13657230217371721  0.14644380092995571  0.15768520957229928
  0.16906775487703479  0.18033216175585165  0.19178574709738072  0.20363075008799558
  0.21499647791741661  0.22605237317595375  0.23734708779978875  0.24862552775816327
  0.26010174327613950  0.27137705264908896  0.28170174973977469  0.29129008665061817
  0.30043658443813592  0.30967586366415101  0.31904104735613631  0.32866801237380838
  0.33850856878468255  0.34859225626380935  0.35876545082313149  0.36939283945705254
  0.37988569368705172  0.39026529752329320  0.40039285748847786  0.41026616243076269
  0.42006751857312891  0.42974183091184187  0.43956517129643308  0.45059804871979392
  0.46231918967272800  0.47366639922337883  0.48623972246109032  0.49964036778539689
  0.51244023038325648  0.52379792820842563  0.53377771810612629  0.54331787131580367
  0.55270903286328743  0.56240687731903161  0.57304835242696084  0.58300436614523055
  0.59250248276361317  0.60209502774740287  0.61191928492772940  0.62217150281533051
  0.63237774872555808  0.64256428603531424  0.65388841616499993  0.66452913692096693
  0.67407943502886003  0.68321467646500200  0.69327494971942349  0.70501960773656114
  0.71490460715000836  0.72375325912437249  0.73265209338775827  0.74172210522058613
  0.75078388083006742  0.75985494538942600  0.76923325188163993  0.77893796221191636
  0.78871549808261243  0.79845660969947485  0.80832740515380530  0.81831464810497612
  0.82841071214474993  0.83915570132710771  0.85081808437832229  0.86277353718736516
  0.87495927381952365  0.88695320035371861  0.89801680648967130  0.90846004197581232
  0.91884948123816967  0.92964771920333211  0.94038908481160066  0.95122716639782090
  0.96265865564070074  0.97458995297261664  0.98741887158121011  1.00000000000000000
  0.00562046872893355  0.03356930636172419  0.05312395710692128  0.06600976760505903
  0.07683654292558000  0.08585162853885540  0.09340031440296923  0.10042124103113151
  0.10702731319550191  0.11346395020847623  0.12026815520774294  0.12696778749581272
  0.13325181075289041  0.13941446473707395  0.14568368225393366  0.15224753361978666
  0.15873875340697696  0.16479599841137646  0.17066343921706842  0.17640074580422288
  0.18210516979148120  0.18772433928865415  0.19328845849339893  0.19891721294618553
  0.20454844756394669  0.21051764693250100  0.21667112337915256  0.22268828527248152
  0.22858330120544601  0.23471731553286732  0.24082881563444625  0.24670810752568126
  0.25277257134584091  0.25908107400413227  0.26592585648227518  0.27261795398677463
  0.27906627204012957  0.28537417810900439  0.29165087116811589  0.29803531194051303
  0.30469518205369156  0.31145812228150954  0.31787907058511844  0.32399329716034070
  0.33002134904857083  0.33613972750931159  0.34260603855193961  0.34895735285140506
  0.35516122581287707  0.36108826905371050  0.36690123245101092  0.37277273832545271
  0.37913497795248569  0.38562671017994171  0.39216654176432053  0.39874263542934130
  0.40532642586680773  0.41187090535362497  0.41848168696714699  0.42519185598951265
  0.43200641589594063  0.43866908323063836  0.44506777239761408  0.45149952682817801
  0.45831242468993189  0.46590024421557635  0.47435305961198232  0.48342849813146310
  0.49313998881183452  0.50275577638965008  0.51193773860498126  0.52110273433899257
  0.53058123545506819  0.54069983285660173  0.54980378047664169  0.55964020973305839
  0.57002331044106713  0.58014560693995010  0.59023145827589096  0.60049066896918224
  0.61251851491201836  0.62529200232728888  0.63718660847638420  0.64957595669150137
  0.66294517390358410  0.67675383150852075  0.69059219642633274  0.70556733710583208
  0.72154513182991031  0.73755823499614559  0.75604220764473562  0.78048689165859342
  0.80695986599603498  0.83663794484562182  0.87997596933771716  1.00000000000000000
 -0.01568216644257517  0.09792146354884601  0.13690271650499375  0.16185841022413588
  0.18250290101650879  0.19955036532523820  0.21446118335895525  0.22869449639464429
  0.24086718660472312  0.25218897499910842  0.26141259264353756  0.27082347350239594
  0.27873575465201911  0.28769725916760269  0.29692346696778671  0.30635880880661820
  0.31473449689661120  0.32334310696901991  0.33160058469898102  0.33997033442040836
  0.34820337544244334  0.35528899593004926  0.36147325224114674  0.36758189461701724
  0.37365764996294087  0.37932569134421779  0.38462361396208650  0.38980520474052893
  0.39491519164338396  0.40014439895485399  0.40559305745154123  0.41124149508838120
  0.41712305539318889  0.42338049686988022  0.42938278056211804  0.43510196684091401
  0.44166272648184562  0.44887185852864769  0.45598441064061374  0.46244840841046381
  0.46825860762656035  0.47371739994489026  0.47924597451776912  0.48449365771706260
  0.48960551660760143  0.49513748851340028  0.50068327956056735  0.50605347373486620
  0.51145735715005136  0.51680927592519843  0.52193081943435293  0.52708203895705441
  0.53216335213549149  0.53708403303481800  0.54216441503894197  0.54725523409660570
  0.55247380518773892  0.55775493479958360  0.56313637427066376  0.56851233124157274
  0.57387307016765154  0.57905276761445756  0.58431222547554340  0.58997644797363968
  0.59599220492486193  0.60220578184006857  0.60831487436345388  0.61395834055071041
  0.61956128724601800  0.62502652601752995  0.63061175521250168  0.63620642850986953
  0.64193942709540730  0.64781903468644997  0.65369856050948272  0.65967583118340067
  0.66585279793290864  0.67235586443507112  0.67912205199426379  0.68566124898504544
  0.69299432359825452  0.70106596908372176  0.70950956728208947  0.71965338806218959
  0.73005769352490690  0.74075081776118934  0.75156520727209963  0.76213838330802330
  0.77348145551991365  0.78547065262321469  0.79997238289919914  0.81736476800210034
  0.83886947401292689  0.86547935493094585  0.90620689896792239  1.00000000000000000
   1.2946357547397939E-032  -1.0000000000000000     
 T T T T T T T T T T T T T T T T F F F F F F F F T T T T F T T F F F F F F F F F T T T T F T T F T T T T T T T T T T T T T T T T T T T T T T T T T T T T T T T T F F F F F F F F T T T T F T T F F F F F F F F F T T T T F T T F T T T T T T T T T T T T T T T T
  <DiscreteSampler_grid>
  grouped_processes
  1 # 1 for a reference and 2 for a running grid.
  10 # Attribute 'min_bin_probing_points' of the grid.
  1 # Attribute 'grid_mode' of the grid. 1=='default',2=='initialization'
  0.0000000000000000 # Attribute 'small_contrib_threshold' of the grid.
  0.5000000000000000 # Attribute 'damping_power' of the grid.
 # binID   n_entries weight   weight_sqr   abs_weight
    10   10   4.744761178045338E-020   5.048018030889454E-039   4.744761178045338E-020
    11   10   4.744761178045337E-020   5.048018030889447E-039   4.744761178045337E-020
  </DiscreteSampler_grid>
