 -0.00013931567068114  0.00580816871900846  0.01601568732047412  0.02756850827560003
  0.03866590411127346  0.04992270510199229  0.06120033229054751  0.07217345783082496
  0.08267304386647796  0.09282981011779839  0.10307889264641752  0.11318718760450741
  0.12306567502714015  0.13271248563195379  0.14235074620765900  0.15191032246057767
  0.16116495472939754  0.17034520679246656  0.17945351696672815  0.18828081166007352
  0.19711953492468440  0.20595467116945523  0.21487253626816180  0.22366308968142110
  0.23200022342841559  0.24065692884566708  0.24913077575494677  0.25752721908446508
  0.26578601708812438  0.27406812745871656  0.28243062981275685  0.29089441113161585
  0.29916114213846939  0.30721317080473948  0.31527577151835895  0.32373084249271300
  0.33223440138481980  0.34060916200779712  0.34897457417328653  0.35752085092699376
  0.36623755161813387  0.37478626350725064  0.38351115651896822  0.39251004714476523
  0.40214785809303061  0.41168021677182670  0.42103808376363649  0.43024958574817324
  0.43928543159686068  0.44809056815516124  0.45690031264809161  0.46579058222356751
  0.47445469998874851  0.48299231843091234  0.49148014728482525  0.49987757625328239
  0.50865838544882236  0.51751419767719797  0.52643660104095236  0.53527703107250479
  0.54399614431727206  0.55262272829525050  0.56120111073274992  0.56974452523400498
  0.57846102326821958  0.58737079138968007  0.59631744068494141  0.60526677586839039
  0.61422182030026873  0.62317754567048544  0.63212713636487694  0.64123707794534379
  0.65036156690889591  0.65988967265165943  0.66968431867503297  0.67964724018558320
  0.68992787394508359  0.70061419336823927  0.71139693826559858  0.72229843270895799
  0.73384413472104515  0.74559096580251072  0.75721738089554458  0.76886922716537309
  0.78092425462726089  0.79308682058823277  0.80521968895944085  0.82003311700176351
  0.83643367372441735  0.85320990714619005  0.87064976942883032  0.88885492428364943
  0.91043494901647370  0.93510636588963969  0.96456083721269614  1.00000000000000000
 -0.00266595796340952  0.01114671185157440  0.02209287363177816  0.03264430824499069
  0.04294563648089517  0.05317344133173783  0.06320510931616995  0.07214111866536456
  0.08138832052963803  0.09108631151492858  0.10083529769900076  0.11081728482464880
  0.12131271910349792  0.13246350690344896  0.14429684550057303  0.15594022731245100
  0.16776079185486770  0.17939006857123249  0.19136658999205225  0.20331186567537363
  0.21531620793712883  0.22650890763794673  0.23689494183736956  0.24677672717088792
  0.25685691659063015  0.26724474890145550  0.27791009940058453  0.28884531121871371
  0.29982430527975701  0.31014037464046695  0.31997383550868125  0.32943734272898728
  0.33888569166778115  0.34840346007976020  0.35843777081088313  0.36885322861619801
  0.37941872004149979  0.39013631853362790  0.40148641352976316  0.41401390181772552
  0.42730986275313843  0.44060284291757723  0.45306377592494923  0.46529895003320720
  0.47713715964380143  0.48792557372609485  0.49804050928509097  0.50763218647288955
  0.51694565508876189  0.52644396262302640  0.53596865785791992  0.54584455491137440
  0.55578180027210089  0.56637284728827542  0.57774913578970954  0.58845066149113046
  0.59872228276735884  0.60909287019716241  0.61977908362502465  0.63029610413246517
  0.64031605037874217  0.65069513126582701  0.66159770385246541  0.67213393806757493
  0.68263331604436561  0.69356464120245132  0.70463920190043816  0.71556576244683145
  0.72626294058989693  0.73692671661652209  0.74734360457866911  0.75739012772851388
  0.76726336947315910  0.77678632431237638  0.78624217265236496  0.79633482613965356
  0.80674717667218254  0.81725490201541762  0.82805332687974798  0.83833266950215590
  0.84824459533229302  0.85803680418207140  0.86797955660129433  0.87828941657372905
  0.88825085231390855  0.89854706150637909  0.91017711806407642  0.92119814845083947
  0.93210378463947263  0.94223157100144583  0.95211962199685840  0.96176272112475081
  0.97153942807699112  0.98063202048670906  0.99035819612537701  1.00000000000000000
 -0.00991838112701055  0.05436686554154192  0.08344457359317578  0.10452918566320460
  0.12303804771034020  0.14019287395583216  0.15696451354255461  0.17322005810954930
  0.18804746593448143  0.20170017156622522  0.21396277670031316  0.22552614622128386
  0.23581725073574605  0.24532562062854329  0.25483917252527444  0.26436054549585303
  0.27369673121706839  0.28253427983866702  0.29118845996822096  0.30032627563357484
  0.30953167032977480  0.31794070517121847  0.32571341344177074  0.33351967758457535
  0.34156190008494014  0.34980553910986795  0.35778663551035267  0.36522356319396465
  0.37287438377907678  0.38119178161675848  0.39036443805417970  0.39856010221021915
  0.40612275189264008  0.41375051359813669  0.42132368087276473  0.42890779531302364
  0.43654618229213210  0.44423837197435484  0.45168564813827417  0.45894213466181155
  0.46634639907170311  0.47387734531924114  0.48148684826511584  0.48932844949325011
  0.49736018295476592  0.50548368052941683  0.51420437488542869  0.52258544785773164
  0.53035568996484339  0.53791921047480240  0.54537186148854677  0.55299052679741945
  0.56071188680910056  0.56820998423150437  0.57533439288335375  0.58225927087900264
  0.58925566364746462  0.59620589032357563  0.60302828104133932  0.60982872507873220
  0.61647598967228023  0.62322693268039020  0.63025419818250883  0.63756480770472790
  0.64498676373870401  0.65335297756710964  0.66147269201139736  0.67012749815132977
  0.67912999011011033  0.68815172098080801  0.69726235827506544  0.70658515934085975
  0.71592743784679369  0.72505410980614782  0.73436310426567741  0.74277232891760336
  0.75155661538017882  0.76032364660542628  0.76938843253728950  0.77852725330280070
  0.78739394600068380  0.79633925757435575  0.80556467041660684  0.81498738751901878
  0.82449161549179761  0.83397437129521668  0.84455397819379630  0.85576111963637636
  0.86840186860325874  0.88151964361460566  0.89603787669896429  0.91067996256985995
  0.92611211514802061  0.94303738863037956  0.96505277349660923  1.00000000000000000
 -0.01845742923035092  0.10341825467334903  0.13728879551338655  0.15817959237738138
  0.17622294257438559  0.19169450351910813  0.20543330932512516  0.21809479581794686
  0.23002861946426070  0.24041929316142210  0.25043462782414527  0.25949101743616998
  0.26821297819485013  0.27644190278198977  0.28440939445437718  0.29234332937117424
  0.30021467574385580  0.30818442905394150  0.31596919093587345  0.32309592312200935
  0.33007523577784020  0.33681038031607557  0.34327229110431534  0.34979485394156884
  0.35620758799060365  0.36290667045558028  0.36934851091451243  0.37619951413338104
  0.38347096684740006  0.39084494752097076  0.39807049232506186  0.40505032402131153
  0.41182338439718258  0.41842565617372407  0.42445021168201880  0.43078983229774331
  0.43698581262642561  0.44319268193880434  0.44952819564666346  0.45603291558905551
  0.46214223252254893  0.46778199160680972  0.47338921472996870  0.47878351397911911
  0.48380078958388922  0.48878625011837418  0.49380496163204085  0.49885441242768402
  0.50385320497866892  0.50870180327313419  0.51353054545808774  0.51819373114364797
  0.52313836986966999  0.52831740292543461  0.53345662348217382  0.53843965745207523
  0.54390592206228272  0.54959858094028702  0.55515813765940958  0.56060509602763531
  0.56621340972352163  0.57205390041419946  0.57804855926556020  0.58409840662417811
  0.58996065833519740  0.59582412915676775  0.60183244918813028  0.60815982488604592
  0.61479066502043456  0.62129675750534119  0.62778201738010264  0.63430930413502540
  0.64088579357701470  0.64777260136812476  0.65504024281963591  0.66259038695857042
  0.67025851173027828  0.67795809912595684  0.68568444836488862  0.69368124881048920
  0.70226717940176286  0.71118896461200742  0.72038343518091641  0.72971179003325526
  0.73957831656199924  0.75023597178506418  0.76162376110324448  0.77318692442523018
  0.78455624108143296  0.79651791987684661  0.80923141198095394  0.82303849598641476
  0.83924493529720923  0.86117395538425889  0.89701144572646185  1.00000000000000000
   9.8362161741632607E-008  -1.0000000000000000     
 T T T T T T T T
  <DiscreteSampler_grid>
  grouped_processes
  1 # 1 for a reference and 2 for a running grid.
  10 # Attribute 'min_bin_probing_points' of the grid.
  1 # Attribute 'grid_mode' of the grid. 1=='default',2=='initialization'
  0.0000000000000000 # Attribute 'small_contrib_threshold' of the grid.
  0.5000000000000000 # Attribute 'damping_power' of the grid.
 # binID   n_entries weight   weight_sqr   abs_weight
    10   10   1.069284038339120E+004   3.262047573595539E+008   1.069284038339120E+004
    11   10   1.069284038339120E+004   3.262047573595539E+008   1.069284038339120E+004
  </DiscreteSampler_grid>
