  0.00871431054841658  0.01724193709471426  0.02772448173393922  0.03832285367003633
  0.04910818510578984  0.06013295566500957  0.07025970412169959  0.07985090038356003
  0.08984312112586564  0.10043439525914399  0.11030550827010122  0.11961535354297652
  0.12924932300393449  0.13954125938486472  0.14988382721982119  0.16006809214520754
  0.17067127630823481  0.18140070754764359  0.19177513212613648  0.20215836389658898
  0.21259443949973422  0.22310833489197640  0.23322337403315191  0.24343220356505996
  0.25388268868403657  0.26512273558777477  0.27649525228422467  0.28716991474002124
  0.29715674283064053  0.30707322392791941  0.31738351853049168  0.32769248531779349
  0.33792276264144816  0.34796167605195233  0.35817486054668790  0.36846322606400933
  0.37898846758997029  0.38946524128838284  0.39999368761571680  0.41037992941198903
  0.42085383682050992  0.43155733213552699  0.44247375433278108  0.45351099389097405
  0.46431871995411250  0.47486121807843684  0.48494514148747248  0.49515027117610944
  0.50546741075036439  0.51563384838972914  0.52598185934117059  0.53600926661834059
  0.54594277626938303  0.55532178476189309  0.56503446638396548  0.57456402622680125
  0.58435862312089892  0.59405633499639310  0.60361758009936217  0.61277079028490178
  0.62181552034119381  0.63142429258335686  0.64153764510970857  0.65175139118911940
  0.66179483169458209  0.67193161007963809  0.68251058205025028  0.69346433411478303
  0.70477309884461847  0.71612224916170664  0.72683186420080081  0.73682270470853028
  0.74642460735397809  0.75610204648212864  0.76593965947631515  0.77602682208284912
  0.78669731890825545  0.79723133792048162  0.80737207462518268  0.81739592960471297
  0.82754468549452620  0.83763037271932728  0.84730915617573288  0.85735537590693611
  0.86819906142214587  0.87931916785598774  0.89050816032679059  0.90180370153649314
  0.91306557420987589  0.92423050288184361  0.93517316102604098  0.94619867504095823
  0.95724786358807745  0.96803112981088890  0.97858447629055545  1.00000000000000000
 -0.00084390179474836  0.00454294753422817  0.00711939991911837  0.00969502168654116
  0.01261113632749758  0.01608581921844149  0.01992883497901029  0.02384977712119069
  0.02821845118055807  0.03303664731631829  0.03796286319078539  0.04302727598041327
  0.04838702860513867  0.05413240421918751  0.06036437870977007  0.06692888704730719
  0.07375417452693721  0.08057547152685045  0.08803680221343883  0.09522353052604202
  0.10218136964750987  0.10946491927291835  0.11713138695160313  0.12492937165570747
  0.13312182043562293  0.14147918723186920  0.14994921160033411  0.15836826607933790
  0.16705363995969091  0.17601320290225553  0.18510038374190060  0.19441357205782211
  0.20374432761810815  0.21323528407349845  0.22300710166377705  0.23330824669626912
  0.24428857663955988  0.25471258144136011  0.26439386927362568  0.27374474653206932
  0.28328044621996851  0.29307886038046810  0.30329551057552845  0.31420645593589935
  0.32564735230599118  0.33740715273317123  0.34973365593859790  0.36196175730041968
  0.37420010774010343  0.38640230017908722  0.39844014181865406  0.41004138116149214
  0.42122229357639840  0.43276706023705042  0.44465540009342552  0.45662528854726375
  0.46876169436596143  0.48098262398145802  0.49340640959181015  0.50580755597824667
  0.51814196304987492  0.53074269436945642  0.54374796195153940  0.55750734922535383
  0.57104690244262435  0.58443244698402885  0.59772086302367311  0.61110470915561432
  0.62489397713365014  0.63886139364076910  0.65282726094582888  0.66671358503388600
  0.67988345976649012  0.69250547140816954  0.70514650432931347  0.71826557246221956
  0.73228060603566825  0.74662476710738523  0.76076504598958328  0.77452932636899574
  0.78796456915823865  0.80123337252813764  0.81455542846258011  0.82829825653957723
  0.84206654942218251  0.85575656470893957  0.86942284192340280  0.88301634542322383
  0.89664666211307387  0.91067723298633829  0.92507146566914800  0.93933976682179354
  0.95441388942130623  0.96976203638816516  0.98500287430600153  1.00000000000000000
 -0.00271107380314413  0.01096371275688535  0.02211444947017535  0.03251301255871292
  0.04289794388718251  0.05326484184996045  0.06373116416625009  0.07466723984817129
  0.08534543714122116  0.09680377750065658  0.10797967164148510  0.11944501089573899
  0.12982649691150910  0.13925292566172875  0.14868267247232769  0.15856044827486093
  0.16873291747608340  0.17869884059672086  0.18823794368931535  0.19816752030734555
  0.20802312012535745  0.21802264243835859  0.22789862331401986  0.23806769780819440
  0.24839885180327986  0.25855273632290859  0.26887097971163054  0.27905160212895358
  0.28904750583118227  0.29889791320824372  0.30872953719908314  0.31894391941270717
  0.32945709901442527  0.34009208771471033  0.35056696900331608  0.36074714742009534
  0.37021038272257661  0.37961860645492762  0.38903671259612488  0.39865427048378155
  0.40852308322350106  0.41874942589628833  0.42910939534490794  0.43939413603199273
  0.44995043955099595  0.46066980729609897  0.47101139088899274  0.48131382922396138
  0.49158556628040351  0.50225411498255812  0.51270118680222276  0.52318000904448569
  0.53350244350266862  0.54374199716941751  0.55383397302514870  0.56387877218586102
  0.57392494736928712  0.58396496213563487  0.59489507877658399  0.60651829828936221
  0.61864391396422269  0.63003574118841932  0.64067707733387602  0.65092531358865857
  0.66105931956539166  0.67119844927908068  0.68145878699686435  0.69180291916292580
  0.70240032792457241  0.71334114230654122  0.72431689131964949  0.73487500034598552
  0.74508927092830191  0.75560814009809751  0.76648799343989815  0.77760090039967567
  0.78877780329823100  0.79989521473537117  0.81059125237847540  0.82081858908476268
  0.83121992726670901  0.84156507377724132  0.85259771612141355  0.86382792588501311
  0.87449668784660239  0.88466624104188640  0.89514824554469519  0.90675753596633368
  0.91920286837590970  0.93126473668359788  0.94341447290551861  0.95633006434732060
  0.96763151747908749  0.97896091215492542  0.98950045224537309  1.00000000000000000
 -0.00214194499377463  0.00911105198468843  0.01862427194959062  0.02880091109241899
  0.03880375085006892  0.04910112863910060  0.05947631403050755  0.06979517104861672
  0.07970184102936724  0.08900505019229302  0.09793266228582465  0.10716148536904570
  0.11683093858801566  0.12660182919181348  0.13672359479951079  0.14711194166251634
  0.15822027473719050  0.16850093196870125  0.17843807865959604  0.18844138266051888
  0.19844381243889525  0.20825789572401981  0.21838634527890269  0.22866354873964709
  0.23964703421031638  0.25117500332960369  0.26203296320275155  0.27335987858893501
  0.28396296737733773  0.29471210177083118  0.30545948186725674  0.31634284584865496
  0.32722166647694573  0.33794502093669787  0.34861996133576534  0.35926469710709619
  0.36924647929797033  0.37907791557705861  0.38884626906765613  0.39917863912595969
  0.40964018332671648  0.42020353505604707  0.43112317424341984  0.44245255106225084
  0.45430471492137026  0.46581306394362659  0.47743059772043994  0.48910538231414669
  0.50093701072833419  0.51261691962794564  0.52355661755330030  0.53492202795333577
  0.54652690269149873  0.55847410748075810  0.56961626185558989  0.58003771909748258
  0.59051493667300159  0.60094440448077080  0.61131295121057427  0.62169846751674307
  0.63205876166412700  0.64196210269034970  0.65134542082331959  0.66066729970369087
  0.67084275134205640  0.68158571902565479  0.69240301829342210  0.70320819706946380
  0.71419923589911627  0.72538174570560676  0.73643928039463924  0.74709973170662525
  0.75792970522619341  0.76906044691403208  0.78061847588839062  0.79125387719341034
  0.80118824995109028  0.81102817325169785  0.82141619754123063  0.83207545300194619
  0.84273166274354361  0.85371417689525830  0.86509568119933589  0.87629591254171613
  0.88711093637758065  0.89799503424065219  0.90899283307635814  0.91974451978470917
  0.92988579529792015  0.94019263144871823  0.95023418815073335  0.96049998213693011
  0.97060704404227727  0.98059778044435575  0.99036862776172863  1.00000000000000000
 -0.00191635679954276  0.00885819720226472  0.01825532568072029  0.02905635632080108
  0.03941301590386374  0.05010244803482718  0.06080756394306106  0.07282151938801867
  0.08500723352577264  0.09659243655134180  0.10758150558146698  0.11830322684567694
  0.12930085162316488  0.14045796211078407  0.15147020689319016  0.16224786734287963
  0.17262802270131244  0.18274278766819316  0.19249183430257136  0.20245285522126971
  0.21264320517575278  0.22312521365576973  0.23332089530066319  0.24306185526901780
  0.25259446644355688  0.26241378858630704  0.27254720391191650  0.28276594838841457
  0.29311155813459061  0.30400096022078821  0.31486908949150988  0.32543586593830842
  0.33654937650881678  0.34876834245056920  0.36064192549787205  0.37127244591119651
  0.38182786413306746  0.39235545558512314  0.40209977549991921  0.41130033440765035
  0.42124448365461542  0.43200668228295119  0.44293528690376172  0.45365713847851846
  0.46378528671116404  0.47338029404283050  0.48287925052504227  0.49251104043278965
  0.50223177942232333  0.51162132438266017  0.52153510306863826  0.53197166898882509
  0.54264304633739358  0.55290125101025711  0.56320889535072838  0.57402726985124974
  0.58522149730711259  0.59770954254309061  0.60919608643739831  0.62009478340164093
  0.63062544437459445  0.64163594865618945  0.65241611146773670  0.66282256914517523
  0.67301092866594858  0.68275966380021813  0.69239630225642379  0.70204572670551524
  0.71279261791675941  0.72420569466067775  0.73441520602149424  0.74418794279184475
  0.75439556204082636  0.76523378333614511  0.77509054911284769  0.78466527888014082
  0.79446258927258384  0.80549350494125627  0.81627353976141104  0.82686491835987563
  0.83747981345921130  0.84837199812746744  0.85910792269286917  0.87021202699734268
  0.88114207210701589  0.89201313197316512  0.90289860591164584  0.91370833451637534
  0.92448194619412227  0.93546003008731138  0.94663230249407027  0.95824616013373065
  0.96866727140881492  0.97919817417005983  0.98954167820989536  1.00000000000000000
  0.00543325642824600  0.03855363844293028  0.05498801963288905  0.06663666901463923
  0.07671586611071352  0.08599684454412525  0.09456608399066015  0.10305510749554994
  0.11138617702067463  0.11975952530827613  0.12766846864473352  0.13521092183700806
  0.14256698138757129  0.14998127234704439  0.15752863403512704  0.16497798798495139
  0.17201005651429391  0.17860435340437381  0.18545504006561422  0.19201221285771869
  0.19857682065812368  0.20517085428422896  0.21174083391004528  0.21822693834266843
  0.22470978752937321  0.23130664688613919  0.23799435784264905  0.24472487539882157
  0.25134059453771851  0.25776924773066701  0.26413954176985227  0.27054015168732731
  0.27706376940710942  0.28354106057129924  0.28990526677829981  0.29599741854136791
  0.30208506909389349  0.30820407097743890  0.31446721378107129  0.32103651478971951
  0.32778537171148281  0.33460904909342093  0.34138476060545209  0.34814568539960083
  0.35471917079065707  0.36138905717321562  0.36822575715400246  0.37527297997634901
  0.38263167218305616  0.39005162089355705  0.39717792751037218  0.40386260321557282
  0.41033177819650923  0.41694301481778862  0.42380649474477128  0.43079524877649000
  0.43772240478482832  0.44459326251886017  0.45147334075100498  0.45842851514950006
  0.46567242691426436  0.47306257686952236  0.48054659663192845  0.48827124598123756
  0.49604036822644787  0.50412027027845463  0.51294801262044731  0.52164136543059825
  0.53121629187665809  0.54028232005507082  0.55048510263381156  0.56083189402045563
  0.57128847245486802  0.58200103431139572  0.59219320126107444  0.60225835062267885
  0.61206458927036134  0.62189744836762284  0.63229266933716599  0.64306713726247267
  0.65411019500424694  0.66529882442821864  0.67708496515097938  0.68950158710327547
  0.70245333502093144  0.71649057801660399  0.73112557652605314  0.74665095477572230
  0.76259699316330998  0.78077688576309734  0.80042263462799146  0.82144973991951187
  0.84400765318646165  0.86967389814558427  0.90744066534090362  1.00000000000000000
 -0.02035571567468441  0.15657033225849618  0.21191004990390744  0.24920741697397022
  0.27532867747157697  0.29626148678740877  0.31542622216773003  0.33268541879773394
  0.34814473223214681  0.36200634642368146  0.37482680191515921  0.38627461437777366
  0.39681769954780804  0.40637552194820942  0.41570680855437159  0.42457669239403956
  0.43287044585177509  0.44101526687719389  0.44911571312099546  0.45715515398996137
  0.46502658253153828  0.47264453273039136  0.48006809223197744  0.48730159059530931
  0.49433974396212865  0.50117795278875465  0.50788306454227039  0.51445549563292192
  0.52086397548980834  0.52703829459943996  0.53312253555103772  0.53920480265992687
  0.54513032158113783  0.55088813131640590  0.55669643563573790  0.56217991294917102
  0.56751449930601272  0.57276846426403916  0.57797556364520297  0.58309162499842748
  0.58798170232576930  0.59275863450448252  0.59770231818219899  0.60264280878605614
  0.60731776178885166  0.61189238319572881  0.61645525679031177  0.62101179456255495
  0.62564171573961036  0.63030960041580664  0.63496847537158396  0.63964690534060131
  0.64432849333405706  0.64904651815793157  0.65375112752064735  0.65823488252898477
  0.66264831385983158  0.66708026181781055  0.67162422576309366  0.67624728371339604
  0.68080300753238565  0.68531802724047364  0.68986603343787012  0.69452545325856696
  0.69933004477285587  0.70427862439361499  0.70934152208404544  0.71446344929019689
  0.71958184030410655  0.72467317061587311  0.72973951108181634  0.73492381951748376
  0.74016759037626811  0.74539317174101427  0.75065833348253397  0.75587967867225636
  0.76100357240341321  0.76610019339467894  0.77121799827867799  0.77686391618219042
  0.78282063576622862  0.78901591697968565  0.79555026832479070  0.80223253256319349
  0.80904647221091541  0.81612709230215585  0.82370405017964943  0.83142794956899679
  0.83990835248018714  0.84882090556322554  0.85914900414759243  0.87040848225757295
  0.88473499299612812  0.90357337072357169  0.93208440974286155  1.00000000000000000
   3.1786787104739862E-033  -1.0000000000000000     
 T T T T F F F F F F F F T T T T T T T T F F F F F F F F T T T T
  <DiscreteSampler_grid>
  grouped_processes
  1 # 1 for a reference and 2 for a running grid.
  10 # Attribute 'min_bin_probing_points' of the grid.
  1 # Attribute 'grid_mode' of the grid. 1=='default',2=='initialization'
  0.0000000000000000 # Attribute 'small_contrib_threshold' of the grid.
  0.5000000000000000 # Attribute 'damping_power' of the grid.
 # binID   n_entries weight   weight_sqr   abs_weight
    10   10   5.697331501316037E-021   4.833752112390949E-041   5.697331501316037E-021
    11   10   5.697331501316040E-021   4.833752112390941E-041   5.697331501316040E-021
  </DiscreteSampler_grid>
