 -0.00144114461795392  0.01733404722371949  0.03503888876711890  0.05098616685504725
  0.06533699295908808  0.07909352926087314  0.09211419886513181  0.10417566260273442
  0.11568301152349457  0.12678083890610545  0.13773459802254917  0.14855516147146930
  0.15912618377161286  0.16942751498348724  0.17944071648686324  0.18907357649278445
  0.19847160263896754  0.20777274301151522  0.21710611177517194  0.22623798304914713
  0.23526159054071150  0.24424705342991809  0.25337250808861056  0.26234661266941750
  0.27110494762039167  0.27973497648724505  0.28827500509699427  0.29693447789292604
  0.30537693593599835  0.31360079710262517  0.32168945926161674  0.32967138456174466
  0.33763029118296883  0.34554006954630956  0.35343847165945486  0.36121944540938589
  0.36904473670883403  0.37700189555818769  0.38481335305827385  0.39267972484994945
  0.40059676076653211  0.40865682977467582  0.41661737828079765  0.42448313605038368
  0.43233104014802348  0.44018443840375615  0.44800826599085247  0.45577560923554639
  0.46347463221357221  0.47111960975394929  0.47882045606054868  0.48662738626478952
  0.49454378875986726  0.50246135853966400  0.51037291967196552  0.51843325303886634
  0.52646006507113829  0.53443643724840273  0.54241704480492192  0.55043563102264625
  0.55847857104538845  0.56653375559485641  0.57462020723789742  0.58276655695294965
  0.59097563090903915  0.59919952248551744  0.60750408038256443  0.61598394137306378
  0.62458840666822557  0.63331006812214730  0.64194698572501474  0.65067104099169182
  0.65951945633986397  0.66859591890947578  0.67788945865180328  0.68725053638160671
  0.69663701572986625  0.70606622919162287  0.71555130390764932  0.72576131637209629
  0.73611274880446165  0.74659356782198194  0.75726515314780518  0.76815566705991856
  0.77947492479500702  0.79186083837090249  0.80494998024855735  0.81828313293916466
  0.83224028936487005  0.84703036792917141  0.86309714366815704  0.88146581997863194
  0.90122374049396692  0.92433100036552063  0.95728547715296086  1.00000000000000000
 -0.00298576487169165  0.01041391373975224  0.02179401742548603  0.03274774448908224
  0.04343533250803998  0.05396910728316794  0.06460854466743621  0.07475641608564819
  0.08499412031137754  0.09507427325965519  0.10531923846168248  0.11544925515113594
  0.12547441880741153  0.13540439932034073  0.14528654921400810  0.15561667096053777
  0.16569789700460977  0.17618248119822574  0.18662996475330729  0.19760056744432131
  0.20845173639450945  0.21896360489775243  0.22944687020483215  0.23971133361130026
  0.25008890279471296  0.26084603957674363  0.27175829041118288  0.28281363406357207
  0.29393593667875750  0.30535021747326857  0.31624908303047283  0.32674595315568244
  0.33678422338547898  0.34666920969620313  0.35670157052838958  0.36680365721573022
  0.37697409314978053  0.38756510516769288  0.39812153558455216  0.40907661865113282
  0.41967727205412986  0.43055142376116978  0.44109305066501597  0.45124191595591145
  0.46136148261896770  0.47177856741585500  0.48226761965589876  0.49257557484176684
  0.50287842660495219  0.51361745138841575  0.52408324416854779  0.53414097518298709
  0.54424051197514023  0.55442287058054118  0.56480212065816693  0.57525858351882231
  0.58590410911401092  0.59651237028848936  0.60720039023504169  0.61818710168217361
  0.62944991287780006  0.64073746694710099  0.65198756509046341  0.66342046486916872
  0.67444735482336016  0.68556536717145033  0.69608319857760015  0.70613615570497568
  0.71647229817938451  0.72703271878040809  0.73765303192518739  0.74810838953536019
  0.75863503220342676  0.76889542160815583  0.77915278521280062  0.78915018616171628
  0.79986331285286805  0.81096767777739065  0.82230203962872517  0.83357628059643041
  0.84415855017061592  0.85446886137141320  0.86487362446768545  0.87524483511606832
  0.88571443274075090  0.89612663831634576  0.90664181343185812  0.91702043233639319
  0.92732076540020736  0.93748312280906254  0.94804066457006575  0.95867458146267592
  0.96899998517213315  0.97938010811759335  0.98962072128906742  1.00000000000000000
 -0.01327703780566324  0.07224015203493217  0.11132083015137319  0.13862441968151695
  0.16163995413367274  0.18131629753433265  0.19819549334542316  0.21376427279721530
  0.22856405437414479  0.24294305054263621  0.25675097957920412  0.27002939189353231
  0.28249572735482303  0.29466166578728126  0.30638047148795067  0.31757238432948631
  0.32819792252887414  0.33852243419372940  0.34858113059043178  0.35858817692368411
  0.36854133459024246  0.37822971509992770  0.38761254025989533  0.39658434034266804
  0.40517608015922479  0.41366746218542311  0.42195450626070491  0.43033524942970530
  0.43849671927139194  0.44658328016874232  0.45451391399650298  0.46242470511715528
  0.47033198071109095  0.47815661748013882  0.48581327756555015  0.49349226050359174
  0.50121331600267449  0.50871673337992607  0.51603942073030962  0.52324479884961572
  0.53048180046149529  0.53772164447834114  0.54494104199572080  0.55209167963767958
  0.55920918709779188  0.56621085846103680  0.57312735610356635  0.57998722722732698
  0.58669809439495579  0.59328926310700891  0.59988104463535497  0.60655427862726563
  0.61334472408378937  0.62021001333840753  0.62720889808449987  0.63429622308097322
  0.64143936823274450  0.64849926748353615  0.65526823986015825  0.66202554305264594
  0.66868433360406043  0.67525691836527613  0.68179626131693583  0.68835431556327276
  0.69491321656334404  0.70160315334161305  0.70820363415739573  0.71512832291377770
  0.72196131269659380  0.72867964445551026  0.73538765524078620  0.74215378952269084
  0.74906271668785929  0.75608754430334435  0.76310489269758941  0.77010414089157164
  0.77718054732256059  0.78436404315907171  0.79164495313477867  0.79905759698272893
  0.80664736224313582  0.81439966720416024  0.82219581520507001  0.83008138688537103
  0.83825033774872870  0.84670207780004969  0.85555489195166790  0.86490534345435843
  0.87471799972137720  0.88506579439941868  0.89599113443559952  0.90777185155922890
  0.92107979515678096  0.93698716246693048  0.96004783110303604  1.00000000000000000
 -0.03404933597184262  0.17399197880763373  0.22819463683391322  0.26359826553094562
  0.29092950956314256  0.31385927980093620  0.33384188718156804  0.35168390695144625
  0.36804286441677841  0.38278385070333809  0.39613463677313610  0.40870237410010984
  0.42071822307287643  0.43211518906037960  0.44299125208604190  0.45324157623348227
  0.46293096733191597  0.47221554302587238  0.48124750413747336  0.48993155168739011
  0.49830892985173691  0.50634933639386770  0.51410453616712770  0.52164846192283076
  0.52904493654873153  0.53624933960724419  0.54318365985888806  0.54973764530512825
  0.55609416271207579  0.56234517995390465  0.56845347602021024  0.57445427309561570
  0.58041936546424222  0.58604817795271935  0.59159121198511877  0.59703942677587518
  0.60248357620403370  0.60792222618041081  0.61329503090179638  0.61863519357732544
  0.62382327832507356  0.62885222468445934  0.63379865782652811  0.63870619274521911
  0.64359681743927333  0.64845879922858196  0.65326191984177318  0.65797160143016487
  0.66258216007209370  0.66718496810127459  0.67184553911441525  0.67648139395570583
  0.68114808770790014  0.68582500675335423  0.69041321197125316  0.69497226460094552
  0.69951930291132125  0.70401097288208314  0.70849143052143349  0.71300935965217094
  0.71755248231654178  0.72211038119610849  0.72666669796620165  0.73121107467266111
  0.73574472371991817  0.74025544918507857  0.74473258533275699  0.74922797743603420
  0.75379848688459927  0.75845921968728380  0.76319607706272719  0.76792108930911596
  0.77260292297312494  0.77718592182761270  0.78181339856603627  0.78652418949620362
  0.79133513060362715  0.79622531218518888  0.80119534796077208  0.80622773690939686
  0.81128130622241768  0.81645345756189325  0.82179860978234753  0.82732077246525315
  0.83314520974300355  0.83934963031291010  0.84586394964047318  0.85269328485847928
  0.86013548725342237  0.86825574171240760  0.87682885046505377  0.88639849989612729
  0.89768017841548609  0.91257408596131162  0.93604206580500071  1.00000000000000000
   1.5794628498522294E-008  -1.0000000000000000     
 T T T T T T T T
  <DiscreteSampler_grid>
  grouped_processes
  1 # 1 for a reference and 2 for a running grid.
  10 # Attribute 'min_bin_probing_points' of the grid.
  1 # Attribute 'grid_mode' of the grid. 1=='default',2=='initialization'
  0.0000000000000000 # Attribute 'small_contrib_threshold' of the grid.
  0.5000000000000000 # Attribute 'damping_power' of the grid.
 # binID   n_entries weight   weight_sqr   abs_weight
    10   10   2.250510324913394E+004   1.741256827317521E+009   2.250510324913394E+004
    11   10   2.250510324913394E+004   1.741256827317521E+009   2.250510324913394E+004
  </DiscreteSampler_grid>
