 -0.00013898346403067  0.00604807525546152  0.01645408897946583  0.02773495250857696
  0.03919075538492476  0.05048418393170918  0.06154911427330934  0.07249022351553210
  0.08295087825791338  0.09336732362621723  0.10396210387006258  0.11431770845283884
  0.12447652402855700  0.13435117852474363  0.14401780479302576  0.15342815833238155
  0.16263284745648496  0.17191631127813164  0.18147283701911907  0.19111417495043945
  0.20102650160577484  0.21047252971168301  0.21971677845152937  0.22888770826875190
  0.23821144637098293  0.24776240517408774  0.25708251992964248  0.26557325962689299
  0.27370236665675551  0.28181180459663485  0.28997517381044036  0.29812669665289032
  0.30617405747110593  0.31415634024483385  0.32216082245766087  0.33023219587530794
  0.33829723672517226  0.34631444998345179  0.35452758903664511  0.36286202714306492
  0.37116235095587291  0.37942867044060391  0.38759572421091659  0.39599991668410650
  0.40455283304506179  0.41309816539852012  0.42146300471452569  0.42960492442264109
  0.43763815902572190  0.44570797813691826  0.45373005688265572  0.46193519398710409
  0.47023267323777967  0.47838671774882818  0.48645437385783141  0.49448530362266674
  0.50250050394783985  0.51055427745817683  0.51875061310486581  0.52714607452189477
  0.53589070359228919  0.54478678727667951  0.55366220502968488  0.56245574264999276
  0.57116818074860964  0.57977356341360686  0.58859323215727644  0.59758616500472272
  0.60690010154337226  0.61634048787512830  0.62575083569751155  0.63511086358998670
  0.64434674992031349  0.65407451377477088  0.66405652526825687  0.67430205305386526
  0.68474630948260673  0.69529502285313383  0.70631808949233166  0.71738452383476292
  0.72885164801545843  0.74082164380885385  0.75308184013338186  0.76519246207937330
  0.77737845968623620  0.78975941897020396  0.80225109355868562  0.81617970437493381
  0.83166740222218771  0.84804404536875921  0.86483404842034417  0.88273285571965188
  0.90358712801595586  0.92867020989627425  0.96080917756262763  1.00000000000000000
 -0.00227611654410863  0.01003335279633453  0.01972171366799625  0.02934930531175726
  0.03903281338187187  0.04915992797722256  0.05950313902556620  0.07050713484879111
  0.08116623151146297  0.09246254545620108  0.10367041031803884  0.11607484450061414
  0.12792058977099763  0.13921886663601854  0.15059991998758937  0.16218819324794459
  0.17369497734515107  0.18462074196292791  0.19510490423795906  0.20568947061238754
  0.21538822810161837  0.22521319466434650  0.23503946461524711  0.24510712314040214
  0.25524001359449172  0.26541662560269602  0.27605124332065384  0.28723183497736904
  0.29833804127933883  0.30910124292521812  0.31967747401494717  0.33043058335969783
  0.34127119372009712  0.35197435878505623  0.36257318563221302  0.37319197256254510
  0.38366530330684778  0.39385713388151522  0.40394633754373127  0.41376323000033483
  0.42361908282657890  0.43356533448233159  0.44351184883083633  0.45343568073022833
  0.46314172561221234  0.47285860362207605  0.48272138642572365  0.49291531484859419
  0.50300191419017459  0.51312416210391087  0.52313410883401967  0.53333046243907267
  0.54313303057406859  0.55331535131739562  0.56356246814476052  0.57526352555333560
  0.58655632482496134  0.59853101858820379  0.60868426702472556  0.61838911802155538
  0.62822942258329251  0.63816820317888923  0.64793361827790386  0.65811077323739287
  0.66878651750149876  0.68063759470831531  0.69189481548096543  0.70192141726903345
  0.71170544757565424  0.72154793846215304  0.73109918316645883  0.74140476502691011
  0.75121991854336290  0.76264400211660122  0.77356755366965602  0.78515868242457010
  0.79644726073323924  0.80709113674869504  0.81785339552587544  0.82872760078137031
  0.83934905301210871  0.84964833200743484  0.86003707212230540  0.87080615860322641
  0.88166506121342214  0.89240305331149483  0.90277630886715510  0.91306621258582266
  0.92400211572417423  0.93555687955346234  0.94687309595981950  0.95744105491941411
  0.96848652678306979  0.97979543193215923  0.98993605999967371  1.00000000000000000
 -0.00943817695247573  0.06027120413940981  0.09655013736242062  0.12423024052381143
  0.14699538942110738  0.16728717542784166  0.18612140185410883  0.20414684560928975
  0.22205287360007514  0.23880076248420926  0.25423297327209554  0.26832506571796294
  0.28199460780848135  0.29500557240227693  0.30734797492867982  0.31951516998497320
  0.33079688794426299  0.34171680768438190  0.35204657719205801  0.36262511059747893
  0.37314640280608768  0.38371137088174184  0.39413911629496401  0.40428254479797410
  0.41407001494540818  0.42265648935420902  0.43078152593052638  0.43919377484019301
  0.44746502761300661  0.45585359433054085  0.46344201066975832  0.47111517605441261
  0.47855713434782432  0.48702786395817094  0.49556876988957133  0.50415588178784299
  0.51279896711774497  0.52131900744271009  0.52996451668300804  0.53866900901674819
  0.54756601033484154  0.55656131802658804  0.56496672730149899  0.57266945528218116
  0.58031730003634852  0.58803691370716860  0.59556975264477352  0.60282691008869094
  0.60963242191453759  0.61644702024431008  0.62330930908591931  0.63016669710860351
  0.63692039728358985  0.64365643271395767  0.65018972401914854  0.65663131953392972
  0.66290676560359718  0.66961109249188033  0.67670280402149696  0.68380940589396355
  0.69077802141541700  0.69754520954309673  0.70434173123042931  0.71131836686729188
  0.71857035738686670  0.72612151612502662  0.73357076418209699  0.74088214479665315
  0.74793318313696644  0.75503453530956832  0.76195320705491787  0.76900079212837003
  0.77627103921658491  0.78375571474010053  0.79163983748027422  0.79975567656155688
  0.80791812653329353  0.81588659903371441  0.82360630363826959  0.83151078677478629
  0.83909185840909395  0.84672825769159543  0.85454947119398106  0.86272616651324241
  0.87097416844637487  0.87921519068895537  0.88750923653030445  0.89601938421895888
  0.90553097660120319  0.91553981085733871  0.92604423356616128  0.93723034488222046
  0.94965720885991678  0.96312626638833410  0.97909538622413406  1.00000000000000000
 -0.01915424549985598  0.11887226974924965  0.16796673421338215  0.19545077046315157
  0.21719441528423933  0.23592755726013720  0.25336074102816536  0.26994949078576203
  0.28486279259100200  0.29886331135442307  0.31252650616340927  0.32418029127815834
  0.33553261968880027  0.34565575551022876  0.35559696673367336  0.36541354360964406
  0.37523761671330408  0.38580726542225857  0.39603503100164406  0.40639627171943354
  0.41658697523953347  0.42637547093340045  0.43604252509780811  0.44439287642619435
  0.45263080874915884  0.46062839871097933  0.46869984484381322  0.47671224111893756
  0.48444578837640684  0.49188500954428815  0.49936534495933482  0.50720233135947401
  0.51529660007153388  0.52333126133399011  0.53105798345255373  0.53842813353169861
  0.54583066911514833  0.55350384299534949  0.56111375846205225  0.56798372907904160
  0.57416047386105373  0.58034895950777587  0.58659126723469712  0.59305022029863930
  0.59938145568892454  0.60548743120762827  0.61109254023046689  0.61648817738593564
  0.62171449586362060  0.62718602261953349  0.63307376680069161  0.63897688172719957
  0.64467584106709275  0.65024119610275688  0.65578156011307331  0.66136793251707648
  0.66709390629987286  0.67295310254615026  0.67877174489744529  0.68475762195741685
  0.69032576900854148  0.69580056717707683  0.70124485517840496  0.70675500887160148
  0.71223967243816100  0.71772022830250548  0.72331351085348972  0.72889217796723815
  0.73425146899951788  0.73943006239250653  0.74444768404467365  0.74941470594970883
  0.75453206424039798  0.75970481085714792  0.76500573269997751  0.77026552696565587
  0.77535875212654071  0.78044149489868875  0.78568382124640956  0.79115420546474879
  0.79703569381026385  0.80314650288040523  0.80923551595859233  0.81564644836090949
  0.82232801420530954  0.82890664686501936  0.83594899894741592  0.84421747925395785
  0.85284477321962771  0.86213865641348331  0.87210381559495709  0.88300038107463064
  0.89507348221934713  0.90999795998924859  0.93554276021084271  1.00000000000000000
   3.3670908501692834E-007  -1.0000000000000000     
 T T T T T T T T
  <DiscreteSampler_grid>
  grouped_processes
  1 # 1 for a reference and 2 for a running grid.
  10 # Attribute 'min_bin_probing_points' of the grid.
  1 # Attribute 'grid_mode' of the grid. 1=='default',2=='initialization'
  0.0000000000000000 # Attribute 'small_contrib_threshold' of the grid.
  0.5000000000000000 # Attribute 'damping_power' of the grid.
 # binID   n_entries weight   weight_sqr   abs_weight
    10   10   4.578887187021945E+003   6.089793234086977E+007   4.578887187021945E+003
    11   10   4.578887187021945E+003   6.089793234086977E+007   4.578887187021945E+003
  </DiscreteSampler_grid>
