 -0.00027237823151700  0.00673405156039132  0.01678641115029965  0.02749366138008160
  0.03868819372714257  0.04932507385486427  0.06018344812254143  0.07128607696159991
  0.08223439062104730  0.09259029722874265  0.10271348662514940  0.11315762046172545
  0.12320196443816904  0.13270181537550149  0.14217335007517143  0.15163513552550059
  0.16113218657710651  0.17028730679491691  0.17926075001730177  0.18808436856058425
  0.19678157805870114  0.20523897785951012  0.21359624463268911  0.22202779142050061
  0.23077817086385208  0.23982218890637719  0.24912074606792872  0.25892151110734896
  0.26844856370697434  0.27793786326631320  0.28731028929498115  0.29651788751577707
  0.30541034303081022  0.31422919437152935  0.32300716664218543  0.33192771115222736
  0.34069786368936916  0.34927511548737583  0.35796770965676539  0.36684450909265126
  0.37567522464618136  0.38468618716179076  0.39387074696914703  0.40299475912577337
  0.41200859906326437  0.42093740294674387  0.42980382426315861  0.43856357811780150
  0.44730328351239618  0.45597538330606896  0.46399229117224389  0.47186374267048409
  0.47972584166419691  0.48752286005347056  0.49527014981783574  0.50303951422323712
  0.51083569201270485  0.51874923193484868  0.52665175251135654  0.53467255080341713
  0.54292430835616712  0.55134184517916529  0.55979980613410130  0.56822698574818598
  0.57664020387216852  0.58511201104741473  0.59373570861882374  0.60247252661011730
  0.61144798022427349  0.62057216494526901  0.62985454701612220  0.63932109416822180
  0.64888454228731351  0.65945102811553502  0.66947837552896272  0.67938835388942242
  0.68932812553084077  0.69942244640142981  0.70980510956951082  0.72025642318106264
  0.73100977110058962  0.74191903807324966  0.75285231943946296  0.76384339306770699
  0.77571775736747661  0.78919438247487272  0.80286460154033368  0.81680818556350077
  0.83124390795670999  0.84701649587157168  0.86419998423069178  0.88247702710722409
  0.90231666750033135  0.92529467865400594  0.96072721050305587  1.00000000000000000
 -0.00257780028270358  0.01015703146812667  0.02141141512196539  0.03215211431581398
  0.04338912608175591  0.05409366309586194  0.06476992836927380  0.07542062538619970
  0.08617531311344497  0.09781610935009862  0.11045095642389545  0.12400578620143979
  0.13770781453993397  0.15072629881075167  0.16271689834723396  0.17373852851851762
  0.18496485314360261  0.19604767211647173  0.20753730622790267  0.21842022289517551
  0.22898978416273488  0.23816102847023440  0.24641063583075370  0.25494872658103435
  0.26373692388672404  0.27307372459955076  0.28251459211382113  0.29210402244244305
  0.30178996436657862  0.31156964487011490  0.32179025771170860  0.33225518273109450
  0.34259573807115556  0.35317192353404697  0.36475339355958908  0.37634010532532786
  0.38661672553985382  0.39651525160641715  0.40696185507244698  0.41746371721892955
  0.42733553177128714  0.43698142915204757  0.44658791111692447  0.45601748690769145
  0.46496483807480854  0.47384540349287929  0.48371734382200293  0.49327040498670516
  0.50227495613562412  0.51213957938003529  0.52217626292218433  0.53241038413687369
  0.54222356887174528  0.55205581890910427  0.56206272087944686  0.57190067778807319
  0.58138346550707809  0.59074100608678481  0.59997988159417925  0.60938788230189900
  0.61927691342154778  0.62971267211697091  0.64116311440373608  0.65218620939105310
  0.66289053936465292  0.67350473157936042  0.68416342157594923  0.69487810152416563
  0.70580136168451446  0.71701855216826882  0.72848354319649755  0.74075477856753980
  0.75257690420404499  0.76409254419981909  0.77542593282880468  0.78658671089472043
  0.79687547576456119  0.80593495953633421  0.81479989572743650  0.82349260818169201
  0.83229155583281644  0.84153074859375965  0.85119852789547290  0.86168130526292464
  0.87315381633818900  0.88511467659267384  0.89808266726735198  0.91162741791115898
  0.92382012120492318  0.93558094379205525  0.94684758089818921  0.95797096459906617
  0.96851533017715874  0.97904192136051671  0.98941229895000959  1.00000000000000000
 -0.00830128123273713  0.05844922198226726  0.09327680359862112  0.11890575218185975
  0.13975656808728917  0.15782502331093481  0.17393946476002339  0.18883185067508657
  0.20315966418205608  0.21716674326381633  0.23047854486437269  0.24304465280781071
  0.25550278885053512  0.26823542618086116  0.28024173962355220  0.29217913124730688
  0.30469166923409302  0.31629275339087898  0.32702270363424812  0.33764386675015995
  0.34829928578443442  0.35828553622935255  0.36717469420590543  0.37606836088579837
  0.38522854053692657  0.39427596374827356  0.40266278190131854  0.41075779278128488
  0.41880833042318033  0.42701054208249278  0.43508432382749668  0.44334317258224853
  0.45171826905206480  0.46027643365398718  0.46905710987087285  0.47779800583443871
  0.48548809351519107  0.49331536057554287  0.50117909439200037  0.50863465083452164
  0.51626852992756955  0.52381605102658180  0.53115273984517442  0.53852549069438926
  0.54618012556489981  0.55395184770796524  0.56161620861809858  0.56922343288825672
  0.57688390147439783  0.58524822185223579  0.59286981552722784  0.60025042145085739
  0.60736640858202129  0.61430112824356664  0.62123409318517875  0.62837939573450496
  0.63560819630040044  0.64295765653642489  0.65026670682157961  0.65728446331245050
  0.66440371354843231  0.67083179726966646  0.67719237705692126  0.68357240553979548
  0.69024756450062741  0.69703144313646126  0.70379432263621622  0.71062906617456190
  0.71835662818255486  0.72592189429131704  0.73353804570373682  0.74115601517281704
  0.74868918273378171  0.75618792805475665  0.76363311219887120  0.77098421871753375
  0.77836268308924272  0.78588635850902466  0.79348343339056837  0.80121258444952625
  0.80913786195064030  0.81739407108073181  0.82595162742001038  0.83441007476156648
  0.84318111844451060  0.85197511816541882  0.86163660835583378  0.87162518266155342
  0.88170298223062149  0.89188297368196534  0.90274772049420093  0.91499499191239619
  0.92887305192695790  0.94532597641909100  0.96740026045019112  1.00000000000000000
 -0.02222093606331000  0.14521927215893421  0.20042918599387660  0.23419209581337383
  0.26131150121730368  0.28406945611469658  0.30455256133122477  0.32413153114995047
  0.34258427244951717  0.35993302967015706  0.37535476967350662  0.38913820508161018
  0.40227142278406491  0.41511007844804998  0.42796594276232458  0.43976443411298349
  0.45028264220052377  0.46027524433802092  0.47027478840378301  0.47990040442440290
  0.48884227417070114  0.49736498798436962  0.50532823810095440  0.51285768448485192
  0.52024887352031646  0.52752512436349519  0.53465702110294266  0.54168501284449477
  0.54810362303520277  0.55442302498048568  0.56079076605555167  0.56684176200405056
  0.57283604289092049  0.57890730699085879  0.58481567933832712  0.59060703298070583
  0.59633005718381038  0.60184017580585580  0.60719725366182442  0.61249535978974357
  0.61790108113301312  0.62327139458409508  0.62862952652349424  0.63386206300840731
  0.63895637068345867  0.64391792898323919  0.64877252048787726  0.65353037006167436
  0.65826246799811849  0.66302247999443042  0.66781689885928142  0.67261481159014014
  0.67730138831838538  0.68184178569771914  0.68635719575789311  0.69103936599985938
  0.69607712681477074  0.70108383601732527  0.70585348667886227  0.71045935890105172
  0.71508493890572444  0.71981983503817748  0.72449778838800882  0.72898665851705713
  0.73334939808592925  0.73777195358264813  0.74237385937414857  0.74710390621005229
  0.75193695004597128  0.75653161446549499  0.76116101215963561  0.76572875515865679
  0.77041251395432642  0.77523503484469436  0.78009160092433272  0.78502029665996398
  0.79010033224317255  0.79534276294220752  0.80084754847092277  0.80624940469196971
  0.81185894279215276  0.81783417179266449  0.82407372407766699  0.83010799640555688
  0.83619862491348929  0.84255748087933946  0.84938036247771642  0.85701054287158218
  0.86532493284285561  0.87390405599576448  0.88306709232167468  0.89316516919420319
  0.90535468829832577  0.92142462118992785  0.94582100595520513  1.00000000000000000
   6.9934530870889842E-008  -1.0000000000000000     
 T T T T T T T T
  <DiscreteSampler_grid>
  grouped_processes
  1 # 1 for a reference and 2 for a running grid.
  10 # Attribute 'min_bin_probing_points' of the grid.
  1 # Attribute 'grid_mode' of the grid. 1=='default',2=='initialization'
  0.0000000000000000 # Attribute 'small_contrib_threshold' of the grid.
  0.5000000000000000 # Attribute 'damping_power' of the grid.
 # binID   n_entries weight   weight_sqr   abs_weight
    10   10   3.632471490391194E+003   5.524760334484370E+007   3.632471490391194E+003
    11   10   3.632471490391194E+003   5.524760334484370E+007   3.632471490391194E+003
  </DiscreteSampler_grid>
