 -0.00132125025991729  0.01700160390528230  0.03483679052921388  0.05096597850199257
  0.06567305818350282  0.07907677577530649  0.09195965955769093  0.10419596565005329
  0.11580885363093410  0.12719505488350932  0.13828245537971340  0.14892328732722110
  0.15915915943080802  0.16900765380361751  0.17904886929971509  0.18887743822483063
  0.19824693238164567  0.20740460461708871  0.21637716595709194  0.22515195535154783
  0.23389845269926171  0.24260984043059999  0.25135888627978908  0.26020390185912023
  0.26884980529613067  0.27758447267039460  0.28629335485522572  0.29494359207937382
  0.30350645745745786  0.31182740316505386  0.32012371511673754  0.32833421542613322
  0.33632584963325590  0.34424924686131275  0.35214821531918195  0.35992882281455157
  0.36764993302591276  0.37521428871675866  0.38268749203181490  0.38990386781267083
  0.39719144635828957  0.40463124945321521  0.41220557530444696  0.41981550391360140
  0.42745958273888596  0.43511461507720922  0.44282268637392219  0.45058731592939655
  0.45827283876380837  0.46591866608759447  0.47364183188470860  0.48156049874158613
  0.48971799750416706  0.49788684178416009  0.50605793377069941  0.51424418135565486
  0.52260691545168747  0.53092987670291636  0.53922715404940968  0.54747873706598982
  0.55572329897221817  0.56395848313514785  0.57221022853910741  0.58053549054438081
  0.58896208550400209  0.59750606688319752  0.60609698010143842  0.61466958798112736
  0.62331480618035806  0.63215516624595403  0.64115234401584598  0.65021858850939074
  0.65935191853246211  0.66854301077324052  0.67786593375990478  0.68744250404126606
  0.69726297928783265  0.70721618094568395  0.71739815910353255  0.72766701521231292
  0.73809854428720323  0.74875790047271684  0.75966307991735904  0.77097631720815341
  0.78262724073226786  0.79457663712468374  0.80699300923041462  0.82005154710483708
  0.83393014404152832  0.84902382771098717  0.86589848006915993  0.88366102071697572
  0.90362813447482715  0.92718104859252481  0.95878560791694933  1.00000000000000000
 -0.00237819842605071  0.00968385630287331  0.01930752175846313  0.02938037026535247
  0.03939684933198125  0.04955747387932667  0.05969920254705573  0.06990972318589125
  0.08030139068737895  0.09089829311516112  0.10119278255966169  0.11161013436099348
  0.12221437239452607  0.13280212479823561  0.14335402550927365  0.15376529251587293
  0.16436699539322222  0.17461701628474596  0.18484354815519669  0.19505066565122853
  0.20564282830862543  0.21599782807284490  0.22666992556015358  0.23734261659501238
  0.24825161605474425  0.25906593042082848  0.26998666046516562  0.28027864671834452
  0.29060482519484737  0.30127055359150101  0.31181900747150659  0.32226749924016501
  0.33269092790084859  0.34314366398151264  0.35367930666698943  0.36411078167540772
  0.37439097780569852  0.38436681267555145  0.39442425800706438  0.40501210391627140
  0.41628216315680433  0.42763309745929878  0.43877084919645698  0.44953542715046196
  0.46007605516363387  0.47037825240036951  0.48091675235164294  0.49141169226955500
  0.50188398341588636  0.51267435806874695  0.52357955063597150  0.53586341208004973
  0.54772383858320184  0.55980426619579160  0.57118573499521641  0.58214380700626589
  0.59332676794018890  0.60438929373787653  0.61562687688431250  0.62636342040500426
  0.63656500542996752  0.64675292523633465  0.65710379397607377  0.66750739669954440
  0.67767930065603632  0.68790320821723994  0.69813766727558024  0.70811298326327632
  0.71761268535459655  0.72710649593326038  0.73715023840653027  0.74727045540641390
  0.75785825185244715  0.76849672261047464  0.77937311835818468  0.79022846729278684
  0.80062504281909219  0.81125954572551107  0.82153792777922896  0.83178967954022454
  0.84240580066876647  0.85274028875260710  0.86353824533037915  0.87377284276698419
  0.88490095518793699  0.89607486766648226  0.90737143377287188  0.91850960443612750
  0.92863767621842397  0.93911907753160540  0.94937874708208614  0.95964912574072436
  0.96938651681450994  0.97902677853493481  0.98971023099551225  1.00000000000000000
 -0.01489855616354140  0.07679094505232267  0.11686250046850127  0.14446596679792351
  0.16735616082938870  0.18775202258205262  0.20665458276141371  0.22390822725558157
  0.24041807669108553  0.25586026100642201  0.26976850597150975  0.28234906297782275
  0.29428292529199362  0.30545131902200384  0.31630942431295006  0.32705651766736032
  0.33757589461536702  0.34798107685912560  0.35822546841881492  0.36843729506675499
  0.37826721088090703  0.38767145381570128  0.39691295053518444  0.40586688572658408
  0.41461325601534627  0.42324882981153117  0.43181016894631352  0.44028290349269650
  0.44882308430709994  0.45738278076748806  0.46577354740168680  0.47406805058678553
  0.48228776652262145  0.49035600940841384  0.49843213166247030  0.50624435582005423
  0.51402205865023476  0.52187902222564364  0.52994382308224197  0.53803436832781015
  0.54603724246625152  0.55392696581769885  0.56171350040028034  0.56932567787285893
  0.57666136998615902  0.58380536803128580  0.59070348423985308  0.59755583349026509
  0.60436610151105308  0.61119380886521613  0.61798588188174020  0.62479903036346573
  0.63175492399173794  0.63880879080730613  0.64588073824603254  0.65295271244767383
  0.66000412479556692  0.66682024975383347  0.67332638838027903  0.67970808725033527
  0.68614594748383229  0.69268931614573215  0.69917990318668510  0.70557950026889493
  0.71187745952608150  0.71816515135696168  0.72463737783279536  0.73126103406329346
  0.73820302003289728  0.74519567802081144  0.75214042100693379  0.75909413663503600
  0.76592703626229897  0.77274484429781032  0.77950718731341206  0.78639700294952564
  0.79347115442391292  0.80065603527571894  0.80788476478578020  0.81527926788353733
  0.82274379403515518  0.83026139310367308  0.83793815303274255  0.84575044393635901
  0.85378870546593233  0.86207205245725771  0.87062014350981543  0.87941853503962408
  0.88848627781883149  0.89804647470086052  0.90825101061450264  0.91932232130173941
  0.93164412301875621  0.94630236248112320  0.96711461116963893  1.00000000000000000
 -0.03282790485495804  0.16538106237848452  0.22071159575999433  0.25617802062073636
  0.28324328222167655  0.30696082671578789  0.32704036943039694  0.34482205251148540
  0.36081004200941402  0.37543976844917992  0.39000773300246139  0.40376524235904010
  0.41645475866266057  0.42823129576871566  0.43949917317096238  0.45027989808812924
  0.46035995496421367  0.46983797865788984  0.47889749633462975  0.48758721835959751
  0.49612253394346240  0.50440933296723189  0.51225521346294578  0.51981891979227424
  0.52716031670815588  0.53440286256183467  0.54164323937116698  0.54876691071446604
  0.55568267255347747  0.56231128944074804  0.56869396613427958  0.57491149225456717
  0.58106603905374865  0.58717369005068942  0.59323332537144702  0.59921805708544229
  0.60507705564240710  0.61078007037827708  0.61643488309417949  0.62197764748946283
  0.62747191653710777  0.63299254478705047  0.63841526033968798  0.64384961253886475
  0.64921456845102155  0.65450474449427165  0.65973319415729792  0.66487496173341232
  0.66994223962202137  0.67495732006687847  0.67995640269243274  0.68493936160722657
  0.68988425998672154  0.69475642687863848  0.69949461577901995  0.70417825588839555
  0.70880038886223729  0.71338440930566505  0.71791727681147521  0.72241412844291519
  0.72688155914785024  0.73138995265948814  0.73591553053924985  0.74051516246989546
  0.74510188474405792  0.74964450363776625  0.75418335790024382  0.75872504016640807
  0.76329031484244858  0.76789641866707070  0.77247446952709375  0.77700180891725612
  0.78157059779412075  0.78617064495617617  0.79078713264487788  0.79540572225846951
  0.80008652984243334  0.80477086953477028  0.80955986878357078  0.81448192519481688
  0.81957890081085338  0.82478155074276482  0.83011140430479669  0.83568755231357550
  0.84156476824353643  0.84767730748480996  0.85408803353554286  0.86088935810732170
  0.86798855270675457  0.87541397988173530  0.88354474701864871  0.89274708500439837
  0.90390899265727664  0.91838669774059789  0.94111041717697475  1.00000000000000000
   7.5659541396095390E-008  -1.0000000000000000     
 T T T T T T T T
  <DiscreteSampler_grid>
  grouped_processes
  1 # 1 for a reference and 2 for a running grid.
  10 # Attribute 'min_bin_probing_points' of the grid.
  1 # Attribute 'grid_mode' of the grid. 1=='default',2=='initialization'
  0.0000000000000000 # Attribute 'small_contrib_threshold' of the grid.
  0.5000000000000000 # Attribute 'damping_power' of the grid.
 # binID   n_entries weight   weight_sqr   abs_weight
    10   10   1.997081589491310E+004   6.606638327025616E+008   1.997081589491310E+004
    11   10   1.997081589491310E+004   6.606638327025616E+008   1.997081589491310E+004
  </DiscreteSampler_grid>
