  0.00014874263063262  0.00142534805115118  0.00250484587043192  0.00332112680396410
  0.00402112927752061  0.00467279512683924  0.00530530710379831  0.00591839996789355
  0.00649443152709356  0.00702433936262434  0.00752716605492492  0.00802146079854324
  0.00850663423880492  0.00897369056619167  0.00944199252247285  0.00990622383488564
  0.01035922162826116  0.01080665017129421  0.01125357473213680  0.01169025691857777
  0.01212794250544393  0.01255958475783016  0.01298880018405133  0.01341096527588590
  0.01383026046129166  0.01425200395102179  0.01467295095229452  0.01509058499680932
  0.01550471848883102  0.01591174178873246  0.01633246678959163  0.01674660155519438
  0.01714775650320726  0.01754478374077753  0.01794358456970198  0.01834662419828051
  0.01875954700204397  0.01919144418197182  0.01961484998004437  0.02003261184757884
  0.02042714724131573  0.02083366886425139  0.02125756290359465  0.02169633315417308
  0.02215512632847524  0.02261049909328414  0.02306278336519356  0.02352041752965278
  0.02398189407469814  0.02444451115471314  0.02491603493819165  0.02540468025092068
  0.02590653761187115  0.02641158396938534  0.02691218595073757  0.02740685840360946
  0.02789522516952195  0.02837449719961668  0.02883941413928990  0.02930160321845010
  0.02975093666538597  0.03020554475688506  0.03066623945165646  0.03113986327232585
  0.03162085611741550  0.03209809965231600  0.03258175942211137  0.03307759871431106
  0.03358490401218667  0.03408141904752549  0.03460413818100067  0.03513669963583506
  0.03566489772891783  0.03619051393464451  0.03672039261680146  0.03727162257056461
  0.03782942524889869  0.03844036466988445  0.03903699850764273  0.03962771721833411
  0.04021366890547622  0.04080932617957849  0.04146122897153603  0.04217391629980546
  0.04294530765618765  0.04375005437435762  0.04460090359812077  0.04555538003409260
  0.04682961910900388  0.04882220512661868  0.05165999371784554  0.05532633684719099
  0.05951730481232819  0.06510823351209646  0.07186518469098035  1.00000000000000000
  0.00785262512804796  0.02094542149420101  0.03242799474924742  0.04207055218375873
  0.05134823117103344  0.06108508452243042  0.07120362751091183  0.08148535070368537
  0.09260240113249961  0.10416660698971611  0.11490232277907440  0.12494144509942823
  0.13465281197922310  0.14440053863784363  0.15404485986437927  0.16415636793873292
  0.17464988115553182  0.18525185719860376  0.19605589788016217  0.20668678261416901
  0.21854968623260765  0.23012021270564673  0.24059005235213995  0.25057783699341790
  0.26020769579838693  0.26977714152907739  0.27928433773670680  0.28937907592853868
  0.30030172605834549  0.31141170774362431  0.32233310788783059  0.33242926216653651
  0.34155995103821335  0.35047569078588159  0.35960063607471732  0.36914238735728422
  0.37842817861628070  0.38738598125313151  0.39648576092094273  0.40588523559838352
  0.41517323486861607  0.42435775481984300  0.43358211585178891  0.44257578818381271
  0.45104011278787121  0.45952282739690459  0.46874689796931968  0.47863414638169371
  0.48831468015510082  0.49736897360868332  0.50708281142320188  0.51716498722437909
  0.52685848041489580  0.53608587863548818  0.54501034771390289  0.55378493930302009
  0.56270128375669415  0.57169834727043989  0.58062301100176750  0.58953754052590368
  0.59871922321613635  0.60907985072520954  0.62050686256996701  0.63168805634524561
  0.64229620104324570  0.65307895883844114  0.66403067504205460  0.67442704068370007
  0.68446421048266159  0.69471502680034902  0.70502553630466780  0.71501039668596411
  0.72472518601536762  0.73469884028559973  0.74516325328904520  0.75562050513244661
  0.76577490228828471  0.77574697027558193  0.78559846839446001  0.79553475721779998
  0.80565707104350925  0.81624592641979110  0.82726144369008126  0.83835944440064736
  0.84915939775778004  0.85966327802007902  0.87038917953066719  0.88172620535209556
  0.89290585524294408  0.90397724101001997  0.91523768472589595  0.92718978177610833
  0.93980988847435742  0.95482637344792387  0.97470500180063735  1.00000000000000000
 -0.00105990571652244  0.00557329432638455  0.00851289967051674  0.01125755188567650
  0.01408828321936528  0.01762293975037922  0.02144867665268717  0.02568543578108053
  0.03029786761420320  0.03532480610445188  0.04038163416515927  0.04556061475973561
  0.05183302252806374  0.05775485340329878  0.06353750501093851  0.06975576381772693
  0.07597250958617928  0.08249050440000209  0.08963841876669601  0.09732944696742535
  0.10438519145675357  0.11131013619376075  0.11847655042215764  0.12646751879381485
  0.13513135425330003  0.14355865953735725  0.15239620964134629  0.16040270104227231
  0.16938003789234354  0.17735920600857230  0.18673180066773873  0.19558504494253642
  0.20594669778562369  0.21654369890607103  0.22688871790597129  0.23670491540520408
  0.24659201408020898  0.25692639531301742  0.26771710913278807  0.27773317283736171
  0.28730935262949425  0.29734047143414155  0.30784518392033228  0.31838557309045318
  0.32882280394144531  0.33918999977550118  0.34959453754840258  0.35990259580910949
  0.37013181833527303  0.38124991529515972  0.39333444114155969  0.40577670208822719
  0.41860738993694757  0.43169669924731879  0.44485193611755575  0.45855311890827771
  0.47203923234404438  0.48402317806288514  0.49593528196589542  0.50810061201384560
  0.52001583038773891  0.53142764052313196  0.54263317515953746  0.55490553419856548
  0.56776723788890315  0.58067058597491528  0.59301526683582428  0.60459284912494637
  0.61669757338240527  0.62966612973123837  0.64291172815927711  0.65659686718931165
  0.67094157403886989  0.68584722399984421  0.70084256891759411  0.71590268011747182
  0.73095971830122819  0.74588932063425928  0.76039110128864384  0.77491087547730841
  0.78866610392253156  0.80228604619002009  0.81610926989624155  0.83010378861709078
  0.84428717144062226  0.85849191421776438  0.87236393802910128  0.88574674343217796
  0.89918351845222877  0.91316051195952308  0.92657119606545002  0.93998200916555208
  0.95439545142964477  0.96944820814032340  0.98465957402221105  1.00000000000000000
 -0.00287250579785811  0.01232689477435287  0.02348946661710727  0.03256791161231301
  0.04185798805899415  0.05147822604154433  0.06138715762923923  0.07185732897944302
  0.08249264684125471  0.09418875028497091  0.10741016741688764  0.11813221588162452
  0.12935815033302042  0.13944979360804791  0.15005644315396091  0.16175899311993536
  0.17313940079960682  0.18392128302670754  0.19496168350892004  0.20674798020890642
  0.21845284062814874  0.22950950865936917  0.24039515425362390  0.25080431833740369
  0.25957866356791148  0.26787912908964673  0.27608162835934585  0.28454495464416352
  0.29356405318422418  0.30268533355989441  0.31158174546475320  0.32231750318651337
  0.33334659279601192  0.34378310244934229  0.35415135778536377  0.36496379476630975
  0.37635401949658470  0.38766210450643579  0.39884224930159856  0.41024703137953100
  0.42154578074662175  0.43291159236560478  0.44426506664504906  0.45616323928767255
  0.46864213039651542  0.48119821388357498  0.49327217515037702  0.50484493476723979
  0.51634692918893443  0.52779011845753443  0.53895433061802278  0.55020320102160414
  0.56129243252359884  0.57244103859847639  0.58367276593818618  0.59591664714520165
  0.60881574070662958  0.62089593822189670  0.63120558351645961  0.64107298659098688
  0.65079412450995788  0.66086857134208199  0.67046676073797773  0.68064067068330325
  0.69090330252766075  0.70110285844402920  0.71142587004588642  0.72162594298547122
  0.73122565939634143  0.74072077894093802  0.75013515536550857  0.76060411323974142
  0.77105182053344334  0.78110826543347833  0.79121386296216623  0.80144246939580110
  0.81169031325793606  0.82148921613986503  0.83092051359397223  0.84024826405575537
  0.84963651991914524  0.85823866130907100  0.86689518539670551  0.87572264568213498
  0.88511697869428296  0.89452350035615480  0.90417377131102561  0.91381920308206344
  0.92379893306069305  0.93498967704087188  0.94588785499705841  0.95677099903284646
  0.96736211200365896  0.97809616683593470  0.98912007213662223  1.00000000000000000
 -0.00296613752557338  0.01046960017541568  0.02106383582855969  0.03109949546698713
  0.04093343063643634  0.05086365064918348  0.06187716040732977  0.07339497617137566
  0.08496988941286940  0.09625365036442089  0.10777875289983918  0.11957424626037674
  0.13131187278046491  0.14260772404783262  0.15330217740381508  0.16360051890705227
  0.17331216582489195  0.18258599442778142  0.19231131429033205  0.20208024834026175
  0.21164182926120603  0.22136677953604983  0.23130775218270894  0.24174791912962293
  0.25181406203954881  0.26100779368742272  0.27009221799633176  0.28012381964191968
  0.29070557039919886  0.30108948478695857  0.31119757626284544  0.32184187849996859
  0.33269172635161826  0.34302611477048744  0.35335767213037578  0.36466379317906022
  0.37574492886243804  0.38712805060639066  0.39786921419190230  0.40861551630831849
  0.41927476812946274  0.42980152247434522  0.44003540307033390  0.45012905134461345
  0.45990751168595440  0.47095861075315587  0.48134730177421703  0.49264982901741455
  0.50402532280317092  0.51540004036251330  0.52571894798248109  0.53521218150517313
  0.54459575294655893  0.55337521326670203  0.56193509442988565  0.57055237610494547
  0.57928452172186984  0.58895164091513275  0.59905815365562864  0.61042123889831712
  0.62215644557711214  0.63455064375252601  0.64628085791672107  0.65702922544580689
  0.66765182909681131  0.67855222426161377  0.68919749311321787  0.69905617120860397
  0.70982677136946881  0.72241158983215248  0.73449504719215675  0.74555717549294942
  0.75631793028885497  0.76772201097874992  0.77930218861197487  0.79119718467080158
  0.80188780143147054  0.81181087611968084  0.82151819620807598  0.83155384726446258
  0.84201084754468902  0.85337085125856582  0.86585475932476375  0.87842767039106473
  0.89072209981922934  0.90149534453596170  0.91137403121161309  0.92069098085670809
  0.92984069116772083  0.93880689665175543  0.94776586011210773  0.95676017899635890
  0.96732208302197920  0.97737449823822020  0.98857347731274114  1.00000000000000000
 -0.00221147386148934  0.00796914785982726  0.01754113226395498  0.02760173383445837
  0.03826211235873712  0.04882549921909941  0.05929863169770477  0.06985952578686654
  0.08092204530048318  0.09234265375231199  0.10452268449354819  0.11764010497905472
  0.13014270795805225  0.14166147627274178  0.15237655330177924  0.16245577694891086
  0.17216402377140580  0.18181888338106392  0.19147131055139627  0.20145940292336939
  0.21140847490878018  0.22157387942176951  0.23179465695058313  0.24225564095812488
  0.25321348804041788  0.26417712235897872  0.27534956654702719  0.28704375508031893
  0.29814516311782840  0.30905729193187426  0.32010561391564002  0.33121355764687077
  0.34185012741320236  0.35196729309128760  0.36160530058559437  0.37079585828068934
  0.37951115170305449  0.38807725385437736  0.39691160569452649  0.40716133353689149
  0.41768942036253587  0.43057361543861339  0.44306878512919140  0.45444643599483148
  0.46524247065206942  0.47539786079784024  0.48522225499229388  0.49508686396122381
  0.50504353252244727  0.51519949328960035  0.52534606161141206  0.53549134216310956
  0.54561929941722953  0.55547261082778432  0.56522468659989078  0.57501150245889288
  0.58507309294882204  0.59538397061627923  0.60577769692827954  0.61580777776247941
  0.62579034639412401  0.63593805136884096  0.64647294565106828  0.65740193804482749
  0.66782708862076401  0.67771068317187433  0.68789189141259499  0.69921385611599773
  0.71070398973023907  0.72172899941643520  0.73314503016674493  0.74515254945902210
  0.75687493614033030  0.76772212926775596  0.77783160680530417  0.78713720684133948
  0.79581280891353856  0.80369227586083114  0.81236653760914679  0.82148955712308425
  0.83080629972716347  0.84024800248546472  0.84970956415776622  0.85971557818689015
  0.87062766342722864  0.88234725778827705  0.89495772092730741  0.90804807180504576
  0.92093768724244185  0.93265093562296941  0.94369221180207119  0.95440847629950099
  0.96474882282050189  0.97535466579663943  0.98687089756767932  1.00000000000000000
 -0.00208001595539064  0.00865882388830947  0.01759076533888141  0.02746215520618309
  0.03720328539183847  0.04707403523931341  0.05700553237152095  0.06717307590773954
  0.07738872589249474  0.08700693481308190  0.09638625170560383  0.10568082784152795
  0.11497862354476834  0.12409446971598133  0.13320182840086811  0.14242681855673295
  0.15248852087783768  0.16246293057940714  0.17179329013067279  0.18050105780033324
  0.18897677577037547  0.19766986411495843  0.20671881326097544  0.21604155553814611
  0.22577484622122551  0.23569308025634397  0.24531864644424309  0.25513466155479836
  0.26506544274312888  0.27620067844229573  0.28829115632419916  0.30088177852589304
  0.31309963946888836  0.32463381509308059  0.33578379568146938  0.34702662511557431
  0.35824003202997168  0.36938590508177205  0.38109367896742768  0.39291563431821763
  0.40426470619642707  0.41557493558983299  0.42729611144059443  0.43954126481643557
  0.45158190527865100  0.46370216261058000  0.47635389176447529  0.48819335198028485
  0.50055228492389681  0.51148195541497532  0.52324280476385776  0.53487196202342979
  0.54591680896929973  0.55593051366408019  0.56598731408813596  0.57632650875155100
  0.58680004126945584  0.59726540601853084  0.60735372156314571  0.61758432984541045
  0.62821443582421188  0.63905062250755140  0.64925154491920967  0.65987415071603261
  0.67132627642305187  0.68341875330487745  0.69517249405655657  0.70685821507747215
  0.71885551173122086  0.73048255895986391  0.74218372975964741  0.75430017758498602
  0.76696933707198400  0.78000977150842732  0.79276491452229214  0.80458960590499307
  0.81645058005055027  0.82772435004175604  0.83739640868537391  0.84553052048391186
  0.85431865736936474  0.86320742046932453  0.87142644718029139  0.87937059498255454
  0.88739591821386932  0.89656440095229939  0.90782568218719983  0.91967246617822185
  0.93064124794186098  0.94064569685573696  0.94983969954973702  0.95854962417373990
  0.96730561292271156  0.97665212337480656  0.98735851678692355  1.00000000000000000
 -0.00190891938495344  0.00906129081219148  0.01809027813930447  0.02728400817933916
  0.03644449509123746  0.04605303907702869  0.05612746105232767  0.06704503885578662
  0.07931436398237124  0.09173519119688522  0.10375237420731846  0.11479061246612918
  0.12547855790792203  0.13626605706957265  0.14676843568612283  0.15659306334529688
  0.16617359195098275  0.17629162784824609  0.18663593269507300  0.19684685560227236
  0.20666428197393991  0.21610945544457866  0.22577956819720030  0.23602428350154442
  0.24663146621048465  0.25722757619287756  0.26784447692139418  0.27861522584363041
  0.28936216600019926  0.29997626458746179  0.31046816946034111  0.32099516112681148
  0.33203530860253611  0.34314825447887981  0.35380821262559486  0.36397262579339279
  0.37395623478147633  0.38388313818111686  0.39378373438523484  0.40379035420527820
  0.41342155085371096  0.42310972896689247  0.43323482055242007  0.44491755321447540
  0.45726618718967826  0.46964063794929967  0.48198551484195507  0.49438872615097817
  0.50675734885673174  0.51909870430928506  0.53190594284303638  0.54535020544348523
  0.55806676581075187  0.57090729163840348  0.58365182425642792  0.59344589220384558
  0.60264871671955167  0.61126609558656531  0.62032735368859848  0.62984194165270302
  0.63919719177489742  0.64813146938354915  0.65771482294941552  0.66708631455819711
  0.67725139085950781  0.68753886463389979  0.69647557937560101  0.70524609549931816
  0.71381369346960921  0.72254621059906776  0.73189908375039714  0.74176732124233258
  0.75134284468848667  0.76143367280287710  0.77190567391855724  0.78396301077888819
  0.79638925775524005  0.80893062319926856  0.82146156715405116  0.83533337132239793
  0.84845769034829799  0.86066354743690054  0.87172808825333803  0.88250489706868873
  0.89319147367915730  0.90332663776467592  0.91318669175066147  0.92236567999180175
  0.93161161564050754  0.94142309635049037  0.95198202242436358  0.96168472017956863
  0.97083005637503250  0.97982852615980776  0.98971453432086665  1.00000000000000000
  0.00515115208317573  0.03768687229810243  0.05994322579154516  0.07283121069983434
  0.08299987198587988  0.09140898358230429  0.09938224470312161  0.10742959698478953
  0.11548200431689197  0.12301126819712573  0.13018845343250240  0.13693907619085885
  0.14386879465972835  0.15078834793839951  0.15786193233168491  0.16532017022481288
  0.17302691030986436  0.18070392671657273  0.18817392692567247  0.19500448769703443
  0.20126058991996665  0.20740626523311229  0.21378738771494063  0.22039363632385514
  0.22711552847561803  0.23394759538655288  0.24074220581464550  0.24737695200073942
  0.25434467808034145  0.26159392595750602  0.26883981474817575  0.27581235710299495
  0.28254765872898135  0.28937716635893351  0.29624083141092822  0.30297935543208909
  0.31009142516864818  0.31742513230855596  0.32459217766398313  0.33126513479790465
  0.33864032788803528  0.34639430629485091  0.35389832784493425  0.36074618578307005
  0.36735980059435602  0.37392206312000159  0.38048395802834167  0.38719053941212178
  0.39402614023713478  0.40086929197582372  0.40732187384610036  0.41351816815124853
  0.42004621935562070  0.42710609866402832  0.43441296440670080  0.44134118821756618
  0.44789897911980830  0.45463853768646245  0.46147643446042053  0.46840624778054474
  0.47536207624332083  0.48212584515374096  0.48877996112329358  0.49548989390087955
  0.50315239919984656  0.51246780629962407  0.52142796844598738  0.53046795913578526
  0.53921643174500955  0.54797871041875179  0.55672459338535307  0.56629356785337193
  0.57660152238112850  0.58651977074364936  0.59571170479337576  0.60493743311172377
  0.61432189354142341  0.62395830245568595  0.63363132949063750  0.64378406408538869
  0.65465722854843977  0.66536617396612185  0.67598383529663786  0.68696074473285318
  0.69915046290060390  0.71295817476764267  0.72769375492799104  0.74270183684649127
  0.75849513477762964  0.77550881200870581  0.79282792863177487  0.81220937981083963
  0.83420062288034347  0.86143387717491371  0.90538242055524210  1.00000000000000000
 -0.02000107509288493  0.15259948063545203  0.21468496060924319  0.25254741269931308
  0.27776388526304274  0.29948343842832470  0.31796193234566306  0.33456874019973459
  0.34813008862101985  0.36079740233362517  0.37294083760160829  0.38364492688325369
  0.39301531592349259  0.40164358468808464  0.41047858913009516  0.41934789486291718
  0.42790989678942909  0.43605341223974453  0.44433299637780704  0.45272384059178383
  0.46071631764940035  0.46845902670939171  0.47588777734204701  0.48303774134695449
  0.48982046057131157  0.49678424198428567  0.50311746548216940  0.50905682065378843
  0.51457114344447330  0.51993807298795824  0.52508280528136553  0.53035294333809002
  0.53563910051038999  0.54082345340955373  0.54599183372026916  0.55123916960363584
  0.55638510952547493  0.56127384247942946  0.56605171357337558  0.57090004811315798
  0.57582344429672927  0.58092913082356656  0.58603027243443229  0.59129833323220193
  0.59608890339405296  0.60079853794260818  0.60557274396784000  0.61036682464950487
  0.61538156306130187  0.62074389927219686  0.62598745821273793  0.63130090002850325
  0.63683565783467222  0.64248520435771972  0.64772322721530262  0.65260384651263414
  0.65751048625902686  0.66244908991317109  0.66712686068292770  0.67156439962580228
  0.67567750388614267  0.67983978958118818  0.68411658904813266  0.68856196690904348
  0.69297301896824615  0.69721030194640654  0.70128956503262674  0.70549569730950579
  0.71019838224991361  0.71548901689185929  0.72095844763954875  0.72626299573255138
  0.73165834825755693  0.73753278169305991  0.74339709337709903  0.74944848210325021
  0.75536980570341883  0.76127743504129142  0.76728210924605389  0.77335675903648693
  0.77952719823085026  0.78562594297394450  0.79180266904088459  0.79796999824902370
  0.80461183367792366  0.81162153121184732  0.81911763323198716  0.82703117591329589
  0.83561628486938866  0.84525525244231992  0.85590901425328236  0.86765893890305423
  0.88125744040933063  0.90010420550871140  0.92914731540284357  1.00000000000000000
   2.7203110207907654E-012  -1.0000000000000000     
 F F F F F F F F T T T T T T T T F F F F F F F F F F F F F F F F F F F F F F F F F F F F F F F F F F F F F F F F T T T T T T T T F F F F F F F F T T T T T T T T F F F F F F F F F F F F F F F F F F F F F F F F F F F F F F F F F F F F F F F F T T T T T T T T
  <DiscreteSampler_grid>
  grouped_processes
  1 # 1 for a reference and 2 for a running grid.
  10 # Attribute 'min_bin_probing_points' of the grid.
  1 # Attribute 'grid_mode' of the grid. 1=='default',2=='initialization'
  0.0000000000000000 # Attribute 'small_contrib_threshold' of the grid.
  0.5000000000000000 # Attribute 'damping_power' of the grid.
 # binID   n_entries weight   weight_sqr   abs_weight
    10   10   2.326798098448897E-001   1.337545024569171E-001   2.326798098448897E-001
    11   10   2.326798098448896E-001   1.337545024569168E-001   2.326798098448896E-001
  </DiscreteSampler_grid>
