  0.00878111031897413  0.01772671756154820  0.02996835895787226  0.04197194344790826
  0.05317893155940099  0.06396916863041409  0.07455040372196400  0.08495280633855155
  0.09475465416013812  0.10427846978987070  0.11367058652884177  0.12313890731343863
  0.13306811861555073  0.14319807327908934  0.15367757751137043  0.16431412174860954
  0.17483863220819884  0.18518206714489324  0.19499102166473814  0.20469668994969334
  0.21431998394633556  0.22359638748510402  0.23271033118333947  0.24188453520948910
  0.25137546271572986  0.26123877315567468  0.27156089488048818  0.28232229513850404
  0.29332325107160956  0.30444116439396535  0.31529772986289051  0.32589052736858781
  0.33650342677552225  0.34745860390669175  0.35783650565547914  0.36737360375880862
  0.37656571118852372  0.38644058488241823  0.39675210352080309  0.40760140704890491
  0.41899504081900618  0.42983863942901096  0.44014371420526593  0.45085875745261633
  0.46220970432938852  0.47366513459475751  0.48471400936953507  0.49545091371140626
  0.50646319549520014  0.51793165185372114  0.53046435367607203  0.54257243438851488
  0.55524804718383625  0.56676647926570989  0.57791825221599769  0.58904173117172565
  0.59997863569956289  0.61022256428915544  0.62037125679754312  0.63115603189329361
  0.64215320282579391  0.65274242993095533  0.66262912007482266  0.67222820364384617
  0.68163112325598485  0.69126474713920949  0.70099603597046978  0.71050869148733142
  0.71984428687961755  0.72941129590799225  0.73939209021690222  0.75037967139207773
  0.76179746492484335  0.77313818207060647  0.78361570691166460  0.79363832324249628
  0.80384968323483585  0.81367982740139044  0.82408477694636284  0.83413283560284190
  0.84520679187773295  0.85581508992433519  0.86668117922201138  0.87689849921398921
  0.88709642186173066  0.89718422476595849  0.90754269015183842  0.91792633688797376
  0.92869307261955436  0.93951675693683845  0.95044314290644138  0.96168547468097676
  0.97311625768646726  0.98319095132980383  0.99115047635059950  1.00000000000000000
 -0.00082688713443725  0.00440334596333191  0.00689571720176959  0.00948464987237315
  0.01224930921670422  0.01543432158475882  0.01911892546685641  0.02317108813589003
  0.02722808543748902  0.03167505412458657  0.03649710202285228  0.04135714264107693
  0.04663114270309204  0.05246643456799104  0.05852925002321299  0.06473722103401025
  0.07090710746697154  0.07736692961788875  0.08414938886629023  0.09106555653863989
  0.09796610872616524  0.10485967470208445  0.11198425485697627  0.11927706868105656
  0.12677224275641119  0.13479619316746522  0.14358314653839405  0.15294420707511991
  0.16230340715151428  0.17134601687445500  0.18037609529787910  0.18952162583761684
  0.19890857235170156  0.20864415798167713  0.21847927557121768  0.22800316093527842
  0.23775814588906447  0.24740271355374502  0.25741630718048553  0.26784275428336901
  0.27855647011248397  0.28955544927128724  0.30082669857425559  0.31182579668187504
  0.32273768015753940  0.33398044773110858  0.34494458859182325  0.35583324335208183
  0.36700879472388231  0.37834477076894363  0.38951252554827892  0.40054396078036703
  0.41194638448644544  0.42381841425863448  0.43575977971895441  0.44776988445324201
  0.45973257328194661  0.47131763759072132  0.48278721764179755  0.49438375525411310
  0.50655037858697383  0.51938672119176843  0.53265056949000955  0.54603504449773888
  0.55938290521833400  0.57253989644857206  0.58573265268180519  0.59880505338530587
  0.61142584098792652  0.62391036118928256  0.63679211093202015  0.64993206843620688
  0.66318470330413892  0.67658281825799715  0.69011087974458651  0.70394749487680053
  0.71803706623532071  0.73235421677389545  0.74677091711847476  0.76059314490296548
  0.77417264186898760  0.78760332281713741  0.80154728697326538  0.81578295007834634
  0.82985934576196962  0.84432695299803695  0.85893123394328663  0.87354033220382910
  0.88870904945943308  0.90452172007826870  0.92065228003629840  0.93667064734565364
  0.95283374277065880  0.96877225155724322  0.98446818514691725  1.00000000000000000
 -0.00184362768145637  0.01040358226052890  0.02170011089569111  0.03238842998496400
  0.04305744212044236  0.05243441512029454  0.06214604234351039  0.07200681984811512
  0.08119078206070506  0.09073238070137428  0.10060296990548570  0.11130501972724516
  0.12281310467635037  0.13395822054592929  0.14498313488167450  0.15595651318578577
  0.16695299753949067  0.17748420917686600  0.18806589380271810  0.19874552505177612
  0.20951934488504728  0.21976810724618626  0.23005174689576491  0.24111609088574301
  0.25256072505942923  0.26356805174858722  0.27398086780481223  0.28375764473693793
  0.29389397589949889  0.30414752154567665  0.31404728425044959  0.32361082189264623
  0.33357692818108409  0.34442477061373727  0.35553013890912927  0.36634735283356124
  0.37671417321726419  0.38706154476273280  0.39749314399681918  0.40858954016608717
  0.41991123932720764  0.43074399025875360  0.44125832938533210  0.45193816431707451
  0.46279903147631996  0.47379386002442392  0.48541671750938337  0.49694473261121447
  0.50804196502744792  0.51889147891562870  0.52965862923612317  0.53982165870042598
  0.54929818025937061  0.55843850255914917  0.56794322075785242  0.57754862053634759
  0.58684961181677697  0.59623915782679771  0.60577475586901752  0.61596676428498831
  0.62622272851486405  0.63674908915659079  0.64726819732244056  0.65805629725147596
  0.66902520406288912  0.67962756066212360  0.68962050198681180  0.69918909960396425
  0.70894315752342130  0.71873693067203859  0.72852876792785137  0.73866957652281151
  0.74926687833992833  0.76003414895067833  0.77084572596434842  0.78172408358075163
  0.79281185109088437  0.80465135381627773  0.81705452848390014  0.82909002894533945
  0.84159606220152472  0.85362187086735386  0.86520270648189146  0.87604080575671261
  0.88631544630351156  0.89692519776421531  0.90774025475474773  0.91847416742631571
  0.92917600869450190  0.94001619268300152  0.95091263417764071  0.96128625570470927
  0.97098893191402058  0.98049842351015304  0.99013098487888462  1.00000000000000000
 -0.00217948760121280  0.00819323399097266  0.01726123490250277  0.02672005137800932
  0.03631679047928752  0.04650719620932547  0.05665585156095427  0.06743667891618872
  0.07817734651899742  0.08916796285785944  0.10034811111172257  0.11070886997500196
  0.12086682739615999  0.13019291946136838  0.13912842397552042  0.14881684831971814
  0.15882863284815546  0.16905009626193690  0.17857444910514539  0.18772402828260099
  0.19725696280968641  0.20753680022830115  0.21839917579331800  0.22867415808845457
  0.23939638650646650  0.24998110852054847  0.26083500356198058  0.27161575578610747
  0.28245625476255404  0.29327732965987302  0.30396378082162795  0.31506587701982047
  0.32640025912511722  0.33725569769569286  0.34718503707587056  0.35703898621765889
  0.36718110748111554  0.37757036181950793  0.38810591863950361  0.39893258977790569
  0.41003430485202397  0.42073727044203640  0.43099033362994948  0.44226240614827000
  0.45514833563307755  0.46725676873281347  0.47845500722540896  0.48919164781639807
  0.50029344881204962  0.51190208245556845  0.52303729822965173  0.53375589023534131
  0.54440061320493394  0.55504677450980611  0.56584621555521641  0.57624711135608797
  0.58635925799365274  0.59636388211949420  0.60681537610582115  0.61830120526756516
  0.63006628538190479  0.64163120377863425  0.65202635873594961  0.66159571705058962
  0.67124516940887702  0.68086109308734111  0.69046371607703505  0.70003308940381803
  0.71022097406079931  0.72231821824087261  0.73443795268575052  0.74581252950001964
  0.75707194713944914  0.76833165204703158  0.77981776821889359  0.79151537999998778
  0.80296555546873494  0.81424770345030817  0.82527366471675989  0.83577046641333419
  0.84598347567832377  0.85635641879038693  0.86687860673566741  0.87718308481710383
  0.88718333622996370  0.89702485553506794  0.90696275380402747  0.91697386596826047
  0.92682372403332014  0.93681950142682691  0.94711120853702435  0.95763656257609986
  0.96817503863043897  0.97851993343750276  0.98927018832665625  1.00000000000000000
 -0.00276524888388770  0.01023497418198250  0.02072679469207885  0.03166662974527776
  0.04287603191916630  0.05454717227669784  0.06598306675831535  0.07716719356093148
  0.08736989086938513  0.09728204135131892  0.10722677783317902  0.11710787181231690
  0.12666676299360752  0.13615321376471087  0.14564490785635445  0.15624071785598440
  0.16736831213736078  0.17793949317238292  0.18784579304122834  0.19783310360790554
  0.20799565032564540  0.21812235450310580  0.22782861035188476  0.23755243636446577
  0.24730806974946482  0.25708926397170972  0.26686099682897141  0.27649411668977436
  0.28627148110385309  0.29636897097645321  0.30713378089075094  0.31833878044639285
  0.32957546811862387  0.34065942976422137  0.35174857941444754  0.36285640459115071
  0.37393720243935130  0.38423244744835461  0.39415321983823415  0.40426249392059155
  0.41454720854875576  0.42487833539061615  0.43522642699945807  0.44536150352013304
  0.45543704208485153  0.46546741876359032  0.47573161755031729  0.48651020639157261
  0.49744235575500106  0.50847456792404500  0.51972756062180592  0.53015941735845595
  0.54140719482776845  0.55215618349996709  0.56312920233067765  0.57407838566420355
  0.58488784062227817  0.59578583380337291  0.60686888847774967  0.61813663734342539
  0.62935209809832426  0.64021871861884572  0.65118415598888713  0.66164785842919971
  0.67151165486493147  0.68113524081324017  0.69109119978066447  0.70132433859815524
  0.71154650829253763  0.72161872196886423  0.73158176094518135  0.74143902903727799
  0.75142915630504670  0.76164413355041960  0.77234371837905436  0.78350790791387559
  0.79511215782507005  0.80699187200518074  0.81838097596753512  0.82935933636822678
  0.83982909474608181  0.85031717815112651  0.86180341075992450  0.87337684017053752
  0.88481196433400666  0.89620029608955964  0.90716810764257250  0.91821154401033767
  0.92812032918052556  0.93844640578752636  0.94818901139707035  0.95884631777527352
  0.96941465347637168  0.97960604903741144  0.98972962586498858  1.00000000000000000
  0.00644638591770965  0.03589328798189071  0.05309997901821042  0.06454787560208693
  0.07360682974947892  0.08219841437904120  0.09081711535687670  0.09933555051699310
  0.10734253413795203  0.11482767758708666  0.12219730227721814  0.12984564863112738
  0.13770989589277574  0.14535889298046395  0.15264605388644395  0.15950895929133005
  0.16642875812196586  0.17324880671746212  0.18049133248264454  0.18782101351091288
  0.19523281580692570  0.20250747259895122  0.20941897989748340  0.21626455161782399
  0.22318249322272463  0.23037521001468392  0.23780679674906041  0.24504139360651445
  0.25200112711024758  0.25876993512673202  0.26568037524717847  0.27241731560870458
  0.27899599390696694  0.28555933075897083  0.29229977998722600  0.29945069451431217
  0.30669654787107020  0.31410052253653453  0.32167597659448571  0.32914150776292100
  0.33659480401366448  0.34425090959885085  0.35189724735386962  0.35947184432134477
  0.36737457775763199  0.37523483918846878  0.38336828406412815  0.39120731944133041
  0.39860332029525514  0.40577821521151192  0.41294265663617835  0.42028427375230587
  0.42789609918998517  0.43559263178671115  0.44298225689865389  0.44982356194255813
  0.45674106041089324  0.46384661001035699  0.47108296495340030  0.47856525128352106
  0.48631037807319444  0.49451512896274724  0.50293797507318039  0.51185453399756253
  0.52049348353968217  0.52884337931439607  0.53735724568654930  0.54615987419219525
  0.55485321209389660  0.56324981241856475  0.57175391987745305  0.58052699679738784
  0.58978787447769820  0.59903904637539185  0.60835927362936604  0.61797539631832543
  0.62768403600402600  0.63736028425827607  0.64710301369488687  0.65697227312264594
  0.66723002979693868  0.67729281705433597  0.68750442880921547  0.69842223983267970
  0.71014197782586042  0.72263156799246586  0.73597409229915733  0.74983024003255594
  0.76479194410775808  0.78087757552414516  0.79854739987561163  0.81887144026227121
  0.84284793681438175  0.87073978297596377  0.90980342485313970  1.00000000000000000
 -0.02103475891368157  0.15564547136888085  0.21043927664030423  0.24597552755787622
  0.27208999145129431  0.29367700999641738  0.31233732391861607  0.32916083959805603
  0.34472008879470406  0.35930273687186320  0.37280438229618468  0.38454941466699044
  0.39527189984955186  0.40561739457660734  0.41524244252306974  0.42410421440883411
  0.43233686680823041  0.44066755730566731  0.44901659219489132  0.45741756670352957
  0.46536878364726553  0.47266765040793618  0.47973876531979109  0.48688401291325312
  0.49409127429025540  0.50111631250354749  0.50776729202487414  0.51428381482932728
  0.52037308847075081  0.52624672008036777  0.53196046536371988  0.53778812974425327
  0.54355922762179854  0.54884253253099669  0.55402421872369589  0.55913189408490505
  0.56427747011255369  0.56948614106956907  0.57467825843182030  0.57977304415287134
  0.58481753454655128  0.58990094255640702  0.59501031197056742  0.60009323106369983
  0.60515843353559373  0.61025561906642400  0.61533247372867117  0.62022435513986462
  0.62507100511208225  0.62998023901999023  0.63500741591330279  0.64006011906690896
  0.64510690166932183  0.65017369453675022  0.65520415334621274  0.66005595462035660
  0.66483859986513638  0.66943511433667324  0.67395291745052699  0.67849836652357198
  0.68315358594940578  0.68790325954857456  0.69270096576503415  0.69755204456500852
  0.70244601096228620  0.70731079467806002  0.71214841912183058  0.71709592827072532
  0.72207997218622932  0.72700768778247959  0.73190461355732528  0.73690532350263183
  0.74184619789445494  0.74687202793486374  0.75200437458381209  0.75709019423006596
  0.76236359146752430  0.76784156966288541  0.77334730704700094  0.77896427423858527
  0.78452688446309204  0.79011215075783203  0.79655400333222492  0.80305600329053561
  0.80981976712197223  0.81690387562755395  0.82432539325286558  0.83245369382103074
  0.84154614480933021  0.85152274395092142  0.86228827706361844  0.87434951859197141
  0.88858344889311802  0.90633583063940182  0.93280943769926239  1.00000000000000000
   8.5284780381549013E-034  -1.0000000000000000     
 T T T T F F F F F F F F T T T T T T T T F F F F F F F F T T T T
  <DiscreteSampler_grid>
  grouped_processes
  1 # 1 for a reference and 2 for a running grid.
  10 # Attribute 'min_bin_probing_points' of the grid.
  1 # Attribute 'grid_mode' of the grid. 1=='default',2=='initialization'
  0.0000000000000000 # Attribute 'small_contrib_threshold' of the grid.
  0.5000000000000000 # Attribute 'damping_power' of the grid.
 # binID   n_entries weight   weight_sqr   abs_weight
    10   10   1.806830700321897E-021   4.516547934440305E-042   1.806830700321897E-021
    11   10   1.806830700321896E-021   4.516547934440301E-042   1.806830700321896E-021
  </DiscreteSampler_grid>
