  0.01057966683027777  0.05085528192941908  0.08013717122229305  0.10172855815031753
  0.11866360181196903  0.13567376529244629  0.15208600142430220  0.16786110363296480
  0.18350040109647836  0.19895654884900588  0.21483528496105153  0.23135776638051833
  0.24617366250674091  0.25983896106540433  0.27359109234714940  0.28821515623078847
  0.30266955909441368  0.31644677286561418  0.33051724741731198  0.34529755723991812
  0.36016389042497177  0.37439982526683152  0.38698630380810006  0.39923524870886523
  0.41109179481116981  0.42273025509684897  0.43525700001004541  0.44942935359685982
  0.46394602105668697  0.47765617007671329  0.49082478443752514  0.50374515896573868
  0.51613897675188125  0.52814800754248059  0.53992582717681792  0.55187080113576881
  0.56341934187176868  0.57445551974559306  0.58465732723821440  0.59482665380144095
  0.60461803513440193  0.61461819567536846  0.62484755935643643  0.63539100386240499
  0.64590719760768667  0.65585633632087004  0.66525978479721248  0.67493534945900924
  0.68478309566384943  0.69465725790285238  0.70444515575946176  0.71446524291484204
  0.72420571962235236  0.73365453425267602  0.74315898197592323  0.75277577847118937
  0.76305512257072439  0.77314896466724281  0.78335288385170188  0.79338556286930995
  0.80314278580142662  0.81275666230226595  0.82205527559910518  0.83075060043947568
  0.83952897786829916  0.84828593101628413  0.85718026684829329  0.86562116919236742
  0.87368305795264622  0.88129913223172984  0.88859279986529738  0.89546307992986840
  0.90169978330290712  0.90764412134335115  0.91373767030166764  0.91979615693933814
  0.92581175910941493  0.93172049612361740  0.93716024772883100  0.94236820163543145
  0.94744406563902761  0.95232369418452467  0.95726489158510686  0.96197510603382563
  0.96633643120215795  0.97045440134691718  0.97437743062380644  0.97812090988106271
  0.98166634499387162  0.98480041705607146  0.98763346320596967  0.99023213962339030
  0.99261539651050235  0.99480119163310365  0.99677017673861845  1.00000000000000000
  0.00908646832321132  0.01636815057008021  0.02733645858091353  0.03932923617032100
  0.05090758806412211  0.06192699998514928  0.07297278726574703  0.08428736495965512
  0.09587779548797690  0.10779738859835518  0.11929310628050646  0.13029164013921515
  0.14094098010762060  0.15196928922485273  0.16331927071163188  0.17422563098430913
  0.18473758098916115  0.19463568758274394  0.20477393317052123  0.21524324211776091
  0.22624844671996308  0.23793835784773351  0.24972357307361756  0.26228745258489716
  0.27506431779459628  0.28723107945211496  0.29869237826555051  0.30950019005598489
  0.31969571108686856  0.32967016039275854  0.33951136710894214  0.34948529166258496
  0.35935462419241715  0.36905111111334471  0.37910487507249357  0.38936654892730810
  0.39976241597116535  0.41006811073982613  0.42064300279299577  0.43218566040736944
  0.44441192109836819  0.45615141076681626  0.46644002940733431  0.47554529328065709
  0.48505482893832286  0.49517105690949692  0.50556754837642848  0.51572820102683925
  0.52648915648885786  0.53755955135724776  0.54831908485439973  0.55856575764557370
  0.56893623196015619  0.57904938921051707  0.58870088552488542  0.59788846954070329
  0.60725858982661651  0.61546988431445626  0.62377832193629945  0.63162022525254624
  0.63919724695731150  0.64741600060931714  0.65706942802746471  0.66633714920861697
  0.67729814429172230  0.68743686241736279  0.69731950138966092  0.70714610595020055
  0.71708868345168264  0.72799635901090798  0.73849766331939615  0.74873155853663509
  0.75872266174493364  0.76878257902325764  0.77923126457784520  0.79061501208885532
  0.80205066093895960  0.81252997341624567  0.82180755517485216  0.83047543720466666
  0.83970230253775291  0.84798239644177509  0.85715834372025701  0.86596604547314637
  0.87572647338888421  0.88624538390783836  0.89686451873215267  0.90781786008042364
  0.91923770110382319  0.93092964934720213  0.94252041157645583  0.95414067451809592
  0.96543235002136074  0.97672656936160274  0.98833101661729172  1.00000000000000000
 -0.00064144522497038  0.00425415301627132  0.00679038777329169  0.00929942119420953
  0.01220645848334072  0.01538054214137908  0.01905242530972559  0.02301976789221186
  0.02709239011991631  0.03120194350368540  0.03582477393128861  0.04067408903523299
  0.04601346435840325  0.05172471730002270  0.05781657758491210  0.06445929267444148
  0.07100217923768097  0.07749111528134436  0.08463954018549814  0.09210757177734893
  0.09958287091627389  0.10753932660333015  0.11625357241110909  0.12494242386419668
  0.13332447779519180  0.14176267819933913  0.15055037529665874  0.15834556823527182
  0.16658550762646471  0.17480429019884280  0.18269575236681571  0.19152855767488139
  0.20080230310693573  0.20987084914714649  0.21878014653565817  0.22816814047026351
  0.23779937202952817  0.24793148529818262  0.25844633948709578  0.26877499416426653
  0.27951999383875087  0.29006241176873959  0.30049873078226458  0.31104903555522301
  0.32156524801077324  0.33331707069122174  0.34529213569305550  0.35719893892842020
  0.36876483084275424  0.37998265948099758  0.39091692270634720  0.40176855916541915
  0.41303815543971295  0.42441422033513226  0.43568979217462345  0.44729532635149349
  0.45906591398726465  0.47146883819861335  0.48373192070208859  0.49573294598012702
  0.50751238901159645  0.51939080240264246  0.53169088879316351  0.54448507054639750
  0.55748431390124198  0.57039164403015075  0.58312295138774262  0.59540409183876097
  0.60753731649087150  0.61950454295072832  0.63139797510826667  0.64355781455922889
  0.65600034495150006  0.66849626981763310  0.68186527509957684  0.69618042584039774
  0.71070493037490345  0.72567220553533340  0.74121123390566757  0.75732350085791500
  0.77275105093703733  0.78813918082319478  0.80350649419633424  0.81872309251703701
  0.83358469613310593  0.84799880425897189  0.86247291879243637  0.87717984875674682
  0.89231229159957692  0.90744735559378076  0.92230871852942886  0.93721589679369000
  0.95246758820663913  0.96811107298934806  0.98403805136960620  1.00000000000000000
 -0.00216080713077229  0.01104475976761842  0.02223363039407832  0.03375349989951321
  0.04524395327854622  0.05652877906883846  0.06857724697381272  0.08079019126523192
  0.09322539586158275  0.10508152977773608  0.11622345064141242  0.12675907571434070
  0.13642560974578927  0.14591043070772972  0.15510064014957556  0.16376436627036248
  0.17230073307833310  0.18083849454434697  0.19010719164121634  0.19984795429775887
  0.20967853634319863  0.21914104422984551  0.22801661393722686  0.23718451925083020
  0.24705993591815376  0.25810044077456440  0.26949174598298120  0.28068117247454377
  0.29191092432823035  0.30309700001954515  0.31397894914744034  0.32438744820274529
  0.33565616505239665  0.34680254643516029  0.35682164644156633  0.36594411301042862
  0.37498021981918844  0.38390745702935547  0.39229528290926036  0.40096476044949875
  0.40994397280447120  0.41923640817811331  0.42884032017657775  0.43908849434414726
  0.44950577012672133  0.45993776467243841  0.47031928296140524  0.48079040178931187
  0.49105577816818341  0.50115771874398229  0.51129270472849153  0.52182313711214579
  0.53279624650863944  0.54396841232571602  0.55541350853010873  0.56662708567100128
  0.57710216731269759  0.58707870001224527  0.59676009997478430  0.60743168354420696
  0.61885954637805163  0.63054020333700123  0.64258106444628471  0.65427293892996874
  0.66482905379966184  0.67432971693912913  0.68387871919448318  0.69410154429752624
  0.70580799295008789  0.71838165274395183  0.73092947856975876  0.74371405971285376
  0.75624437968745273  0.76819821789738663  0.77923985159062958  0.78935001708412234
  0.79907199946568486  0.80860085859121356  0.81834140316843873  0.82792538259881454
  0.83771462506230843  0.84780949437928133  0.85825180212409069  0.86912676511676401
  0.88034512810894161  0.89168707268840186  0.90289950329806967  0.91375153888195237
  0.92443229143099859  0.93523954679892052  0.94545483985300216  0.95635438258186256
  0.96755185518749831  0.97878656914841833  0.98940372068536087  1.00000000000000000
 -0.00199290730739159  0.00864164729926635  0.01832551479452307  0.02806540114498732
  0.03810661333709170  0.04773350498955852  0.05735273540332812  0.06772961128584754
  0.07856176963077213  0.08911922949747449  0.09967999964352485  0.11012951282834428
  0.12032420430006241  0.13097070284063647  0.14150300777269745  0.15286582947072372
  0.16452455317826437  0.17597229610347945  0.18741053518098569  0.19812897234632815
  0.20920801585314758  0.22050744877423240  0.23128233431213699  0.24151271129899138
  0.25127846491648198  0.26061088035989532  0.26976781890316154  0.27889750971006899
  0.28834735959745145  0.29835377342218705  0.30863069000208626  0.31902275315316858
  0.32929938783300333  0.33941963956777021  0.34907051654822918  0.35841173504721840
  0.36751692289649668  0.37681192039311950  0.38660338338512901  0.39690385010224921
  0.40761952865753959  0.41893161718077754  0.43080612255941786  0.44278008573213629
  0.45476278944105691  0.46692428885201365  0.47865218044832819  0.48918207281645104
  0.49940948927225542  0.51002994503802213  0.52061384809853495  0.53065978649217094
  0.54069630656270873  0.55173402366108126  0.56337659505756243  0.57452856895802207
  0.58498786576640704  0.59519998977670174  0.60610322339398459  0.61759810890229117
  0.62833471001488739  0.63834627257175403  0.64847893025919257  0.66010987008829258
  0.67147737456362211  0.68196509208424994  0.69215829609637780  0.70136040967146918
  0.71026022171707037  0.71888515980013656  0.72839513356970997  0.73901404307710261
  0.75021128455377173  0.76091928399161501  0.77227943624493012  0.78457984527981084
  0.79760073544472654  0.80966215205701675  0.82031855325948044  0.83067631803926001
  0.84120491844506318  0.85303936772193523  0.86558608473120180  0.87731821164892432
  0.88833281760312188  0.89912594357592224  0.90955512704986696  0.91986014211172140
  0.92975115997198376  0.93916894510338256  0.94863041206473420  0.95841957074575945
  0.96984263864757614  0.98035310683022736  0.99048847441327803  1.00000000000000000
 -0.00206821688555142  0.00957846972047220  0.01898942015911446  0.02843918654875962
  0.03778416159593712  0.04797542020786279  0.05893366946803583  0.06967984307936022
  0.07988204239386280  0.09003843695445810  0.10078213282383523  0.11113609551450189
  0.12046979273655695  0.13017495524339742  0.14155886005813001  0.15391018162734008
  0.16660471845503538  0.17832486734080893  0.18921529378990529  0.19913785091145733
  0.20866045356747040  0.21824042875709312  0.22829426857478471  0.23899304571983521
  0.24924348939167532  0.25937042396123655  0.26910829451097878  0.28006177325399589
  0.29197486297516012  0.30264503324658343  0.31285312182368868  0.32241535632546048
  0.33145751844682880  0.34014609610116647  0.34916976293983487  0.35943008472797555
  0.37073729038388559  0.38175877072261927  0.39229346899016010  0.40279170517554408
  0.41327427243403053  0.42404738166820993  0.43540499365060475  0.44657495074159059
  0.45702053201473519  0.46669892633323795  0.47633519665131979  0.48665803190440904
  0.49801334361937560  0.51018066436963427  0.52295505102866324  0.53553481047316853
  0.54696124814940761  0.55740297792262739  0.56772825557626660  0.57807493362716811
  0.58851604392156498  0.59883753931201744  0.61006100929951745  0.62142813201152980
  0.63230343643183518  0.64306025192543359  0.65385685408536720  0.66460622886764420
  0.67543786098697922  0.68616697285754058  0.69642114941704214  0.70642764046559037
  0.71642069963533439  0.72669494076379582  0.73738598677339873  0.74839143607154490
  0.75991947898550616  0.77203318516867403  0.78398828373414009  0.79558594480622746
  0.80651252980365473  0.81693569524240794  0.82687233018137718  0.83698608793696316
  0.84717115656133513  0.85800916273924688  0.86880139377859056  0.88063576710473912
  0.89271924273299241  0.90444054288515630  0.91599632781160489  0.92684330935586112
  0.93713379504584249  0.94661151121357268  0.95643762131830468  0.96562918414394683
  0.97457728941058896  0.98301811646721793  0.99162900631538009  1.00000000000000000
 -0.00297288439632807  0.01047477990216873  0.02129893720420996  0.03142576292246482
  0.04079063271251413  0.04939528045993040  0.05840041033836477  0.06841486199074699
  0.07892660637380876  0.08916430960455576  0.09920783866068497  0.10910855203057378
  0.11948434373218217  0.12969478072336210  0.13958471456494342  0.15016967532921241
  0.16068942029974609  0.17131804383661831  0.18177363517318915  0.19238373259169433
  0.20328019304295727  0.21383526358790841  0.22407548422530979  0.23478731384375259
  0.24560796875567870  0.25529620138316245  0.26401833717713119  0.27282244811138850
  0.28224205271091757  0.29245683589437416  0.30312221392920707  0.31349495973879610
  0.32442932156923870  0.33477396394524295  0.34557663239182140  0.35634122266312712
  0.36761850790102496  0.37954537160575541  0.39126792908598090  0.40210349765641112
  0.41225400349332753  0.42326097663973777  0.43570212844721268  0.44886665845010482
  0.46149587935854341  0.47394702515394921  0.48544822861784914  0.49678386737465413
  0.50776578965717711  0.51886628038610605  0.52969206623656795  0.53980975347840865
  0.55057411509497933  0.56132393105542699  0.57207586921198750  0.58228051749803655
  0.59207230974177349  0.60197364129581110  0.61218798331239643  0.62239686015304319
  0.63300375770995421  0.64375361760697292  0.65539858492539049  0.66759563149333601
  0.67887795198284473  0.68951431608691005  0.70038953394819092  0.71109093075313412
  0.72158341099888146  0.73177760737938558  0.74242489619831531  0.75328125917878552
  0.76474155426812684  0.77598154598381708  0.78725863012173292  0.79787179979039413
  0.80909117321138124  0.82011988589016438  0.83120505354351737  0.84117778520322839
  0.85127633967340066  0.86144320652820672  0.87166086691839728  0.88183680945436649
  0.89242753289576626  0.90312993188667734  0.91344162601333667  0.92335146826918968
  0.93244531058995728  0.94110441671400602  0.95010186125187124  0.95932314858633461
  0.96905629162246654  0.97923900448718837  0.98944430434515129  1.00000000000000000
 -0.00234226982449467  0.01171604194697164  0.02390660877840828  0.03505303716576150
  0.04622664493589310  0.05724544774516233  0.06824923457002779  0.07910873819001912
  0.08998755950486431  0.10093959117137440  0.11054107887736105  0.11979114479785610
  0.12916714705063367  0.13844474421935030  0.14727702476604948  0.15605949037961209
  0.16481942248142478  0.17475371174381060  0.18494937830120756  0.19505173755846883
  0.20506420212009532  0.21532053021610209  0.22590167215313955  0.23630428653034111
  0.24670622141129120  0.25678005636597129  0.26639651664785147  0.27592428988687667
  0.28540503623326419  0.29584774911142248  0.30627559418322292  0.31663906281895610
  0.32774985244950949  0.33832764253011538  0.34889847924637440  0.35961712483773495
  0.37037657013870079  0.38138733253244289  0.39217523906793500  0.40325085979401831
  0.41404936931424702  0.42493436215008901  0.43565131557988612  0.44648962360710914
  0.45719160087555405  0.46787393821954737  0.47873023054576536  0.48943058253485489
  0.49975028989708159  0.50957258371879688  0.51956420130805758  0.53026437584396813
  0.54114843754940878  0.55168742037764651  0.56238314029119263  0.57378309252568538
  0.58575867835898965  0.59760664379363915  0.60933324773640529  0.62037173033614312
  0.63190815238880849  0.64332248625878630  0.65456865510537521  0.66508819559011789
  0.67576817008499823  0.68635031056540519  0.69708544925388449  0.70821408833034216
  0.71953161536228438  0.73099929221634319  0.74123733148137683  0.75055471572932109
  0.75949886743611683  0.76906719194810014  0.77941194929615842  0.78968071005381013
  0.80050644948881100  0.81207489227822682  0.82341747853699410  0.83429974994443401
  0.84466712126738663  0.85490569405754324  0.86517498394556980  0.87578084403045542
  0.88638313207205344  0.89697898113282859  0.90740086677842968  0.91710310305909915
  0.92651046431033413  0.93570010603470155  0.94532683784136540  0.95579917694592942
  0.96600640760488865  0.97696517828477358  0.98803400947051268  1.00000000000000000
  0.00299792808191196  0.03563362814838350  0.05254091679512753  0.06476692556093679
  0.07593581250662781  0.08631140027552915  0.09556277059324235  0.10413706546219055
  0.11197199423427844  0.11954202792427490  0.12711823899316238  0.13440931545669713
  0.14155726999782478  0.14870822020945507  0.15570120702806492  0.16257432922964846
  0.16903520080417289  0.17560849090837891  0.18241485012606179  0.18952749654348516
  0.19655217780700521  0.20363212942213407  0.21073238450203677  0.21811091816848235
  0.22548444815717797  0.23260503502173857  0.23948280556468574  0.24645685297394548
  0.25376598626893382  0.26099142657030089  0.26899642693507503  0.27642714974792776
  0.28360219983271623  0.29051903185398964  0.29743266851997419  0.30449066779636530
  0.31156022162825009  0.31853904571282304  0.32543442455925753  0.33221074763205960
  0.33892064174807301  0.34531886043581134  0.35200261262519811  0.35857202222564705
  0.36494786509140803  0.37110263014190253  0.37795593264937416  0.38538929545940898
  0.39314726290995861  0.40092793606250621  0.40872343763487351  0.41666848520279226
  0.42444710012317227  0.43188216277199210  0.43919718325165558  0.44609808905059223
  0.45293930727341913  0.45997940653298164  0.46708210996313487  0.47437021153037207
  0.48169562724626813  0.48934098113799357  0.49684548788996435  0.50468804134786016
  0.51303991969110230  0.52071559378199306  0.52852907053495779  0.53643973973152470
  0.54480794380485598  0.55381868031586245  0.56300193298772472  0.57259901487701115
  0.58220225226447830  0.59196496926424425  0.60206505826794887  0.61237704419617689
  0.62307500847741182  0.63402017335259975  0.64546457512092226  0.65704837733902566
  0.66863420288449837  0.68039061435498682  0.69146742025428998  0.70180348502354239
  0.71277752489341206  0.72512543159251897  0.73780463469848934  0.75168038513790014
  0.76728211693796899  0.78311128247383166  0.80077938611741706  0.81911818128983527
  0.84097973995554454  0.86892917386626911  0.90839426991266803  1.00000000000000000
 -0.02079242946490639  0.15442469057729252  0.21047237836944627  0.24230124279559867
  0.26628254370797494  0.28709257375156150  0.30542002836929710  0.32197003998816676
  0.33778718430424359  0.35219392898328267  0.36509190663854424  0.37683188275259233
  0.38833580697267200  0.40006344313686698  0.41128429369745700  0.42148172817345181
  0.43077165545839174  0.43992067390832001  0.44899786766358390  0.45790867623198456
  0.46632318239497716  0.47405651864474474  0.48146800539186907  0.48838110671551027
  0.49533392539976495  0.50181837450249411  0.50831214803751223  0.51465284405030043
  0.52088349183032057  0.52715297354405244  0.53336887309666825  0.53941958420649683
  0.54508829832745975  0.55038714756899387  0.55557266329122390  0.56066790757209017
  0.56559664709685031  0.57041523553742035  0.57523104732660280  0.58007138462941243
  0.58485004965709342  0.58956686429869509  0.59432071956860710  0.59907117365287832
  0.60372612976462259  0.60914916362167626  0.61463960716759802  0.62004562827446175
  0.62536581441803729  0.63057634502554605  0.63571649845683476  0.64081874005780304
  0.64586313422418984  0.65094433856151757  0.65579700801274798  0.66051670062652534
  0.66507725990463362  0.67002017492604427  0.67500579122619320  0.68008951230891923
  0.68524378063687386  0.69020514745173056  0.69493664429254887  0.69989258296612289
  0.70452486407143633  0.70934268002291723  0.71399253808841057  0.71866665607246427
  0.72351434037956941  0.72840298423198713  0.73342652335588099  0.73832920609059516
  0.74313991579813310  0.74803885853631202  0.75311520734413662  0.75832789371814335
  0.76350826123969495  0.76887412272686029  0.77433387911172391  0.77994454934995283
  0.78543405489537987  0.79079862193617811  0.79688298578485972  0.80379454555983054
  0.81125333232239538  0.81935027319274534  0.82779847062129364  0.83634889094179843
  0.84500688560339821  0.85392789064184604  0.86337068573170772  0.87433903381117872
  0.88746608814015648  0.90398273746384827  0.93104616992659361  1.00000000000000000
   2.0086915816775488E-054  -1.0000000000000000     
 T T F F T T T T T T F F T T T T F F F F F F F F F F F F F F F F F F F F F F F F F F F F F F F F F F F F T T T T F F F F T T T T T T F F T T T T T T F F T T T T F F F F F F F F F F F F F F F F F F F F F F F F F F F F F F F F F F F F T T T T T T F F T T T T
  <DiscreteSampler_grid>
  grouped_processes
  1 # 1 for a reference and 2 for a running grid.
  10 # Attribute 'min_bin_probing_points' of the grid.
  1 # Attribute 'grid_mode' of the grid. 1=='default',2=='initialization'
  0.0000000000000000 # Attribute 'small_contrib_threshold' of the grid.
  0.5000000000000000 # Attribute 'damping_power' of the grid.
 # binID   n_entries weight   weight_sqr   abs_weight
    10   10   5.899536522504871E-044   7.758755716539233E-087   5.899536522504871E-044
    11   10   5.899536522504878E-044   7.758755716539249E-087   5.899536522504878E-044
  </DiscreteSampler_grid>
