 -0.00030123973634421  0.00680708100840617  0.01659184710897567  0.02737110274906526
  0.03801341172328444  0.04901273419786541  0.05966894763153142  0.06991403757402975
  0.08021856808627237  0.09037022725002418  0.10041966008459147  0.11022322516307938
  0.11984720823626774  0.12955165554468767  0.13945514366471465  0.14931911505567874
  0.15879885517886891  0.16816048194811822  0.17746161563437748  0.18684271223019572
  0.19614985704586591  0.20526361928137260  0.21410662547017900  0.22279283104150210
  0.23127711058271935  0.23968832955015409  0.24800539477622482  0.25631437460405793
  0.26473682565325446  0.27325028902111315  0.28170170884211482  0.29015642370305594
  0.29868441530327217  0.30711495993214954  0.31551163980359431  0.32403182274018633
  0.33222718107899574  0.34036223196542842  0.34841550652499870  0.35648380567895832
  0.36473504960094721  0.37315272684873663  0.38157090937620591  0.38984459172389679
  0.39800341429871600  0.40652870114085832  0.41499875262443719  0.42347397187582209
  0.43202525490000709  0.44069419735534143  0.44944801114375893  0.45821585540114601
  0.46699100959987444  0.47561503946460026  0.48419479983829133  0.49264419559312411
  0.50107605853496306  0.50958654301872930  0.51819757772532860  0.52692721383768748
  0.53596456636130241  0.54471276546208225  0.55344150874834397  0.56228565610730841
  0.57123606677843275  0.58016752313933106  0.58904850765800165  0.59780213452447606
  0.60695340448361845  0.61628326411371970  0.62562089397153930  0.63495011806185175
  0.64441245989213192  0.65422104126742964  0.66435692909234945  0.67481781109077499
  0.68547891919736714  0.69610031651978121  0.70682370040601261  0.71789124508208546
  0.72931613269313189  0.74103163157933460  0.75281541270968022  0.76458890951782488
  0.77696607543371565  0.79018790125344029  0.80446446404122984  0.81905916743083396
  0.83406119318489980  0.85035103817791313  0.86874488119159277  0.88793858272910287
  0.90871810015971077  0.93246927383991329  0.96279711431968895  1.00000000000000000
 -0.00250096442115839  0.01015840065527881  0.02027699029142309  0.03128203563616882
  0.04173427019895246  0.05342669476797859  0.06464873006347611  0.07554681672687362
  0.08651240542749093  0.09731911754017916  0.10805865756917361  0.11873005130553690
  0.12976559592506626  0.14076740730338333  0.15103851557676595  0.16109096701560419
  0.17125405503313648  0.18144187154645866  0.19170436575141134  0.20198503053975309
  0.21216678924995841  0.22259959726624520  0.23328911763715396  0.24426186717583259
  0.25503963816775221  0.26525478822267617  0.27588996739603017  0.28697974796944081
  0.29799587178119014  0.30860911954944792  0.31913735831353451  0.32985274461029890
  0.34073084216358124  0.35201081756345520  0.36394539150896177  0.37590846660604449
  0.38729370624679960  0.39779417093768465  0.40779623647352053  0.41798422840523269
  0.42816473264887356  0.43819497625559389  0.44838939175260895  0.45825540251513319
  0.46962710779764805  0.48070614966380965  0.49107947101768273  0.50148557954598794
  0.51193560651461856  0.52243665659463889  0.53265021834103865  0.54301739072997457
  0.55339588528916550  0.56366130716221341  0.57403182682849530  0.58484120854375499
  0.59582969576001166  0.60694632098239909  0.61844200449787390  0.62939485732216016
  0.63976482213561858  0.64984839846532716  0.66002623502688196  0.67023940221028633
  0.67995816217548100  0.68945878837825691  0.69909103020963392  0.70875838056795437
  0.71933318309556049  0.73004640860607983  0.74118516282677538  0.75200494829955022
  0.76187954711472727  0.77184211271399950  0.78152062582153292  0.79127793654558909
  0.80100616483593090  0.81089875589069671  0.82109242153059125  0.83122461949246707
  0.84082348872558865  0.85021464203991981  0.86012120675442771  0.87054089295115711
  0.88071963980877310  0.89066777407363007  0.90138824046816857  0.91352327826870861
  0.92526088290447994  0.93639544072718450  0.94742379328213033  0.95822515905705874
  0.96881900103525131  0.97926344903892082  0.98971327568960488  1.00000000000000000
 -0.00907997934119103  0.05875000500348017  0.09280016626092270  0.11778163307844747
  0.13841238300341882  0.15638083780285644  0.17334242658339694  0.18989985995738468
  0.20543306659758728  0.21947149561516441  0.23278233490696862  0.24568654945456964
  0.25838604453601072  0.27062607853615839  0.28262522813497198  0.29420767010525450
  0.30504594500309229  0.31552009195549668  0.32557804357226433  0.33576785900033845
  0.34607661785371108  0.35620106774015026  0.36569125017482462  0.37484732790927272
  0.38387058527218126  0.39269631877907524  0.40158702032696075  0.41030815885861205
  0.41896707178091941  0.42747282971738437  0.43579250639226796  0.44414094608324606
  0.45236360327730335  0.46056207851991021  0.46862608978347442  0.47650275552959293
  0.48425325679939935  0.49195893292326059  0.49950791481243534  0.50688041214310220
  0.51423256399613304  0.52165974715256813  0.52920184972418105  0.53674739013873862
  0.54417066152127680  0.55178575420555465  0.55910445473899373  0.56636538837069472
  0.57318971262575380  0.58024644241188328  0.58743018108505007  0.59483563774828419
  0.60222427669244982  0.60940172860964936  0.61664565647118730  0.62404993734876757
  0.63172577177704536  0.63946458483210589  0.64678442013641202  0.65376017863942248
  0.66081295934521422  0.66801044409879029  0.67529027536542274  0.68254907932009901
  0.68960521568773903  0.69646648276145107  0.70379021011002629  0.71108186944540352
  0.71827712180947345  0.72542388457471119  0.73271125232221335  0.74025143422553141
  0.74787038698884789  0.75538151094572070  0.76278936359922511  0.77017105721267265
  0.77793920132282224  0.78596459392874418  0.79396008258804185  0.80214578311847862
  0.81027283669900318  0.81922290487396365  0.82831174372603211  0.83736702406983865
  0.84659997875560489  0.85577180407501952  0.86466812518631320  0.87390505715735101
  0.88371107682581918  0.89407482479609146  0.90502541607209797  0.91639699025852128
  0.92908480897640411  0.94423130463686133  0.96570526809065327  1.00000000000000000
 -0.02289010480526578  0.14912562319987327  0.20080807533151129  0.23449428469815101
  0.26151412410586700  0.28461821156047623  0.30471723141871598  0.32260725121591294
  0.33899934267980986  0.35415124953471416  0.36805177471774075  0.38085417303807845
  0.39273715009085564  0.40424820135359685  0.41552174458583024  0.42653000640743272
  0.43734133247534979  0.44817934062706644  0.45843574541510518  0.46792640971010330
  0.47712984579887163  0.48646759636649894  0.49575852853587538  0.50434646043800435
  0.51243314312864907  0.52034856165998611  0.52803222902557712  0.53536013305060992
  0.54229512538901670  0.54872830626076030  0.55492480618410478  0.56109951642138989
  0.56717352083386097  0.57312748037866001  0.57892869992087470  0.58461474466139940
  0.59030249764496157  0.59599627999348548  0.60176445484288699  0.60755762438418504
  0.61338221976577600  0.61887529494833804  0.62455480421066201  0.63019253419911547
  0.63578706933449769  0.64130888762535609  0.64667695553571258  0.65188934563191747
  0.65710059979678537  0.66238795996133659  0.66762914620022684  0.67264585288286682
  0.67750510545804166  0.68231796765092123  0.68704973309729811  0.69171547978612669
  0.69637802787890013  0.70103465030777368  0.70565206919122747  0.71028809581888241
  0.71503111778334560  0.71981349873897338  0.72447418620742121  0.72915539364233706
  0.73404651109809527  0.73900756182735794  0.74395396644219625  0.74893089939232893
  0.75399820793901728  0.75912678365072395  0.76429339545318487  0.76938978630206412
  0.77442678340047832  0.77939860294122532  0.78452602417248885  0.78980940856902471
  0.79515710439762333  0.80054617880196510  0.80600422852671227  0.81149825120098829
  0.81700737958173453  0.82286074440288004  0.82857234450277495  0.83450640254072117
  0.84066973920425114  0.84702414249886016  0.85378089440049465  0.86082015481246621
  0.86818114237352950  0.87613959786666429  0.88519475250361812  0.89476929031017549
  0.90613656529353848  0.92097427890533157  0.94536621784200847  1.00000000000000000
   1.2093083730049685E-008  -1.0000000000000000     
 T T T T T T T T
  <DiscreteSampler_grid>
  grouped_processes
  1 # 1 for a reference and 2 for a running grid.
  10 # Attribute 'min_bin_probing_points' of the grid.
  1 # Attribute 'grid_mode' of the grid. 1=='default',2=='initialization'
  0.0000000000000000 # Attribute 'small_contrib_threshold' of the grid.
  0.5000000000000000 # Attribute 'damping_power' of the grid.
 # binID   n_entries weight   weight_sqr   abs_weight
    10   10   6.377601362396026E+003   1.373603472059028E+008   6.377601362396026E+003
    11   10   6.377601362396026E+003   1.373603472059028E+008   6.377601362396026E+003
  </DiscreteSampler_grid>
