 -0.00009827522880678  0.00094172783368443  0.00212962573989723  0.00385822725604972
  0.00610280052474985  0.00874617821831931  0.01187773042303750  0.01548762324197492
  0.01939576079167365  0.02362006239962859  0.02808751880997246  0.03297192331619791
  0.03845289701577036  0.04411461173188273  0.04984855279146817  0.05569449881043215
  0.06200746956339468  0.06859362657854509  0.07523946552639091  0.08191580255137745
  0.08917529683293028  0.09637181812648875  0.10383883826787739  0.11140995836692166
  0.11917425513217436  0.12711216035906758  0.13537960477972971  0.14401827282973942
  0.15294549846602529  0.16229055180255150  0.17193487530096704  0.18157007641347916
  0.19128887053567037  0.20127507417179011  0.21140235302082686  0.22151784343753997
  0.23180139789042775  0.24225064080392458  0.25222885816728358  0.26211293898408439
  0.27263219684788326  0.28350875273994341  0.29448109685022228  0.30507722184529323
  0.31612839750178656  0.32721914231020671  0.33832900851535902  0.34968139235155449
  0.36090164134238006  0.37231906571494333  0.38405295675676693  0.39584357390466413
  0.40774823514518704  0.41973765098525162  0.43132935523496663  0.44365141984023437
  0.45615321101859863  0.46820078744063459  0.48081130664219146  0.49333360157681189
  0.50583064067484973  0.51857054212765052  0.53147771919256814  0.54422489906125981
  0.55724966260861952  0.57081926663846561  0.58507932090263437  0.59982176187562208
  0.61463011403774559  0.62916124211167124  0.64347521675628216  0.65783242907231609
  0.67232091859272614  0.68691678509627896  0.70134930805581519  0.71588740125757555
  0.73044562481304143  0.74497721822041152  0.75945878567015168  0.77401095669916697
  0.78849777916192554  0.80246505516219768  0.81609686558084549  0.82958742960120502
  0.84299132416011968  0.85657483696166836  0.87041325642653788  0.88445699102841013
  0.89863981404498672  0.91292749342319401  0.92746310610301608  0.94197458953197333
  0.95659964939472975  0.97117860545568913  0.98563916255545736  1.00000000000000000
 -0.00221315410159082  0.00888135327620560  0.01863284116540748  0.02871391946826334
  0.03886570694316972  0.04888443436988180  0.05846459785217751  0.06773384145339861
  0.07707015866011416  0.08705873980880018  0.09805867862987754  0.10897960042273996
  0.11931311190700870  0.12942081144784914  0.13974218912880265  0.15017511326509633
  0.16116470824627133  0.17299500358043088  0.18553051135473805  0.19725405224609785
  0.20844255297526679  0.21934938774726115  0.23052452924603156  0.24098921802845680
  0.25179615872383354  0.26254859027726124  0.27297062597604144  0.28379211732383253
  0.29416475013901699  0.30470772828750459  0.31505279911286704  0.32574202688900644
  0.33606091432283963  0.34594565978033537  0.35659815953975438  0.36858586558646733
  0.38050555824327886  0.39152343144148788  0.40199209504606526  0.41187199651370360
  0.42164414331360311  0.43145339533773241  0.44139851220258769  0.45138844749792495
  0.46105148108012289  0.47144610184061836  0.48217361378052725  0.49344867838848655
  0.50432765607811014  0.51417004658141274  0.52370836405100973  0.53321081088277245
  0.54291933985294538  0.55323609571947929  0.56315034000545483  0.57360909841813867
  0.58439274756405091  0.59625911204275273  0.60834514985195054  0.61968308803202055
  0.63086017162943120  0.64155389328098966  0.65227325479725851  0.66249697311244726
  0.67314887874061713  0.68454331139283053  0.69714295080631039  0.71079010388529129
  0.72382254158316039  0.73549159033195299  0.74634983207708605  0.75642848740186086
  0.76596993277247305  0.77534670240542414  0.78440753737142688  0.79410757374663765
  0.80403888329633311  0.81420683206407185  0.82541958031491192  0.83618877957210469
  0.84656683192254290  0.85763472121079420  0.86918443545804991  0.87976995078601472
  0.88993771513587139  0.90022246688952390  0.91086645240328579  0.92098656184253613
  0.93056835211712008  0.93976042489262657  0.94922905416308334  0.95894498535989980
  0.96905853526260222  0.97894871342362233  0.98946369996000616  1.00000000000000000
 -0.00132063635221748  0.01145457052047048  0.02160626658113285  0.03093250876736050
  0.04015677284594237  0.04895358291014043  0.05739326021250282  0.06599611704253894
  0.07464520413093771  0.08273424743943313  0.08992505664534287  0.09657287500600162
  0.10351732886259271  0.11032429498803767  0.11706925419567257  0.12365948099132143
  0.12995384372688976  0.13607881514701489  0.14239366390223657  0.14880591637244087
  0.15531657715087829  0.16186015345639279  0.16843344727507878  0.17486982920973507
  0.18106478429930484  0.18744989185512975  0.19419322287441476  0.20132362576210264
  0.20870607755755771  0.21616079654094530  0.22356129572232300  0.23036539725390942
  0.23735664029014414  0.24450751697188908  0.25181961264196706  0.25922638808048865
  0.26650068321434084  0.27346978400950001  0.28023842681588129  0.28708062337511681
  0.29395428864872486  0.30064692320873759  0.30728469651754348  0.31360655756710237
  0.31946769164232913  0.32537159296295703  0.33132830809089642  0.33748171156509599
  0.34368593633581446  0.35009349933048517  0.35636101481046317  0.36256291734434293
  0.36879910951140615  0.37519679335387396  0.38186360989722584  0.38850886476053814
  0.39535499737615948  0.40255574507745834  0.41004221651745421  0.41787009756469445
  0.42634376387305067  0.43524350383957683  0.44389923529609165  0.45285838331001221
  0.46180256363512573  0.47091421575671510  0.48034021951386757  0.48966927931873899
  0.49907119042009729  0.50823757796408608  0.51730427473613472  0.52657819773735715
  0.53651435551405557  0.54715004013538127  0.55770869044232974  0.56826105340902378
  0.57866741225548735  0.58920982392289567  0.59970189234991256  0.61074540760106422
  0.62216376132302031  0.63490988088004852  0.64852168945132183  0.66247847077925170
  0.67654547399948517  0.69157537604884312  0.70739173567153302  0.72370380198007289
  0.74074548814340480  0.75959553200731866  0.78102371474321342  0.80348605573796195
  0.82888465745910533  0.85857949202922101  0.90267642616873534  1.00000000000000000
 -0.02201524015618692  0.14892711714823159  0.19833690971918944  0.23115920861501782
  0.26025227428145886  0.28398461352912779  0.30386851080428301  0.32189151170421232
  0.33910925659220148  0.35554975092814217  0.36943086281790027  0.38268731805968759
  0.39586781134560800  0.40838016391467530  0.42016523508129955  0.43183724948237839
  0.44284610922263851  0.45363732603555462  0.46410559059663825  0.47404101649090485
  0.48326022929724183  0.49251205394355868  0.50093219689604240  0.50862215437446179
  0.51603332949232561  0.52337807156688920  0.53079496577189034  0.53821672145522659
  0.54535475747724638  0.55202438462212944  0.55846710724916426  0.56506462286009174
  0.57206102569493800  0.57927830472291542  0.58623755205657158  0.59275267590727632
  0.59908054170954239  0.60534038455889716  0.61163330550188932  0.61769698641296777
  0.62351186234145006  0.62932484946556577  0.63519575046891152  0.64116534525024371
  0.64733517064436752  0.65377639530167841  0.65999305286476273  0.66581005518991887
  0.67143782238131444  0.67710956510528597  0.68289376809384184  0.68853184116810584
  0.69356858921433007  0.69827394129148179  0.70285388158393913  0.70740923622756902
  0.71193027003349285  0.71637682848155593  0.72087898864105526  0.72545866128676306
  0.73005424829524890  0.73461169365100387  0.73911769809962335  0.74357398005667052
  0.74800869736817865  0.75261496383549698  0.75736854678417453  0.76221723190889668
  0.76695785401165162  0.77147522444403382  0.77570826227318457  0.77996688900338185
  0.78438104531659714  0.78894233519274459  0.79361243855909025  0.79840035508500851
  0.80325605494506480  0.80809894413271577  0.81303445365996863  0.81791211779378736
  0.82268478771816800  0.82741741435206539  0.83229843376610391  0.83757646927903096
  0.84347808998243667  0.84933275868961655  0.85552722747892562  0.86210707283378218
  0.86891513623336680  0.87633505243445986  0.88477039585163331  0.89435017096900693
  0.90560203520824123  0.92022486258417324  0.94403486533038872  1.00000000000000000
   1.1944277236122816E-017  -1.0000000000000000     
 T T T T T F F T
  <DiscreteSampler_grid>
  grouped_processes
  1 # 1 for a reference and 2 for a running grid.
  10 # Attribute 'min_bin_probing_points' of the grid.
  1 # Attribute 'grid_mode' of the grid. 1=='default',2=='initialization'
  0.0000000000000000 # Attribute 'small_contrib_threshold' of the grid.
  0.5000000000000000 # Attribute 'damping_power' of the grid.
 # binID   n_entries weight   weight_sqr   abs_weight
    10   10   1.010811244086646E-005   1.294467040883024E-010   1.010811244086646E-005
    11   10   1.010811244086646E-005   1.294467040883024E-010   1.010811244086646E-005
  </DiscreteSampler_grid>
