  0.00282525851885861  0.01555154733416620  0.02951007072423694  0.04195553526523031
  0.05241595020862742  0.06191077373837572  0.07180488983430891  0.08205113275529312
  0.09298722729682987  0.10422349211477357  0.11622759313462895  0.12771829127225562
  0.13776147527454524  0.14726374543981907  0.15697735072756813  0.16701998417297503
  0.17751664134739112  0.18801037145045321  0.19866939429486888  0.20957747652587880
  0.22080842996931849  0.23162017473179924  0.24226145258019502  0.25254135474988609
  0.26249265996449478  0.27258251907655273  0.28299207959273598  0.29434704872329465
  0.30547230658315494  0.31603212071809167  0.32636970808461496  0.33700610793134789
  0.34843042862670465  0.35999931396650237  0.37103906527128672  0.38197984976460164
  0.39224490605016221  0.40183351316821375  0.41135049128670675  0.42164540387167071
  0.43337310961525133  0.44425940369645761  0.45417827574468894  0.46283450206619081
  0.47102272498456343  0.47893690711624859  0.48705848673693414  0.49652754405154959
  0.50672461769092636  0.51725989064361955  0.52782097787426707  0.53855469956241242
  0.54916050839527752  0.55925561499819543  0.56937633199374704  0.57970088101008721
  0.59083728231284594  0.60257026974384742  0.61463007795559399  0.62619540353657954
  0.63755204813650801  0.64894250228722328  0.66050439372622316  0.67186115985679995
  0.68293329324147212  0.69386298004278002  0.70419972661344754  0.71436390481696821
  0.72400955434020897  0.73446226803472758  0.74597198153618127  0.75822184205363252
  0.77039807754199674  0.78186687890919759  0.79305860455456256  0.80375253128886393
  0.81352828819263101  0.82313702257443855  0.83293494695390446  0.84323077377563549
  0.85379699094489059  0.86408342791292903  0.87411092255394096  0.88415803390649550
  0.89412194047287674  0.90387892666655778  0.91373156165362257  0.92283966393221917
  0.93262339896704649  0.94053824496538818  0.94864689662148027  0.95642729177295893
  0.96502901005260155  0.97418330653887941  0.98334592889571859  1.00000000000000000
  0.00000248257490604  0.00000260883166936  0.00000279404694862  0.00000297617218697
  0.00000315954310022  0.00000332748650510  0.00000351634534972  0.00000371828285472
  0.00000395098673165  0.00000421501500628  0.00000449614299776  0.00000479734816875
  0.00000511936598131  0.00000544875183768  0.00000578838443812  0.00000616251863208
  0.00000657900578289  0.00000702155329927  0.00000747569353524  0.00000795253335806
  0.00000848751285478  0.00000906844783850  0.00000966053993840  0.00001025529040553
  0.00001088629104811  0.00001156372585705  0.00001229522609516  0.00001308737319452
  0.00001393078455158  0.00001480318946621  0.00001569526851135  0.00001659789201932
  0.00001764966140530  0.00001877481372498  0.00001995129071914  0.00002113655920010
  0.00002235066558434  0.00002366539166820  0.00002508670291397  0.00002657306780223
  0.00002810645735763  0.00002972116324491  0.00003155690509711  0.00003355011818688
  0.00003569926865669  0.00003796556272007  0.00004032874895147  0.00004286035561842
  0.00004556091208786  0.00004845102109066  0.00005155845418692  0.00005450846150751
  0.00005754440771500  0.00006081696804216  0.00006417194208929  0.00006786514325912
  0.00007197935547262  0.00007629392935375  0.00008058293233475  0.00008487768870130
  0.00008986194928997  0.00009527407262829  0.00010135486187993  0.00010823836399619
  0.00011575064454701  0.00012392440226386  0.00013248301566893  0.00014077056154132
  0.00015011444126087  0.00016012195198554  0.00017207045459254  0.00018730143199844
  0.00020412394520719  0.00022041596858670  0.00023560389862416  0.00025102765753846
  0.00026771014011469  0.00028692784869943  0.00030717607038630  0.00032368357818808
  0.00034442967461646  0.00038099582201045  0.00043079825594507  0.00047768329285435
  0.00052750595709885  0.00058993629489356  0.00067219751921289  0.00077004595154754
  0.00090326690787649  0.00103178272574495  0.00120486369678250  0.00154642462518617
  0.00183431453100921  0.00210276126391364  0.00341618262238067  1.00000000000000000
 -0.00146501237684096  0.00553621854674487  0.01205540532618601  0.01853369037416527
  0.02510779609640690  0.03173073354320946  0.03843855339934776  0.04518888673596046
  0.05192341177894511  0.05867717257980706  0.06522898936606288  0.07162981072217564
  0.07798435221513882  0.08462247722287868  0.09151088547830630  0.09852770396236182
  0.10556100966819190  0.11274013359519280  0.12006337345123497  0.12746560295086401
  0.13483508900990410  0.14204475403479383  0.14941152377814598  0.15712639349848914
  0.16499425501398529  0.17300105770457452  0.18104408310571624  0.18914848598675921
  0.19743520851853000  0.20599011978452572  0.21457564764455020  0.22330295611948145
  0.23180498522728571  0.23993777851757422  0.24815502164559899  0.25635395752393209
  0.26504349476414024  0.27403532291990318  0.28287626088263440  0.29179998404543966
  0.30092298987815519  0.31021616456610279  0.31942087741881114  0.32846324740051325
  0.33795286974172023  0.34786209540647045  0.35809173669501443  0.36827157628002566
  0.37857004358649404  0.38931857890260652  0.40082560769492864  0.41216841053578912
  0.42306093793289867  0.43368872752909082  0.44497585518503979  0.45669899679069248
  0.46823676160488931  0.48001873529467359  0.49208555870199933  0.50427165526526818
  0.51590777853869196  0.52799409689213006  0.54076718166747950  0.55297967013719895
  0.56522445412958078  0.57781644686002875  0.58998662433882831  0.60225757412383707
  0.61420898934323298  0.62714765533177397  0.63835351654067951  0.64982192158551533
  0.66238972560079157  0.67516162783309497  0.68655264948606665  0.69771123287427661
  0.70995158969746841  0.72320815727399768  0.73771980042338903  0.75396824702264564
  0.76997974681733372  0.78679337333385857  0.80224681746074267  0.81577891830909444
  0.83016740525528077  0.84842953452244074  0.86859096440655714  0.88375494379496744
  0.89660140858551574  0.90523348356291533  0.91508642709030785  0.92919892600751719
  0.94632003564358591  0.96377633566046650  0.98113654835779096  1.00000000000000000
 -0.00192331933189717  0.00896645501610658  0.01840552836329105  0.02793115043007195
  0.03692494462743566  0.04597881687685216  0.05533378790578998  0.06524196151846062
  0.07477621376057736  0.08328539159427212  0.09190583850364407  0.10136531983923777
  0.11309061171113688  0.12471016370462694  0.13456633359217632  0.14450312873762630
  0.15539501482479173  0.16613944984691775  0.17690963912858976  0.18750256097076737
  0.19821044189043027  0.20861077176331261  0.21820428671773162  0.22788093369180526
  0.23824764986959213  0.24906249266110661  0.25976522472547892  0.26969737247590841
  0.27912700656013667  0.28867024840871691  0.29894100680309749  0.30930839817678119
  0.31942378284184403  0.32936314568679687  0.33968959817069372  0.34973449359069431
  0.35891928732990680  0.36798376840991759  0.37753649736462180  0.38772809975953504
  0.39861930778760274  0.41059981046686045  0.42376988266774707  0.43576343423558672
  0.44667661067286968  0.45694321465974058  0.46728658868162332  0.47822030706529473
  0.49008515204732789  0.50170721979002297  0.51240479069956846  0.52191226070399355
  0.53066553910592040  0.53974374743982012  0.55006622611657630  0.56066136349438678
  0.57114966784384313  0.58212298062143608  0.59384847980728217  0.60635903863288132
  0.61911592883169586  0.63123531342280392  0.64301703197278448  0.65450231039140705
  0.66567453094224760  0.67656365954100661  0.68709061540876248  0.69710242240492304
  0.70691264720649261  0.71705408310057450  0.72790529645964608  0.73885120880423649
  0.75008059056679932  0.76185852656794384  0.77418511507413745  0.78644462427922668
  0.79874782945510925  0.81109007260595678  0.82311320071313843  0.83435972523884216
  0.84441156076663826  0.85415276835772480  0.86411490608218788  0.87386126091605532
  0.88389544497581352  0.89396669595470901  0.90479130238716843  0.91512643135706218
  0.92482807498354014  0.93441618668607695  0.94506515981560624  0.95562406490127538
  0.96612334055290017  0.97652929909339492  0.98821585636748399  1.00000000000000000
 -0.00259152716646481  0.01327463539294247  0.02616026513149432  0.03770611071478668
  0.04835051166889736  0.05867009358099946  0.06967134313026048  0.08080005733820876
  0.08987003377829952  0.09808725401212746  0.10618074411820450  0.11526496351763933
  0.12519805390657182  0.13584132097569337  0.14675610439085812  0.15831414149412890
  0.16886041043951219  0.17849418068703146  0.18767435845246241  0.19835782781895367
  0.20839773799112227  0.21798145210391268  0.22752771832321622  0.23858476997399672
  0.24958875764405661  0.25982245984252272  0.26968293948805871  0.27952352950235748
  0.28952761750451234  0.29938119649037831  0.30877943755622944  0.31861646001093913
  0.32825769036235508  0.33801089708082677  0.34788396451146741  0.35809218334270254
  0.36834373903739248  0.37943927758166313  0.39129647169304632  0.40328224882256575
  0.41483530126141849  0.42586914667286324  0.43654510545397962  0.44693909901609796
  0.45699427186492247  0.46641808451356409  0.47560852107618645  0.48560176222122237
  0.49556297123693377  0.50626221751497413  0.51684661235905383  0.52896331540578534
  0.54151603009635507  0.55330840884805921  0.56311000505380626  0.57291537925790481
  0.58249837354825074  0.59301620466521332  0.60385873886096664  0.61508001614292374
  0.62614763362077475  0.63732463215234902  0.64865231050687322  0.65972026589850807
  0.67014687597041500  0.68068960334548345  0.69147007086874190  0.70279605241702803
  0.71424353272085550  0.72561220443763152  0.73662688274493948  0.74753337085305016
  0.75857315033405470  0.76919179524652725  0.77936038574062849  0.78928808653383731
  0.79980485885930486  0.80958681417631340  0.81970562962787397  0.82937769546383999
  0.83932620011653591  0.84983224642077870  0.86063037212286608  0.87164520573482807
  0.88130856517663747  0.89107939701989070  0.90155385285036382  0.91384483216150003
  0.92637639951572748  0.93793620914907139  0.94900687302274966  0.95989222229215654
  0.97084076140906850  0.98081292385937080  0.99059626973512216  1.00000000000000000
  0.27721234002384271  0.44366264508469927  0.46384633111665818  0.47864234651441456
  0.48735698552558948  0.49450970950627876  0.50108864966117550  0.50772797651745583
  0.51454094553629282  0.52214751018946159  0.52832074509315641  0.53449783027769471
  0.53999238461159149  0.54536618989058361  0.55078636088733235  0.55640457846193758
  0.56248780334980508  0.56775107566277405  0.57232649596860463  0.57683135586715184
  0.58118413203696884  0.58534625893824455  0.59010238383687175  0.59511920720857459
  0.60052856346485317  0.60581738863796086  0.61065718211598941  0.61538867654976304
  0.62021233251929253  0.62505628910192101  0.62985551274045393  0.63486427656669209
  0.64013125771206814  0.64561186956949690  0.65065834400237965  0.65524047106399985
  0.65950374084088614  0.66360238874304800  0.66773110729102603  0.67210019883143524
  0.67677840061651462  0.68176417138231205  0.68695497818515938  0.69220177152622420
  0.69741280088588964  0.70269276329459562  0.70797438021832382  0.71319018892486563
  0.71822016341454920  0.72300922588914973  0.72761130968288756  0.73195409136741774
  0.73661301057621797  0.74127791898791140  0.74598185964834485  0.75086884427456313
  0.75572237926115682  0.76075724672921463  0.76597854386917597  0.77138112423978655
  0.77677828082039180  0.78230714870968243  0.78779262332370192  0.79304407898865892
  0.79829104483267310  0.80369663652310308  0.80940270891816946  0.81475318700719934
  0.81997701044157845  0.82529948463214908  0.83108856758715288  0.83664542580914325
  0.84208090603963026  0.84722368394300229  0.85256128391620611  0.85784775366224852
  0.86288842145834421  0.86776607966133001  0.87269554365327628  0.87787178295226842
  0.88377606297828259  0.88968090045367609  0.89582518442982595  0.90180134907257237
  0.90759514350764714  0.91359948296063043  0.91971318521465750  0.92623009487618679
  0.93328627866506986  0.94088596140959846  0.94854391642123581  0.95617604457105843
  0.96453477081274375  0.97384578127368993  0.98511610135193495  1.00000000000000000
 -0.00870254781459402  0.04564924267891403  0.06590561869179354  0.07954001678084276
  0.09031041714350969  0.09960286504777191  0.10803775733137282  0.11573651346998136
  0.12284341877237642  0.12943689111626805  0.13569895212515812  0.14188161803659477
  0.14780432260025325  0.15338016564958143  0.15891791673159017  0.16386941956260240
  0.16923501196153742  0.17463082337821920  0.18016081204524492  0.18574484070222530
  0.19114019967690923  0.19628470637215784  0.20135778924043329  0.20657376101611463
  0.21184822813821361  0.21710735641146767  0.22231639219156779  0.22747970457225064
  0.23289478460790475  0.23858066936078989  0.24437359276921025  0.25024198309147305
  0.25619211312604251  0.26217084070886304  0.26830600389548215  0.27388170378997367
  0.27942494680947977  0.28484999239269293  0.29020784143873857  0.29580498163086621
  0.30136714646167578  0.30728412469602423  0.31272110357090549  0.31827824547870359
  0.32411769548233255  0.33031779503861941  0.33686487741906462  0.34340368380104447
  0.34991411660343391  0.35600738685165612  0.36245551090901229  0.36924516333741841
  0.37616076365760931  0.38317241230883592  0.38974930003035468  0.39608963367017058
  0.40339343673776029  0.41117697520659452  0.41915943509512454  0.42696638354379723
  0.43433206577120181  0.44189454617243545  0.45051408322184672  0.45978120369699305
  0.46901506690169081  0.47805394937599899  0.48665017589403120  0.49573191771261965
  0.50516984405322851  0.51524345015667095  0.52513505960089657  0.53502842662278138
  0.54581881675872956  0.55520943946459911  0.56411944240737999  0.57267911369125502
  0.58205727392265016  0.59213557160192598  0.60245362923419632  0.61304792775364003
  0.62450973804731535  0.63601378242367901  0.64654720760693662  0.65671957593212160
  0.66757376852813743  0.68071307482419918  0.69398751949864346  0.70762709619309239
  0.72250433476956388  0.73900936339458900  0.75774695493021560  0.77909491140200504
  0.80491146128337121  0.83773504977413282  0.88452458624030894  1.00000000000000000
   6.5636209234597828E-002  -1.0000000000000000     
 F F F F F F F F T F F F F F F F F F F F F F F F T F F F F F F F F F F F F F F F T F F F F F F F F F F F F F F F T F F F F F F F
  <DiscreteSampler_grid>
  grouped_processes
  1 # 1 for a reference and 2 for a running grid.
  10 # Attribute 'min_bin_probing_points' of the grid.
  1 # Attribute 'grid_mode' of the grid. 1=='default',2=='initialization'
  0.0000000000000000 # Attribute 'small_contrib_threshold' of the grid.
  0.5000000000000000 # Attribute 'damping_power' of the grid.
 # binID   n_entries weight   weight_sqr   abs_weight
    13   10   4.137705123788220E+007   9.119108591847130E+015   4.137705123788220E+007
    14   10   4.137705123788236E+007   9.119108591847182E+015   4.137705123788236E+007
    16   10   4.985727518615214E+006   1.766098902456674E+014   4.985727518615214E+006
    17   10   4.985727518615195E+006   1.766098902456662E+014   4.985727518615195E+006
  </DiscreteSampler_grid>
