 -0.00016013154725974  0.00134865565498830  0.00259718025721594  0.00434599593009803
  0.00639929714235532  0.00895586974009373  0.01189907585791641  0.01522069775169683
  0.01890025246896790  0.02298915072784280  0.02768422702532134  0.03250470548509554
  0.03747139169037401  0.04263853260085290  0.04809224615158179  0.05429481938979303
  0.06101601888259040  0.06778112256502940  0.07471085062322984  0.08197569490703273
  0.08905955431175248  0.09609464563746511  0.10364305717260991  0.11188914553116115
  0.12044289185788462  0.12868547911422698  0.13686363666953760  0.14514159952580963
  0.15328445666976026  0.16133316009963081  0.16960561973884528  0.17804254725373053
  0.18640182788964299  0.19572143722810292  0.20540946056540837  0.21514028592920087
  0.22523946049082030  0.23568755831319410  0.24607220509435868  0.25634579610129110
  0.26680299779491978  0.27740578720074149  0.28805017721467002  0.29853891098995794
  0.30852554025038070  0.31845220056049828  0.32871925498492632  0.33959917893751934
  0.35081044157994190  0.36272872537313111  0.37558808533899207  0.38884061328024672
  0.40222866416010927  0.41539410505963376  0.42803300505019903  0.44052361078052882
  0.45300741764778962  0.46548465096010022  0.47804941114349897  0.49041104094862153
  0.50269146819275234  0.51495814464944500  0.52694456400507605  0.53889006621181224
  0.55110523767784447  0.56377053226240204  0.57657285192549268  0.58975622840262698
  0.60325812878171503  0.61667781915819520  0.63008669971797038  0.64429453226244815
  0.65825173545833726  0.67201321319249863  0.68590843060374940  0.70023368326984747
  0.71452503138244572  0.72890769376972642  0.74318995884319139  0.75752952450134148
  0.77209140317057623  0.78671789637521705  0.80249980322685699  0.81788790630341168
  0.83311498147029017  0.84826736195346231  0.86319428150228528  0.87820439445095966
  0.89268588002793803  0.90702977329411028  0.92139924997008193  0.93594655380091174
  0.95201860208616551  0.96800073503994954  0.98397780630906573  1.00000000000000000
 -0.00255565954251720  0.00994469189980574  0.02053778766157947  0.03129487732148259
  0.04216784624167364  0.05270989229212677  0.06333760753339886  0.07380471647453438
  0.08394174336820302  0.09362207583596188  0.10363581519536331  0.11435169965728127
  0.12486146790757358  0.13476378337395722  0.14503512539046717  0.15491546918701080
  0.16446309508939283  0.17349025535777696  0.18274197960896113  0.19258876080294429
  0.20318088123936243  0.21462170787042475  0.22681871155861569  0.23801728805046274
  0.24852374112270456  0.25884742950536144  0.26885431068573717  0.27872929634276217
  0.28870955301725765  0.29920005117818949  0.30952601165155003  0.31964586330970413
  0.32980917214983363  0.34032870865293019  0.35115727892660770  0.36162890343159526
  0.37304817550578190  0.38390316153062193  0.39493549279210310  0.40573634368883604
  0.41659433712892679  0.42768153323770780  0.43854553960395565  0.44914089330378931
  0.45997965677189806  0.47144860705207997  0.48290055664156245  0.49436600802826375
  0.50531091044162990  0.51583810617200299  0.52548744947861481  0.53493475969624515
  0.54476061490249927  0.55515483736665028  0.56557122938621518  0.57697883267240602
  0.58900910059327971  0.60188920704624438  0.61464764755521972  0.62670554920100430
  0.63782800264746808  0.64855146465535374  0.65941112258115031  0.67005551991164369
  0.68066691995869144  0.69150561950468714  0.70250818771680001  0.71349569435609628
  0.72489473428604190  0.73621838028616637  0.74717387184489703  0.75777374576678314
  0.76789022584254318  0.77802753476841091  0.78835791318977999  0.79903269895479245
  0.80975150866377144  0.82031909541631665  0.83058050413346718  0.84038681708985929
  0.84994241742438270  0.86004753170031023  0.87073630803915825  0.88168720855067728
  0.89298367241220500  0.90457262450114628  0.91585455811302663  0.92587726647702406
  0.93495017508139522  0.94351257829053259  0.95215763088067973  0.96125718029886964
  0.97091707920885228  0.98079802942757588  0.99066718043742308  1.00000000000000000
 -0.00090074655946543  0.01275781155950425  0.02396630600836574  0.03352835345021237
  0.04242815719365516  0.05061392423499238  0.05861374498217693  0.06705102785578006
  0.07555332147136593  0.08411127316590288  0.09281987629794980  0.10104240794048701
  0.10834128761603110  0.11523380245196935  0.12205915094459645  0.12896460474091237
  0.13596749235132091  0.14301422304110839  0.14991702925200615  0.15655817830461491
  0.16319043406559414  0.17025538208905294  0.17777566661790628  0.18484697832015243
  0.19224069712553829  0.19951296552583059  0.20653187674249596  0.21322950040791294
  0.21969636732757453  0.22619279327182115  0.23239523857295730  0.23858310104950939
  0.24440222341678519  0.25018868434018865  0.25610490118186929  0.26212409760846889
  0.26840286491608845  0.27518475001406062  0.28217145390245152  0.28895876124611175
  0.29560246098762594  0.30223753538622838  0.30882177029248725  0.31554678076932652
  0.32258654313712659  0.32996056194707679  0.33655889743422773  0.34299372659961314
  0.34949709469079726  0.35602132266384451  0.36268871534951641  0.36939159443524827
  0.37642101673890288  0.38369944556972357  0.39080222104765122  0.39792787618868058
  0.40544175025419527  0.41284399851092557  0.42035483361696985  0.42795408536405971
  0.43578897318457482  0.44377826760785422  0.45180994317241041  0.45974208567568353
  0.46763797809694163  0.47582630457160563  0.48444426344001490  0.49326017901308550
  0.50200265260120658  0.51062456743187823  0.51934574772896280  0.52854906546469038
  0.53810337966833310  0.54822187447178927  0.55933238296979604  0.57093795305136563
  0.58309272956920610  0.59471730391566568  0.60594876738676351  0.61702553198211840
  0.62804607768314857  0.63932434999197052  0.65173824846846862  0.66489079001530904
  0.67798207430239787  0.69118739688371877  0.70465447207353371  0.71910797136785232
  0.73484507352586925  0.75247359923861057  0.77424056794993801  0.79904107735715968
  0.82531635030251849  0.85663885955579200  0.89982989240062994  1.00000000000000000
 -0.02201617892474032  0.15315386421481808  0.20266177278159794  0.23435807858301319
  0.26031214166287908  0.28403602841419745  0.30588810702027358  0.32448047561668375
  0.34166532467721389  0.35789064302697937  0.37222945415333430  0.38571706990346555
  0.39835735462564065  0.40962835958022914  0.42012969184327048  0.43060071936612693
  0.44072615609074628  0.45027378459209955  0.45945570466498326  0.46857463604305910
  0.47706441436580638  0.48527658566893245  0.49329278408686594  0.50136935418348449
  0.50830428229158930  0.51502114490293371  0.52154576728752822  0.52776042223964204
  0.53388091185668052  0.53968078255482188  0.54580065214273576  0.55219387334524273
  0.55866343071463531  0.56508076110900385  0.57186225635738486  0.57847148071004628
  0.58488695981237260  0.59114509285330141  0.59733086763253085  0.60350186317560350
  0.60955029405116523  0.61534672889344422  0.62114276949394065  0.62665205473897589
  0.63180728265393094  0.63700150662744726  0.64218291261178329  0.64750484656864848
  0.65309695876850782  0.65875253838736614  0.66445675423728534  0.67041412413679757
  0.67619382005157502  0.68182232722848179  0.68736346379577407  0.69246611728976848
  0.69731052462172460  0.70230546807374172  0.70733303624225519  0.71235118769491890
  0.71729492829938835  0.72252255423049561  0.72763371682388578  0.73251477850280944
  0.73726457127502465  0.74193968608601779  0.74664636234021042  0.75139131301004225
  0.75587251368401276  0.76035969996524677  0.76479507741060659  0.76918084186300217
  0.77358641602528222  0.77804989127692192  0.78261275327087021  0.78731895997549395
  0.79207677520349884  0.79696836846631813  0.80185879235636370  0.80680685184788847
  0.81217008822440051  0.81801097653702926  0.82425923019617942  0.83052812666217890
  0.83705717830092707  0.84392888685397693  0.85114888946178713  0.85852970715336685
  0.86613479190119580  0.87409752817987740  0.88310059168325428  0.89323400229390826
  0.90481483438804255  0.91929617151382470  0.94279449113163083  1.00000000000000000
   2.8250594555381733E-018  -1.0000000000000000     
 T T T T T F F T
  <DiscreteSampler_grid>
  grouped_processes
  1 # 1 for a reference and 2 for a running grid.
  10 # Attribute 'min_bin_probing_points' of the grid.
  1 # Attribute 'grid_mode' of the grid. 1=='default',2=='initialization'
  0.0000000000000000 # Attribute 'small_contrib_threshold' of the grid.
  0.5000000000000000 # Attribute 'damping_power' of the grid.
 # binID   n_entries weight   weight_sqr   abs_weight
    10   10   6.147030015444350E-006   4.717098859215586E-011   6.147030015444350E-006
    11   10   6.147030015444350E-006   4.717098859215586E-011   6.147030015444350E-006
  </DiscreteSampler_grid>
