 -0.00027247510460190  0.00662529396427392  0.01651327338755083  0.02730166343380301
  0.03809225411024456  0.04915497092086608  0.05957243854327283  0.07004242647254492
  0.08032260304279679  0.09040709948809843  0.10038021264280790  0.11018280642474594
  0.11997265898760254  0.12988322083499521  0.13972831287308540  0.14941749478699040
  0.15884694412454842  0.16816456995805001  0.17761808338657381  0.18719335151808189
  0.19648019299734820  0.20536746881267082  0.21397132647076481  0.22241157867692526
  0.23076190753730119  0.23901823118114296  0.24742098502332369  0.25604903726556333
  0.26464286668937709  0.27318508614075554  0.28166979117022911  0.29005074772161010
  0.29849997100442605  0.30687912057221450  0.31527135897369019  0.32364440556097096
  0.33181593422285183  0.33994785436762986  0.34809539925930494  0.35638523502884295
  0.36489958126001237  0.37337877207917680  0.38180249675059852  0.39036091751143209
  0.39885772716271933  0.40722327353432342  0.41563557565826648  0.42407370413746492
  0.43257226074682087  0.44112456543379730  0.44970989865665462  0.45832025215505245
  0.46697302087617026  0.47562064197894766  0.48415582123661022  0.49259001698307919
  0.50099551902824002  0.50947865063929476  0.51810380017860580  0.52684502171091008
  0.53576493228763755  0.54454875174486039  0.55336791125577134  0.56222122049136503
  0.57107550664776352  0.57992762946638143  0.58887894290572584  0.59783625023051912
  0.60707025023175476  0.61635287069510103  0.62559936949907358  0.63484665372905280
  0.64419350584939450  0.65415003640619052  0.66435533676851455  0.67469924818346072
  0.68507299199654470  0.69542671843284287  0.70610707505858084  0.71729382447578582
  0.72877882844109432  0.74040533843849010  0.75197029248540381  0.76362296571930199
  0.77619876684562905  0.78954352019933971  0.80367265251297393  0.81804427848472472
  0.83309914822226350  0.84968518113262692  0.86813107283561752  0.88728338503857296
  0.90807046886316845  0.93199518009959537  0.96262509402925300  1.00000000000000000
 -0.00247835877466930  0.01007546661076915  0.02009050273841809  0.03131558378703863
  0.04194376337210369  0.05371212261263206  0.06493775442910803  0.07594687363397840
  0.08702028609325947  0.09795197533653663  0.10873504490002973  0.11930239940391107
  0.13026527277975627  0.14124941720869583  0.15152645790245672  0.16155400081890356
  0.17166496420120758  0.18180969886596518  0.19201231893069534  0.20226316892405716
  0.21240775315841373  0.22284696488801534  0.23352526736983120  0.24446608319883539
  0.25514803841071504  0.26526389549700297  0.27578824672515778  0.28679682431559039
  0.29772954925315626  0.30827771949865079  0.31874273591570679  0.32942014440601047
  0.34024750822092664  0.35141413541487404  0.36323967367504534  0.37510885931070298
  0.38622341066164101  0.39668229200380706  0.40651618572700515  0.41660506021793375
  0.42663937241769212  0.43645368673917845  0.44649923249287299  0.45628921674626061
  0.46711660697567542  0.47854909528108147  0.48872120588366352  0.49924363262296390
  0.50958123249755249  0.52032999620832732  0.53037352714479269  0.54058679124726017
  0.55089642460349897  0.56104095406587717  0.57138615496153822  0.58205860619753613
  0.59287396102597756  0.60363011256967813  0.61489217862796330  0.62638889279125742
  0.63646834589659040  0.64647731901668404  0.65693216886492323  0.66740252318919635
  0.67721636475723634  0.68674758025222449  0.69633489956788741  0.70633864830323445
  0.71677927264790720  0.72751766937944218  0.73832775584306864  0.74893059664409500
  0.75903454983023066  0.76888081713208167  0.77860431399653840  0.78830227970625466
  0.79803615218630120  0.80773638473068354  0.81763650259391973  0.82766974746113986
  0.83757984340285174  0.84750594772683285  0.85785423415144157  0.86866677761169164
  0.87942989865620336  0.89001207307017938  0.90114817692905647  0.91321741364620324
  0.92505089474583624  0.93628788467143520  0.94742072637420327  0.95824874393397874
  0.96881319033784674  0.97927751771132776  0.98972376274978746  1.00000000000000000
 -0.00921656660734295  0.05946283189997602  0.09368315963424328  0.11840267835269333
  0.13899435465313273  0.15707748251647333  0.17434857018972336  0.19120555823938065
  0.20681274494968069  0.22077659421588158  0.23401736599786485  0.24691303081490987
  0.25973461273451337  0.27209506092391739  0.28424057649697482  0.29583911701714305
  0.30673321399981635  0.31739275053857990  0.32768189754945498  0.33818266845366413
  0.34865144388862357  0.35877423219976556  0.36839408152586983  0.37770812750052352
  0.38669559237793005  0.39538082735370250  0.40409686158100172  0.41266422729844476
  0.42130409988588263  0.42986665575720268  0.43824719557534159  0.44666416717630442
  0.45496834880653636  0.46313396301708276  0.47120013530438987  0.47904712042865311
  0.48680648141573463  0.49455661074367724  0.50208994586837974  0.50944105043761512
  0.51681403527254888  0.52430195614108965  0.53190743955684772  0.53949975868722566
  0.54704942083579722  0.55469739856453781  0.56205948647402648  0.56932437943938685
  0.57620899525740210  0.58341576559351949  0.59059956065048103  0.59801620333777028
  0.60538083277204191  0.61268534385266127  0.62019537839222649  0.62797256891349584
  0.63601106995790857  0.64389101155769912  0.65132774546619188  0.65857110946700836
  0.66595608822543018  0.67353853550358178  0.68116830426419062  0.68857358636559485
  0.69536160353991006  0.70242663454691390  0.70974143891513541  0.71695515530047438
  0.72406927472632066  0.73120915440072043  0.73848775181015858  0.74592817237999531
  0.75339832367601944  0.76076870229905147  0.76812034405888563  0.77568641870709854
  0.78360386465502341  0.79153724668617553  0.79951229193133266  0.80764586686244166
  0.81598834780234031  0.82503645261193936  0.83398061845766891  0.84292279749728760
  0.85196938191373761  0.86082121852821314  0.86950353425323956  0.87862283054433210
  0.88830518640558831  0.89840148844488932  0.90892666384196974  0.91999374901947706
  0.93233934817877195  0.94707642937251224  0.96797177149079094  1.00000000000000000
 -0.02270434566078910  0.14673973205339361  0.19866519631181184  0.23231294589399817
  0.25944424195483418  0.28240694237888347  0.30249000152076411  0.32037939491051720
  0.33684841981049635  0.35228368010731154  0.36636147681967174  0.37927369085667101
  0.39114814392018693  0.40263043477286176  0.41397628453352570  0.42514947721016472
  0.43610174110348876  0.44708478501749133  0.45754670490012345  0.46722045146191332
  0.47650374643164506  0.48590956187305390  0.49532532522437261  0.50408056742930307
  0.51230346301988516  0.52036355923864053  0.52816183043195120  0.53556863422686851
  0.54256814483480653  0.54904239182454595  0.55533057079130943  0.56159140091348203
  0.56787326095325030  0.57408696526172631  0.58010920202253768  0.58601087669128304
  0.59188249338327692  0.59776081325018871  0.60371930231597026  0.60968288073079757
  0.61564263383258311  0.62129703850716023  0.62715403764267696  0.63289097568096808
  0.63856257236136393  0.64411665907365390  0.64947284051410814  0.65470634537646200
  0.66000461820144030  0.66533553104906107  0.67045995133843306  0.67544608722137500
  0.68029764191673436  0.68508957817659277  0.68980165682954453  0.69454850156662506
  0.69931350715896456  0.70402426478448465  0.70871897769826497  0.71349036330892501
  0.71830315149989188  0.72309298118331011  0.72778669765853088  0.73275801172942057
  0.73777521480597064  0.74281070207127020  0.74783839058596724  0.75283530033106116
  0.75784361235277098  0.76295723897328238  0.76808906203589578  0.77310322919877461
  0.77802350872790538  0.78294878392262646  0.78803526246977706  0.79328274662300036
  0.79859280206958916  0.80392708863167528  0.80932398424281482  0.81478255492354190
  0.82030540415813624  0.82603855198349330  0.83169478846400136  0.83759744550275383
  0.84370480619404309  0.84996497127186965  0.85658743776558954  0.86351698684235600
  0.87075145950287813  0.87873857712430292  0.88754839910304006  0.89693361251515813
  0.90831432965225889  0.92299464188980096  0.94689727405792945  1.00000000000000000
   1.9991586756401350E-008  -1.0000000000000000     
 T T T T T T T T
  <DiscreteSampler_grid>
  grouped_processes
  1 # 1 for a reference and 2 for a running grid.
  10 # Attribute 'min_bin_probing_points' of the grid.
  1 # Attribute 'grid_mode' of the grid. 1=='default',2=='initialization'
  0.0000000000000000 # Attribute 'small_contrib_threshold' of the grid.
  0.5000000000000000 # Attribute 'damping_power' of the grid.
 # binID   n_entries weight   weight_sqr   abs_weight
    10   10   6.263789764430099E+003   1.355854183341555E+008   6.263789764430099E+003
    11   10   6.263789764430099E+003   1.355854183341555E+008   6.263789764430099E+003
  </DiscreteSampler_grid>
