 -0.00002518401163316  0.00037106045672969  0.00118041561551938  0.00249897870376190
  0.00427053663311677  0.00656370985155480  0.00936642017840957  0.01279605220237966
  0.01666233521931118  0.02083156692946125  0.02540979207347201  0.03046394862781324
  0.03568952516851164  0.04125116511372499  0.04750474948837335  0.05411237160319927
  0.06064734399394194  0.06743972831975867  0.07438848648586660  0.08158431936783450
  0.08905555188734535  0.09672415381392405  0.10473592912193881  0.11289242779436359
  0.12137691374155730  0.13006205397163903  0.13884205424571189  0.14785075837457273
  0.15720033010031395  0.16658353970317383  0.17601476096672020  0.18563674458158674
  0.19560421686559079  0.20570293694931446  0.21571934389871078  0.22534758399539540
  0.23524620391561682  0.24554521172834395  0.25596057572973246  0.26662508270010465
  0.27725036440452427  0.28796630340607493  0.29906376945077806  0.31018929221229263
  0.32157630322826819  0.33294742387395310  0.34417595168988430  0.35549876120200330
  0.36698545834818241  0.37865807248456662  0.39045054278388458  0.40218302440956610
  0.41365690012387274  0.42492926702115452  0.43656415827898076  0.44863625355556541
  0.46074941372959100  0.47282579959334486  0.48496536834807008  0.49734498075754591
  0.51005344531838404  0.52302271731437378  0.53580640002562052  0.54868457955162497
  0.56127636228191113  0.57378569233378252  0.58638372121827775  0.59921320528551025
  0.61247141855282228  0.62592206672554551  0.63930861029865005  0.65273122974044295
  0.66606785570701166  0.67920359435194588  0.69212203059718025  0.70482663857217076
  0.71713598074243901  0.73001744164693938  0.74381016307947811  0.75836850060367678
  0.77338864184551637  0.78845571096548217  0.80360662452489706  0.81837570551186334
  0.83295443024240623  0.84757230575899534  0.86228470116610412  0.87561806452235724
  0.88943932006652948  0.90425472426571163  0.92006133172196580  0.93630118117832639
  0.95228914991651004  0.96830710177083934  0.98425621969071797  1.00000000000000000
 -0.00230734688385565  0.00949814400663193  0.01897468274918452  0.02824445762995168
  0.03788938073444785  0.04794982938669538  0.05869721968635775  0.06962808926803588
  0.08063469210804196  0.09135517109759571  0.10203336382209008  0.11217251858129845
  0.12201831978463493  0.13205487994253171  0.14216619095731525  0.15259797948491638
  0.16402493092649384  0.17562546387259242  0.18737265348226576  0.19828600135864469
  0.20919067214625350  0.22018453824596998  0.23167320816124770  0.24082797135220813
  0.25041110811418149  0.25981125852976283  0.26962309835299153  0.27947637394457897
  0.28945977110940607  0.30075257350474061  0.31259777097612212  0.32326152927713186
  0.33436548108183456  0.34500566601503807  0.35532688304133775  0.36522728619469041
  0.37539283620929259  0.38723594368138148  0.39956254829452137  0.41147983454815984
  0.42315805904488596  0.43468654210978724  0.44599595039947443  0.45687107833060586
  0.46783288289955710  0.47873011278251854  0.48921219986179248  0.49940057871691962
  0.50955685582654919  0.52098869628954403  0.53358973653064357  0.54581486356456965
  0.55757537115513012  0.56978911817756517  0.58202246546040048  0.59279938829878387
  0.60259878035555525  0.61169806923875991  0.62064235102449516  0.62995756501121414
  0.63934508583300720  0.64906283255307495  0.65914407292119748  0.66987765833990331
  0.68147977468532872  0.69339086562358532  0.70527349700374786  0.71707210769056351
  0.72860504556067418  0.73969223610789570  0.75009781349913995  0.76010160492411283
  0.76989459686888362  0.77942733110788198  0.78870944861115566  0.79807979990852984
  0.80773462487657088  0.81786590828357064  0.82815324562834436  0.83858970960514756
  0.84942270389551278  0.86018579757545177  0.87071119833971411  0.88146756070926324
  0.89240489377737253  0.90295680773885856  0.91272708477093734  0.92246983904828850
  0.93189365160100734  0.94105227949036130  0.95010669280068449  0.95911136351444592
  0.96902813869947602  0.97901668371550266  0.98933601733029053  1.00000000000000000
 -0.00168130633093375  0.00694952087796540  0.01429925709521629  0.02086597048847172
  0.02679607938696547  0.03246415978124204  0.03802962486295411  0.04361353625561943
  0.04913593112100961  0.05450221120008333  0.05985434004543516  0.06491277950045556
  0.07015448845221285  0.07523121637493793  0.08015486032830690  0.08506280878727435
  0.08999210795752337  0.09495993257495575  0.09996628424608939  0.10490034781578600
  0.10977751957606181  0.11456105343888701  0.11938391567687995  0.12419139810100573
  0.12899667346997154  0.13360240381849636  0.13815939722479736  0.14277201752773117
  0.14761280646257235  0.15269502684303421  0.15778453636195805  0.16294339589548060
  0.16830371053866486  0.17404992846127790  0.17974074200165382  0.18543360516374960
  0.19114374761815850  0.19671102576430480  0.20213718516799162  0.20748014302821841
  0.21278814755429287  0.21840551804478570  0.22408971669011821  0.22976381413250532
  0.23608864648161720  0.24245837153313107  0.24861419501618570  0.25463263386114349
  0.26046594822127134  0.26646261505028240  0.27279474493598371  0.27939680213812612
  0.28609148049434441  0.29250779705960567  0.29873248707996314  0.30508768662678132
  0.31163314759807964  0.31821708641167229  0.32465953443837858  0.33131242388365711
  0.33811042343289882  0.34498030366864790  0.35189302239606018  0.35907661165678328
  0.36661820799352429  0.37447626621124236  0.38285286342720776  0.39155756444717449
  0.40021364790763381  0.40896984048635554  0.41780180358202540  0.42671367567118978
  0.43580993566486370  0.44507164934712551  0.45487233255951243  0.46614482741041641
  0.47913805477273358  0.49174019293197097  0.50503884446347602  0.51841656936754443
  0.53129729197898889  0.54399811116243868  0.55697119971074838  0.57075839838937836
  0.58570628764885579  0.60125976074876042  0.61819992108065658  0.63880696944286297
  0.66451969837363822  0.68984632881670949  0.71582112757865468  0.74434585046313717
  0.77834878165987065  0.81759336319681675  0.87282117842354467  1.00000000000000000
 -0.01536634767558435  0.09036698563548611  0.12518211396907900  0.14897628533462143
  0.16879947051065577  0.18531843652971108  0.19843261964962297  0.21020540529526952
  0.22108789337097726  0.23130902200989953  0.24089208400357734  0.25051077296495322
  0.26028541969739649  0.26981430876893059  0.27883424224820508  0.28738135032579787
  0.29520861886009886  0.30265205510266274  0.30997509521545208  0.31721052223377266
  0.32408124728305632  0.33104249586871615  0.33785948927860948  0.34463282741308898
  0.35168967676536383  0.35878274062835663  0.36600691048157880  0.37292672020265089
  0.37976810538238986  0.38667651841797257  0.39339654142174285  0.39966672734828662
  0.40568617900210113  0.41184664527614495  0.41792304466996660  0.42385575778796419
  0.42966258490756742  0.43541949034803978  0.44144485542383261  0.44784646800800704
  0.45413384418486091  0.46046736479531736  0.46683342319685800  0.47321254030621790
  0.47964773828178664  0.48610877751322262  0.49264804876007179  0.49917003830330642
  0.50518416832826119  0.51103033004049869  0.51700623845982607  0.52307706715382185
  0.52923443378895962  0.53559583492627538  0.54169763122202041  0.54760184032429959
  0.55358888721061172  0.55957162162049634  0.56575155640362673  0.57212213060851969
  0.57850720384821819  0.58463214654593265  0.59060697364178383  0.59652150237727342
  0.60257775156241544  0.60905989747901557  0.61591749742741109  0.62277080987164735
  0.62922605207209503  0.63502235547727937  0.64104464446620180  0.64732786144066123
  0.65389640799341409  0.66056661775632530  0.66710741710776100  0.67338407058166561
  0.67946623437810649  0.68566378517680293  0.69218023455403765  0.69929952822075592
  0.70681308685463695  0.71483218562166528  0.72286746908564226  0.73122600053196707
  0.74062963125461179  0.75106213454722914  0.76262415478560486  0.77464453739966288
  0.78714015514709745  0.80118359778425574  0.81689459761078653  0.83385900829191861
  0.85269793340978328  0.87436124035900886  0.91162924090951614  1.00000000000000000
   1.6936613808711287E-012  -1.0000000000000000     
 T T T T T T T T
  <DiscreteSampler_grid>
  grouped_processes
  1 # 1 for a reference and 2 for a running grid.
  10 # Attribute 'min_bin_probing_points' of the grid.
  1 # Attribute 'grid_mode' of the grid. 1=='default',2=='initialization'
  0.0000000000000000 # Attribute 'small_contrib_threshold' of the grid.
  0.5000000000000000 # Attribute 'damping_power' of the grid.
 # binID   n_entries weight   weight_sqr   abs_weight
    10   10   3.298857085243029E-001   1.902960175705526E-001   3.298857085243029E-001
    11   10   3.298857085243029E-001   1.902960175705526E-001   3.298857085243029E-001
  </DiscreteSampler_grid>
