  0.01114760884714916  0.04790259613907757  0.07818846439723592  0.10234811779406125
  0.12394404837444462  0.14282833086873320  0.16162372230029615  0.17811363367118241
  0.19173572423324106  0.20485478533462759  0.21910920790940794  0.23444516640257743
  0.24983675557483986  0.26538859895023575  0.28060908396129353  0.29548529877065016
  0.30878641396327983  0.32232209851550531  0.33518033995392438  0.34758338273907230
  0.35966991972705536  0.37173338561894109  0.38377146286951158  0.39609315842524451
  0.40855914791915227  0.42091174971054957  0.43404820214232243  0.44638500845173296
  0.45793354084185089  0.46889654289879107  0.47963066845639551  0.49034425138498794
  0.50136333275934919  0.51308013161615140  0.52542256087653405  0.53764081130384411
  0.54938033183841450  0.56058105361691568  0.57163669982935028  0.58274006354605346
  0.59382261143934156  0.60543296256704415  0.61745166360417503  0.62900169093761937
  0.63972646875947858  0.64972640994875119  0.65941620502267595  0.66909425972799730
  0.67896248785609514  0.68937240511622255  0.70057479882608964  0.71219249433618215
  0.72377119415181990  0.73521976812730716  0.74618642786659251  0.75646285717228701
  0.76611802158251185  0.77541093431086361  0.78438881672577965  0.79310668503758153
  0.80159758039320728  0.81022596918683254  0.81892298193058877  0.82750001951561558
  0.83592791949673728  0.84389606009612494  0.85176224991379590  0.85974854016120694
  0.86788246478819797  0.87615270992965844  0.88435825227622999  0.89216497577529741
  0.89935741617654785  0.90630403936207193  0.91304126964313537  0.91950192956464472
  0.92551965047612439  0.93144549042285563  0.93741789949216403  0.94320505751197348
  0.94894146861903450  0.95415428002096170  0.95894170710165294  0.96323742659609290
  0.96722830864077536  0.97112726695393625  0.97494660031148650  0.97866721402439982
  0.98206828483683661  0.98501701843342426  0.98769992856153921  0.99024790977849697
  0.99256913504009914  0.99477930586630658  0.99679561023576846  1.00000000000000000
  0.00903514515038520  0.01617342459686865  0.02683349984276978  0.03811348490917914
  0.05026462070271363  0.06285458461758846  0.07528037999105433  0.08732930982217357
  0.09883157172655724  0.10996284012077080  0.12050911096508718  0.13092793251714641
  0.14169550031260247  0.15273069990592131  0.16408334788143067  0.17551367836423390
  0.18628358717374338  0.19621985203823616  0.20584452269460815  0.21586500611437134
  0.22643702856568218  0.23755295026480033  0.24901245540070460  0.26056658026728285
  0.27202331624622555  0.28325235368992813  0.29379151278283894  0.30317168380721049
  0.31181126486486316  0.32043659859231644  0.32977700433508955  0.34017060844491703
  0.35062558025496171  0.36057178672959483  0.37013116319476158  0.38015716795677973
  0.39062090320215148  0.40080571084760724  0.41058038441227501  0.42080378038113408
  0.43146480328332121  0.44202290107279252  0.45188081230524590  0.46305829628281209
  0.47480909605359933  0.48605683085512852  0.49712011056154015  0.50708224465135787
  0.51722738366843124  0.52789267746507451  0.53892400610442959  0.55042545054549186
  0.56173385526723185  0.57224257281660151  0.58216381555983665  0.59175157502289988
  0.60162984444187895  0.61162583827145023  0.62167275835691016  0.63206688323873328
  0.64258261788742799  0.65331027121815310  0.66409662954559634  0.67472172416738463
  0.68498804926066059  0.69458712755488994  0.70392580340179289  0.71378620039582075
  0.72429249624131431  0.73507227998577884  0.74528862984942601  0.75548376938204764
  0.76621878617358485  0.77675580694587776  0.78714845787632981  0.79716727691079092
  0.80733135057458494  0.81689480489515243  0.82626233914975977  0.83537161391149184
  0.84532479758978329  0.85588510426496200  0.86630339727344974  0.87687582254092589
  0.88721055582334440  0.89818561256934581  0.90936512005655179  0.92122405089022741
  0.93324217935756126  0.94380821995038011  0.95373300675092421  0.96350256610287932
  0.97307798190044958  0.98274911957143618  0.99106738602038913  1.00000000000000000
 -0.00094658102124523  0.00454912347766700  0.00688700947380856  0.00947354180574612
  0.01234471551315301  0.01534511193672495  0.01869303801867393  0.02272134237738951
  0.02698056772840380  0.03086093259829333  0.03513428521368327  0.03982264051264990
  0.04460437246989898  0.04972622444233259  0.05512010237713912  0.06088215758436421
  0.06680490057989628  0.07274508105148134  0.07960357675781135  0.08762505406191752
  0.09579190405935938  0.10403226531976342  0.11256282086697847  0.12039708564035481
  0.12798448203834573  0.13600483332730520  0.14437318082927514  0.15281567752850964
  0.16136529016238116  0.17038750125110649  0.17993199542092225  0.18938750921461492
  0.19870652893860477  0.20796053880758075  0.21748113495688001  0.22710760589019083
  0.23685938363442258  0.24614221077969298  0.25541715881841376  0.26526146323785743
  0.27500348373644656  0.28448448403428606  0.29430935540746994  0.30478282347613739
  0.31536981700140371  0.32632627650743651  0.33749024890681717  0.34856932369835480
  0.35976826751422242  0.37107416585239988  0.38345153928441966  0.39636702444930721
  0.40935897246058628  0.42217858744889653  0.43444890544736237  0.44608345492978396
  0.45755063148197012  0.46925104191020323  0.48117663719685261  0.49342475866111352
  0.50628504778840733  0.51941222322481084  0.53274103719346511  0.54609522743061556
  0.55922308063942139  0.57247116307872881  0.58479879218991837  0.59763980448706244
  0.61126788439311264  0.62522956038571920  0.63870168320737530  0.65124745864400246
  0.66334847817345788  0.67532261415404882  0.68745048060000424  0.69959230384336313
  0.71210212384790439  0.72509749431605186  0.73818042558284636  0.75123688507732911
  0.76580363899755666  0.77988320189086480  0.79365690263840483  0.80872631910262838
  0.82440064836264437  0.83989617218996993  0.85557350278120992  0.87154485008381943
  0.88758646871476965  0.90358749276328987  0.91954708538561636  0.93591968795747271
  0.95235463118855312  0.96859845276320955  0.98451613888875666  1.00000000000000000
 -0.00210125396187875  0.00884077353388071  0.01890465826536706  0.02916871595014107
  0.04004226528104776  0.05140848243484215  0.06327004786003290  0.07454777318234736
  0.08529201370365212  0.09569658892835872  0.10624937408032967  0.11694675550172311
  0.12733950695560742  0.13729620894895497  0.14733197610123866  0.15781059580978105
  0.16926577203485382  0.18058524110581956  0.19177619780231187  0.20328885635162280
  0.21535447199281660  0.22742667770599018  0.23892040788043090  0.24937797941877593
  0.25914570315092933  0.26865376983152789  0.27814264542405265  0.28813060788288747
  0.29865482063084214  0.30955131168798850  0.32058570120352015  0.33172783418584778
  0.34299765147678851  0.35455815798302637  0.36639102091722014  0.37829065158829162
  0.39004771281911682  0.40158426209882669  0.41294095425726862  0.42298652987975405
  0.43245022458436705  0.44260887298654777  0.45192800307001491  0.46053398200642048
  0.46939809716018865  0.47927065338932578  0.49059560351959997  0.50125303579053071
  0.51061997912961166  0.52048586222138549  0.52929069580379151  0.53826518747994301
  0.54740626088229816  0.55723301175870288  0.56752197955005623  0.57811310722610154
  0.58894116859658963  0.60017331778337468  0.61153862025686101  0.62281736366929097
  0.63322894550775943  0.64308684157364915  0.65287678121222215  0.66265890395949312
  0.67243053580017786  0.68220949373823381  0.69255537510061038  0.70312175627919915
  0.71389633464043989  0.72433944730891731  0.73463287209483530  0.74543715929414889
  0.75732076946379789  0.77034796400780725  0.78331529331404093  0.79571835410480973
  0.80736999165032497  0.81815775833673587  0.82831136856768350  0.83832842058753243
  0.84858276499824747  0.85893809220853090  0.86872768158811176  0.87854485330078524
  0.88882604628236850  0.89926574843828055  0.90894067229906994  0.91869067726446185
  0.92898105994675151  0.93924294179618306  0.94866079578906015  0.95782275706475672
  0.96745843719759839  0.97839422217942906  0.98895472509062987  1.00000000000000000
 -0.00231539200588555  0.00875725962079559  0.01943464828451627  0.03034307147974299
  0.04183701305123813  0.05308490271207028  0.06426584355623348  0.07556873887475736
  0.08754915756772806  0.09947937360421588  0.11071652737251912  0.12143950197764891
  0.13222194137172527  0.14319685324723147  0.15384638495409070  0.16413493336400159
  0.17452649853566410  0.18479427186394928  0.19464830765161975  0.20417132491092460
  0.21347536299749129  0.22274271647402671  0.23182492389139567  0.24042885799801661
  0.24902736836290784  0.25825103718907189  0.26838313426894783  0.28045290063705003
  0.29262182802716963  0.30400028984181199  0.31509554879373503  0.32581612579413605
  0.33600661564266476  0.34536985920729629  0.35486353326581588  0.36415062130061576
  0.37341063220540011  0.38179322115243602  0.39144595057251391  0.40175753879009174
  0.41198262369382371  0.42153365696117445  0.43045760285405743  0.43955042146474910
  0.44912167680449355  0.45892854265218114  0.46967054437397754  0.48058827815853156
  0.49173527872222500  0.50266430635127735  0.51325632550030209  0.52335449742609319
  0.53291964403838044  0.54263966459492163  0.55281695409222054  0.56327488286750660
  0.57309621506349062  0.58272511476626909  0.59220219991281053  0.60176863956435311
  0.61192493445933382  0.62295354032996797  0.63452573738518703  0.64613523879687262
  0.65737392850894705  0.66832150228785503  0.67880376871495940  0.68893662335532579
  0.69861606637281515  0.70863840233433761  0.71922176518338454  0.73035745706246624
  0.74163055502342234  0.75322934267793407  0.76527582738617461  0.77694845043556360
  0.78821414948820656  0.79897067868029492  0.80959378192955178  0.81990415942133166
  0.83060389437098214  0.84135981806706839  0.85272282989807591  0.86380300614602545
  0.87479842921366913  0.88529764536406086  0.89620783668409887  0.90736433900714553
  0.91860276978195110  0.93107154377660506  0.94218836523001381  0.95320136050521620
  0.96433548499125854  0.97643317415885622  0.98838102451337839  1.00000000000000000
 -0.00254037404112947  0.01173467131539919  0.02352865623157756  0.03466217018190303
  0.04590768777448429  0.05751303541081231  0.06824983171307186  0.07833633327823539
  0.08815260701465306  0.09837363654671000  0.10857394806782264  0.11856174884829543
  0.12890508026219241  0.14004541152865210  0.15009968119902700  0.15899908850472586
  0.16800499507829100  0.17752484230956359  0.18714805973375365  0.19638304434536277
  0.20522003348683257  0.21469206020177906  0.22529326724943713  0.23606872743587703
  0.24793494676307895  0.25881641320446030  0.26963364190849115  0.28109757502695237
  0.29254726422561278  0.30355616686920323  0.31410526084619245  0.32468256421260083
  0.33524284638017793  0.34640391327518882  0.35763383919426539  0.36869625629663472
  0.37983100164886047  0.39113003046454892  0.40249071723225693  0.41365275320871481
  0.42462138006451194  0.43577178513482501  0.44736528642281431  0.45931763791701796
  0.47102945086720732  0.48264987243655738  0.49423609660099022  0.50536169600117875
  0.51569998839881404  0.52619955533657936  0.53676741401773498  0.54826347676393872
  0.55994135276977730  0.57081074438288348  0.58125431988006326  0.59215234194970590
  0.60339354091421926  0.61522386286327202  0.62649233204560884  0.63655034811242517
  0.64694462294458532  0.65709697660098665  0.66737895431143768  0.67681017214783623
  0.68583223026986040  0.69459140317381673  0.70393796627472394  0.71368810619744394
  0.72421203466698392  0.73481189085997256  0.74549514122488003  0.75595232980290905
  0.76598737405036010  0.77574886624820982  0.78533492134024796  0.79485087466126036
  0.80427817467628160  0.81380047973448200  0.82352831512195113  0.83362244936474439
  0.84394563236805265  0.85412073276265732  0.86429662208421409  0.87441182066723522
  0.88570494201673278  0.89671357475242974  0.90735124004002654  0.91753984470078997
  0.92791626889075640  0.93853412310499496  0.94929041238004142  0.96011425799852390
  0.97037758775688021  0.98020511152164536  0.98996586397511865  1.00000000000000000
 -0.00252085428897667  0.00950944759945874  0.01952058507145527  0.02997919768905741
  0.04003101192856331  0.04918084213913072  0.05837610260272222  0.06791149668975174
  0.07714382967037854  0.08601190906576459  0.09474256416856469  0.10419908595774048
  0.11438319877845775  0.12431771348746498  0.13382407084858186  0.14327730607393369
  0.15357001660157685  0.16435969128911543  0.17526488110710853  0.18597755815199674
  0.19643919734358634  0.20678898429165340  0.21660558395239191  0.22643704536329740
  0.23679596234458639  0.24747234770627699  0.25864854224217348  0.27011999122995101
  0.28179758819877754  0.29338564811551715  0.30440875931289801  0.31491657494095349
  0.32489608851331797  0.33487706535806899  0.34541850700542959  0.35556247962166276
  0.36483690702412197  0.37419657575419379  0.38388747033513515  0.39375195397748275
  0.40353203267331911  0.41240616152402915  0.42201442181278870  0.43175920118541533
  0.44281881274240070  0.45466324970891714  0.46647333697007182  0.47763453313583598
  0.48811843825343898  0.49844514013150365  0.50836969226150586  0.51869932218821813
  0.52923791601374637  0.54057754843494099  0.55209313627795975  0.56391955766002655
  0.57538868700231394  0.58649097847064069  0.59750565135059563  0.60819657837759000
  0.61880217358508904  0.63007235713917409  0.64131098055233715  0.65196760179300395
  0.66208617330344210  0.67193740841534366  0.68274816668455440  0.69307749233074234
  0.70325339097391437  0.71339101577075192  0.72376622022735737  0.73428678765726840
  0.74495086812816969  0.75584491457213809  0.76734019812730914  0.77883169511869743
  0.79016870537867867  0.80240542263432890  0.81502153970091029  0.82720833042264608
  0.83923818676541773  0.85104776494108980  0.86289694006157558  0.87404201839384688
  0.88436668877010938  0.89449349573174286  0.90452404868472569  0.91484247114921358
  0.92480188064912472  0.93476557402264782  0.94503540369904238  0.95593244054053794
  0.96725358567622166  0.97828070903722419  0.98935254132121686  1.00000000000000000
 -0.00206001023038368  0.00944037645089640  0.01897632023102057  0.02842364876616672
  0.03744923754797548  0.04701893692357955  0.05750049852691909  0.06734714628585094
  0.07701169143825104  0.08703323813868462  0.09754828119075865  0.10852472972737376
  0.12001949829065506  0.13146800508357487  0.14239435791889024  0.15227053694455928
  0.16166648209459700  0.17076720066989876  0.17926300693913921  0.18793129303522738
  0.19696770438252692  0.20655225324798335  0.21648691078760149  0.22674548843386089
  0.23715831631320641  0.24692820338228574  0.25581485214257033  0.26464589781184594
  0.27427456342036050  0.28448911286227413  0.29480294899056342  0.30474522946735050
  0.31530616670358924  0.32638979040569932  0.33782591228767139  0.34956122781307203
  0.36142146484490911  0.37344105464134669  0.38525480379499222  0.39634963076418700
  0.40653420797426609  0.41608004883281191  0.42611364289018244  0.43615983667524583
  0.44666171206511207  0.45719013413594833  0.46864738718646543  0.48038626662050105
  0.49211663349875240  0.50337783737680042  0.51473173338955880  0.52644125754845805
  0.53822714479587219  0.54920086441340332  0.55988619983312182  0.57124777956253625
  0.58329570695484190  0.59578975358373731  0.60807183706887191  0.61971301237537224
  0.63087655860030367  0.64156942324514732  0.65240978841483888  0.66328668888037645
  0.67443237664305866  0.68515880046203059  0.69483845338608263  0.70389795635331165
  0.71297431505903963  0.72243368561931187  0.73280962123015703  0.74325091930852749
  0.75322127357824420  0.76312775321525550  0.77334453045914442  0.78398339180021703
  0.79478383408742415  0.80482451196098437  0.81529629008306470  0.82648446170081014
  0.83837626152056499  0.85024373596557146  0.86179349751523049  0.87263182226202118
  0.88377728278876899  0.89446515991464892  0.90513410114216475  0.91576821602739955
  0.92673600427117231  0.93800202978990765  0.94907885322141095  0.95963438481257046
  0.96964782788006865  0.97925217200598469  0.98963229405524322  1.00000000000000000
  0.00480978718481868  0.03665922251209844  0.05159844327784849  0.06186092320917959
  0.07116524232991650  0.07979123008022296  0.08815224739336427  0.09637701595156635
  0.10442529971142339  0.11237132640404414  0.12002759523239795  0.12708161042803803
  0.13390085692697765  0.14066249433142805  0.14760271976461786  0.15487506689891356
  0.16219472217136627  0.16907346780480972  0.17520377022986150  0.18151580917199772
  0.18773567977235778  0.19399211664414498  0.19998516925337889  0.20592816005625650
  0.21160374549067437  0.21735218947849605  0.22288858872134354  0.22858107168218458
  0.23465938088311136  0.24105537216434703  0.24746406905697291  0.25355780038433851
  0.25956156774476347  0.26538446508832603  0.27138699464761484  0.27788896723570738
  0.28451758548862727  0.29128801983876157  0.29826641167935297  0.30532027188004024
  0.31235384896149415  0.31911697930260902  0.32544690448986491  0.33174202492603522
  0.33787878318842357  0.34440075912566870  0.35094855471279962  0.35763052805361029
  0.36398156191934561  0.37023853137961277  0.37652998466573551  0.38287184264774071
  0.38923147112561762  0.39548032257518462  0.40160596339996679  0.40770348941651546
  0.41390367735528283  0.42032802911652345  0.42717530162790196  0.43438973266285064
  0.44164388445790392  0.44885164627365720  0.45614788372823295  0.46388006071124288
  0.47258451669196694  0.48127184467959627  0.48999503574686032  0.49808134800381487
  0.50683249761828042  0.51562955624027840  0.52397757416288826  0.53201299383859535
  0.54011025859767015  0.54833216057200840  0.55708252058317442  0.56603200535095166
  0.57479358192497310  0.58421997732660247  0.59491447810894826  0.60615388665798031
  0.61798280434904862  0.63016041754311403  0.64242980538512107  0.65465686369231768
  0.66685106389479676  0.67877965232826287  0.69112091318086033  0.70604868116378461
  0.72273769295293955  0.73965733009887979  0.75736529164987954  0.77812001809254683
  0.80157267035124924  0.83115695708255666  0.88027552714043689  1.00000000000000000
 -0.02284277859467775  0.13373118397027967  0.17144700100951743  0.19335212902876278
  0.21132059626159522  0.22606047506689000  0.23899089413530836  0.25056379954129776
  0.25929547851968665  0.26808006935366763  0.27652889252382051  0.28473424666818914
  0.29250122661656658  0.29969845002387646  0.30658081782604779  0.31368035958373719
  0.32154752441194112  0.32923690601420641  0.33627140663938326  0.34299780014220954
  0.34948508063022055  0.35631838713232045  0.36316772574815437  0.36983710797831737
  0.37622877514229930  0.38254842440092984  0.38884510243021048  0.39524944976713866
  0.40154827741178289  0.40777407066323684  0.41360018194807613  0.41909788921939395
  0.42459681856780918  0.43004176359420410  0.43558865615461673  0.44120373705740601
  0.44676114910907999  0.45234093738996650  0.45781341709194451  0.46298935690473447
  0.46804993384199189  0.47317094925871950  0.47834415519148171  0.48353791433981735
  0.48872231826031620  0.49380991832140203  0.49903813408567133  0.50412762723369897
  0.50943004551975124  0.51470662978088144  0.51980379477246419  0.52487621710387011
  0.53002062177750653  0.53533907177553730  0.54064832426824083  0.54562017099301530
  0.55049391968046546  0.55528452407779172  0.56021666782659241  0.56537742042349926
  0.57062518558265451  0.57592154439557874  0.58122820937914343  0.58609704631217641
  0.59077797374775798  0.59540376475723711  0.60015113161410738  0.60510636774581006
  0.61013711250620195  0.61509589888275928  0.62010009377740893  0.62552175098143814
  0.63164187498774060  0.63794399770876720  0.64350320164463415  0.64926070482169951
  0.65528495437365986  0.66177886113999063  0.66855302400284189  0.67530734865609865
  0.68244244713919211  0.68986245386098088  0.69757849520191839  0.70540963177227889
  0.71347817904097099  0.72183523568871877  0.73083967398927963  0.74026920484068670
  0.75007217717620511  0.76083453810747670  0.77288940376724113  0.78700411624363020
  0.80406588530461309  0.82568938188906793  0.85967617813950958  1.00000000000000000
   4.2366623919124547E-056  -1.0000000000000000     
 T T T T T T T T T T T T T T T T F F F F T T T T F F F F T T T T F F F F T T T T F F F F T T T T T T T T T T T T T T T T T T T T T T T T T T T T T T T T T T T T F F F F T T T T F F F F T T T T F F F F T T T T F F F F T T T T T T T T T T T T T T T T T T T T
  <DiscreteSampler_grid>
  grouped_processes
  1 # 1 for a reference and 2 for a running grid.
  10 # Attribute 'min_bin_probing_points' of the grid.
  1 # Attribute 'grid_mode' of the grid. 1=='default',2=='initialization'
  0.0000000000000000 # Attribute 'small_contrib_threshold' of the grid.
  0.5000000000000000 # Attribute 'damping_power' of the grid.
 # binID   n_entries weight   weight_sqr   abs_weight
    10   10   5.490040038579914E-044   4.676647032589154E-087   5.490040038579914E-044
    11   10   5.490040038579901E-044   4.676647032589120E-087   5.490040038579901E-044
  </DiscreteSampler_grid>
