 -0.00017655846010442  0.00133896647506443  0.00269184886928903  0.00449943146051491
  0.00669051466354493  0.00931594762632719  0.01216936899352691  0.01559351905516831
  0.01948724183846500  0.02360175877062164  0.02825926367772822  0.03345364930183266
  0.03883205664673250  0.04450003990133797  0.05033081952552061  0.05638623446251254
  0.06268395592757749  0.06930026230900715  0.07603794884338122  0.08304097483833393
  0.09050610383390549  0.09811969105039373  0.10582223873766965  0.11350668034155284
  0.12135564930725694  0.12921780669824548  0.13719165934437541  0.14565243057607169
  0.15492703991962051  0.16507667055278952  0.17555951481392018  0.18560932198543578
  0.19537922527130588  0.20524000909663054  0.21490292497668598  0.22504640585907096
  0.23555319661414897  0.24647381408313962  0.25784617362806128  0.26909631560366037
  0.28022179272617787  0.29115580954054388  0.30186874840114503  0.31227902858647738
  0.32299506466139172  0.33399499691633638  0.34493650948221732  0.35586867359586938
  0.36697273575280848  0.37847447123216743  0.39060286861024623  0.40276067446043340
  0.41464570898864572  0.42623869411145304  0.43843868335907904  0.45106037139828536
  0.46369476651314090  0.47614341019280465  0.48847027665898651  0.50088412806052574
  0.51367186874081594  0.52593004660823139  0.53805178495849337  0.55013157783298960
  0.56203985668963907  0.57389084314200700  0.58602599046435067  0.59864483691426951
  0.61173490129803632  0.62435827379914677  0.63763065641240191  0.65100318241808663
  0.66444926113293767  0.67806569026438634  0.69192663815107780  0.70609009526742295
  0.72034019903838242  0.73433472270093747  0.74853990935149539  0.76307694055094266
  0.77746176544358847  0.79156636470621722  0.80595188681279095  0.82024366712437458
  0.83437789084563929  0.84850010115738461  0.86296251677772229  0.87777460892007086
  0.89280221512087188  0.90770874086046982  0.92237588883628041  0.93743825603694553
  0.95323652133400627  0.96892544199361064  0.98447974904919189  1.00000000000000000
 -0.00251295831716728  0.00924702399914107  0.01913916623309725  0.03006466919683888
  0.04112470899146038  0.05239079193449114  0.06356346252635312  0.07513300463139776
  0.08694171934371794  0.09858670011797402  0.11047282219812139  0.12230840775195638
  0.13384888171034440  0.14539207523962761  0.15671848042614439  0.16797799225730026
  0.17891385158691819  0.18963709269993467  0.20032889847391289  0.21100361021162894
  0.22189971317000767  0.23334766652545758  0.24530384244592121  0.25698432848960623
  0.26815777336639574  0.27933276511649829  0.29043626557983693  0.30127458698552179
  0.31187783106857542  0.32255977582604090  0.33310991528493811  0.34379034758110533
  0.35461726664138399  0.36550779132052436  0.37634332309404556  0.38678351052182858
  0.39721041614288222  0.40756639534433570  0.41787192659008354  0.42813497021350055
  0.43809349113876622  0.44762558779323497  0.45717014987282512  0.46696842854040455
  0.47688652596734571  0.48667977034356891  0.49575790655875657  0.50537879342995518
  0.51560183489641176  0.52595229638668384  0.53652771498582386  0.54772305132386712
  0.55994536347856083  0.57144813920994242  0.58197352642341149  0.59219039265778994
  0.60253928629368902  0.61303083093310506  0.62399834637070417  0.63485205467998485
  0.64562214733916512  0.65630833512572551  0.66701402714962754  0.67774668909135105
  0.68819363787085264  0.69817535858628332  0.70792345377964894  0.71791724204845786
  0.72822450574940067  0.73852425409815081  0.74861435421152223  0.75875855274183523
  0.76892348509694075  0.77905226739308808  0.78899936538443649  0.79894935196275108
  0.80890053011073149  0.81908572810707314  0.82937086011058847  0.83952971857326386
  0.84969872176917538  0.86020594689819685  0.87115814094517430  0.88209551798466168
  0.89264572882852533  0.90304569826758951  0.91339634264366665  0.92399297890605325
  0.93468499854974907  0.94527283146191587  0.95576275730937621  0.96553888242531172
  0.97490320556587240  0.98344588796836441  0.99182960316733371  1.00000000000000000
 -0.00034879103602892  0.01125222668524899  0.02149314245620645  0.03089666024374545
  0.03986164821276734  0.04851657188072400  0.05693764527416803  0.06476066036828948
  0.07195474100663581  0.07907556678217913  0.08609453055862117  0.09294906257321554
  0.09973173889627457  0.10631713694140414  0.11268092456599237  0.11892702349566234
  0.12489583905178832  0.13070986130877529  0.13629043494090054  0.14213107820483201
  0.14790318066070532  0.15377936375722664  0.15967872100660752  0.16565100867291449
  0.17162114657422226  0.17755065515597263  0.18341947921246768  0.18927462334593828
  0.19516539801790458  0.20113674929785599  0.20729551333888568  0.21321701107611646
  0.21902401476840871  0.22473451361919666  0.23042796216701594  0.23604600170642748
  0.24169543968643215  0.24703861475929770  0.25272047391962327  0.25855704963590942
  0.26454167152982783  0.27078025676361417  0.27722234320621597  0.28378766031224395
  0.29034134271693496  0.29724817323743247  0.30450635850861174  0.31145719533959670
  0.31789990653500555  0.32425570332824322  0.33079355009059730  0.33763787661088518
  0.34467907101336592  0.35151219419060131  0.35862540441439927  0.36563019685859388
  0.37271358068009319  0.37976482012238999  0.38688157934380635  0.39414115949059209
  0.40146677447554940  0.40898382341399386  0.41682918162078114  0.42479985243991869
  0.43276149298346006  0.44087783256749108  0.44902527379753610  0.45713739553494986
  0.46550512944147709  0.47388190088133503  0.48265248647259978  0.49211134816649987
  0.50217539509594133  0.51300387410449511  0.52349203544449718  0.53381066819746981
  0.54381355907827977  0.55382639838057079  0.56412834162344638  0.57473142295957114
  0.58605853654642293  0.59863252358679242  0.61196542055541103  0.62549398401810430
  0.63900603182831306  0.65252380962541701  0.66738692986492998  0.68411209531485118
  0.70089406975314883  0.71913004995697383  0.73960137401233850  0.76350422225567216
  0.79200239824426921  0.82606253841823307  0.87547108061850276  1.00000000000000000
 -0.02197052664434814  0.12176977231147353  0.15730668655970476  0.17849865939130016
  0.19552665065228583  0.20981652397260353  0.22222423743565237  0.23333628884764304
  0.24394350637111065  0.25426998967352082  0.26438792978233500  0.27419413378246038
  0.28378484822027938  0.29265216664315419  0.30039597341389207  0.30757783079421752
  0.31457217901047563  0.32126162605260217  0.32775272835410718  0.33390284423671746
  0.33963436552221599  0.34542117747765705  0.35120040720992673  0.35699155153747192
  0.36281680857122134  0.36860400553041545  0.37447147364906863  0.38034276847442522
  0.38621563012775173  0.39197223721090441  0.39763043022803679  0.40344236121440136
  0.40926829273147741  0.41513685977354181  0.42103209105101896  0.42684719839551838
  0.43270296079360832  0.43848942482637293  0.44421782651793568  0.44971612667886907
  0.45521711931610992  0.46054320741540894  0.46582399399989854  0.47116862123485781
  0.47659524436281103  0.48214474102857791  0.48776279665981509  0.49335178348461850
  0.49899418289784475  0.50442752145809044  0.50995824773496468  0.51555869194187665
  0.52117321701704189  0.52668724069029749  0.53205548076488896  0.53727591389604279
  0.54232766418481848  0.54727881342015827  0.55228849791243029  0.55738546046096149
  0.56255061680984253  0.56788259532890328  0.57317973179791137  0.57839448941869565
  0.58353208090138264  0.58876241332692580  0.59422296313023126  0.59981580294648451
  0.60576824621169523  0.61189975603294855  0.61794060985567834  0.62399361959615873
  0.63021335354772512  0.63652574924468952  0.64284733870973543  0.64949108362382824
  0.65640580070193122  0.66350728829042105  0.67101730117187619  0.67891557998695551
  0.68696605303147606  0.69508161896022058  0.70312574442197240  0.71174731633494970
  0.72108371179419350  0.73098793988241451  0.74127190191696901  0.75212761535413675
  0.76397708240007856  0.77651962554254694  0.78987678812770334  0.80528376357895193
  0.82285251949423766  0.84432428974627649  0.88068346730752944  1.00000000000000000
   6.5347487437595961E-014  -1.0000000000000000     
 T T T T T T T T
  <DiscreteSampler_grid>
  grouped_processes
  1 # 1 for a reference and 2 for a running grid.
  10 # Attribute 'min_bin_probing_points' of the grid.
  1 # Attribute 'grid_mode' of the grid. 1=='default',2=='initialization'
  0.0000000000000000 # Attribute 'small_contrib_threshold' of the grid.
  0.5000000000000000 # Attribute 'damping_power' of the grid.
 # binID   n_entries weight   weight_sqr   abs_weight
    10   10   1.792458052805303E+000   4.031241718336047E+000   1.792458052805303E+000
    11   10   1.792458052805303E+000   4.031241718336047E+000   1.792458052805303E+000
  </DiscreteSampler_grid>
