 -0.00087069835940006  0.00446951556935913  0.00680530985149660  0.00910294949882916
  0.01163244623681877  0.01467336120308331  0.01795569726700219  0.02173373897142009
  0.02561976826481333  0.02964100897977833  0.03395774755036717  0.03868744118005368
  0.04389827368376303  0.04907375816240571  0.05412023214713901  0.05942988002147963
  0.06525167228875364  0.07114382786985697  0.07715733020060780  0.08359394087669472
  0.09035880736322742  0.09725721645688651  0.10440495242865852  0.11188344199953409
  0.11960589405822207  0.12734714226189048  0.13502256356829151  0.14278781329779899
  0.15101787864117727  0.16001634537562037  0.16897753111887870  0.17763953917772493
  0.18609653135150084  0.19492201611177956  0.20409947184574373  0.21348419670212138
  0.22298700394943169  0.23243068606975184  0.24168881286587574  0.25145893208275771
  0.26165521727697055  0.27241380691494266  0.28417460771753561  0.29604702440245878
  0.30748597030115776  0.31897594281036451  0.33012669343044126  0.34164331131781428
  0.35309502665581466  0.36491983441476639  0.37703880392014705  0.38904562833653766
  0.40101332175026411  0.41359797809867643  0.42616591800530357  0.43857346420623805
  0.45122960173964805  0.46441309441292689  0.47777031470802800  0.49052056134436622
  0.50273434732269673  0.51536178310190062  0.52785479679492731  0.54033170928147567
  0.55281029889294986  0.56595917286930486  0.57982389426393355  0.59397025832387840
  0.60808990424917375  0.62216965802624902  0.63657527193629471  0.65150342402170769
  0.66694900180978178  0.68271332657876926  0.69851095412237851  0.71408591189799719
  0.72919042287118230  0.74407319515450410  0.75859882771456066  0.77280995506902106
  0.78695500478564151  0.80149545317165061  0.81639850052858043  0.83115984915742713
  0.84604649082010608  0.86125669191305643  0.87657649331306986  0.89134486002247570
  0.90555711253914861  0.91939643962736695  0.93318904353031873  0.94710724763478493
  0.96067679980401222  0.97397212867424832  0.98706996122816826  1.00000000000000000
 -0.00244376793589263  0.00989003503074652  0.02009940254702950  0.02991835159520457
  0.04001400667693414  0.05030181342250852  0.06090524945716604  0.07238638108114011
  0.08392993629395323  0.09413670182871570  0.10428693751476235  0.11439768404336141
  0.12486253837109085  0.13492648562313678  0.14455668306726674  0.15449255134011161
  0.16460001481883471  0.17432397752523240  0.18420183359449091  0.19405441513185448
  0.20420796369102806  0.21429099336483731  0.22396000794421408  0.23365246639417944
  0.24320816245818641  0.25313115165160505  0.26336344930937300  0.27360427948235960
  0.28394510303780118  0.29448034043481708  0.30513529712633458  0.31543401834944468
  0.32527263634531517  0.33486868429947003  0.34432305277389214  0.35396471415513936
  0.36420475919453366  0.37461530929262310  0.38469609259996163  0.39492397777148081
  0.40607997235972665  0.41755735102811620  0.42843201959128435  0.43888005327926288
  0.44940250234128692  0.45997166728495886  0.47037658022604062  0.48067368191399629
  0.49156820833884057  0.50323766150053084  0.51518820438384427  0.52690782123303526
  0.53791778327894335  0.54893172524981870  0.55973877577586539  0.57033173410873339
  0.58095610993795133  0.59141775689483989  0.60145546709786757  0.61100980343458888
  0.62044373061888070  0.63040886806641738  0.64068600790084529  0.65085445865562708
  0.66094220597271203  0.67183426023051962  0.68349588395023564  0.69478779463412188
  0.70543285633123576  0.71556662820376882  0.72542898301179803  0.73550178409233846
  0.74547109191640937  0.75562666567077397  0.76601367468188042  0.77675727342669698
  0.78799873905053752  0.79949135605305133  0.81086372169599730  0.82212297869779105
  0.83327422722437128  0.84479014288202470  0.85651483630685454  0.86841803128419237
  0.87994742925788416  0.89085662633338925  0.90161408365248730  0.91202077322402109
  0.92252679239285096  0.93308449954904127  0.94409729528159403  0.95546408632556545
  0.96696868508552702  0.97846644788902237  0.98934026833410171  1.00000000000000000
  0.00603746312878155  0.01814012593665651  0.03120097607557648  0.04261553612277080
  0.05211994179439521  0.06070793299068782  0.06892588403721868  0.07693934914750004
  0.08488669124275591  0.09261140598538584  0.10009006883303535  0.10769796295959394
  0.11532370812849851  0.12276789564416016  0.13023857653547283  0.13755999562408425
  0.14512873356342060  0.15233016137355246  0.15929879848134032  0.16629629568708068
  0.17297145709273670  0.17963707907333606  0.18618021881957647  0.19282509245412408
  0.19977922752901953  0.20662149251537906  0.21423152627676917  0.22169096719582426
  0.22929434822665498  0.23707231506218746  0.24471546748353090  0.25221774495323596
  0.25969850182901127  0.26722072612959352  0.27481508159328116  0.28252263246044573
  0.29032136418049787  0.29795786446762978  0.30547036831905799  0.31273511378021085
  0.32009420702650665  0.32748431255537969  0.33468043896599381  0.34167001294089444
  0.34869590132059564  0.35592076763334674  0.36327930666978325  0.37081438925410709
  0.37823996182498798  0.38536496919438712  0.39235012361544136  0.39952580960681366
  0.40696075451077368  0.41449041136617015  0.42189599634786168  0.42934827420169325
  0.43707974193152394  0.44507662469155523  0.45333253719941580  0.46146111873367529
  0.46932611484067466  0.47714162656595249  0.48533275090574107  0.49357680497077522
  0.50175023433701016  0.51001713224840151  0.51835284246763214  0.52709161472200405
  0.53596334213097452  0.54482606426861391  0.55353378967608868  0.56208959203207765
  0.57087234171309209  0.57986855428536799  0.58981805761291528  0.59987174380128638
  0.61017084052155390  0.62061805587324281  0.63122392654296955  0.64196090611295242
  0.65299812964570370  0.66423051762701923  0.67548744189560039  0.68724313657175495
  0.69985577338871785  0.71330879105042522  0.72774441238847853  0.74241841631827343
  0.75798743688883685  0.77504564995785186  0.79427179425903049  0.81532282646868193
  0.83770709781934216  0.86403064966565724  0.90603381542719807  1.00000000000000000
 -0.02099482795539913  0.15650193655875061  0.21057413890806120  0.24551170294724817
  0.27012819244790454  0.29052283298387038  0.30874452834378219  0.32527650041474521
  0.34031886058267674  0.35474400235787218  0.36676520308607208  0.37803341145669550
  0.38855901879758087  0.39891545216683288  0.40893393884935936  0.41849174110698134
  0.42764251048515595  0.43649336988401422  0.44506767214203308  0.45350680785942915
  0.46162595410853918  0.46942630319877970  0.47707055827859945  0.48426539133253593
  0.49123144814552250  0.49801542796255244  0.50463646494820902  0.51122197277967707
  0.51780076467695779  0.52455244383993149  0.53114567212818986  0.53740599586508420
  0.54339511937521212  0.54916256073141367  0.55485807887024097  0.56039255882053340
  0.56555780684728896  0.57031916061612464  0.57513190780634049  0.57991303512328884
  0.58458558545104611  0.58940658473358076  0.59415351064281774  0.59880423178717634
  0.60360527585320056  0.60840645984914821  0.61325042129017560  0.61800749912856567
  0.62281752034981519  0.62779384862400378  0.63288146227079756  0.63802444555769400
  0.64311130258781390  0.64803149002304694  0.65283326161652833  0.65755943424899188
  0.66232607512772590  0.66719952688659434  0.67210727094311429  0.67700870853171469
  0.68187215464005679  0.68656760477529499  0.69114649739167655  0.69577724886137182
  0.70039578053000340  0.70504744375451223  0.70962856343057246  0.71449502984889268
  0.71932194318208076  0.72431541337623007  0.72952243206589595  0.73486645244328708
  0.74027884278666700  0.74563565830052658  0.75100360845651026  0.75627583311462387
  0.76186084450087421  0.76763702771317932  0.77346315510329222  0.77931824537465944
  0.78516001116697598  0.79106629410167173  0.79735453045084070  0.80387810734655196
  0.81049506138971128  0.81758172913543081  0.82508078679982411  0.83324870572615306
  0.84219854610245037  0.85159479979124764  0.86204109365894710  0.87369593130801748
  0.88840076260848844  0.90635250348876961  0.93314833786384765  1.00000000000000000
   4.0199581510170141E-009  -1.0000000000000000     
 T T T T F F F F F F F F T T T T T T T T F F F F F F F F T T T T
  <DiscreteSampler_grid>
  grouped_processes
  1 # 1 for a reference and 2 for a running grid.
  10 # Attribute 'min_bin_probing_points' of the grid.
  1 # Attribute 'grid_mode' of the grid. 1=='default',2=='initialization'
  0.0000000000000000 # Attribute 'small_contrib_threshold' of the grid.
  0.5000000000000000 # Attribute 'damping_power' of the grid.
 # binID   n_entries weight   weight_sqr   abs_weight
    10   10   1.972009760847472E+005   3.945795960119710E+010   1.972009760847472E+005
    11   10   1.972009760847472E+005   3.945795960119710E+010   1.972009760847472E+005
  </DiscreteSampler_grid>
