  0.00013215222251851  0.00153655239281615  0.00255940754067857  0.00336310810625162
  0.00407144556109494  0.00473152263593785  0.00533439555145853  0.00589100184224388
  0.00642458984206488  0.00694723201176069  0.00744070583708752  0.00792581975671651
  0.00841219763634492  0.00889993357765192  0.00939424201692228  0.00988744770010537
  0.01037795668144052  0.01087249988958446  0.01136923625521734  0.01186470859896590
  0.01235527387395642  0.01283354448938085  0.01327866628036576  0.01370015009758621
  0.01412474224617711  0.01454370444864068  0.01495215315890267  0.01536000011108606
  0.01577658280228866  0.01618003763967336  0.01660503026780647  0.01704553708053861
  0.01749097267684404  0.01792720769655197  0.01834933393386673  0.01876300516816779
  0.01917134522189409  0.01958529843577084  0.01998414590086630  0.02037651059139329
  0.02079094775645587  0.02122152554977349  0.02166453676038133  0.02211589056739277
  0.02257282076085515  0.02303957384767437  0.02351018817114459  0.02398921133976870
  0.02447188358313106  0.02495027546426318  0.02542174921967438  0.02589717716432598
  0.02637633728490393  0.02686988507523960  0.02736019164609222  0.02784434943544429
  0.02832658964826506  0.02880550174192794  0.02927075038690271  0.02973096616532426
  0.03019284729612778  0.03066368676433652  0.03113478030717309  0.03161482707924424
  0.03210632988412573  0.03260613628075276  0.03312225005858055  0.03364615295828199
  0.03419205386941680  0.03476094728572997  0.03533088999667312  0.03589688710474155
  0.03646470054518685  0.03699666059096015  0.03751257429613359  0.03803421487338261
  0.03856808459556092  0.03911457187263637  0.03967563558324221  0.04024845080077570
  0.04082534298773884  0.04140598086054236  0.04204657639235293  0.04280110095308771
  0.04356830937208606  0.04437479831474073  0.04527198368047361  0.04628603006729570
  0.04761106703032879  0.04964997874621735  0.05282062291194476  0.05673075641919073
  0.06121146514695574  0.06817016032981103  0.07263619681917023  1.00000000000000000
  0.00729164294227769  0.02205783928941714  0.03504284233221874  0.04667632280502175
  0.05759445848204767  0.06862869325473833  0.07962846563094185  0.09074676158406912
  0.10195746110769770  0.11319713720693998  0.12428525934123852  0.13513970248126239
  0.14584392632050872  0.15627648255404022  0.16636216144982133  0.17659527695173011
  0.18692092686015663  0.19715794606047291  0.20692012716982958  0.21603616611418644
  0.22525030439772992  0.23503577285884872  0.24536277877368998  0.25574655560446108
  0.26644159198881157  0.27761828726463417  0.28947804093400586  0.30078616791126955
  0.31104524952196483  0.31947049880812317  0.32763162558539760  0.33618094958164890
  0.34488549007237557  0.35335425317335761  0.36200864417923340  0.37117142453657603
  0.38131753576284383  0.39220678239072365  0.40146530927481822  0.40996954999098328
  0.41865428138594540  0.42713250110432988  0.43553145398501047  0.44397207656570919
  0.45261461961430588  0.46149033466560102  0.47026203007501249  0.47857213101778467
  0.48642138806254409  0.49421864317057201  0.50278746195118307  0.51198969547643924
  0.52136583614128740  0.53121485868028451  0.54130306774920567  0.55143555019286528
  0.56149312440403998  0.57131798565817726  0.58108627606281926  0.59095234019822307
  0.60056994674247477  0.61077875474519783  0.62062439130786340  0.63082701624438087
  0.64059083308256104  0.65078852264609932  0.66166809085940181  0.67229671346266651
  0.68303099725784600  0.69379957334796649  0.70432008725878958  0.71429848645057969
  0.72391548037297104  0.73413020198354240  0.74512469240850554  0.75567738895396419
  0.76570729605049881  0.77514559632293534  0.78461000555927896  0.79384334704656612
  0.80321916613553757  0.81233060826203429  0.82249122979818168  0.83363514104817071
  0.84705157656434937  0.85998797065144839  0.87051968778459032  0.88103073062620085
  0.89123014699335901  0.90145975119390420  0.91178911898141979  0.92283591260187048
  0.93566840611654190  0.95045721779926629  0.97063683245456478  1.00000000000000000
 -0.00123577316152925  0.00630480363796440  0.00903322218548139  0.01167256307421446
  0.01480549523569826  0.01836909259980497  0.02236177151496122  0.02661482100949999
  0.03105128059455046  0.03619760572959248  0.04165458959140149  0.04682264536409575
  0.05228322296733076  0.05835464939865048  0.06478432460746171  0.07121931988789840
  0.07736756647789779  0.08434333063839269  0.09161788909178295  0.09959635011459804
  0.10795406460015788  0.11563289597126034  0.12268941994431472  0.12966437316601304
  0.13706245053224494  0.14531013929367259  0.15420823662525401  0.16281213389987020
  0.17137630971384643  0.18025480984651462  0.19008031965302308  0.20016446692792886
  0.21039397028313739  0.22090159153994740  0.23083747430120330  0.24037576368160993
  0.24971581041966082  0.25950167244387429  0.26974098610577224  0.28007699511562928
  0.29153626728207394  0.30241810044638695  0.31306927014897279  0.32353128578210388
  0.33410655786844912  0.34475133563669319  0.35527567595412679  0.36577028058658168
  0.37643425622596699  0.38740713883140088  0.39878968172944623  0.41062344280933200
  0.42268622507437709  0.43587754845367976  0.44955319424062790  0.46324827903338978
  0.47622631968648199  0.48832714038591712  0.49995788803412650  0.51169122386667842
  0.52360243232921366  0.53582175318556524  0.54866195274208895  0.56234283814787622
  0.57617714412059395  0.59000698244520089  0.60421216140385381  0.61810925234010639
  0.63101024645576176  0.64341726712426361  0.65542524577383454  0.66686519734242689
  0.67777172992805079  0.68880765821561429  0.70073605569572928  0.71331396152757931
  0.72626518385261363  0.73899203306700756  0.75123951286210733  0.76366931603107957
  0.77670900941720389  0.79028265055925551  0.80409303970284418  0.81789743428244888
  0.83191282059940741  0.84650783374157967  0.86253938093555493  0.87895818441862650
  0.89521488004615424  0.91131716760656922  0.92651733865527275  0.94170911735194551
  0.95658982999148323  0.97121123050430014  0.98566990768952323  1.00000000000000000
 -0.00235721784120447  0.01105678020960677  0.02092614843493983  0.03192628415551445
  0.04282819157370195  0.05322811877585451  0.06339790608320595  0.07360475116583626
  0.08333530747505129  0.09295664390617916  0.10288060794915094  0.11414326942515497
  0.12494430770512562  0.13426677306167834  0.14346687656182142  0.15325405654993857
  0.16300720065746013  0.17283862057465527  0.18317382467221485  0.19351206444253416
  0.20501565798139182  0.21500862428350942  0.22561070176630307  0.23611148520342079
  0.24636734846357300  0.25561873900564352  0.26422077977465352  0.27297510643874656
  0.28242513768963540  0.29211591292670924  0.30178716946590411  0.31224838408211303
  0.32600224712375664  0.33954667870608768  0.35114872248039458  0.36211613500137640
  0.37273779515501182  0.38312676587801175  0.39412174159627672  0.40577022218968578
  0.41842103420744742  0.43075090447663844  0.44182893610124990  0.45198639317670020
  0.46193492654816809  0.47175911300699319  0.48107449794472995  0.49039158767381652
  0.50012819078964843  0.51051251177123125  0.52134289126101463  0.53278637786352623
  0.54403995010332673  0.55453075387686912  0.56473302504412026  0.57512452735823749
  0.58498292964303211  0.59417043167848882  0.60369044728618271  0.61477195828584286
  0.62672788667878776  0.63782747235249115  0.64926369650727622  0.66095248375586357
  0.67300423112527585  0.68458420386706464  0.69635194295304959  0.70813251209203054
  0.72015420513446593  0.73195685340293082  0.74367788145755076  0.75532685947090428
  0.76688625361029994  0.77847692476027397  0.78998439680021493  0.80145099883524962
  0.81302217157800116  0.82425104262663018  0.83519383594340746  0.84595805238653343
  0.85599190641148581  0.86470871695851614  0.87315095927239650  0.88161220668444529
  0.88985469138415541  0.89806314277762966  0.90639256456722272  0.91577034874328511
  0.92558776505596996  0.93517510556429206  0.94513279858351684  0.95551643243161399
  0.96723867311904799  0.97877645996685958  0.98969011673648211  1.00000000000000000
 -0.00279392792811363  0.01171466398868426  0.02456933842864649  0.03691781520775788
  0.04818942735118172  0.05820514810940518  0.06889097101093568  0.08006374040400678
  0.08999627481139226  0.09977221975825146  0.10903528637004094  0.11851485403018323
  0.12764116628936381  0.13763889588008293  0.14752801856464681  0.15795079169371762
  0.16817587122471900  0.17786085746012045  0.18717923841489725  0.19630696406947090
  0.20525119621381199  0.21393594275076186  0.22293957070203102  0.23260733521677177
  0.24312636942899096  0.25389598172741895  0.26485916776544743  0.27606070053024667
  0.28799866680567987  0.29962588552546154  0.31075671073757571  0.32173221079729786
  0.33244367191786744  0.34261441292897299  0.35302514515128891  0.36317543728189439
  0.37350792115016868  0.38453039612114337  0.39596130284155173  0.40730475255752790
  0.41781671996453734  0.42719993815878432  0.43706947778808541  0.44740794939759471
  0.45754984435173579  0.46714223731663035  0.47599620759757255  0.48555194733512624
  0.49633609559371572  0.50650375111022972  0.51625965840599186  0.52635884883886341
  0.53652691527122476  0.54614572102420800  0.55563084734166945  0.56530605712918158
  0.57563479266337680  0.58653960740126110  0.59881174522757685  0.61193397400825311
  0.62451294078707520  0.63636418454300603  0.64780412607704541  0.65920585207655824
  0.67072026139751095  0.68283034581289381  0.69324127050523232  0.70274146255985948
  0.71260322395500608  0.72225266892359286  0.73285711140151999  0.74332176270926720
  0.75442296556160993  0.76661002250316324  0.77762884510046826  0.78836237073715065
  0.79850180631446566  0.80830518785973315  0.81758669635287995  0.82654347515617121
  0.83537001285966928  0.84451754504468002  0.85428869276302821  0.86619300095558072
  0.87843607145186087  0.89010999185661721  0.90183527641359962  0.91400730047115675
  0.92595551356712447  0.93771024845731776  0.94899965454405755  0.95993380068294509
  0.97021692865375764  0.98032102975920077  0.99020801776936274  1.00000000000000000
 -0.00252250193468598  0.01111407584653712  0.02230208142752045  0.03316432384973832
  0.04426877425506684  0.05563768636846169  0.06689035961867430  0.07851072986122004
  0.08889058078302967  0.09844416726729113  0.10771933394116698  0.11704117787228767
  0.12687646080341755  0.13620814850854066  0.14527077935480320  0.15476198083425624
  0.16394505939642467  0.17368996965391134  0.18342321081658744  0.19412787021990816
  0.20508991149642711  0.21542590976812734  0.22562564126581566  0.23627262264240734
  0.24699767951935869  0.25809806977599919  0.26912914241418184  0.27991676031862889
  0.29000421777098101  0.29900486941028115  0.30772519057106262  0.31699986804839897
  0.32683458189536724  0.33677863689553689  0.34694914923693998  0.35695606534374758
  0.36863102508473494  0.37966178902891701  0.38982242492063357  0.40095733497070091
  0.41220790366825305  0.42269670105831403  0.43267035995385084  0.44264187340253186
  0.45246380943212128  0.46163950958357031  0.47068415182173989  0.48015661898697204
  0.48974354618265997  0.49888120909196609  0.50803031903130902  0.51802200836243306
  0.52872441437338724  0.53994027214789964  0.55076220168201095  0.56225962218907510
  0.57309405940466562  0.58370224949171257  0.59406035925224310  0.60513914894120469
  0.61687249086661045  0.62847895333524784  0.63917965255842890  0.64990800810814520
  0.66080861485735565  0.67207208991815592  0.68369176534662790  0.69570007081409546
  0.70845501556290846  0.72168692358257869  0.73469778948956521  0.74712075483386720
  0.75846760765764343  0.76943788664355872  0.78116308966271453  0.79167329083890114
  0.80148896822905458  0.81156894300673377  0.82317382958192997  0.83539841455979846
  0.84747273067578532  0.85912718373045383  0.87066944256623435  0.88148061868491712
  0.89165140476722538  0.90086165385613837  0.90921976063251209  0.91762489788313140
  0.92640184004033743  0.93597978957795758  0.94616722765549810  0.95635004083390274
  0.96704752158492568  0.97778524736813599  0.98895724294728904  1.00000000000000000
 -0.00209973266532176  0.00858542499802897  0.01780564250249409  0.02690787730776523
  0.03555952240785366  0.04389986019780542  0.05334659225149110  0.06284526460761307
  0.07260999482159966  0.08256732238983987  0.09236940564828575  0.10189798977272042
  0.11169048244814524  0.12192329297264348  0.13277660940951652  0.14186531251222878
  0.15369278076273538  0.16637303228647177  0.17974168660114478  0.19185337787501433
  0.20295635679096924  0.21387162574594337  0.22472497018390267  0.23578400837222074
  0.24681569628870706  0.25758359311756523  0.26807631254390896  0.27762862235064079
  0.28653199572066346  0.29587767236023904  0.30559710819954367  0.31547080818866546
  0.32593861884613601  0.33748595602512765  0.35049296401082436  0.36190715069934004
  0.37178954646465368  0.38172565593987506  0.39159616891304672  0.40119852856439048
  0.41019994899466788  0.41957208703700932  0.42951379575173110  0.43985371347875940
  0.44973848168078756  0.45935141109532956  0.46988968002733794  0.48149046309785754
  0.49477627770253113  0.50675183899847354  0.51806309331148948  0.52860622136804825
  0.53946136512249743  0.55050148551834188  0.56184420208843522  0.57412566364215090
  0.58648092658228268  0.59820301653854335  0.60964165278392113  0.62080453960310644
  0.63238237501337524  0.64458546909715286  0.65727095156735105  0.66935725545998304
  0.67955507243252911  0.68999041458262855  0.70067374316762165  0.71143634910069753
  0.72205460075305739  0.73333962451306423  0.74595833918183874  0.75767989968005223
  0.76785112643519116  0.77821477030362030  0.78844328968748856  0.79823418302017712
  0.80775706027092042  0.81780941898226933  0.82827574848427832  0.83841003652522250
  0.84827431051745839  0.85840331909043355  0.86912410484228952  0.88017989860261581
  0.89099479105447532  0.90125289669532138  0.91116267783860350  0.92126852141578475
  0.93158655013179137  0.94217151597584647  0.95244806223018852  0.96285832306758368
  0.97253626066931664  0.98178197042537119  0.99093688906006305  1.00000000000000000
 -0.00288181629593346  0.01029121632760206  0.02151168837275895  0.03182186049441604
  0.04223871153887158  0.05241854547417284  0.06277981342797270  0.07303854710553553
  0.08254674988359673  0.09251568056040679  0.10243013314304050  0.11261002991775350
  0.12318546758089589  0.13375327356365652  0.14370618257414960  0.15373195445625851
  0.16421960785642997  0.17727856667650035  0.19056476078440343  0.20282328496540669
  0.21424626804102451  0.22518751815485738  0.23591282996258089  0.24634262904590828
  0.25706991044008237  0.26787620712465332  0.27843156227217564  0.28882204537418632
  0.29920200840474531  0.30932205085702230  0.31885770653566942  0.32818557362796569
  0.33841506783146164  0.34997584263329001  0.36129121448958040  0.37190771966568903
  0.38280547903825479  0.39316565450824037  0.40290059014942997  0.41204074733012014
  0.42169875723924805  0.43197471246011165  0.44198823385899716  0.45195884725508828
  0.46233935910225471  0.47321107106005816  0.48425581987054139  0.49543785967457588
  0.50691227148240259  0.51796602313968665  0.52849615273836137  0.53876944307352370
  0.54876578255038011  0.55889084084463181  0.56947944085027147  0.58040375524093879
  0.59116668345334411  0.60141957984787142  0.61186791272110208  0.62270538312202761
  0.63430615846867955  0.64620964680376236  0.65757181479571714  0.66906162872060237
  0.67996867751946821  0.69078369909721715  0.70177934585553814  0.71239193441846194
  0.72285987309595767  0.73286738645434713  0.74218273644216382  0.75123863166289395
  0.76098228802749779  0.77078518493342429  0.78029306063154324  0.78952768385630889
  0.79904501755438884  0.80854631012467970  0.81809155410735968  0.82726407600533325
  0.83680947528335536  0.84668174853051537  0.85658696256161659  0.86675124903040346
  0.87717868399806964  0.88811580363025056  0.89903468566453271  0.90954456982472909
  0.92023596674848962  0.93048410586514052  0.94082941595844771  0.95212903610642197
  0.96405202122853662  0.97675940612900491  0.98862147308936621  1.00000000000000000
  0.00424025343660264  0.03713070644427857  0.05784684495113884  0.07053193872577382
  0.08094394127381169  0.08950849710011621  0.09742999792247957  0.10507976690646927
  0.11230784145307283  0.11944079934324754  0.12618554488571551  0.13251378000159689
  0.13895277697167144  0.14554549616328044  0.15172088268075176  0.15747662291730835
  0.16282726194789662  0.16833134246127629  0.17382539194783744  0.17925245306384233
  0.18462215326283354  0.19008301970197614  0.19578012118920732  0.20143192222384418
  0.20713164150064403  0.21324840728434274  0.21981052141279031  0.22614005269113760
  0.23197869856595660  0.23764164991211753  0.24337938725890901  0.24927411362540700
  0.25522291068422315  0.26120180631214940  0.26735858285486486  0.27349645191531430
  0.27947010397141409  0.28535081453785471  0.29124284641809101  0.29725186998687747
  0.30334207811828356  0.30926111378598592  0.31532003008977816  0.32157818103162911
  0.32806664176391820  0.33445777041114128  0.34114125065937900  0.34718645183850055
  0.35321837163094610  0.35927729557356730  0.36544225537533626  0.37159752235039389
  0.37779106939945073  0.38410779263929085  0.39050564426181278  0.39695252341647391
  0.40351432128594505  0.41021254554522257  0.41692199536313479  0.42343353205389950
  0.42987523385569620  0.43645996487434352  0.44317948614155772  0.44980886273453558
  0.45626058690310495  0.46355909381539229  0.47121273372525246  0.47918397782441258
  0.48783016989890449  0.49681761827927812  0.50582376177218391  0.51486943856170553
  0.52405963179527537  0.53346099572983641  0.54307239058079249  0.55216837720945044
  0.56150929707425168  0.57095851464419212  0.58058643587559644  0.59069737939170686
  0.60133682935464261  0.61394610360462787  0.62726098379582551  0.64110586130598290
  0.65530469930168556  0.67074202124572735  0.68704230694936241  0.70227607714142515
  0.71828459229453356  0.73534067619484278  0.75303337048053898  0.77338727019705500
  0.80029633515137288  0.83415054587153425  0.88358494620837580  1.00000000000000000
 -0.01659725237012413  0.09767560725451530  0.13900795405327299  0.16423760535793305
  0.18422289670348041  0.20120144734818171  0.21609043025980246  0.23037744875186306
  0.24410649191749006  0.25565067867521701  0.26601950693830462  0.27497943701627559
  0.28322171378823258  0.29120192731322103  0.29904239452172970  0.30655915999960631
  0.31403454778098200  0.32137767743804785  0.32846683947310468  0.33527182816514711
  0.34163919453725755  0.34826703622225236  0.35444747591482390  0.36055503807526418
  0.36656308981642022  0.37254754201168827  0.37857656431119352  0.38448154780108246
  0.39034172584565696  0.39623495766462763  0.40215939609079293  0.40828928070241782
  0.41431903377621254  0.42045063285138790  0.42672081179772609  0.43261454663398030
  0.43867156365213228  0.44473324561812605  0.45071758182813038  0.45648876943026345
  0.46171879422624296  0.46644842312784118  0.47156435116720496  0.47702993967665763
  0.48226113964519707  0.48738271387508897  0.49233318070035414  0.49714479746039708
  0.50183037752036652  0.50655254590722221  0.51121147937490696  0.51602274239529411
  0.52113382259216623  0.52646966296667752  0.53191521825650334  0.53735810876435752
  0.54283495057544529  0.54832029826569550  0.55360314446328551  0.55885352253545684
  0.56425746014033062  0.57007667891959668  0.57621969487987723  0.58245733590173709
  0.58861271945693772  0.59477669742618211  0.60092197724678986  0.60704896560245691
  0.61317606342929987  0.61936685091356003  0.62570870851905813  0.63215951970183815
  0.63878128880503127  0.64566813586314598  0.65247959943886680  0.65908314124424250
  0.66560715019050176  0.67281046706454273  0.68051933972564294  0.68822071032793020
  0.69669039009552580  0.70504677560474860  0.71423338428398653  0.72369047647278117
  0.73351316551347012  0.74372978760425379  0.75420842090618667  0.76490321944871487
  0.77713881897996673  0.79148121037353614  0.80578073219000557  0.82152379483857829
  0.84081352887998373  0.86714095400704605  0.90827064574978078  1.00000000000000000
   1.8731478393024327E-032  -1.0000000000000000     
 T T T T T T T T T T T T T T T T F F F F F F F F T T T T F T T F F F F F F F F F T T T T F T T F T T T T T T T T T T T T T T T T T T T T T T T T T T T T T T T T F F F F F F F F T T T T F T T F F F F F F F F F T T T T F T T F T T T T T T T T T T T T T T T T
  <DiscreteSampler_grid>
  grouped_processes
  1 # 1 for a reference and 2 for a running grid.
  10 # Attribute 'min_bin_probing_points' of the grid.
  1 # Attribute 'grid_mode' of the grid. 1=='default',2=='initialization'
  0.0000000000000000 # Attribute 'small_contrib_threshold' of the grid.
  0.5000000000000000 # Attribute 'damping_power' of the grid.
 # binID   n_entries weight   weight_sqr   abs_weight
    10   10   8.657208215208593E-020   1.082879486819963E-038   8.657208215208593E-020
    11   10   8.657208215208581E-020   1.082879486819960E-038   8.657208215208581E-020
  </DiscreteSampler_grid>
