 -0.00045719674038321  0.00760748311622165  0.01735609329422575  0.02778993952337174
  0.03817623901557401  0.04860441080110318  0.05867949252341479  0.06919234055283544
  0.07953549343492042  0.08921933861339112  0.09904510565038938  0.10891375015856673
  0.11845938852443122  0.12772549706965430  0.13685935459887069  0.14602886846045907
  0.15519544898121640  0.16441932598034262  0.17385699035157820  0.18313823327290094
  0.19216877140595442  0.20105733076378454  0.20965536403092838  0.21814556463749865
  0.22670309290605528  0.23531720557477581  0.24379997160047290  0.25198873186773402
  0.25997290793254835  0.26784572751298319  0.27580263175227510  0.28399257962831087
  0.29239233690175320  0.30102488741670147  0.30989854573460351  0.31884293631813704
  0.32765814647066710  0.33646592655338775  0.34502359635119151  0.35342497490931069
  0.36192442663731289  0.37026062857182440  0.37852034435696613  0.38673102947015020
  0.39485943928499129  0.40302641255985522  0.41139977612067530  0.41989124280527834
  0.42843748999816095  0.43699807785639438  0.44528176548482240  0.45327357166625959
  0.46114886504309338  0.46907128905934764  0.47710031763354654  0.48525463638040267
  0.49323716287145447  0.50137079431274467  0.50972688815882228  0.51825360829323974
  0.52682307732985789  0.53538639397327392  0.54404610282221078  0.55301988266015345
  0.56210339839206391  0.57122992927355287  0.58004791097056141  0.58901815722609607
  0.59840210513454584  0.60791323421862031  0.61732569001641069  0.62688376467757456
  0.63680473966708340  0.64701240056382525  0.65735464372951069  0.66766947104722763
  0.67787493899712103  0.68839348929077004  0.69924608487637885  0.71030847389061647
  0.72151646794687563  0.73353650810324944  0.74614111265842376  0.75948028727493910
  0.77356412599395075  0.78785988577501054  0.80236328374676624  0.81769345046341546
  0.83345740519871514  0.84954455062633083  0.86663038001205073  0.88641194841822646
  0.90799405772151676  0.93233127989324260  0.96344520540575596  1.00000000000000000
 -0.00262633133790299  0.01027357577015330  0.02163596220693297  0.03275141130719458
  0.04383657157336478  0.05373228625675174  0.06329295840049813  0.07308708270646246
  0.08329784119633746  0.09392997591875445  0.10487278292576832  0.11600864883376905
  0.12685059618081201  0.13714805624339393  0.14800299415783782  0.16030056535160045
  0.17225244360844172  0.18360323098121561  0.19375282537531666  0.20385919212501719
  0.21415546775598862  0.22440791342702987  0.23532272520558775  0.24651826859521103
  0.25768131251694187  0.26815507349027545  0.27819399170781145  0.28795397503445280
  0.29790107868355808  0.30800886415038292  0.31884545487563326  0.33002761994706675
  0.34130913889493997  0.35216341906789578  0.36246594957781109  0.37214127910360462
  0.38170327990865000  0.39142279922728884  0.40130773233407785  0.41105036911406179
  0.42067394939297642  0.43043395699867526  0.44050610991547579  0.45075386958844776
  0.46152399474277056  0.47287537736068208  0.48417607834217574  0.49484997788459478
  0.50601692956966804  0.51786654449597391  0.52912950889698140  0.53994894810281313
  0.55045330484998556  0.56056306609206985  0.57056800753977832  0.58058314094530294
  0.59030980554464296  0.59968584252209300  0.60963205223282257  0.61983972481316485
  0.62999855968171570  0.63993538174881393  0.65077692829082456  0.66275542452635217
  0.67415900891239333  0.68512886516121929  0.69625653168068746  0.70776374128902853
  0.71822223935369200  0.72882851536038584  0.73938359033052170  0.74970944530197337
  0.75877059835357485  0.76764150271769938  0.77659683614469832  0.78559300979177971
  0.79445462327428085  0.80337521511831422  0.81255977178170735  0.82250307660648136
  0.83297689510846595  0.84370460070782916  0.85467927031399227  0.86658637054408294
  0.87827384403158559  0.89025176391197447  0.90157096196537689  0.91268784718094587
  0.92371801624825922  0.93440026822265287  0.94476063900683593  0.95517788174322427
  0.96626217565844674  0.97752437943549642  0.98872035737574415  1.00000000000000000
 -0.00619680760520917  0.04942596596946826  0.07902819476704506  0.10209752283753001
  0.12003408274116245  0.13625694200343844  0.15142067529128292  0.16602088822726763
  0.18031466057441844  0.19417093994373097  0.20724113655410550  0.21934448757099412
  0.23084612217066239  0.24205793587395610  0.25291559105484746  0.26391056834854482
  0.27427727609512897  0.28486180025745844  0.29493483335156334  0.30402728909117527
  0.31286033302681654  0.32167315857159007  0.33057495213805149  0.33904885958959913
  0.34711127095833411  0.35486899985550019  0.36261008727578897  0.37052371800559913
  0.37803303774814440  0.38530652964049628  0.39235368650676955  0.39959663624975617
  0.40751329817958193  0.41521030980035784  0.42269105883084196  0.42994526239839032
  0.43710950498363721  0.44461337001096829  0.45234079922912440  0.45965089242941115
  0.46657622238005547  0.47328008288553330  0.47990506065788685  0.48638020244574626
  0.49284032310390291  0.49918208961856231  0.50572632441449716  0.51238090382651735
  0.51896946474358363  0.52573087770847260  0.53256260200482253  0.53942683738130104
  0.54638805940134216  0.55335015362613849  0.56026065318535911  0.56703345302100694
  0.57379331038063752  0.58078442571855293  0.58764287693295980  0.59461261763795237
  0.60162076559239164  0.60878495341555194  0.61621256669175251  0.62365492666613187
  0.63079280606080401  0.63776021519510928  0.64514368394699051  0.65313102432977421
  0.66129469723001333  0.66906934388665018  0.67621386857864696  0.68323365318313267
  0.69049240559421932  0.69822244125951305  0.70616524916047063  0.71398482425018805
  0.72167863194237514  0.72969809134647701  0.73838531000050811  0.74705099855535040
  0.75518274204711477  0.76337250954716818  0.77204630883445724  0.78104162697603186
  0.79049975624900037  0.80031598885851174  0.81008793174673388  0.82094678998896864
  0.83281831962631792  0.84665968312623352  0.86083865258628789  0.87629479031258550
  0.89323997742075356  0.91401200993642062  0.94406130236722186  1.00000000000000000
 -0.01554376353410935  0.09670018063493736  0.13320563481146688  0.15636681002875422
  0.17475605098365671  0.19123237786368913  0.20559554764616300  0.21890535357000271
  0.23068315638302092  0.24144780644371650  0.25187937548401590  0.26232300001940667
  0.27227044364452130  0.28111756919049791  0.28926522105787289  0.29703653477267450
  0.30487105711323476  0.31281795233041981  0.32037808170922910  0.32752405905068299
  0.33422845038600346  0.34072821226091754  0.34712398691473650  0.35360131815676193
  0.36018519829439488  0.36674495941966540  0.37322544217822640  0.37920530536117253
  0.38503746026906954  0.39090134627480855  0.39673364731849059  0.40218928931869913
  0.40754381275994545  0.41283500620223612  0.41814990675528646  0.42331922391153320
  0.42837033169690963  0.43344111856157092  0.43854093985384462  0.44387698511401580
  0.44920710933969060  0.45442493390377797  0.45986240126808925  0.46553172171724105
  0.47148469922140079  0.47781452999391794  0.48367977934218986  0.48955062514648645
  0.49553908981921851  0.50159346705622643  0.50796406035575115  0.51443453150524177
  0.52057386981233555  0.52684545144296679  0.53311995726307504  0.53930900117682190
  0.54563492208642084  0.55199969097374668  0.55830016839054475  0.56455544201975094
  0.57089983754446660  0.57715153211582526  0.58335434216615856  0.58950394461031519
  0.59551466547599985  0.60155931335996282  0.60798953309001025  0.61471936634698932
  0.62147854684105508  0.62838299951046994  0.63540987917228364  0.64254035780681884
  0.64990985738170404  0.65766041071066228  0.66518302520244943  0.67250320411656761
  0.67994592992959457  0.68752040911035883  0.69511495617686292  0.70278277647627807
  0.71061602126065981  0.71879019679314293  0.72739847109315681  0.73620647503210723
  0.74506091767343474  0.75400880075414256  0.76336001105117490  0.77370489123347319
  0.78582062359452154  0.79820747061131658  0.81180304456188346  0.82777297484328449
  0.84690755419432884  0.87142170844056333  0.90940924949118174  1.00000000000000000
   5.5520287339736713E-010  -1.0000000000000000     
 T T T T T T T T
  <DiscreteSampler_grid>
  grouped_processes
  1 # 1 for a reference and 2 for a running grid.
  10 # Attribute 'min_bin_probing_points' of the grid.
  1 # Attribute 'grid_mode' of the grid. 1=='default',2=='initialization'
  0.0000000000000000 # Attribute 'small_contrib_threshold' of the grid.
  0.5000000000000000 # Attribute 'damping_power' of the grid.
 # binID   n_entries weight   weight_sqr   abs_weight
    10   10   7.229028731499307E+003   1.962492256549513E+008   7.229028731499307E+003
    11   10   7.229028731499307E+003   1.962492256549513E+008   7.229028731499307E+003
  </DiscreteSampler_grid>
