 -0.00122913736702221  0.01688526922125575  0.03505659939178984  0.05128778262750622
  0.06602725586923019  0.08007399251628963  0.09310058877556653  0.10535142765341896
  0.11726243944157559  0.12881604734676719  0.13985179122360908  0.15037570061875621
  0.16055738881828269  0.17046942597498332  0.18053357789067709  0.19045432737064089
  0.20007060024851978  0.20949680268539148  0.21874237379528716  0.22779798278011495
  0.23665234041457789  0.24548091852755594  0.25421825117145125  0.26290120335992440
  0.27155734325085945  0.28019364493327004  0.28862462871593786  0.29710388311811542
  0.30549986794279821  0.31383057871164544  0.32212195923486392  0.33038518698403724
  0.33857093352038364  0.34667730712302824  0.35471947346205834  0.36269871832783851
  0.37068148018964797  0.37860473891810054  0.38639713366567185  0.39425725016439039
  0.40221938408186819  0.41023242393057097  0.41822695066310533  0.42615575774383396
  0.43397605313547644  0.44167684131408108  0.44924347538671316  0.45663759110130475
  0.46408875979131053  0.47159191080152474  0.47914474423509418  0.48679438264129493
  0.49451254670176231  0.50221407023518094  0.50994621938095452  0.51769771801433273
  0.52547211409074057  0.53325741571198759  0.54117236538464275  0.54918384641746043
  0.55718876350337243  0.56518397347908367  0.57324125892173983  0.58133262780831796
  0.58935496657227882  0.59744258048347931  0.60587305476278353  0.61439841295823305
  0.62296693305249307  0.63167448995189679  0.64046531392957606  0.64946465732745062
  0.65857995705875350  0.66791279486737598  0.67755705348510220  0.68733736917550659
  0.69711158343759105  0.70702506532845033  0.71709531333333176  0.72752473979466736
  0.73840820746219049  0.74969515366448769  0.76118304565744221  0.77282538103179410
  0.78466591114440620  0.79676448658683352  0.80936630220609440  0.82266662769494470
  0.83683409744918014  0.85207152351186100  0.86818008760505461  0.88558249122388244
  0.90488643746932251  0.92819421438003424  0.95900983580333987  1.00000000000000000
 -0.00251789196571986  0.01002337078267470  0.01985179044306281  0.03085752457476079
  0.04165041382347263  0.05201505029968859  0.06243087104795180  0.07323146781833972
  0.08404838829073015  0.09476508669488358  0.10547256940811925  0.11620674588473098
  0.12678034487729747  0.13796219118252598  0.14880274865441484  0.15922178608294926
  0.16973673130705336  0.18090737015320993  0.19186708855844214  0.20260959385580712
  0.21318043342709922  0.22371771950997149  0.23408827955611894  0.24411920974894510
  0.25433019431408543  0.26449664793939276  0.27469623591433523  0.28516533115038967
  0.29569039977326367  0.30733860925524503  0.31775249341886197  0.32797737113888081
  0.33831602334728650  0.34857190250035636  0.35861414307807793  0.36855206433339888
  0.37897667707290528  0.39012460488541595  0.40144969276307729  0.41292114206239128
  0.42347911209950856  0.43385349809179996  0.44443432236461150  0.45479124413650940
  0.46488354666039539  0.47468270988850969  0.48485288479575439  0.49545277696675166
  0.50580995662301276  0.51617062022624749  0.52653290125967800  0.53705834338441494
  0.54755120693297443  0.55816913320874451  0.56875494332708942  0.57960527753862967
  0.59052777022402669  0.60161835068555636  0.61228630423388730  0.62295489656282077
  0.63319391118153590  0.64335315277497929  0.65322662926854513  0.66339739331163450
  0.67349877181888707  0.68385608504433182  0.69417183317508169  0.70491908023780636
  0.71560712660711767  0.72669310120791275  0.73759599657257846  0.74857678808499117
  0.75933753768530976  0.77019637578394839  0.78036419044291949  0.79083568801390391
  0.80098603834211857  0.81087600968283446  0.82032364670122604  0.82969899673659742
  0.83936304872443845  0.84920366512554402  0.85927206495245090  0.86966376149353430
  0.88055171520706976  0.89184232903569560  0.90285494455573234  0.91345916187725129
  0.92420876098232552  0.93494232418792711  0.94571758310459653  0.95640872271075050
  0.96715460774699291  0.97809496556649944  0.98888614441636469  1.00000000000000000
 -0.01555199869760816  0.07855240720230258  0.11915044345184900  0.14954476207591608
  0.17492871088491549  0.19613734182013556  0.21425319708289770  0.23075340721327786
  0.24670145034488181  0.26194568742121110  0.27633836549249208  0.29015264415992698
  0.30354479144835350  0.31643692410396962  0.32862288911449805  0.34016155374029794
  0.35115865700270044  0.36167808847368110  0.37195098354379957  0.38233775019072386
  0.39274335965309171  0.40281599870615548  0.41257042759657492  0.42231985597452554
  0.43210398076429773  0.44144214378572283  0.45022940812683043  0.45894296841291682
  0.46773316950791405  0.47640517012239170  0.48468627336902542  0.49256320896123373
  0.50036416830691788  0.50829756941680515  0.51640827405370193  0.52449260066405379
  0.53247009387417421  0.54035735376909166  0.54788217180082144  0.55515554364268427
  0.56229772361421604  0.56930037634969211  0.57618852635070217  0.58309847119272040
  0.58999391747158803  0.59689771713647544  0.60371906500016970  0.61062398461933798
  0.61757439303885686  0.62434503022450638  0.63150427104127671  0.63868461679135924
  0.64567388087930833  0.65254441523949192  0.65941967133226498  0.66636660231392641
  0.67341424910788183  0.68050110586411228  0.68754664901712303  0.69438531746194498
  0.70103181577811369  0.70769896114036368  0.71438890850165715  0.72100032182198792
  0.72758773339138871  0.73420660371482382  0.74087787190928844  0.74756090877018755
  0.75421761274504451  0.76092695663733456  0.76766265718997140  0.77461885812832687
  0.78163834560913026  0.78856205082449626  0.79542689646427345  0.80227796356848313
  0.80916895984979553  0.81625430977741653  0.82356181753879310  0.83098262212681362
  0.83823421781325613  0.84561531240572008  0.85316655628533233  0.86094035247386558
  0.86891307410507757  0.87698701641546994  0.88502586202332856  0.89329356680195482
  0.90192963048053587  0.91105149424349474  0.92074487889108392  0.93115838083716151
  0.94283893771211003  0.95636526757672069  0.97435860678018926  1.00000000000000000
 -0.03069299902694685  0.15485608244975280  0.20977930435733441  0.24516848668379396
  0.27148649679026782  0.29412790070822548  0.31431775356831232  0.33314341084137467
  0.35097909450657166  0.36725547254246510  0.38181901453878819  0.39564130057885655
  0.40870431278053937  0.42102361044133307  0.43251368737566237  0.44343135623627561
  0.45397130589756896  0.46438816109825704  0.47470874001399654  0.48475781760893133
  0.49451841769644578  0.50378457658654163  0.51262231768552458  0.52116373878780065
  0.52936745673833507  0.53734845567707723  0.54519123509028589  0.55287235815566138
  0.56037944883321489  0.56755332231850686  0.57445036895970525  0.58126412024815366
  0.58802064820949207  0.59467708622141247  0.60111851480221512  0.60737276526736095
  0.61348570845302308  0.61957283748715120  0.62552699177805138  0.63146270341814037
  0.63719555076084611  0.64296166427660717  0.64863177586994902  0.65425314909935151
  0.65980071062941015  0.66525415835622848  0.67058018573430733  0.67580664043497840
  0.68099078791127265  0.68613753788463305  0.69124931240153809  0.69631675876431498
  0.70132502401087282  0.70633097264717026  0.71133309958672608  0.71633657242760096
  0.72126133564131722  0.72607916763434188  0.73083570789098684  0.73558181124593736
  0.74031313647776442  0.74498940374993883  0.74960849956365583  0.75409187277175693
  0.75852061558983819  0.76299427583117418  0.76747087206413955  0.77189725301200818
  0.77627888019151270  0.78066498107020876  0.78510866604337959  0.78962207052013256
  0.79417126513431435  0.79873111272018860  0.80317806449245510  0.80761835848054864
  0.81211075624354823  0.81676808304301896  0.82154754979691358  0.82637878020664524
  0.83127775674790272  0.83627844669496321  0.84140440340446332  0.84666242422075499
  0.85208257563445933  0.85779218105258659  0.86379502320981827  0.87004565949645640
  0.87664232399479525  0.88372025694599565  0.89143057587845831  0.90010020998233264
  0.91024906473742107  0.92317195997896295  0.94527902696844002  1.00000000000000000
   3.4365130498742490E-007  -1.0000000000000000     
 T T T T T T T T
  <DiscreteSampler_grid>
  grouped_processes
  1 # 1 for a reference and 2 for a running grid.
  10 # Attribute 'min_bin_probing_points' of the grid.
  1 # Attribute 'grid_mode' of the grid. 1=='default',2=='initialization'
  0.0000000000000000 # Attribute 'small_contrib_threshold' of the grid.
  0.5000000000000000 # Attribute 'damping_power' of the grid.
 # binID   n_entries weight   weight_sqr   abs_weight
    10   10   3.779088818216905E+004   4.904912918889240E+009   3.779088818216905E+004
    11   10   3.779088818216905E+004   4.904912918889240E+009   3.779088818216905E+004
  </DiscreteSampler_grid>
