 -0.00030041484192235  0.00681230819807601  0.01677731671624630  0.02752278230909654
  0.03819547019519559  0.04912534675572416  0.05987085602982744  0.07048566408081118
  0.08106571949984048  0.09160085551081554  0.10215780088125223  0.11216580897090012
  0.12178257301558154  0.13120280192435271  0.14040169377200931  0.14958611368629676
  0.15864767208318839  0.16765180721224440  0.17646593800549445  0.18512079213513682
  0.19371323022854983  0.20229614260844755  0.21084441416366778  0.21935892096605145
  0.22807705737287023  0.23688456053614976  0.24577610134338332  0.25466558611696721
  0.26327321588247304  0.27167353220159507  0.27992914040875183  0.28827569155407340
  0.29696257377382196  0.30526084460921893  0.31369786010869649  0.32208842261164272
  0.33034171024410830  0.33885711236458782  0.34712661524200772  0.35524489786848829
  0.36330184464324516  0.37141729854251487  0.37962762388848048  0.38786016059601741
  0.39616764366608875  0.40476179872836537  0.41323476677020693  0.42162825832375306
  0.43005969947096551  0.43857074315376360  0.44716410563775300  0.45582088920614322
  0.46449011271849794  0.47278737479625793  0.48101099728197283  0.48925309905951248
  0.49735064646644728  0.50546463890702675  0.51384372385115640  0.52230687122079067
  0.53083347309938667  0.53962150605229309  0.54843959598748138  0.55739503569713333
  0.56625193326795875  0.57508829333118860  0.58412305946376586  0.59330284441609382
  0.60292829665017422  0.61270940039985278  0.62317456916201663  0.63378260099349637
  0.64419440411542628  0.65461275188473733  0.66541866911921377  0.67611670135876589
  0.68674544917362412  0.69741085369156142  0.70826203881559024  0.71923758961816098
  0.73030136336488416  0.74150907414436207  0.75281114491042289  0.76423637509243114
  0.77628131751424434  0.78913160443143615  0.80243027382616783  0.81613693116448038
  0.83036733655418093  0.84573177688139578  0.86310729910318740  0.88136977947438755
  0.90152092668875505  0.92441630280509512  0.95966539545447427  1.00000000000000000
 -0.00271461719138279  0.01009871782642411  0.02205375047402735  0.03395283432529192
  0.04519496498595381  0.05571175738351203  0.06572276246109256  0.07492605829744567
  0.08354099828814859  0.09227924043999382  0.10137022627878306  0.11128097479516293
  0.12181922639889875  0.13296195443463138  0.14464933410037267  0.15503225700876444
  0.16533149391158677  0.17623069869550817  0.18738167167850087  0.19774773987575550
  0.20788630145288847  0.21851264669682818  0.22937915370032827  0.23955928761178538
  0.24953853385873148  0.26063794740740948  0.27257220508106250  0.28462707134750220
  0.29655943130039808  0.30831180952531273  0.31929820399018677  0.32974090362327207
  0.34061880376315606  0.35169122761108818  0.36239295550794770  0.37364299307822774
  0.38457724805379645  0.39490236206728418  0.40424629276469137  0.41320494217854431
  0.42199839863960903  0.43039653708056319  0.43912176966162786  0.44821789651150812
  0.45730253133737209  0.46650017180426762  0.47606415917433548  0.48633317932913500
  0.49729601640848531  0.50795671488920402  0.51875031313640707  0.53013227125128159
  0.54186765734872822  0.55295526650917159  0.56422623888629608  0.57532262377741528
  0.58674422039625285  0.59874707338039279  0.61040697007118017  0.62193980839337748
  0.63277847024349843  0.64399925097287747  0.65580464162540730  0.66720778457356233
  0.67779793136527700  0.68797081420711759  0.69810688115651098  0.70855048305257573
  0.71832649283563876  0.72814175543924420  0.73833443790666275  0.74824796080954081
  0.75814464753955013  0.76777741891364604  0.77745691893871005  0.78735209571750164
  0.79741602577519610  0.80768719882694162  0.81773950139765539  0.82776869737797687
  0.83759054870636440  0.84766169081697684  0.85801691730183027  0.86834988976090433
  0.87886209870282850  0.88966248279093862  0.90058258686638160  0.91222183305254090
  0.92302633128234468  0.93360551050751850  0.94462828729234716  0.95599902714740626
  0.96785411955602563  0.97830134286240400  0.98939293301164200  1.00000000000000000
 -0.00708525200880640  0.05175847928174086  0.08391039694644588  0.10755379347082020
  0.12629414503434172  0.14302279358887399  0.15863894373284113  0.17252991073082394
  0.18537897480334373  0.19837203216057528  0.21095262244671648  0.22307908788541500
  0.23471404927326348  0.24613044628610856  0.25711838717429314  0.26741697842176432
  0.27698162111963381  0.28619648724116553  0.29572887357720679  0.30543851114995951
  0.31494720732585263  0.32424560998118501  0.33385971991388397  0.34377061171238826
  0.35356535813218454  0.36269133019872191  0.37100800843734422  0.37881927463343362
  0.38606843626798859  0.39343891707996720  0.40127699570128522  0.40941046326067354
  0.41729709813089044  0.42494200747825189  0.43220914974706653  0.43951060866113301
  0.44738755988262430  0.45537122554272397  0.46320741542615190  0.47111079700567909
  0.47900234085210525  0.48683717989827929  0.49461830417122471  0.50221827532268681
  0.50938157985465626  0.51654000015229540  0.52353605965072225  0.53056397068482164
  0.53784695868941568  0.54534982487041417  0.55280759621269626  0.56001111721316732
  0.56695352816602140  0.57385524296439927  0.58071198196831453  0.58840861153056268
  0.59577236234406650  0.60334471471070306  0.61129128633839092  0.61941679945549144
  0.62764442262948661  0.63613182768195375  0.64459315290989394  0.65276878430740037
  0.66089849369424125  0.66850500792689493  0.67576657934850781  0.68302159028776643
  0.69016277500714862  0.69699842113099730  0.70368382533441820  0.71024018110460285
  0.71664521604620690  0.72316344312268910  0.72991442310172894  0.73692439584182612
  0.74407172187915749  0.75139583193342896  0.75910337804368200  0.76693959715817328
  0.77538211299247062  0.78406170128873920  0.79270633633035881  0.80163606286903311
  0.81094166405998525  0.82061443935565836  0.83070389379170284  0.84130243080359468
  0.85232437904033020  0.86462994606614418  0.87782971530364828  0.89282851199449453
  0.90903064118246157  0.92873159204325584  0.95549343502800599  1.00000000000000000
 -0.01498335492768227  0.09469715429404174  0.13146179146349180  0.15519527110678988
  0.17411431299433833  0.19070777538781439  0.20542983539883433  0.21789122538522709
  0.22944985065783177  0.23991694269371222  0.24937714106962741  0.25828555933826308
  0.26713651983180969  0.27610899339486417  0.28494944151914620  0.29357028540450225
  0.30208103835648581  0.31045628657157293  0.31858688601574597  0.32643674609835244
  0.33397961998534798  0.34126857120328219  0.34847443296015618  0.35564265349145052
  0.36295538404288274  0.37015751980798833  0.37686826535148465  0.38333475726000038
  0.38966608716629897  0.39607735632215790  0.40218957783469012  0.40828333843585018
  0.41442474870090923  0.42049815888291003  0.42661915925919414  0.43255194814009174
  0.43830125230985545  0.44405529942048283  0.44973523066621224  0.45541220341239474
  0.46127688492919250  0.46738347823652110  0.47324060864705475  0.47883833782367330
  0.48429408515155198  0.48978580072183642  0.49532844986724450  0.50101568450492528
  0.50700312973230777  0.51290637134811301  0.51871210371316090  0.52441282942398448
  0.52990317932901465  0.53556568384584191  0.54127047662011996  0.54689311877273428
  0.55251141980643226  0.55807522636865670  0.56353078680048307  0.56890650660899755
  0.57422468651900727  0.57979057549572477  0.58532477319551490  0.59097879255963193
  0.59639305674143972  0.60182694896939182  0.60785011617659024  0.61395402655510434
  0.62008717794294066  0.62620338661484298  0.63254440016671620  0.63900586957236549
  0.64565072329472428  0.65263517300647278  0.65971931684828422  0.66668302846074523
  0.67358600640519362  0.68051253168971670  0.68781005742170176  0.69575006695402519
  0.70392625268996001  0.71206758093487887  0.72031981268760081  0.72895761852119012
  0.73852183859607545  0.74905030068974465  0.76018764318950049  0.77216156103180755
  0.78448723148925437  0.79741971225522534  0.81143050834256414  0.82757971946860476
  0.84706056179065581  0.87318629081039334  0.91097967538485836  1.00000000000000000
   2.4766845712534740E-009  -1.0000000000000000     
 T T T T T T T T
  <DiscreteSampler_grid>
  grouped_processes
  1 # 1 for a reference and 2 for a running grid.
  10 # Attribute 'min_bin_probing_points' of the grid.
  1 # Attribute 'grid_mode' of the grid. 1=='default',2=='initialization'
  0.0000000000000000 # Attribute 'small_contrib_threshold' of the grid.
  0.5000000000000000 # Attribute 'damping_power' of the grid.
 # binID   n_entries weight   weight_sqr   abs_weight
    10   10   1.279003728618231E+004   2.542071472407431E+008   1.279003728618231E+004
    11   10   1.279003728618231E+004   2.542071472407431E+008   1.279003728618231E+004
  </DiscreteSampler_grid>
