  0.00859673500864116  0.01874038090702531  0.03129746376067372  0.04334576761368049
  0.05391629648052927  0.06472048448850162  0.07531832258915325  0.08575302883097966
  0.09618925595561101  0.10661420891705779  0.11758034679143023  0.12802961729044099
  0.13834134483335414  0.14894825618520605  0.16016994414732150  0.17042221308315914
  0.17994483939593567  0.18964189236151649  0.19989752763199900  0.21007281832786320
  0.22019974460763833  0.23030149872292424  0.24146573702439630  0.25234807229456552
  0.26316313021273624  0.27380312265433748  0.28446437550775378  0.29491592975978004
  0.30506222081703027  0.31479530343573414  0.32434200844465422  0.33369750277922816
  0.34322787481419698  0.35219387364615667  0.36254035868102863  0.37338825372968326
  0.38426367068502892  0.39472901498430535  0.40451068707328880  0.41406613997665093
  0.42339826266749681  0.43245290400648734  0.44152848542542500  0.45081958629291274
  0.46044422681989455  0.47067614711754396  0.48094323477382361  0.49142729775921618
  0.50183024902065776  0.51169580068708675  0.52207711518484823  0.53300613317120016
  0.54381576967113410  0.55409015932541006  0.56417066551660466  0.57519454170867812
  0.58625592415719541  0.59696262487103557  0.60811924552552643  0.61926677630179361
  0.63030292748397709  0.64110594189514680  0.65179557521344667  0.66250086256638518
  0.67292060654208696  0.68314721876834650  0.69304138052597453  0.70291198522089393
  0.71280319009461113  0.72310189752637777  0.73376155708621671  0.74448055710565730
  0.75482433919755898  0.76497875412304517  0.77515470072058024  0.78572202388743828
  0.79585943926190184  0.80565846264673036  0.81591732697804675  0.82672898318578525
  0.83730291221886821  0.84686630624729320  0.85659695647328671  0.86685531720374787
  0.87743870831257242  0.88759375014114550  0.89760766773731082  0.90816377031168971
  0.91931567016758553  0.93097585555732421  0.94228633331071543  0.95298746385929789
  0.96412354808546807  0.97551461008761620  0.98764965854636322  1.00000000000000000
 -0.00086730136817841  0.00457257733302766  0.00703206695087437  0.00955686650100257
  0.01240188484457852  0.01581364017987301  0.01952488290946235  0.02338324476362909
  0.02771194278289791  0.03213199320948893  0.03690742365047986  0.04193178976487420
  0.04748219262229142  0.05350020662891567  0.05975213167165903  0.06651848204038339
  0.07315101874795299  0.07965764201853087  0.08646158534586368  0.09391899386953367
  0.10173272376831966  0.10977243152455991  0.11803816311914270  0.12674826328278477
  0.13566002209408867  0.14439668852036752  0.15304188178158726  0.16195206937908058
  0.17189424247424931  0.18185121363834802  0.19174254889202441  0.20119969140667848
  0.21064878736113532  0.22015103841996644  0.23013409979960919  0.24074181457461938
  0.25109048830410163  0.26187266443336471  0.27286179180378206  0.28413868167037198
  0.29549339962669918  0.30682826796209034  0.31819259348127638  0.32931910392112512
  0.34046596028768711  0.35173293137374112  0.36324181672265243  0.37539030505822280
  0.38790870907576697  0.40046271627229391  0.41294445049826456  0.42530658579303365
  0.43733636645810925  0.44931101285219466  0.46099365135354303  0.47267162755882969
  0.48452868748521949  0.49645735873200281  0.50857318651934946  0.52113122209507268
  0.53375521274539006  0.54676112784644426  0.56022567165541881  0.57315804372297630
  0.58571267587378484  0.59838751801059908  0.61140976882994302  0.62458356890164402
  0.63742842860257298  0.64926739059946237  0.66101127073128585  0.67337552019889568
  0.68628362413985522  0.69914348594067444  0.71183125577224726  0.72443797773072205
  0.73698993458628881  0.74964898256216062  0.76307322378219566  0.77675860614117886
  0.79047202466083855  0.80401324823942522  0.81737634950146532  0.83069674996782072
  0.84395319631006338  0.85745768222717245  0.87103054023731064  0.88469506939225151
  0.89867375398093241  0.91348759060045748  0.92836286435808968  0.94291998856813730
  0.95744944091210926  0.97187172993759818  0.98602729593877914  1.00000000000000000
 -0.00232966197417218  0.01170486491480888  0.02330936377452580  0.03352675458437942
  0.04382948898136118  0.05337910608733704  0.06339122620417645  0.07280808160970952
  0.08249071921423183  0.09273745393334631  0.10352075303496902  0.11402437576456877
  0.12419410515107518  0.13354277155292821  0.14269336834234858  0.15190470509430992
  0.16114038229114888  0.17052277528657209  0.18028325901901690  0.19072584145075322
  0.20155901531759704  0.21208126848514219  0.22226703297337996  0.23250542129337767
  0.24297283045395568  0.25310533352304315  0.26269614958680659  0.27203598067076740
  0.28190769209280303  0.29221819627572371  0.30247104204256126  0.31235270235361401
  0.32220362538283814  0.33200877448199551  0.34171619217985622  0.35149534396027032
  0.36152206108459894  0.37163987535098125  0.38180562221912784  0.39209659077351761
  0.40280966438416177  0.41409983458632138  0.42571894882396671  0.43771964840662403
  0.45006795529506793  0.46237889541345922  0.47448765393562398  0.48622211261975062
  0.49739307466130700  0.50818343907337027  0.51891946408270317  0.52989314281580169
  0.54050482500469543  0.55021899141896569  0.55941652891918470  0.56921082646707333
  0.57941518634023215  0.58978047464809125  0.59989994877113406  0.61034188803704126
  0.62105443065955634  0.63175373878233565  0.64249537781625554  0.65313512125239437
  0.66413294412700896  0.67515526699978712  0.68580077771224124  0.69571602192323012
  0.70556028951076233  0.71586541461746267  0.72636091209981768  0.73700480184808259
  0.74786695995893382  0.75893956333010326  0.77013849028846770  0.78165851610695058
  0.79332408927224840  0.80473900746837868  0.81599645294065093  0.82697127364707268
  0.83805558978008843  0.84925562646924968  0.86085702701705424  0.87229722538216581
  0.88370035445492034  0.89560979962799514  0.90657131614326625  0.91792127460315454
  0.92822612441878327  0.93853641826289813  0.94863024971194743  0.95863141557275167
  0.96893216377610691  0.97876977379672980  0.98945247501803812  1.00000000000000000
 -0.00184741234059077  0.00922249349428969  0.01859923958566590  0.02843392384569756
  0.03819196204048608  0.04761200885031675  0.05689746764982138  0.06627152066319335
  0.07584840698436593  0.08563789900428587  0.09587772752744471  0.10607118718967729
  0.11632276870006210  0.12674982867926138  0.13786802721771962  0.14877308740544709
  0.15927723660219598  0.16922113390322080  0.17872486546723138  0.18869747369531098
  0.19901302765085829  0.20946332534251288  0.21942547473121896  0.22894878770290245
  0.24031933994641461  0.25183251287581460  0.26292280541395741  0.27391259204037283
  0.28367795732444145  0.29350512056901268  0.30317364935298274  0.31289651550096764
  0.32298740761912281  0.33368286124922886  0.34585079675354230  0.35786346339218444
  0.36864105506004130  0.37932019163937714  0.38949200580992693  0.39969642709807840
  0.40994709855730488  0.42072032378152541  0.43186630876155147  0.44366196197680385
  0.45552271255103516  0.46685694555165846  0.47822447995517953  0.48970673740427195
  0.50156935942271752  0.51215271689552155  0.52264348394681015  0.53298530425370383
  0.54338557029691759  0.55484430559447584  0.56589669156009170  0.57778248598251769
  0.58932046274878536  0.60129745111989075  0.61267271087324593  0.62400464595466676
  0.63546722573718917  0.64683478520339255  0.65773868477307351  0.66825733789803821
  0.67886108157410652  0.69016102257798007  0.70238588966483662  0.71403799258823364
  0.72470251892846094  0.73569536960478965  0.74657617088495964  0.75741370613101433
  0.76761131676186933  0.77816807913141584  0.78879014212627085  0.79922506805892235
  0.80940587401667008  0.81969433093451649  0.83034089202499839  0.84080139233253826
  0.85138904895010714  0.86195045500005851  0.87263127786345684  0.88290419753050264
  0.89306827425230995  0.90318469485025998  0.91333434456963880  0.92352414505604941
  0.93406117392521160  0.94396999805476745  0.95401908871316365  0.96347017463076423
  0.97269154220167620  0.98164223134922768  0.99063583324284410  1.00000000000000000
 -0.00242741011019800  0.01001104288358562  0.01983197627379345  0.02923440711398537
  0.03859885249545136  0.04855683790611748  0.05857283859412380  0.06865782897782671
  0.07885237420476159  0.08973219338404816  0.10146339893842937  0.11273087401791691
  0.12379515787533492  0.13651592114740302  0.14919983693816871  0.16151089445935254
  0.17333852685320408  0.18593333205600560  0.19736312161533312  0.20883662397072308
  0.21989645027814778  0.23061888750455092  0.24085497672774442  0.25071249537653667
  0.26044263397166934  0.26990658018134522  0.27962553233213683  0.28964009730789647
  0.30010357476541621  0.30998571405901826  0.31957420623421268  0.32878252569019517
  0.33853965535645242  0.34957766230897824  0.36203293843239731  0.37526487693366206
  0.38734159211124369  0.39848563881776594  0.40870047384283714  0.41894501109652310
  0.42843585904920556  0.43801046111241587  0.44789563820047490  0.45784518200326690
  0.46811819679203259  0.47848304406154146  0.48920006098143004  0.49981987908487840
  0.51048147969922197  0.52143452341298246  0.53218818897761944  0.54257071830278447
  0.55264738292928783  0.56287517243336338  0.57342760495085110  0.58412085883955500
  0.59482594160776436  0.60539150106743189  0.61627732354103737  0.62715040472162309
  0.63752952352233194  0.64842353575324974  0.65933634314318801  0.67004636452749300
  0.68053809956146438  0.69106263289927738  0.70168707093080140  0.71217800315173707
  0.72251742152803045  0.73247541970563146  0.74250215799885277  0.75269316154312749
  0.76323667302931586  0.77353086501165025  0.78360988556659072  0.79358275688008839
  0.80373928481543411  0.81379935850242291  0.82383235876071537  0.83407481739282152
  0.84418838103854188  0.85448720178554272  0.86459548039615819  0.87436993443373001
  0.88416557475742175  0.89416608396418495  0.90425556847239263  0.91420370794472405
  0.92435505587734446  0.93484933870327191  0.94527326545147616  0.95579973966962861
  0.96640398773886460  0.97749367985393787  0.98855291403816070  1.00000000000000000
  0.00574851080993672  0.03520757474611516  0.05257800535303997  0.06439904665177174
  0.07441150399344384  0.08331256849193200  0.09115689721649857  0.09849705665831693
  0.10573210950455510  0.11261127590668241  0.11924008714969367  0.12563692224892437
  0.13204318790684066  0.13866536929216880  0.14551312755166798  0.15247738031289193
  0.15914155414432615  0.16558936929952456  0.17201742432031045  0.17853100747683692
  0.18508962511306801  0.19151432723211223  0.19776766424890990  0.20407763019794101
  0.21030701635240645  0.21631723408706452  0.22218083043725365  0.22801221481527659
  0.23380054994919344  0.23981967217311798  0.24587347376590893  0.25204577850271626
  0.25857507992468093  0.26517279255212367  0.27168088186060407  0.27810090116608949
  0.28446023043698793  0.29080205456731134  0.29719585072722593  0.30371258403226398
  0.31012704327844209  0.31648836404319236  0.32248718604882254  0.32861381751631558
  0.33452428545771606  0.34037749261940980  0.34622812487534482  0.35214647342150618
  0.35832162518611671  0.36457558107478422  0.37090738604788986  0.37711948323356770
  0.38334881156616701  0.38969537324790043  0.39622888747735940  0.40304888716551218
  0.40990218338907597  0.41666245162588311  0.42354577007198374  0.43054413515513040
  0.43754953547865172  0.44456677552280949  0.45148939745295885  0.45840024006076852
  0.46544958026286082  0.47262105988810427  0.48004602249383910  0.48770716851985590
  0.49550744320821022  0.50380358493387256  0.51289180759734487  0.52240965311084775
  0.53225570336541772  0.54220134377626228  0.55227858182669609  0.56252707744166675
  0.57250042482539509  0.58247540051543412  0.59268816838143068  0.60341122988705354
  0.61472148654885261  0.62643684660665144  0.63866716972949633  0.65136571195112047
  0.66446678251772207  0.67846370657836785  0.69326788440965326  0.70893651156899995
  0.72579042250241688  0.74399791607125698  0.76333112593571328  0.78521680078562583
  0.81114471018844747  0.84235443906066154  0.88695251930348662  1.00000000000000000
 -0.01644435275486538  0.09881557658205618  0.13982071905330573  0.16618439379625652
  0.18721817852691830  0.20452601400983506  0.21946332380417158  0.23286319632839364
  0.24502716631708668  0.25636373822709024  0.26737566002442875  0.27732069471063681
  0.28705938189793273  0.29550009207109917  0.30366231766248797  0.31143756731304478
  0.31882581836535290  0.32579773159466996  0.33268828574184556  0.33957126846142027
  0.34646403672645393  0.35323487025580791  0.35992861909151935  0.36657426222508882
  0.37320304928045012  0.37985031896493243  0.38643084440565417  0.39282623543254563
  0.39905946023917638  0.40463570343265148  0.41026987620701977  0.41565166334509807
  0.42076718385662154  0.42568753288763872  0.43060344808961665  0.43549838534200708
  0.44059005534863366  0.44578069175695106  0.45109447134012798  0.45654553012807098
  0.46219328028822199  0.46786862837153970  0.47336120547206878  0.47880592909626263
  0.48441840102818873  0.49012184261081793  0.49578116259480576  0.50137290682630475
  0.50671662424209618  0.51202738754460220  0.51745090996951060  0.52289325984384571
  0.52828796491616148  0.53370318948324535  0.53913067088859334  0.54462956576465116
  0.55040415211736571  0.55620168847092355  0.56207434736727457  0.56794745797657131
  0.57390556036627094  0.57991604911901096  0.58598825327885695  0.59219996226096783
  0.59837131819118161  0.60433237219438096  0.61007088328093584  0.61561343402687840
  0.62122944461629803  0.62718273756145992  0.63320109957203574  0.63924881929434352
  0.64546198715432390  0.65192775105703260  0.65867139468681613  0.66565594944471806
  0.67271748962803091  0.68000295808704492  0.68711183216703020  0.69411851389976076
  0.70111896321768841  0.70841668421177451  0.71599934273196186  0.72383570922049512
  0.73257214993256936  0.74234285228572650  0.75220079666098016  0.76260904966437437
  0.77429402178105045  0.78770971184973815  0.80221966366372177  0.81914968309616354
  0.84054210552388897  0.86709268194090861  0.90641774547189624  1.00000000000000000
   2.3772436823578628E-035  -1.0000000000000000     
 T T T T F T T F F T T F T T T T T T T T F T T F T T T T T T T T
  <DiscreteSampler_grid>
  grouped_processes
  1 # 1 for a reference and 2 for a running grid.
  10 # Attribute 'min_bin_probing_points' of the grid.
  1 # Attribute 'grid_mode' of the grid. 1=='default',2=='initialization'
  0.0000000000000000 # Attribute 'small_contrib_threshold' of the grid.
  0.5000000000000000 # Attribute 'damping_power' of the grid.
 # binID   n_entries weight   weight_sqr   abs_weight
    10   10   1.588875803537896E-021   3.159424194029484E-042   1.588875803537896E-021
    11   10   1.588875803537896E-021   3.159424194029486E-042   1.588875803537896E-021
  </DiscreteSampler_grid>
