 -0.00137896190377847  0.01704189944938119  0.03514480727314090  0.05095866291147343
  0.06544008312451870  0.07938350121253847  0.09231389184347472  0.10461449235979955
  0.11649697361526182  0.12793645050293623  0.13890890633356692  0.14950848130140981
  0.15979308505286688  0.17013138776838579  0.18023313745590347  0.18983546576700561
  0.19965785974798889  0.20921897018828511  0.21858546240562085  0.22785868251665239
  0.23706682990867520  0.24613907298910412  0.25489858371451463  0.26351153172847180
  0.27212029965601775  0.28068203166010758  0.28914562556832130  0.29748216528522853
  0.30580344124254821  0.31408575402885330  0.32224752032887372  0.33024618341053125
  0.33807044880997450  0.34574795048366741  0.35342176319251239  0.36119040692862803
  0.36883511092341736  0.37637178994917830  0.38375717229951739  0.39158262898635821
  0.39931111957627458  0.40698931445612618  0.41460587991262426  0.42233032039420726
  0.43020602950588593  0.43811649207477521  0.44598191744774462  0.45385013959926518
  0.46174204061736995  0.46963672759182173  0.47753927370375260  0.48537891542808725
  0.49321708971648665  0.50108600646824664  0.50896610679647381  0.51689068905161839
  0.52487646889180528  0.53287420407377284  0.54109635093366093  0.54948486355377457
  0.55796976252826669  0.56650154116230822  0.57500384397079063  0.58344321455498116
  0.59184718828237826  0.60030746569126459  0.60876902752722262  0.61730267088807222
  0.62597546563994177  0.63473789427826621  0.64344553667880444  0.65216125549792414
  0.66096868326588132  0.66987775906596148  0.67892529048355066  0.68811911455582397
  0.69733660832233502  0.70677854954454578  0.71668924106184850  0.72681828266831416
  0.73706434152298927  0.74735571909179510  0.75779464355581339  0.76890358528203018
  0.78061875330116470  0.79290982261066312  0.80569203181380900  0.81888224988085134
  0.83280263206866323  0.84770833797453393  0.86382928501048517  0.88203574709134569
  0.90222954761238006  0.92570527845294559  0.95811901236076369  1.00000000000000000
 -0.00230650854516653  0.00919655036729018  0.01908938093931964  0.02953766313417063
  0.03992438436090275  0.05087510619038277  0.06163882803328664  0.07205597283096338
  0.08237182588602444  0.09281057227409902  0.10339061299621476  0.11435617766509212
  0.12532993073571105  0.13596704915923169  0.14637364267299163  0.15723950983092524
  0.16806810446454168  0.17854093517841427  0.18883861612312786  0.19908709980608744
  0.20917727474747702  0.21916315202016262  0.22940523433589219  0.24022687204163498
  0.25074194903721098  0.26128765785694469  0.27193418374557121  0.28309304591521645
  0.29396965352524135  0.30420941697862114  0.31455382992134778  0.32522176076754677
  0.33574869069714020  0.34599586850022224  0.35655840146328754  0.36768893059451158
  0.37893877700226858  0.38964217814121588  0.40035712866927864  0.41116356595407244
  0.42181117733256324  0.43255879073433012  0.44289531488786127  0.45322464240008487
  0.46351870525018374  0.47401638080083375  0.48444521398088991  0.49505145704781955
  0.50558957852243613  0.51637771281014300  0.52695026172423309  0.53771888198030948
  0.54868163317259033  0.55987035194116863  0.57086631663056897  0.58162474414616439
  0.59256239756494622  0.60338284110060814  0.61381421435432415  0.62399611838117341
  0.63405290133370762  0.64421649206054032  0.65419166627665237  0.66415329688422442
  0.67413481606406256  0.68415271958541357  0.69428691014229493  0.70432107541132483
  0.71486214316080809  0.72513004214953936  0.73611681081821467  0.74709959345426913
  0.75791896053399055  0.76872150480340062  0.77981751532417110  0.79095074571341073
  0.80210484997077658  0.81338987626159531  0.82470449511302468  0.83578124713377155
  0.84651284931521298  0.85709531204643785  0.86773156631327508  0.87826945329236017
  0.88865786612880859  0.89883181990768779  0.90872003339039842  0.91864831756610033
  0.92875731473527467  0.93879646792700588  0.94871795775217937  0.95871941381073966
  0.96917210317738578  0.97956220038974573  0.98973316102345033  1.00000000000000000
 -0.01380949331357383  0.07392500430337723  0.11411587075816308  0.14213943586959027
  0.16542837326677612  0.18507644449742283  0.20286066596723268  0.21918691123801817
  0.23442381312972696  0.24894021034351549  0.26262995854624377  0.27537588527889967
  0.28763276896901396  0.29950144328103623  0.31121704900738978  0.32275432938469484
  0.33372882459313763  0.34380357845630566  0.35361405985636862  0.36351391045443010
  0.37327968988356397  0.38206359277331314  0.39063388964263651  0.39923514128697035
  0.40777700891946733  0.41610943293069835  0.42408667882369483  0.43183208657512229
  0.43961356110766525  0.44763248887639634  0.45563532998622286  0.46371171292310709
  0.47165546530292529  0.47954582361698611  0.48729224526818266  0.49493947416860562
  0.50264575248648513  0.51044083169392729  0.51823612314960643  0.52567749156174570
  0.53306331695820863  0.54045791661993636  0.54791364992373803  0.55532667752116360
  0.56262741370910618  0.56971437136943015  0.57665619025692183  0.58362902979929276
  0.59065251582003542  0.59769629416287506  0.60472751910011369  0.61172826022170634
  0.61869033531063167  0.62563614610592300  0.63271418153518832  0.63990221868514496
  0.64688585047443403  0.65365772710745007  0.66036985932077530  0.66709592776436955
  0.67372744771846638  0.68025400988793339  0.68685657191317884  0.69331304255178905
  0.69969527110898033  0.70607123886947409  0.71246545018517449  0.71898060385358264
  0.72570142390986603  0.73241836712579123  0.73913999947599818  0.74565006536896716
  0.75254793691892619  0.75972424352513956  0.76705644812929075  0.77445314119992870
  0.78193472076035142  0.78947219584736850  0.79726850075686984  0.80536653149983173
  0.81354768688079360  0.82164087633635752  0.82976649283727599  0.83812717115234003
  0.84657341170076217  0.85518052366748643  0.86401454556867630  0.87308354788436948
  0.88261889927756643  0.89266892354393368  0.90344574566803693  0.91511324202828892
  0.92821669365976511  0.94346563510052517  0.96470551263955140  1.00000000000000000
 -0.03422825484945326  0.17296086169494779  0.22729760771165969  0.26308203483171516
  0.28981884658916235  0.31263538536690832  0.33255133789697916  0.34973202532391062
  0.36516600594862836  0.37967277999007593  0.39348599342393220  0.40653250627694604
  0.41872721036498300  0.43027952118771701  0.44127524623272507  0.45159725379316340
  0.46138859186197867  0.47079405926456347  0.47993858487454588  0.48883788702031011
  0.49744775259655638  0.50562633062029649  0.51347728874966392  0.52117851461260511
  0.52870682981327233  0.53597121164974915  0.54293721864300670  0.54969293919677098
  0.55635991533223816  0.56299077421847932  0.56944693481410824  0.57571198566850867
  0.58190884277563948  0.58799917314015215  0.59400343085360785  0.60006246053166445
  0.60580305426690972  0.61132484547575072  0.61671559989061797  0.62209051264465121
  0.62733400691281926  0.63235528851514200  0.63727674376284982  0.64216154867795316
  0.64696366688177054  0.65163709184328178  0.65619193421261224  0.66070696972535381
  0.66525032746603086  0.66984018942233459  0.67443022335173664  0.67897352005014400
  0.68348743349130314  0.68801096558582064  0.69260109518554669  0.69725832421058787
  0.70180174215605207  0.70632855939750372  0.71088071774812500  0.71551753805071527
  0.72012033114469276  0.72463054344256239  0.72918684703347070  0.73378641826969682
  0.73842689542238871  0.74320457902767356  0.74800919124295528  0.75264167987290309
  0.75713291722294018  0.76162144868137871  0.76609938259164423  0.77054183394629872
  0.77503805769308431  0.77958423014837863  0.78419261478935065  0.78894513982555281
  0.79375904379232509  0.79867404228013894  0.80368461226867549  0.80873306016076918
  0.81404221215579653  0.81964367064078592  0.82540695654743079  0.83124240135329430
  0.83714512621768244  0.84315767438948264  0.84937924435883416  0.85598247398959293
  0.86310691079236246  0.87084381212910333  0.87944616745660409  0.88929737299083056
  0.90063843291420764  0.91518246359710287  0.93835444023012404  1.00000000000000000
   2.9724797885736855E-008  -1.0000000000000000     
 T T T T T T T T
  <DiscreteSampler_grid>
  grouped_processes
  1 # 1 for a reference and 2 for a running grid.
  10 # Attribute 'min_bin_probing_points' of the grid.
  1 # Attribute 'grid_mode' of the grid. 1=='default',2=='initialization'
  0.0000000000000000 # Attribute 'small_contrib_threshold' of the grid.
  0.5000000000000000 # Attribute 'damping_power' of the grid.
 # binID   n_entries weight   weight_sqr   abs_weight
    10   10   5.878104831122178E+004   5.272439313392496E+009   5.878104831122178E+004
    11   10   5.878104831122178E+004   5.272439313392496E+009   5.878104831122178E+004
  </DiscreteSampler_grid>
