  0.01061837326170663  0.05004124878988071  0.07919021094040951  0.10145469536156509
  0.12263766174348809  0.14307163385851898  0.16122758504336379  0.17789346477737886
  0.19413025025291644  0.21030017014441113  0.22616356637184692  0.24043828747506257
  0.25410782261216242  0.26833042409072366  0.28247443180641235  0.29635187666759710
  0.30958129289134678  0.32279183067805467  0.33583916606958930  0.34859664473572105
  0.36165338386341644  0.37462359661995959  0.38700713217803756  0.39924707967540363
  0.41172836428095377  0.42409148427516280  0.43664146442517882  0.44932392561706863
  0.46194263739102348  0.47415392337287660  0.48662814551638478  0.49950243217513429
  0.51259412984845887  0.52562784776236771  0.53845591271593862  0.55112271633863796
  0.56317654813330009  0.57465767557437963  0.58581830245799349  0.59689537512134916
  0.60803781595360806  0.61923892580611839  0.63058059923634691  0.64168157821919514
  0.65210357980051370  0.66217900188347867  0.67194668320955275  0.68143222709140960
  0.69042252401501514  0.69926574511685446  0.70830181253761515  0.71766148173143540
  0.72714617957995353  0.73666998218120949  0.74611924913519057  0.75553430945824562
  0.76564312971795045  0.77500774303403941  0.78424519598466791  0.79381887844458388
  0.80355494320390020  0.81333120187176400  0.82293082428440378  0.83214336060324334
  0.84204365871179288  0.85193282687098715  0.86073179714356873  0.86878537430321434
  0.87671384011879960  0.88356748856424516  0.89062557816083954  0.89717593037350385
  0.90307655222755556  0.90882577639470585  0.91450645020948707  0.92033264560376904
  0.92614202107851040  0.93188000764482048  0.93732455095804945  0.94244766304265115
  0.94738195068763109  0.95218888631027476  0.95690275202943187  0.96137798703341837
  0.96542679014754018  0.96944425853798488  0.97321193468678613  0.97681722608063948
  0.98015449209601946  0.98331195167147845  0.98631946415485816  0.98918927144066826
  0.99171960839190132  0.99419002565277903  0.99681280040580789  1.00000000000000000
  0.00881861111767170  0.01673468269520613  0.02710133091488705  0.03813929676223000
  0.04892940304494146  0.05961662349623155  0.06944290989148452  0.07842022191045811
  0.08716020604624601  0.09560618340730861  0.10405382570742748  0.11282696830337703
  0.12168303541858495  0.13095334199548128  0.14087473059887956  0.15114782466627136
  0.16177228787880299  0.17199964034531717  0.18232262539224292  0.19301626893594712
  0.20343081907315666  0.21267752848443100  0.22156772615781747  0.23044083534586163
  0.23932701227926731  0.24803813447033696  0.25693453955562962  0.26570979181239252
  0.27481298668219228  0.28409614261199956  0.29322775420025060  0.30231717696735394
  0.31148387430183561  0.32103764855114114  0.33093723089241756  0.34149756568203377
  0.35258218360283050  0.36323931181381514  0.37378211891633384  0.38438131802182551
  0.39521743150148925  0.40655342105020392  0.41827109663281059  0.43009219635454721
  0.44156634092363628  0.45265028354441444  0.46342161814118521  0.47410035890363417
  0.48451038792461776  0.49436234052157191  0.50438394205578485  0.51453206088850034
  0.52471127158215325  0.53500853698142292  0.54612855985471431  0.55730122740461818
  0.56787168091209994  0.57823885218068061  0.58932031595931733  0.60072792937477582
  0.61181965253903181  0.62244551751788191  0.63363587242085095  0.64513704771657820
  0.65712006156691238  0.66900986959091080  0.68080321458186055  0.69207158047668693
  0.70314879677873343  0.71419255480570210  0.72503229604227037  0.73569262942230418
  0.74649404672640018  0.75755833444329534  0.76829701221483671  0.77820956902435956
  0.78763466475930155  0.79721960586745788  0.80715408544866996  0.81777445734798593
  0.82900607943123639  0.84036922983702467  0.85190865790174097  0.86311538645743446
  0.87409741025478316  0.88527379368891934  0.89647944143807501  0.90779889428085514
  0.91944330940463859  0.93088266667071751  0.94183581457342191  0.95261057599574706
  0.96347332945850361  0.97498332549897893  0.98759440284807409  1.00000000000000000
 -0.00081184365922079  0.00440276082801366  0.00692371646617126  0.00950058001656122
  0.01230445063475174  0.01566072984879908  0.01932658402063854  0.02329421687980580
  0.02799967210747267  0.03304043340706857  0.03811844295935410  0.04361107499703022
  0.04908234514001791  0.05512936196939969  0.06192151577104599  0.06836377160154912
  0.07477256106356138  0.08152279937411921  0.08903043177783529  0.09651905927258664
  0.10361034956607534  0.11081407205348572  0.11844324801678281  0.12656192435788668
  0.13454895059592581  0.14266115671954968  0.15046053747364016  0.15883359888594042
  0.16735651237645841  0.17602864346723138  0.18481413965693863  0.19351339665185896
  0.20218931196779641  0.21113424254984284  0.22045938466088663  0.23020496661003523
  0.24030429367590195  0.25019496466672081  0.25978611682799346  0.26966606086829159
  0.27986288823250377  0.29053669407682114  0.30164069043711850  0.31337304380025527
  0.32476322880540059  0.33596168209365740  0.34718682639092358  0.35846583026321499
  0.36971686101464624  0.38128182296100860  0.39277654488561869  0.40440476299628747
  0.41621126559392330  0.42812792387693022  0.43997608777137748  0.45158127740314091
  0.46298480848001367  0.47405841222999834  0.48634071881681395  0.49889349930197052
  0.51142860682030655  0.52391671722332955  0.53649273445312240  0.54938143108462323
  0.56287879068879498  0.57687804024259137  0.59083055257945505  0.60439162044497075
  0.61757904109081641  0.63066463078858437  0.64384558173561202  0.65708259157338722
  0.67094983478232761  0.68511625200258963  0.69889042060984641  0.71252161009780590
  0.72652442096695780  0.74027305900158891  0.75405003040502083  0.76834200929497076
  0.78222343666809635  0.79613038934939784  0.81067664062379374  0.82608905420267664
  0.84064727259686367  0.85513504012053232  0.86949076147893645  0.88404809035561949
  0.89893521940468291  0.91403313818373433  0.92892219786821684  0.94374740156983328
  0.95795356999868109  0.97192598874346081  0.98592140844137566  1.00000000000000000
 -0.00188710427748867  0.00952333470750350  0.02073320256496754  0.03276365715982206
  0.04547572304383147  0.05817719580661573  0.07004636717504854  0.08163409154462509
  0.09319361155499289  0.10504227151800158  0.11658516671230651  0.12723544537449494
  0.13707650994975154  0.14669599317901660  0.15572837474033832  0.16482066361288419
  0.17358704084118490  0.18172677028122530  0.18959446671261315  0.19781290748987920
  0.20674484981769739  0.21655713910846960  0.22661817496474149  0.23678929556918557
  0.24697132016345169  0.25755346123559142  0.26839821454671348  0.27951842492205115
  0.29086065779127385  0.30220330277757207  0.31355975646319356  0.32527323633844174
  0.33673938471331494  0.34770133453010038  0.35885585666063824  0.36998415334781221
  0.38064178273952287  0.39097778782749876  0.40153010537509554  0.41223636705938344
  0.42326626266938971  0.43401391719253224  0.44373984975169833  0.45314566359764297
  0.46342344237071564  0.47396984765106542  0.48419417720497526  0.49376556911884834
  0.50363515803144410  0.51375009624196255  0.52389969290639660  0.53371785874136624
  0.54400655778867257  0.55510374234771076  0.56615794008744402  0.57712761939862778
  0.58773883444673136  0.59803415809775762  0.60768243058879179  0.61663729651918031
  0.62590062396528867  0.63527917816377399  0.64515668177370689  0.65487954085945865
  0.66425728569359943  0.67403463130577845  0.68413498040783560  0.69526350074402365
  0.70679413367498145  0.71850508262083101  0.72962795514298850  0.74024255026765384
  0.75102959421733384  0.76202585620970942  0.77360847629518092  0.78433207668489868
  0.79425365646815516  0.80403651982595714  0.81430366450970360  0.82593524652671835
  0.83736327267018063  0.84774266978802737  0.85804266254928929  0.86766334407058909
  0.87768743687368567  0.88798193967412775  0.89900726244767304  0.91042081181439460
  0.92130933442166241  0.93203233717385459  0.94278105328257011  0.95363797920766791
  0.96508924718973332  0.97680929332123190  0.98838590431066675  1.00000000000000000
 -0.00216374462900648  0.00855271375860923  0.01800797972785989  0.02778622660591751
  0.03790575175011204  0.04793631071596049  0.05797782327602524  0.06879464976899712
  0.07996086374106737  0.09048222639773504  0.10088611296933275  0.11167482670389928
  0.12300135271904322  0.13447298231555216  0.14540385694988786  0.15660801643862643
  0.16771727625629970  0.17777360068684203  0.18802946908674528  0.19857913948139738
  0.20924507893229929  0.21927252592547142  0.22916270230425584  0.23960987004114354
  0.25024438928170784  0.26075057352802145  0.27137107720367509  0.28238331923632087
  0.29362343226198018  0.30481726780003565  0.31578798948028197  0.32584298919388827
  0.33539979195702185  0.34534624000674935  0.35548496823870773  0.36555580933109705
  0.37535524734407028  0.38620325887759549  0.39653826347747456  0.40726303503041694
  0.41721835167286531  0.42722288703893541  0.43785821220988314  0.44834734691646094
  0.45837436054230724  0.46773542926310718  0.47700472787396164  0.48717624102249807
  0.49797032376282380  0.50939943237477137  0.52111151172064585  0.53255783370422882
  0.54352061364498494  0.55471356190674892  0.56553513207008455  0.57578862496746996
  0.58588080254825825  0.59682651667292563  0.60705267924081818  0.61622003074902021
  0.62521742165126215  0.63438436646945440  0.64382746458182227  0.65337393527460641
  0.66365484882143966  0.67411368143952166  0.68488028545370361  0.69598412734758586
  0.70701662810402743  0.71780451596722694  0.72804175920048531  0.73948848524637600
  0.75149168739724681  0.76265764682599257  0.77412141757410391  0.78623405898016863
  0.79827026839433679  0.81007239076328907  0.82164077668431079  0.83314795610386527
  0.84402308953678740  0.85523569610891381  0.86674788742234110  0.87652460323033687
  0.88516875787126337  0.89348255129651655  0.90269714416170344  0.91219495934363815
  0.92171995394266826  0.93147860479194033  0.94188571670818855  0.95312101091181645
  0.96461140774254850  0.97654506711390288  0.98808944627800988  1.00000000000000000
 -0.00303120085801196  0.01176951911973561  0.02269019884866231  0.03323203462434521
  0.04378503047101773  0.05497209173108766  0.06623946044467298  0.07676696281065691
  0.08700904030854247  0.09711493286906937  0.10696395391311453  0.11678837494011629
  0.12678101471796871  0.13645406167748073  0.14604434548808365  0.15592813980112011
  0.16592816002760841  0.17659809822292924  0.18780311362538260  0.19952263553138189
  0.21165172986137501  0.22319433594564617  0.23415556967504189  0.24455217451126030
  0.25455355685294440  0.26411288845373604  0.27350035286394619  0.28237049663985281
  0.29147992157003833  0.30061742697332305  0.30984902138926795  0.31955001597918142
  0.32976080358881349  0.34046254675734750  0.35180575941375392  0.36338255451204843
  0.37482214100521816  0.38588690742154047  0.39633562620035551  0.40649995184577026
  0.41662052600474564  0.42669126378761985  0.43629843299458615  0.44583125778948918
  0.45582385643838669  0.46733616153993096  0.47862496834964341  0.49036694259742220
  0.50235931530514344  0.51378993935143802  0.52467731175999233  0.53543778556746868
  0.54609808320371556  0.55719095637900129  0.56854586723796774  0.58040597026400753
  0.59129851163563496  0.60208162665056475  0.61297764214151296  0.62482795642925737
  0.63597948585028941  0.64687439676012792  0.65692311837771566  0.66722406130333767
  0.67790654926884586  0.68847171831694864  0.69955950370549935  0.71023556035726110
  0.72134525458557097  0.73166800154990108  0.74129063133793749  0.75065749046524588
  0.76108703502615160  0.77208569293347606  0.78327274404578806  0.79473994029523920
  0.80659157088155886  0.81818802998792817  0.82967535371296863  0.84024016708583926
  0.85004884900378608  0.85961666385937363  0.86943964200259627  0.87928169131188827
  0.88919728255584340  0.89969414529869307  0.91020016417187033  0.92012465114182673
  0.92958104385143892  0.93919628755373719  0.94919502257313737  0.95898011770407998
  0.96873610209902716  0.97880660921525375  0.98943075746014753  1.00000000000000000
 -0.00269590902313961  0.00955626709340154  0.01990885891824701  0.03012209476887666
  0.04031307044560248  0.05006469470374568  0.05987380458464300  0.06956478369976825
  0.07923875380507733  0.08863872338969127  0.09778072386572201  0.10714829253913830
  0.11660387069013863  0.12701252260200790  0.13814935570547213  0.14943798501889938
  0.16042691981898730  0.17095121737832578  0.18129996836384896  0.19212503771379966
  0.20335420251857977  0.21432444066170667  0.22503452180524350  0.23528049396029360
  0.24555930240173349  0.25593762326391584  0.26686040227865970  0.27818301331931733
  0.28874070072898406  0.29891537337528951  0.30891684023429250  0.31911018981068590
  0.32983910707221675  0.34095365848967391  0.35214034930396659  0.36311685977786395
  0.37430106121938439  0.38520538104219981  0.39563327139887383  0.40564479274441362
  0.41548548877263863  0.42492476634909465  0.43459614106968703  0.44506998362914657
  0.45606995801522582  0.46706262377193575  0.47806653664913629  0.48927774748158087
  0.50018146963753263  0.51094183111276426  0.52124164812814400  0.53212251769294716
  0.54328317527667302  0.55433385891915377  0.56511793880429184  0.57514965271222995
  0.58585112170371378  0.59602833938117794  0.60630877411832351  0.61681710359539776
  0.62788546662592415  0.63880023661830843  0.64955806874802180  0.66007580024731294
  0.67054362016620384  0.68083371421017580  0.69051057116806014  0.69957451397356663
  0.70888629814325221  0.71833552530521805  0.72757157390677540  0.73713079105469104
  0.74712955541384962  0.75727981992723925  0.76767701169772229  0.77828431398002496
  0.78931628419481992  0.80031821833485972  0.81078082254885031  0.82189767243988232
  0.83276083729553796  0.84357833174935914  0.85466531555820946  0.86633516853451964
  0.87822827705496698  0.89015897097301111  0.90178874838412271  0.91313161152885025
  0.92429618245751965  0.93525154687670153  0.94625524980548348  0.95747001879879989
  0.96883379067374298  0.97981532026913853  0.99019206433376961  1.00000000000000000
 -0.00255523261240911  0.00970558457930396  0.02114756703734696  0.03294614397957892
  0.04466468368216567  0.05625657118066237  0.06756746725296071  0.07852428060292110
  0.08910862769844433  0.09949006827318813  0.11074882211278679  0.12185586117381940
  0.13314600816727165  0.14458202501812123  0.15596334692984520  0.16684703416440780
  0.17710305476870047  0.18717914411325332  0.19763056459154602  0.20904001349443918
  0.22107769598475135  0.23229540337590704  0.24269324521513894  0.25297544201704486
  0.26328626723666859  0.27371959326435913  0.28388299367450587  0.29427440239293978
  0.30476205148429253  0.31535273195751562  0.32597268036824839  0.33663718126740211
  0.34772400556133282  0.35905628194002531  0.37031449829029112  0.38103286149155507
  0.39078412524106121  0.39980742490776094  0.40855872940784510  0.41756872429607395
  0.42668197124307361  0.43603833010520987  0.44642674300638679  0.45804605203283544
  0.46984331978038463  0.48079475929502780  0.49061253267105326  0.50002224720917621
  0.50956127913948890  0.51936116790527787  0.52948644120979405  0.53967367203476246
  0.54971482049952303  0.55987536227965362  0.57052021302626621  0.58119526303639513
  0.59116583974782710  0.60082057166580960  0.61040194218397370  0.62047676548480646
  0.63034893280124638  0.64018563436772979  0.64977657539309519  0.65907779060671379
  0.66811158338559440  0.67734137852646281  0.68702018823676847  0.69745476801857065
  0.70765979877345075  0.71775315112262239  0.72777177333882270  0.73717324261174844
  0.74627980838203967  0.75541585958025426  0.76544461085523241  0.77664616721754176
  0.78851249554927449  0.79999921583540134  0.81078903796237389  0.82121182080027388
  0.83167521761392049  0.84362000090700073  0.85626118089683634  0.86946490369745011
  0.88182308843389534  0.89414932652359846  0.90614088392134995  0.91812350583350910
  0.92877188776168684  0.93910009936120609  0.94922921991015552  0.95935509347509196
  0.97017711540423346  0.98037665153422626  0.99042886269846830  1.00000000000000000
  0.00417899764221389  0.03380827437269315  0.05099103054406433  0.06294407058363521
  0.07331401835838325  0.08274437383868266  0.09164041230575654  0.10004150967491816
  0.10797859070044093  0.11519610251204605  0.12234931675647460  0.12947062727711012
  0.13637979912103654  0.14315644446929063  0.14985063661006334  0.15647073676814341
  0.16298529223722943  0.16929484879350976  0.17557131773315340  0.18220790496119835
  0.18870284219834019  0.19504041690017757  0.20060024038561444  0.20613744825750219
  0.21140155683635639  0.21660167719704035  0.22163624252899281  0.22660897221780879
  0.23188308717414466  0.23758566900424002  0.24351562345093616  0.24947899798212880
  0.25558643939733888  0.26181835857541019  0.26810665795987554  0.27435224313875162
  0.28054200193927070  0.28684462717362647  0.29330002293955515  0.29989284917862247
  0.30645936650098748  0.31316220869406086  0.31975884981825375  0.32638691291449767
  0.33287201596115379  0.33959828695363786  0.34646645186329950  0.35281818720920388
  0.35919692071981685  0.36542886669295366  0.37199908154604450  0.37886430577013502
  0.38595251729815250  0.39317620734899245  0.40044925771867868  0.40791935190708067
  0.41522216204871143  0.42208202401342942  0.42888031289128720  0.43598254389373620
  0.44342755947834689  0.45080193784635963  0.45825077052258611  0.46604177470188218
  0.47414155391899571  0.48213404528864690  0.49052077387154691  0.49903706507374213
  0.50763505834877831  0.51622090479320426  0.52505901031952595  0.53444907140700615
  0.54451744802507729  0.55461201503761171  0.56511777623630655  0.57540760472406172
  0.58594296202584961  0.59567949571704226  0.60551542188601537  0.61551513743035235
  0.62602686808625285  0.63713229276667649  0.64828035331680789  0.65932049739494636
  0.67061357838745217  0.68290935254609553  0.69672614883803885  0.71168755408213003
  0.72736310779482982  0.74488002307550516  0.76459559744047956  0.78705868568470816
  0.81235277779137871  0.84183952772912773  0.89013901449544541  1.00000000000000000
 -0.01542337622992354  0.09687292850878076  0.13374651899158102  0.15674297971555287
  0.17419584902555219  0.18979996677206140  0.20410022190887461  0.21670373448348876
  0.22794280010207449  0.23871311864058617  0.24869976098413241  0.25749692071704433
  0.26578737462121749  0.27409314791958345  0.28255722352297674  0.29056862741926820
  0.29814183601239730  0.30522783831135875  0.31224058410528160  0.31886574137033447
  0.32527628808053793  0.33155183977884750  0.33825670067109487  0.34538228611854666
  0.35242600393791218  0.35963836942615462  0.36685535561640154  0.37346027423226180
  0.37972180329656258  0.38575616469966528  0.39179793884031777  0.39784799787769376
  0.40382626608210676  0.40975962961706441  0.41585860243885731  0.42195150124819325
  0.42807557422378267  0.43408711018875734  0.43990963044022818  0.44558740486465875
  0.45117166181719892  0.45658337795562576  0.46203866770610658  0.46778854691769983
  0.47330902325470303  0.47890263698492064  0.48440844568847569  0.48980196638565893
  0.49518922511461960  0.50098693594536992  0.50710953298187778  0.51328726984402695
  0.51928348476382513  0.52497833570138119  0.53016591668912083  0.53509503811437631
  0.54014835180953413  0.54545573097324396  0.55089084306307567  0.55652977775229939
  0.56217498918720166  0.56760928505108077  0.57298065158841582  0.57841377772908198
  0.58406786958931456  0.59003390961690394  0.59607357787172066  0.60215441892238386
  0.60842122588986081  0.61522265236974605  0.62244321664698532  0.62972378363046377
  0.63688703741615360  0.64377822155651643  0.65043151150213785  0.65714875547659068
  0.66419279241951601  0.67158394424132695  0.67905686037061153  0.68671881910759947
  0.69442429477526424  0.70227636072854838  0.71021216549168664  0.71853627046271251
  0.72733589357584072  0.73671497860014667  0.74660981771455692  0.75800213241853043
  0.77084286103170485  0.78664543799043396  0.80352775519175679  0.82182002268272403
  0.84285286332894371  0.86832956649341386  0.90702890096695976  1.00000000000000000
   1.0707830133417216E-056  -1.0000000000000000     
 T F T F F F F F T T T T T T T T F F F F F F F F T T T T T T T T F F F F F F F F T T T T T T T T F T F T F F F F T T T T T T T T T F T F F F F F T T T T T T T T F F F F F F F F T T T T T T T T F F F F F F F F T T T T T T T T F F F F F F F F T T T T T T T T
  <DiscreteSampler_grid>
  grouped_processes
  1 # 1 for a reference and 2 for a running grid.
  10 # Attribute 'min_bin_probing_points' of the grid.
  1 # Attribute 'grid_mode' of the grid. 1=='default',2=='initialization'
  0.0000000000000000 # Attribute 'small_contrib_threshold' of the grid.
  0.5000000000000000 # Attribute 'damping_power' of the grid.
 # binID   n_entries weight   weight_sqr   abs_weight
    10   10   1.138580903849794E-044   2.891800729910531E-088   1.138580903849794E-044
    11   10   1.138580903849791E-044   2.891800729910515E-088   1.138580903849791E-044
  </DiscreteSampler_grid>
