 -0.00025854099625973  0.00680405156202507  0.01697450762769053  0.02802952340863487
  0.03904300654979355  0.04981272830599501  0.06034345369640769  0.07101830094385007
  0.08168523706754008  0.09225598092225025  0.10231251258387615  0.11186454013397816
  0.12115280688950644  0.13022267950026609  0.13963008177925201  0.14887523891072263
  0.15817306574411741  0.16737167828181473  0.17642688281690772  0.18512016657251293
  0.19377149967789084  0.20231411567792307  0.21087669677439705  0.21964631959662134
  0.22860014058261308  0.23764577352817634  0.24655012577107396  0.25550111246724433
  0.26455713251264668  0.27348540438816138  0.28240812745474381  0.29140885036920250
  0.30029084525206606  0.30904867555420851  0.31771337598111965  0.32615659089067250
  0.33443321446696667  0.34262876812284010  0.35082954977340075  0.35890849896109583
  0.36677556320867083  0.37447653779659867  0.38212795095488628  0.38989008926454666
  0.39767377950507277  0.40559140929681314  0.41364378132545482  0.42196332379844387
  0.43030664806860314  0.43869014370656523  0.44704134898183973  0.45538129645371728
  0.46387859632517253  0.47247304992948919  0.48090214714290497  0.48950530847899798
  0.49832685946718536  0.50717636575734415  0.51589209758940902  0.52443626127642706
  0.53285683550716800  0.54129439749433306  0.55002850894910083  0.55904162188056716
  0.56833907343729706  0.57783791769803516  0.58731827103693690  0.59662529755010796
  0.60580389158129477  0.61499071298584562  0.62425365299933722  0.63360092450075467
  0.64303725827136260  0.65263196545182534  0.66244524477459932  0.67234743979259048
  0.68243221263668608  0.69252295615379045  0.70260801982798660  0.71300193776358678
  0.72422503194053978  0.73545756128187134  0.74688890991488688  0.75853475651001223
  0.77113328349566757  0.78474328855214703  0.79875656464819611  0.81282535938803702
  0.82771162078385796  0.84335928174451791  0.86125099924893156  0.88170230324215215
  0.90303867977422581  0.92867663612889384  0.96176725023457499  1.00000000000000000
 -0.00205655262152128  0.00931890196791036  0.01865999704740663  0.02884934955790453
  0.03934539910115113  0.04990163802314566  0.06034107756363054  0.07168815216743409
  0.08307790332957780  0.09362130907171626  0.10384663187427656  0.11432239621252621
  0.12482460880508675  0.13503253829454717  0.14497685828174051  0.15502079007172073
  0.16537022251883779  0.17600479729264148  0.18693415395333005  0.19813341018012456
  0.20898780618277801  0.22057513067106188  0.23139388768873140  0.24205662952897641
  0.25239688244854047  0.26243865960409779  0.27280073654929227  0.28286608181007056
  0.29320235581405923  0.30361362096590572  0.31435167923258178  0.32497162981070382
  0.33578907692225196  0.34597864916226118  0.35602198229249987  0.36412953370002205
  0.37293595265282736  0.38217543786891367  0.39154116677234085  0.40072393626093028
  0.40947318456394127  0.41934814756744709  0.43119056131729233  0.44398958453227039
  0.45659075189270187  0.46866989521535879  0.48064081273330311  0.49307567999936669
  0.50514225750198694  0.51563539743551856  0.52580043450495273  0.53595375210330298
  0.54610320418094083  0.55616156526676752  0.56661960063058259  0.57719416565404369
  0.58765137662442224  0.59805058866851668  0.60903909950636481  0.62054437853910338
  0.63342580167941742  0.64615111223403321  0.65728085737940767  0.66863327492870206
  0.68041977239006024  0.69155958320228228  0.70169204163812560  0.71150673659752173
  0.72122706155591898  0.73078132156808606  0.74022215208946696  0.74960905783843013
  0.75903362021195886  0.76824736492488621  0.77846133084741431  0.78905362329807882
  0.79979167366868831  0.81064337349729998  0.82187179660134024  0.83283313510105328
  0.84291689402823422  0.85271645791881467  0.86281321811016976  0.87361958185563449
  0.88479301622256801  0.89635986883390262  0.90813157894751162  0.91946271942192248
  0.92994842118878296  0.94043380189305537  0.95058198326918664  0.96070130391720054
  0.97044506443769507  0.98027040931419207  0.99012264154701168  1.00000000000000000
 -0.00966045147953672  0.05747837651184780  0.09106321768925295  0.11568632864877020
  0.13689095781788643  0.15586127085223533  0.17318342836282868  0.18843747951980969
  0.20387358001450517  0.21863502663676207  0.23189072578675243  0.24389879386228125
  0.25471729541155125  0.26479892661955151  0.27474577051553284  0.28490344959403335
  0.29487687195364876  0.30425192999687267  0.31343682897375824  0.32262913237669105
  0.33169865471114507  0.34077073337115182  0.35000680186487154  0.36000360876978915
  0.37048976476599660  0.38014008913341751  0.38873731680171864  0.39755775481145555
  0.40545635075627112  0.41279265884845906  0.41982629046107345  0.42655394383696354
  0.43325447615464641  0.44044098045368307  0.44787631609023776  0.45541422745087107
  0.46302445372100709  0.47089743779845811  0.47871559427823529  0.48661815266184177
  0.49456372514932301  0.50214821623130623  0.50937247409288300  0.51652203000065977
  0.52371672760779031  0.53084578092750334  0.53788582463735357  0.54452755216450777
  0.55058713739944287  0.55658974720806209  0.56252762166162973  0.56887999284449564
  0.57523627040545822  0.58167952755424490  0.58819640972073228  0.59482199513953915
  0.60156110355739789  0.60857868361180090  0.61590528314451731  0.62317196017324350
  0.63041911993301591  0.63778940203989276  0.64509276097305790  0.65219509305703771
  0.65913059318612055  0.66599630796259046  0.67297879336982780  0.68010116886433425
  0.68746251090084642  0.69512442578276623  0.70300034821057455  0.71077631397511010
  0.71847647454673513  0.72616931732506185  0.73404725300392237  0.74212080056377661
  0.75039754109448897  0.75879421532748592  0.76756071072282028  0.77667770935155522
  0.78617876696848288  0.79550263131861798  0.80435270656966584  0.81335424804586565
  0.82248800588028759  0.83183269009572069  0.84159412090541064  0.85160278705534953
  0.86225764858057219  0.87364398866868842  0.88598811638537123  0.89961569876542291
  0.91430389674848012  0.93106230572506299  0.95341711712139454  1.00000000000000000
 -0.01473391811772599  0.09350163790876309  0.13022722848726442  0.15387402277766632
  0.17294589073762040  0.18878533019250232  0.20280488189074991  0.21528909098771754
  0.22609513372167406  0.23725939756137090  0.24786014952359178  0.25797120955956282
  0.26711628578121793  0.27618988262059424  0.28509480078680283  0.29354536597406622
  0.30156468235866896  0.30924025883917100  0.31751645465544032  0.32573473238446898
  0.33381947707640852  0.34168059714715676  0.34906018837525132  0.35645247443051731
  0.36342448749835898  0.37042350814135455  0.37714205525537714  0.38370537709423624
  0.39018720872808343  0.39652490580648347  0.40268835529954394  0.40873400343341448
  0.41487030959092752  0.42106368085137541  0.42723211414014900  0.43324303992492968
  0.43908740619450437  0.44469920836904581  0.45018000859783669  0.45563477527249602
  0.46147921330641656  0.46756614473544933  0.47360205407223843  0.47951223820238054
  0.48532592791683293  0.49106912801912095  0.49710574718540029  0.50252959329752445
  0.50788663986583538  0.51338820861543544  0.51896141225559633  0.52447683912731868
  0.52981159080841855  0.53493822389971002  0.53999044963006071  0.54501571337873334
  0.55021027306481829  0.55551142657287789  0.56089093215552788  0.56661860647830464
  0.57266123005693570  0.57885106532456376  0.58520643760605218  0.59132966150533717
  0.59718170358719691  0.60284970881358602  0.60850008333563210  0.61431826367430176
  0.62035494844293693  0.62651271356164429  0.63272397206556030  0.63906927937718505
  0.64561257884611489  0.65254591255996475  0.65983603487341103  0.66711396056219752
  0.67476274923445745  0.68243888639324923  0.69035139172056614  0.69851851841160051
  0.70719385453111339  0.71621263135193169  0.72552043136146582  0.73468485399335837
  0.74398633556245752  0.75386946519256171  0.76438801738933360  0.77492446866789755
  0.78586111039976481  0.79823418380749511  0.81223979787424527  0.82825722417838465
  0.84789517967040984  0.87249578698582975  0.91057875622187279  1.00000000000000000
   2.8928802552423251E-009  -1.0000000000000000     
 T T T T T T T T
  <DiscreteSampler_grid>
  grouped_processes
  1 # 1 for a reference and 2 for a running grid.
  10 # Attribute 'min_bin_probing_points' of the grid.
  1 # Attribute 'grid_mode' of the grid. 1=='default',2=='initialization'
  0.0000000000000000 # Attribute 'small_contrib_threshold' of the grid.
  0.5000000000000000 # Attribute 'damping_power' of the grid.
 # binID   n_entries weight   weight_sqr   abs_weight
    10   10   5.855869548962359E+003   1.049836903942383E+008   5.855869548962359E+003
    11   10   5.855869548962359E+003   1.049836903942383E+008   5.855869548962359E+003
  </DiscreteSampler_grid>
