 -0.00003058055200274  0.00042342391203941  0.00127720777262698  0.00265849475075303
  0.00451650870401933  0.00695052259568037  0.00987996907317620  0.01308753545699557
  0.01688299462264629  0.02119127924802874  0.02566012084159560  0.03043809140747412
  0.03565615520786186  0.04140816157120942  0.04752869092882751  0.05363473634051670
  0.05995921599334000  0.06670697853712758  0.07377369653254341  0.08097385605207122
  0.08832152304813974  0.09595384371546378  0.10405339213959541  0.11251159070305727
  0.12107695617298611  0.12993214141957199  0.13908490965741371  0.14802763147619910
  0.15670473433273668  0.16541035864562956  0.17412814995904743  0.18267698249997602
  0.19135500363406502  0.20032934924891663  0.20946651351173054  0.21926298095514193
  0.22886330203114780  0.23904834879545231  0.24958033335916308  0.26061738606387880
  0.27215152852648855  0.28350237813657508  0.29468627633848166  0.30568912357846523
  0.31644119210204941  0.32719414352361570  0.33797602906888624  0.34909614845561787
  0.36055747824059065  0.37225164319914916  0.38382277045027297  0.39502852949439815
  0.40723243643029444  0.41960921069757406  0.43188601389018422  0.44453253679553828
  0.45776162663882503  0.47038420297035777  0.48363255416332257  0.49767838192757630
  0.51192147792476661  0.52609915309942057  0.54017488069926622  0.55395827368441708
  0.56776099128732982  0.58142480801673546  0.59494504822556593  0.60825998871209053
  0.62105824571093471  0.63424269389062560  0.64747395029231536  0.66094314030673640
  0.67451731291804595  0.68801546965900606  0.70164408351889296  0.71501131014398611
  0.72822119931317164  0.74131351101630949  0.75462844629611425  0.76858451024959973
  0.78281290736044473  0.79714569987041983  0.81141460088098760  0.82559289403246838
  0.83971399269091351  0.85391523482979304  0.86763645353036667  0.88144630577543748
  0.89574979488364814  0.91068105545880151  0.92601135425856596  0.94120979930623683
  0.95619265725865776  0.97090380144578170  0.98541879591654924  1.00000000000000000
 -0.00254258466806900  0.00923523890081878  0.01956934152605617  0.02979826015450698
  0.04035119312590627  0.05002593123883811  0.05959134248442940  0.06880618222987095
  0.07792697765011791  0.08707282165887803  0.09654672031879352  0.10616961718653327
  0.11547132788292852  0.12478291936944692  0.13411739057581448  0.14367812768293939
  0.15321393032458691  0.16261282127928636  0.17258800434249827  0.18303494258574954
  0.19389247941875101  0.20460596590773839  0.21478966974313052  0.22480929690530510
  0.23542657038003870  0.24651105426431102  0.25752140645681748  0.26800957566872363
  0.27820074243199105  0.28870840314647167  0.29956074401164018  0.31060502169976867
  0.32100876380922100  0.33108935962047570  0.34074355575324783  0.35038916472559689
  0.36027713298513608  0.37027285401225013  0.38092951882102255  0.39173505943712111
  0.40348885637200027  0.41509704400546243  0.42643279318711530  0.43808484347443150
  0.45004720231504231  0.46145037964329072  0.47213097206371329  0.48261139753183496
  0.49322387290696901  0.50404624694899103  0.51449290570208173  0.52478376097288015
  0.53505846697051462  0.54570972668989115  0.55745211474771461  0.56896596613354378
  0.58021260193385604  0.59112338833205613  0.60165432520017048  0.61185253509754900
  0.62127511681792380  0.63052881305993480  0.63962953400137590  0.64888095639408527
  0.65833434110598510  0.66820990092475774  0.67863835371177283  0.68932883840586578
  0.70052741081841274  0.71213683054211896  0.72377273191672831  0.73589256349655263
  0.74796932690884821  0.75974652643228979  0.77096058195492223  0.78191539217851991
  0.79278824335864984  0.80311495977102976  0.81385867297732706  0.82533485865164924
  0.83665242460611122  0.84840827333301283  0.86245106748136480  0.87664973873373886
  0.88758821076467531  0.89808155454194183  0.90869487005877303  0.91870484663801666
  0.92810168253910763  0.93792673771910029  0.94793316209609080  0.95813114191263049
  0.96802861640896232  0.97788701839574821  0.98893872082367507  1.00000000000000000
 -0.00216002940396375  0.00959459563448255  0.01873296869024141  0.02649701172973347
  0.03386872600864665  0.04074848836063349  0.04710754229677760  0.05317594414150469
  0.05923246396792006  0.06512583477111183  0.07093741160745144  0.07677286693191636
  0.08263700656883791  0.08781903224193684  0.09271309040806115  0.09771043106976256
  0.10280596695197958  0.10794336427613113  0.11312209979499976  0.11840579894135485
  0.12343550512517679  0.12830067300680231  0.13321713158188692  0.13830281452155219
  0.14331668543993800  0.14827658454301751  0.15315912992349653  0.15820129967901256
  0.16324281454495798  0.16839572446943726  0.17373209685069746  0.17927330869805672
  0.18500961203743777  0.19090385970453411  0.19709529482796362  0.20294394705982186
  0.20869978223166530  0.21508947608687023  0.22157562784660259  0.22795024742565115
  0.23410977360747925  0.24018872638123853  0.24644295959863993  0.25262352959399464
  0.25876895509321629  0.26498842430756109  0.27126183542140958  0.27756928497326622
  0.28396905931086336  0.29051328565273571  0.29770143652775033  0.30505732502371857
  0.31224217796862452  0.31920650091076425  0.32606509626246966  0.33304648555574934
  0.33999500454688986  0.34699942372173531  0.35407558385122861  0.36107125452897043
  0.36809502305208908  0.37526331853281986  0.38278473136689911  0.39045500932980137
  0.39825935000084545  0.40627879723108545  0.41421232100478200  0.42296952722168490
  0.43193554958297126  0.44342782111976897  0.45607857693706372  0.46795524547864464
  0.47893054061628881  0.48886274138065744  0.49901109734269100  0.50889507457915062
  0.51890748944316378  0.52917797402018429  0.54005313838860114  0.55191712025528561
  0.56442272705385887  0.57715063961121282  0.59077904465158249  0.60570222343194779
  0.62163923667983967  0.63919223793272550  0.65689413152559217  0.67530116316830668
  0.69598623779191882  0.71947075721211551  0.74518540797414268  0.77117112396583232
  0.80198573839383902  0.84179586887428870  0.89931088624243338  1.00000000000000000
 -0.02042596902206430  0.12579568805687413  0.17616348757434397  0.20979129478372663
  0.23904437814204488  0.26329779912618267  0.28313443967320812  0.30147869995972332
  0.32006596972492424  0.33693775575723534  0.35202271462440043  0.36591143153916683
  0.37874335591626740  0.39085806766477288  0.40294051243434320  0.41521685189335372
  0.42742411391306978  0.43914889944214508  0.45053688264223563  0.46162955469025119
  0.47180797243884054  0.48194839949915574  0.49125815630608322  0.50053864862367048
  0.50884236621819001  0.51703521750660397  0.52547454655591941  0.53418337780827119
  0.54269456339050459  0.55060881112616444  0.55830223713458127  0.56622122480797998
  0.57435128895510656  0.58223082598183051  0.58945321873925716  0.59636692338675157
  0.60340121944282232  0.61063702552723220  0.61770009912282930  0.62455251854858140
  0.63102193098188342  0.63728133727239711  0.64348162907831929  0.64975058591563029
  0.65605630766769185  0.66242082810609526  0.66875581451056021  0.67503272509384060
  0.68128487166337282  0.68733072287915165  0.69268248701582225  0.69761402523940563
  0.70236685045715408  0.70709065872820209  0.71195983696961529  0.71696297432627221
  0.72196499340840370  0.72686539723774435  0.73158210104637966  0.73625928692212894
  0.74097538555086773  0.74569821883405618  0.75053222636896000  0.75551775283347145
  0.76057565153053397  0.76564480486346609  0.77090426406540247  0.77600909690183717
  0.78092837142770577  0.78570846014787554  0.79043602630876075  0.79524674574801846
  0.80023739238059510  0.80514045580357163  0.81005928284912887  0.81502174705027208
  0.82007793551868891  0.82533752189343212  0.83071865756041541  0.83606523777125819
  0.84134372984581896  0.84659490218772560  0.85177830751335060  0.85691755259551650
  0.86208549210319418  0.86742211537089409  0.87317919971251223  0.87974689012893015
  0.88680037789314370  0.89347162645311917  0.90158071530313721  0.91041756192327949
  0.92120721942310779  0.93487536983407893  0.95545255313780530  1.00000000000000000
   9.7208052136214241E-015  -1.0000000000000000     
 T T T T T T T T
  <DiscreteSampler_grid>
  grouped_processes
  1 # 1 for a reference and 2 for a running grid.
  10 # Attribute 'min_bin_probing_points' of the grid.
  1 # Attribute 'grid_mode' of the grid. 1=='default',2=='initialization'
  0.0000000000000000 # Attribute 'small_contrib_threshold' of the grid.
  0.5000000000000000 # Attribute 'damping_power' of the grid.
 # binID   n_entries weight   weight_sqr   abs_weight
    10   10   1.814116032800160E-004   6.671408894271268E-008   1.814116032800160E-004
    11   10   1.814116032800160E-004   6.671408894271268E-008   1.814116032800160E-004
  </DiscreteSampler_grid>
