 -0.00020689311097051  0.00628013344124536  0.01626843100487073  0.02717334435265652
  0.03847159067744828  0.04927813685309386  0.06001312127431334  0.07070292559242772
  0.08103253286046791  0.09158738075751914  0.10217480198245177  0.11227139848489848
  0.12210201281086031  0.13172547191346271  0.14118600167439632  0.15053668312973303
  0.15995209295922114  0.16939492469926395  0.17880060421604654  0.18806893640482930
  0.19721366284481462  0.20622091924512484  0.21496323510925186  0.22367941332147284
  0.23240218863425841  0.24107092163187691  0.24968862064982048  0.25828377209512576
  0.26689176333702336  0.27553407773018557  0.28434578541538191  0.29306435054840047
  0.30158779198586561  0.31008576920603920  0.31826875480444378  0.32651859988660259
  0.33479588383993841  0.34311650016397971  0.35143250191989572  0.35988643522456620
  0.36849371682790166  0.37715171020680449  0.38575465353692573  0.39424236970274418
  0.40257595242239819  0.41097445274515815  0.41932962458075840  0.42763056253437404
  0.43586791023379090  0.44408302819199563  0.45231306235537416  0.46049435388530702
  0.46849816296014013  0.47665893058032699  0.48505185040469728  0.49328081989294864
  0.50142772333707142  0.50958674167683349  0.51793709984103820  0.52663838735142499
  0.53534767731842758  0.54405739476763748  0.55270944546345346  0.56145155986408446
  0.57021462382848187  0.57919385522005051  0.58869476287012124  0.59818180897623385
  0.60774905014813307  0.61742263442521983  0.62720566874490424  0.63711471423525745
  0.64717007572605312  0.65730024277372279  0.66741750158285618  0.67736630634846118
  0.68756340450994702  0.69816765770494649  0.70887833108565257  0.71976243678841556
  0.73092980528443463  0.74231113241203073  0.75400000425396752  0.76613750135354075
  0.77881713371343964  0.79187463308284967  0.80521180711904938  0.81897878365785159
  0.83352714186652910  0.84935824614813848  0.86663405033119667  0.88418633254487866
  0.90431255106309849  0.92809788533029502  0.95982566055650220  1.00000000000000000
 -0.00254064716104089  0.00934997541413694  0.01969547013208770  0.03071985157542443
  0.04169631235786619  0.05258022517924775  0.06331702339398478  0.07420459456962757
  0.08506217305203753  0.09589154662833850  0.10657194314294016  0.11715357750236249
  0.12806391136222109  0.13946483596574041  0.15058575424221649  0.16162068035765831
  0.17315789779752852  0.18485822928997603  0.19625952186639686  0.20745437117695176
  0.21876971644221660  0.22999146708165963  0.24106183182066623  0.25205363230989769
  0.26303022719375885  0.27408081662292344  0.28489132376978371  0.29538787782533282
  0.30574397802587339  0.31627063427210228  0.32711547906214988  0.33810384369451635
  0.34888557561984945  0.35944016039336496  0.36991182796832445  0.38053855424617422
  0.39143955324957219  0.40208352667696656  0.41257574752597526  0.42312998186905126
  0.43379745900521122  0.44441864732043868  0.45446264404482550  0.46467032522266177
  0.47528701786491173  0.48607300688700850  0.49690882551670840  0.50732015379148121
  0.51758822415069417  0.52814352945642196  0.53854622798296325  0.54847333978812141
  0.55815747688070871  0.56819260549096373  0.57876409738756951  0.58951573048246242
  0.60028967747341777  0.61104444860470319  0.62172165749965846  0.63213927611527909
  0.64254113644529554  0.65323935628946117  0.66403193249532622  0.67450080132019097
  0.68459092381072617  0.69466153354432214  0.70475791580956504  0.71482937323643880
  0.72494298740482088  0.73494000160334061  0.74474860139266197  0.75445127279962731
  0.76409805526012242  0.77388383825193829  0.78376328975254517  0.79362743429338656
  0.80372769808908007  0.81415530162186112  0.82458446800355489  0.83487273111875993
  0.84484134853560844  0.85507845550334893  0.86578889611221266  0.87599806725022455
  0.88599435984729402  0.89617384255665056  0.90724392177869739  0.91848319884559837
  0.92904447240527899  0.93907600055085971  0.94939860770848705  0.95984419702760515
  0.97010305965678711  0.98053513330161479  0.99047306689690362  1.00000000000000000
 -0.01065350223098090  0.06473257328572682  0.10065359270343846  0.12678621175438634
  0.14912137705960202  0.16958602862955877  0.18862205045802827  0.20657587152390319
  0.22283242735064779  0.23719424027355177  0.25068909272941831  0.26311702476215465
  0.27489321281812740  0.28583151523369987  0.29681097034359782  0.30821514873051103
  0.31974511359372454  0.33101956085792972  0.34197285740224181  0.35259141752565415
  0.36264847108477899  0.37246120538860755  0.38232160542316163  0.39202407935707045
  0.40129193611656200  0.41014518639041792  0.41889468152284032  0.42764520250655907
  0.43619899061099177  0.44434377393223590  0.45231461194211070  0.46041300126245183
  0.46847258674285414  0.47643413319664629  0.48430022461292072  0.49212354657596358
  0.49989148627162416  0.50773317057329026  0.51539029505109746  0.52295490397470967
  0.53063225767166311  0.53836656775805170  0.54635048068420577  0.55471281835657793
  0.56277512891080306  0.57047833283731664  0.57822263906616511  0.58602271651799975
  0.59372716484210919  0.60122972953539655  0.60857968239251603  0.61594383756524318
  0.62329991753079594  0.63063236927629496  0.63796606550728097  0.64520623222357620
  0.65207446347712827  0.65854455506929832  0.66508993887386270  0.67181003896297675
  0.67884792171625263  0.68613145418825239  0.69334888205162648  0.70039709664564931
  0.70740797513381526  0.71453911102041012  0.72181110306466167  0.72916780105101608
  0.73653386142977839  0.74378006393673046  0.75107021164341981  0.75835965689081331
  0.76550621781088413  0.77269547020223950  0.78031028519397727  0.78801075148575517
  0.79584737377828296  0.80371551527205409  0.81134548191650657  0.81868756468906356
  0.82601426406727896  0.83361642693154736  0.84132729634175019  0.84912743101425847
  0.85731969493218319  0.86574287179119158  0.87422333299461696  0.88324843143938425
  0.89282001070871642  0.90273493581063236  0.91306001490655286  0.92432566616119161
  0.93677688581365337  0.95096484080802046  0.96996722462691987  1.00000000000000000
 -0.02159855755578898  0.13960469429961606  0.18911291560519991  0.22175239485900677
  0.24900195301139000  0.27333325208157666  0.29484742230755234  0.31405550357882006
  0.33117727452869972  0.34755015350149565  0.36291097683129003  0.37747951567010785
  0.39166806934320997  0.40475567998906486  0.41683754807649565  0.42812100644733198
  0.43892981003054776  0.44905220932824869  0.45867941945676233  0.46784641463180365
  0.47698435407994538  0.48622896385433151  0.49539715712072230  0.50422541393537701
  0.51286881650039629  0.52118757554703266  0.52963275530445397  0.53819384416664739
  0.54605518596078861  0.55352757629868554  0.56058590298786259  0.56723974474102268
  0.57365356546524315  0.57995803609134189  0.58605995998730365  0.59191402932913073
  0.59759893405476738  0.60323335941985534  0.60896349043801401  0.61473214719472247
  0.62038913048209632  0.62603885893276301  0.63174407826761980  0.63741028890817775
  0.64303617812111802  0.64855915939436948  0.65400937508966550  0.65942926042475536
  0.66486993239401726  0.67022761073974280  0.67544659844076416  0.68066778272726380
  0.68587797186308574  0.69108248179497256  0.69622084774665338  0.70134697673015811
  0.70633590996520612  0.71122566260924913  0.71604284025331399  0.72081351940975946
  0.72561161011853337  0.73047175603685144  0.73525989989239104  0.74002847008573580
  0.74472844420128492  0.74935547613374431  0.75404822853037634  0.75887584231855432
  0.76379081720314068  0.76874496866266218  0.77373611412262433  0.77873855626190480
  0.78369687110698150  0.78869246284211636  0.79354690767802982  0.79835503948150033
  0.80315008823363332  0.80800075020023032  0.81301560904500936  0.81812861825680894
  0.82331382675472287  0.82854517070301592  0.83391130618580955  0.83951597551035384
  0.84520508674183559  0.85106032930257314  0.85751692801941382  0.86446762382334852
  0.87175511002895867  0.87945555590905189  0.88793431608127649  0.89757179909038198
  0.90978026317050742  0.92497413289381891  0.94765670735407426  1.00000000000000000
   1.5250068787620794E-007  -1.0000000000000000     
 T T T T T T T T
  <DiscreteSampler_grid>
  grouped_processes
  1 # 1 for a reference and 2 for a running grid.
  10 # Attribute 'min_bin_probing_points' of the grid.
  1 # Attribute 'grid_mode' of the grid. 1=='default',2=='initialization'
  0.0000000000000000 # Attribute 'small_contrib_threshold' of the grid.
  0.5000000000000000 # Attribute 'damping_power' of the grid.
 # binID   n_entries weight   weight_sqr   abs_weight
    10   10   1.929293193377445E+004   1.313160894803701E+009   1.929293193377445E+004
    11   10   1.929293193377445E+004   1.313160894803701E+009   1.929293193377445E+004
  </DiscreteSampler_grid>
