 -0.00090070508026867  0.00455648391400738  0.00691650262037963  0.00929708986863277
  0.01187880243961977  0.01487982534898253  0.01809389355301286  0.02164487664646409
  0.02548026739351746  0.02973854788223803  0.03428993704414504  0.03877009129955066
  0.04351038885827032  0.04888490196446106  0.05452707333840477  0.06009717000528182
  0.06606680229295210  0.07259078294194775  0.07939627202190770  0.08592282926990692
  0.09254329056227652  0.09962802474831445  0.10732064857435733  0.11559582106837490
  0.12419874472073753  0.13264437709891833  0.14085901150166596  0.14925027724449155
  0.15774578218746532  0.16656840855643754  0.17538379604964624  0.18455177642843837
  0.19364028052676163  0.20313401653975960  0.21300893895318745  0.22379396264455034
  0.23447570766478307  0.24478678060215317  0.25510548485436546  0.26558091185905119
  0.27607040663613536  0.28679341089495880  0.29775171424422142  0.30919107191112788
  0.32101595951526901  0.33295934356547202  0.34487091162490008  0.35675668918605197
  0.36881711023013464  0.38108559200658554  0.39297649601659090  0.40492620880960334
  0.41690415420193455  0.42896514001362462  0.44099292143266566  0.45314216546513802
  0.46601879674871977  0.47900088749371944  0.49169942750110268  0.50417656236251429
  0.51651515418719374  0.52883659000417926  0.54136099737080479  0.55417165552034231
  0.56702348433332184  0.57994955878463139  0.59285761784279956  0.60606161841672235
  0.61962681683826382  0.63341323883801992  0.64731353366248945  0.66137317717738098
  0.67588878739539893  0.68997188161707534  0.70409966639312205  0.71797991371342640
  0.73158442030868387  0.74507430237350047  0.75863677110526706  0.77231462503408388
  0.78599423183020023  0.79974204710752927  0.81374631550091414  0.82765102165935078
  0.84144978124373282  0.85539102530875644  0.86908420580495216  0.88244849961360072
  0.89657107399047831  0.91106341318042983  0.92548244374597533  0.93989832463831069
  0.95486510190834539  0.96987692229647460  0.98491637850868552  1.00000000000000000
 -0.00244674853326306  0.01010749137006561  0.02150276874961643  0.03323024100970011
  0.04481314611427840  0.05586809468120953  0.06672054759946992  0.07753786341164477
  0.08868167570921731  0.10013719728301430  0.11205315233314872  0.12385886510868901
  0.13563695040066798  0.14730720054573015  0.15879345400487968  0.17021810409846766
  0.18162838058938502  0.19320519485561966  0.20486674289490858  0.21632091134388057
  0.22755414954482547  0.23875049920442462  0.25008691659792637  0.25993973709003931
  0.27016832421996984  0.28099941404703316  0.29220681376203123  0.30270528375375538
  0.31278315865977380  0.32343828376840650  0.33448539663875304  0.34526955708425777
  0.35549634986041567  0.36524438238615359  0.37479385464125337  0.38443523921495293
  0.39422874061746693  0.40371395622331130  0.41295291184413524  0.42227563925736628
  0.43222190347831346  0.44274921379911303  0.45361086453065419  0.46420441303615512
  0.47473197226510777  0.48489919369207068  0.49476506800866438  0.50475929142889731
  0.51506177911996132  0.52590838179250621  0.53681038504415890  0.54665612461313262
  0.55550286418654704  0.56442554056008065  0.57357917989640295  0.58295330207389207
  0.59228637942437845  0.60155095870453668  0.61137981755350079  0.62153390665850095
  0.63177836412509258  0.64204157816400276  0.65232318087399055  0.66276024508829856
  0.67343367137240973  0.68419375866355325  0.69448973581537754  0.70444196019693262
  0.71418165714907622  0.72383461885212641  0.73364684536575275  0.74387015274338397
  0.75415141683626941  0.76476171160924677  0.77502558422150114  0.78544179399955349
  0.79612105269983624  0.80680730672195988  0.81712469185312742  0.82727983751941103
  0.83812619410006584  0.84941982261029447  0.86035730708164171  0.87020487848341477
  0.88064418728125360  0.89143436200664794  0.90198360788663334  0.91212549904620488
  0.92254577905550716  0.93392884864232761  0.94537941950066939  0.95698520019386246
  0.96793103930729008  0.97913868019214734  0.98902716039078364  1.00000000000000000
  0.00592490235654206  0.01735257671009448  0.02986061578299608  0.04118322246399306
  0.05187533399216369  0.06185618031263884  0.07134306817413610  0.08033395399328795
  0.08883858225224284  0.09667329949146890  0.10420491295321609  0.11124139601370711
  0.11805183020730220  0.12483805384174780  0.13170805859222059  0.13884310438034864
  0.14614253210071607  0.15363172177198944  0.16102027355602927  0.16840554901105301
  0.17591539852211874  0.18333214330356021  0.19063930910055926  0.19802551758745085
  0.20555702495666051  0.21296868531675622  0.22028902206374601  0.22754442214384993
  0.23511971520196520  0.24240804489344892  0.24940748865327791  0.25618573764529035
  0.26305800499171844  0.27028723759265444  0.27784258202360701  0.28540413150138938
  0.29267229594168825  0.29956205749436410  0.30614141711499848  0.31273602869018191
  0.31944203160622248  0.32615900155299521  0.33315081163661164  0.34024911724995222
  0.34739379563541850  0.35477021932399011  0.36174411639415693  0.36885210133194762
  0.37587956728791083  0.38294378435284876  0.39023199610427878  0.39748588553426512
  0.40461374847944459  0.41163569800031918  0.41877499457952028  0.42614355512388519
  0.43353427681535034  0.44109621531868332  0.44907846494572395  0.45751087438362376
  0.46591026762339094  0.47401297676574222  0.48173969361184571  0.48944495546134770
  0.49715658360839332  0.50486868552471942  0.51250663526728324  0.52011156249990420
  0.52748035760037359  0.53501272933255017  0.54291697382258119  0.55127868846072392
  0.55977244627624112  0.56840716874586172  0.57734657680546286  0.58651054102508204
  0.59607742792654717  0.60622415071364089  0.61660828802356438  0.62721040875149037
  0.63837021951096229  0.65000897348360120  0.66226225845827813  0.67525119466293437
  0.68876676416819582  0.70225340378537215  0.71623992861988095  0.73105336709643975
  0.74664058627583341  0.76323774435008829  0.78295228570273567  0.80552164266203541
  0.82989862941192782  0.85736931021153640  0.89899774128329901  1.00000000000000000
 -0.01994436217963541  0.13983223570011835  0.19713874094244216  0.23056657309159981
  0.25416231454790023  0.27322307234975546  0.28997650616766363  0.30506703067840013
  0.31887039098795644  0.33165074485928836  0.34372608371987012  0.35469057775435736
  0.36478784555119537  0.37454693018219459  0.38417903395135783  0.39345002483991592
  0.40150332836312314  0.40924060269601759  0.41706360485411015  0.42483197011512913
  0.43214571234726806  0.43902440545238369  0.44548875895856932  0.45216105218313896
  0.45891570675620230  0.46525498405312893  0.47137295907486410  0.47730368795148065
  0.48291106967871095  0.48834329603022775  0.49369586837544671  0.49900532970406608
  0.50432375920364458  0.50968763004116191  0.51509297562852763  0.52042525951985019
  0.52565239962351717  0.53079817128600104  0.53573048247957611  0.54069063754863556
  0.54559746448278346  0.55056703303039523  0.55550295398930438  0.56031819663352822
  0.56499749595796045  0.56946595034981973  0.57391623837291583  0.57842824707188023
  0.58301389010864735  0.58776289573186369  0.59259286853855031  0.59733097207703800
  0.60189998575540316  0.60635055431816853  0.61084445372859253  0.61538179868860510
  0.61990740124804844  0.62435401529060275  0.62902679727325006  0.63376940648429925
  0.63864375228345205  0.64367466620677027  0.64877606542947841  0.65391209244072057
  0.65900642577471091  0.66409025199465244  0.66928806552293973  0.67441098685735368
  0.67946667979345399  0.68457183420702328  0.68979027492589817  0.69512993861941108
  0.70058407481792617  0.70600545088426736  0.71135839582225158  0.71682347238462774
  0.72226607198279114  0.72802572806430654  0.73442533323612202  0.74125112201953491
  0.74839212616964512  0.75554636402568365  0.76249264104219849  0.76955488207238665
  0.77706579153100153  0.78499246439658155  0.79346202047390324  0.80222276010970472
  0.81145585831082778  0.82191213663583218  0.83417543207465128  0.84850352923823091
  0.86467931085156213  0.88433592902244973  0.91601072784575599  1.00000000000000000
   1.3220161626001955E-009  -1.0000000000000000     
 T T T T F F F F F F F F T T T T T T T T F F F F F F F F T T T T
  <DiscreteSampler_grid>
  grouped_processes
  1 # 1 for a reference and 2 for a running grid.
  10 # Attribute 'min_bin_probing_points' of the grid.
  1 # Attribute 'grid_mode' of the grid. 1=='default',2=='initialization'
  0.0000000000000000 # Attribute 'small_contrib_threshold' of the grid.
  0.5000000000000000 # Attribute 'damping_power' of the grid.
 # binID   n_entries weight   weight_sqr   abs_weight
    10   10   1.075348774111250E+005   1.176624632701136E+010   1.075348774111250E+005
    11   10   1.075348774111250E+005   1.176624632701136E+010   1.075348774111250E+005
  </DiscreteSampler_grid>
