  0.00009640206118238  0.00146943359113416  0.00259450156050320  0.00343188511369475
  0.00413783367752820  0.00477599823527445  0.00538055859661876  0.00594613674920647
  0.00648832193192461  0.00701727333840114  0.00754009105595518  0.00806422806949236
  0.00860096715192114  0.00912188729024522  0.00963416337512941  0.01013175625856995
  0.01059404096159593  0.01105521459316374  0.01151256816809323  0.01197470054929081
  0.01243917602390205  0.01290491608591996  0.01336572394321165  0.01380746470873301
  0.01423408281646784  0.01465656754956219  0.01507909586946524  0.01550544920658384
  0.01594104714010058  0.01637831648973615  0.01681470949694200  0.01723771230282877
  0.01766307223036602  0.01807816956658927  0.01849540296847384  0.01891887040891037
  0.01933942905461974  0.01974101147099172  0.02015781825848144  0.02056548193787603
  0.02099354177093304  0.02143846898798824  0.02189800531186403  0.02237144105136895
  0.02281778131413109  0.02326825661645948  0.02370269168095882  0.02416411072015970
  0.02461729336686811  0.02507303976111126  0.02552641237654754  0.02597435837251243
  0.02642693295935246  0.02686691698466689  0.02731224312582473  0.02776666028230048
  0.02822960264804348  0.02870137470337491  0.02918001074621982  0.02965146189938593
  0.03010496247968679  0.03054784011165900  0.03099615451419697  0.03146325273992989
  0.03194341262654007  0.03243745017937964  0.03294388174755958  0.03345305280565652
  0.03396359627764575  0.03447161526237330  0.03496948717848217  0.03545993657594832
  0.03595785122311314  0.03647912624301356  0.03701958393787232  0.03757105150056939
  0.03814219214158675  0.03873295235503613  0.03933135280114471  0.03992622817108699
  0.04051670209460544  0.04110608539695949  0.04171977795842223  0.04246385443708332
  0.04327688118613350  0.04414254728891398  0.04506529874770770  0.04622166042926455
  0.04770153163610118  0.04990852835931093  0.05307819929937545  0.05679463559165311
  0.06137379953747314  0.06733224197924488  0.07324598185002998  1.00000000000000000
  0.00749495766283907  0.02081779338353939  0.03860923644119935  0.05360140544576486
  0.06863005359697143  0.08326291907553286  0.09643638354712414  0.10829095563898838
  0.11956777821614448  0.13030258748370552  0.14058682438062917  0.15044070103416779
  0.16017805958071005  0.17038668024138773  0.18061393009258536  0.19094495884904950
  0.20155112923151200  0.21222566922940975  0.22326887396018105  0.23425369678249572
  0.24554708530529237  0.25737864049781761  0.26939817091401058  0.28146218264711192
  0.29282456760562409  0.30235733127122544  0.31159346545428496  0.32104937764888292
  0.33046643071139381  0.33979888949221854  0.34916883116538783  0.35910406257379879
  0.36953944805289002  0.37932929777918611  0.38850496354018899  0.39793890924560793
  0.40767412853181878  0.41815985370441833  0.42872571854747138  0.43927582249545549
  0.44970526243451336  0.45987784409909199  0.46915240156930971  0.47889521280880126
  0.48881207598104931  0.49779680024352224  0.50718163304530495  0.51647237484278963
  0.52684738742140480  0.53700634279037118  0.54742549402052221  0.55702336946487230
  0.56649081282523206  0.57570726829902197  0.58510465442492610  0.59486341227755368
  0.60494090798253075  0.61433522142564689  0.62357468508057146  0.63327386527299701
  0.64284937063126113  0.65158092253495803  0.65955294536177467  0.66748086367135040
  0.67556141385103041  0.68388723090627668  0.69261973730071724  0.70169956479191264
  0.71126490596226088  0.72143415122462118  0.73108258341186017  0.73997131533710148
  0.74883418531214907  0.75775758280887728  0.76653049636080905  0.77517708999568347
  0.78395449889201307  0.79365010434493521  0.80390012295266988  0.81468741071098438
  0.82596026302552095  0.83607651843723851  0.84553275692824525  0.85560278483190233
  0.86584577416663555  0.87576955660921096  0.88575769292826123  0.89533300947363215
  0.90478217969271790  0.91389330269279345  0.92338301054041005  0.93297813183886968
  0.94326064052789360  0.95494351673832578  0.97286457693797235  1.00000000000000000
 -0.00117336304955141  0.00582601863158320  0.00841231121090542  0.01111064547611209
  0.01403068708402116  0.01723681854536186  0.02068051844317729  0.02487621564305662
  0.02923920748343950  0.03403484064975610  0.03866288816573016  0.04356889186428223
  0.04896272309250552  0.05457604228772625  0.06054616843242487  0.06685070179725533
  0.07371049058194169  0.08058113930298140  0.08736252941460459  0.09451929943622162
  0.10220423066229818  0.10988879865459955  0.11765695186163788  0.12524556035978582
  0.13322501321069666  0.14185758072062044  0.15158331641383432  0.16059840040350562
  0.16828646390285354  0.17563779834426310  0.18346096276656115  0.19239831123319001
  0.20252183651098082  0.21316046737248395  0.22370203350327603  0.23410785248392460
  0.24464396371671024  0.25551229278311466  0.26651703421565431  0.27730577873389833
  0.28828494618793454  0.30012996908430190  0.31240638427110723  0.32539232000588453
  0.33870561634534435  0.35138206198257371  0.36359539320262635  0.37549364941771218
  0.38714396671928081  0.39855229437132023  0.40960275731043627  0.42033670322119654
  0.43097246204073797  0.44172163582767898  0.45280278431882054  0.46433811877950326
  0.47602860638907746  0.48757212780971548  0.49920320976187954  0.51180659989328281
  0.52493061776637662  0.53827696154786075  0.55201468378107166  0.56663125071027576
  0.58097377235726888  0.59516441500218431  0.60958867210725909  0.62513167757375321
  0.64389061168162576  0.65875541681579575  0.67277901791051919  0.68651820855489942
  0.69994977863034791  0.71283401501104615  0.72531752183737963  0.73770480969818863
  0.75012884164188920  0.76348723887245129  0.77753129638776652  0.79196914228430038
  0.80638951650078472  0.82001664313941180  0.83338349702173087  0.84671093407034448
  0.85956161867021963  0.87218670261131503  0.88498717990914100  0.89806184381941268
  0.91119692596512980  0.92391547814034447  0.93658334237277874  0.94935084961571070
  0.96216307769427878  0.97487109573210684  0.98742560894545195  1.00000000000000000
 -0.00206087940820612  0.00887542340767270  0.01903755529130991  0.02969801253571627
  0.03979835140519079  0.05040905336142365  0.06119167051553114  0.07179974085620199
  0.08276869474292220  0.09413493181982682  0.10513191712389168  0.11456498602226782
  0.12384736157689399  0.13277661708095170  0.14156156258512020  0.15028914032800664
  0.15905387376422700  0.16775753342378480  0.17743357287313113  0.18778268916691421
  0.19932895064309364  0.21040828878656948  0.22078165549724380  0.23131986756814063
  0.24238018287601526  0.25350892295040095  0.26415269912989953  0.27491015984924239
  0.28634691159330578  0.29840171390513520  0.31025068993049926  0.32058504820309314
  0.32985432798004166  0.33882046707308844  0.34810204211527213  0.35795092685128715
  0.36825528373811933  0.37790023518481569  0.38819251563292118  0.39865109063914012
  0.40987140423058421  0.42103416996570842  0.43239560695212614  0.44258458651693450
  0.45249968050108424  0.46149037530135162  0.47110141196766520  0.48075487670258488
  0.49173857686949096  0.50251158448820921  0.51464913663501122  0.52511309899413239
  0.53427980920094764  0.54393574845427917  0.55342866649549416  0.56303633251821961
  0.57225212122784574  0.58215451712041810  0.59288759989189666  0.60375875852964545
  0.61468155119405532  0.62578338682888679  0.63748253014103051  0.64862587077218170
  0.65940472022648744  0.66971997742425771  0.68000538555159740  0.69063093495431083
  0.70241223027026445  0.71346275771366818  0.72499169701862232  0.73609956911322905
  0.74779824197661993  0.75980757543537258  0.77211245947625129  0.78477966324448589
  0.79650272285754742  0.80739946191784739  0.81736065243769507  0.82687340332633341
  0.83676288084633121  0.84655514784544583  0.85629936076516500  0.86587463071814197
  0.87619379764690641  0.88753539386945612  0.89919444386104386  0.91117400428175455
  0.92217459387061274  0.93414122856746840  0.94571480529087515  0.95780795581522704
  0.96913708344593597  0.98005003214053377  0.98997442027343463  1.00000000000000000
 -0.00217689506871738  0.00980701748164832  0.02013903507711462  0.03114978227534866
  0.04128793279474371  0.05069149683567697  0.06020763843613050  0.07168658617357049
  0.08364606070470351  0.09478948325089244  0.10560576688604453  0.11514778595499950
  0.12482426669480555  0.13274796173317815  0.14071893882983924  0.14901725369539257
  0.15779326725960921  0.16627101261822269  0.17481434797329373  0.18273135554343287
  0.19116257584428367  0.20051568016953286  0.21075339874645957  0.22207930309231755
  0.23358158941040175  0.24418967853118687  0.25401212232670162  0.26365244403835653
  0.27320641829254300  0.28282794739149669  0.29219673612577968  0.30241629607996251
  0.31281813261898328  0.32338949069247963  0.33401709059321388  0.34440613674236925
  0.35449744016475604  0.36416504240445335  0.37355191379138331  0.38328543663797443
  0.39367742244385734  0.40532215170936742  0.41763002552647249  0.42910971795369046
  0.44047953087635405  0.45215822652656523  0.46330490963788851  0.47320209196860735
  0.48325187914386719  0.49429936036286459  0.50562095138772201  0.51624061460495396
  0.52751506013457394  0.53928427555170388  0.55048603251248318  0.56121426304722510
  0.57211258816149202  0.58342068763184296  0.59480930371483787  0.60581004119548243
  0.61618497688370921  0.62669363069060591  0.63771973776480684  0.64875324146864666
  0.65945486431634370  0.67021064943695718  0.68130215546547901  0.69220612402627946
  0.70283184195086390  0.71398120889379924  0.72579167639108577  0.73755326364995333
  0.74880614926386335  0.75958845884107851  0.77055729642689830  0.78153640645948796
  0.79268703855294187  0.80379477857536996  0.81508948486805788  0.82655445653595061
  0.83782744542070708  0.84885977011380498  0.85962890793178603  0.87029871670457148
  0.88118345196407466  0.89269749744970561  0.90504107914755660  0.91781191281954644
  0.92910229993151716  0.94055458970122741  0.95180918300148065  0.96277040542841930
  0.97191152002968273  0.98097132427229994  0.99006775940788427  1.00000000000000000
 -0.00203772917491144  0.00905467616443650  0.01833237537501457  0.02809116656737825
  0.03779953140697490  0.04827325914094252  0.05916550143825231  0.06982496493298133
  0.08046232113647420  0.09086724390623606  0.10093049188500422  0.11038529512968943
  0.11984865657673373  0.12922272968651424  0.13820181024225797  0.14717729212713168
  0.15605054897746221  0.16548484572644778  0.17492641021081395  0.18516080538240898
  0.19590098493212182  0.20665924319179768  0.21719516479415846  0.22699922471104148
  0.23710177582517716  0.24746002741737264  0.25799187547933666  0.26873742583002524
  0.28007325148471002  0.29125603903649300  0.30187297648795353  0.31286863974972023
  0.32451568394312691  0.33618244212941434  0.34815270701786805  0.35914938643845318
  0.37031017104357655  0.38238988165385318  0.39459875701511743  0.40541487502275614
  0.41553513940643683  0.42545738886321793  0.43549529264232312  0.44567025635647833
  0.45573479786824711  0.46630663546119244  0.47735605686301846  0.48822024044250895
  0.49937374010262520  0.51051836515457583  0.52065069195759928  0.52993945650645091
  0.53923145861728250  0.54956403876998838  0.56068607488305688  0.57180589807874282
  0.58248502936830227  0.59229472000005645  0.60168276868602333  0.61127442381907038
  0.62048411981100615  0.62950918789457033  0.63769981580869506  0.64603392435708762
  0.65483129854781530  0.66426430783859336  0.67397069369449336  0.68367136849190990
  0.69434352335261085  0.70573941555059927  0.71658801853481002  0.72741720799402865
  0.73852712021456302  0.75002143807695776  0.76176273634534275  0.77341772008731913
  0.78498898494808733  0.79632897719122797  0.80729830380176981  0.81847374738634937
  0.82965201165874936  0.84112383082081088  0.85298794912593989  0.86473830102722737
  0.87619704897239870  0.88770903964687009  0.89954507698749886  0.91105443678806153
  0.92205411814595684  0.93259509582913758  0.94318514053248481  0.95393945628216936
  0.96532140769555053  0.97651895115547582  0.98864406542983674  1.00000000000000000
 -0.00173664989837641  0.00790125670161931  0.01563366869459578  0.02406608589894689
  0.03288337423828997  0.04202202909249785  0.05069500987214192  0.05908155070558804
  0.06847604637584453  0.07896175017979064  0.08875814009835176  0.09755183095314635
  0.10683223824168328  0.11727869706864699  0.12827453272913175  0.13895860526804968
  0.14909759688759702  0.15974996650012174  0.17040088445203588  0.18072831144580415
  0.19056694574094143  0.19950301735675205  0.20843910502310145  0.21775703666347732
  0.22695467171443737  0.23642351815247561  0.24601258012617089  0.25651069750736466
  0.26856294111247186  0.28115560187423738  0.29433057568046650  0.30820819990892773
  0.32017925016950699  0.33247688033073897  0.34488020979042228  0.35645011816762778
  0.36683038483672797  0.37823761651915239  0.39093992011487327  0.40304108416688156
  0.41379996757801824  0.42375408150686311  0.43358651314025243  0.44382475536295107
  0.45364861624816660  0.46464516669742945  0.47614973825911366  0.48811449579778721
  0.50075550984493622  0.51346761267850638  0.52577970500797055  0.53755657718234351
  0.54874108346424122  0.55968302298567896  0.57050082935165936  0.58111898525418937
  0.59166025025045854  0.60238359154496079  0.61348151354403568  0.62464972923136197
  0.63463615329968881  0.64439523686417710  0.65377125844698036  0.66395261939437122
  0.67448687989785205  0.68521337927339521  0.69605813611411571  0.70769034536463271
  0.71988285984633582  0.73180273574874544  0.74323367565691467  0.75395270730058483
  0.76441187724983783  0.77480543787051159  0.78530988205649832  0.79569237756784561
  0.80575314722444902  0.81574302625714468  0.82580104974857838  0.83605170605499102
  0.84642767286556753  0.85736503381457096  0.86903073260685904  0.88108648018099456
  0.89270058204914393  0.90283426196708860  0.91222564764796688  0.92170234085056835
  0.93114334294504220  0.94058565541067174  0.94984000942602120  0.95949370723361804
  0.96980416540955294  0.98001388059178685  0.99023294982239363  1.00000000000000000
 -0.00268802090061575  0.00965143239258209  0.02068540656888716  0.03170598135113305
  0.04232501679826264  0.05267663378403937  0.06328066234044928  0.07387678069278247
  0.08442527645392973  0.09431296759476895  0.10384420453765029  0.11330800048093728
  0.12302813476981295  0.13273838461823934  0.14207941778570621  0.15161818685252071
  0.16195545751394605  0.17205986310361149  0.18230546912820680  0.19298587330385017
  0.20494256222986687  0.21602608880410171  0.22666185642720124  0.23717858935939190
  0.24743058364672008  0.25761885854083522  0.26771649258442509  0.27786512416371129
  0.28843644005565305  0.30010050475485689  0.31301146327834845  0.32643967088278264
  0.33896338914355911  0.35024983653081548  0.36147277395614236  0.37237029374322783
  0.38251014517896204  0.39233909562127206  0.40264224117671188  0.41375263026843639
  0.42431365331262644  0.43388912971939519  0.44359684271008543  0.45398715989795202
  0.46460946177110235  0.47467022548752408  0.48478658927955520  0.49566880937919267
  0.50699637465774128  0.51821223862234922  0.52937535055563567  0.54071452535460141
  0.55218461106293037  0.56367767114314915  0.57509271094067316  0.58622279237473274
  0.59684947115047882  0.60784025172310141  0.61956912663276464  0.63176072373147996
  0.64346724958742374  0.65464748637535408  0.66542379642377181  0.67620850763251894
  0.68735655742512503  0.69890690793446275  0.71070680831853439  0.72217685970353784
  0.73371531165241455  0.74544142547549630  0.75681080707199555  0.76727568067312546
  0.77653644938704114  0.78509118292022662  0.79348745254274056  0.80185157054603218
  0.81006709803257515  0.81901756624178645  0.82738148267196454  0.83721333498883832
  0.84881106910363036  0.86005006170273057  0.87077164290358577  0.88112288251937954
  0.89151960811686037  0.90223280270873163  0.91345780121892073  0.92367826924393670
  0.93348819965362961  0.94334649460447573  0.95309572038718593  0.96170962072713984
  0.97003039301006877  0.97794191216433424  0.98912599450141769  1.00000000000000000
  0.00528911011032671  0.03647652240185308  0.05781224038065698  0.07050231463682440
  0.08159629695711980  0.08988110220715817  0.09824552799654475  0.10648725998530051
  0.11433618678701837  0.12165507576003756  0.12828263106554416  0.13446866711128744
  0.14064512041932462  0.14691255481915330  0.15284231103281332  0.15873683774079111
  0.16504859839799027  0.17179580798036817  0.17883523361573225  0.18595550841706121
  0.19322175213152357  0.20112907620851592  0.20881533567082738  0.21590885512967908
  0.22289706678557053  0.22996349466259941  0.23573106567387406  0.24234835722005033
  0.24857864326007664  0.25457245008331492  0.26063426761489578  0.26684563069409917
  0.27293828397217551  0.27882653898650706  0.28474850346026870  0.29083579504968549
  0.29700125919454062  0.30308754700102930  0.30909331310545002  0.31510515904978581
  0.32112384091542368  0.32716164446584445  0.33317259255043352  0.33972691831445656
  0.34659459187148151  0.35306092341278300  0.36005550526407770  0.36686357504027645
  0.37389304001865031  0.38107672047025759  0.38833342893931305  0.39573748136921144
  0.40311570751245623  0.41020349014131358  0.41727454087128013  0.42468459514983703
  0.43215617918513349  0.43972820875046392  0.44721614958861483  0.45486652926160825
  0.46284762786742045  0.47107167446586112  0.47930397066535080  0.48717308387085556
  0.49495398417116349  0.50246927314376266  0.50943554125820978  0.51648050984447658
  0.52375348955276002  0.53118381892461164  0.53873857494015620  0.54702536339012098
  0.55562634347723128  0.56478119552881689  0.57451196723156728  0.58487664415440765
  0.59601878433503752  0.60727169487864552  0.61817201386638987  0.62908698735053437
  0.64040204116346167  0.65295845266504016  0.66630197918880385  0.68015477752217290
  0.69257809871845710  0.70337494268228229  0.71517340750436076  0.72753911042815989
  0.74059597120063048  0.75579324989903518  0.77455477331251477  0.79455775933317108
  0.81598357415888312  0.84207100145944203  0.88531411817840344  1.00000000000000000
 -0.02144184475098103  0.14203864108670464  0.19966520300458690  0.23378086361096517
  0.25719713856372522  0.27603205659005037  0.29220233187713252  0.30729640600730496
  0.31997641386871473  0.33119283051599951  0.34168376681192447  0.35159561507281756
  0.36048206848755687  0.36864473740574272  0.37666457122269087  0.38446559624365184
  0.39160044843591890  0.39832975271113708  0.40515855576762422  0.41220604798048521
  0.41970714982435753  0.42741088627167612  0.43496015111829212  0.44233809977489164
  0.44969592937120700  0.45664937146585116  0.46274319745942111  0.46871251133660496
  0.47483340899392040  0.48066800516086167  0.48613395623095734  0.49158465883587876
  0.49695719994598475  0.50229373006692746  0.50770032454010883  0.51289157011038622
  0.51780401438235635  0.52290665040501672  0.52815773024525048  0.53333426295309250
  0.53839159978031670  0.54334663187067267  0.54831387170262880  0.55342168724292740
  0.55854221383373259  0.56366446934482950  0.56897445503903188  0.57432080511324790
  0.57957185509089770  0.58471386460831620  0.58980790572038688  0.59495378877637917
  0.60015345992247904  0.60545259981179200  0.61061203835013089  0.61568340088293660
  0.62073679660609382  0.62586142367990127  0.63112901598709448  0.63656188697910299
  0.64218804932278017  0.64791288158035987  0.65376161936897881  0.65964376093669863
  0.66542757541427888  0.67097641139487085  0.67600084714169340  0.68114449714030112
  0.68596996751560202  0.69066146123114824  0.69513039451365566  0.69958033320531432
  0.70414257333526853  0.70884896021168897  0.71380104262477695  0.71905342380021520
  0.72452188101896065  0.73025858997706727  0.73639929355865552  0.74278720663703879
  0.74930150776225868  0.75580981234139544  0.76191425171842686  0.76813781688026983
  0.77494604784154120  0.78270668600128090  0.79113646518739433  0.79979471842948424
  0.80927866733373899  0.81992616621477932  0.83163715993415421  0.84462096892550920
  0.86140385608236703  0.88343582754622785  0.91508048669433406  1.00000000000000000
   3.5562936173858697E-013  -1.0000000000000000     
 F F F F F F F F T T T T T T T T F F F F F F F F F F F F F F F F F F F F F F F F F F F F F F F F F F F F F F F F T T T T T T T T F T F T F F F F T T T T T T T T F F F F F F F F F F F F F F F F F F F F F F F F F F F F F F F F T F F F F F F F T T T T T T T T
  <DiscreteSampler_grid>
  grouped_processes
  1 # 1 for a reference and 2 for a running grid.
  10 # Attribute 'min_bin_probing_points' of the grid.
  1 # Attribute 'grid_mode' of the grid. 1=='default',2=='initialization'
  0.0000000000000000 # Attribute 'small_contrib_threshold' of the grid.
  0.5000000000000000 # Attribute 'damping_power' of the grid.
 # binID   n_entries weight   weight_sqr   abs_weight
    10   10   4.337066753585685E-002   6.218925153784644E-003   4.337066753585685E-002
    11   10   4.337066753585687E-002   6.218925153784654E-003   4.337066753585687E-002
  </DiscreteSampler_grid>
