 -0.00043861586825111  0.00756483855135277  0.01752445148124546  0.02802740034335387
  0.03912246344895417  0.04967214669027099  0.06082864310271523  0.07186767338698176
  0.08229044145631910  0.09243079563852709  0.10213526132731141  0.11116001648956167
  0.12069875327527657  0.13018999271012791  0.13948227854514375  0.14850535738615564
  0.15764235015402595  0.16697718559254454  0.17650153400074395  0.18551930497013566
  0.19459055010430579  0.20362075472497873  0.21243196304607725  0.22141958755168489
  0.23068381112627542  0.23985033125717151  0.24849362937187860  0.25695485204352825
  0.26555909515065140  0.27423832700093581  0.28290407416508134  0.29139879792899565
  0.29976157194377334  0.30831506474759651  0.31696398106922968  0.32565658399778186
  0.33433310670110550  0.34292767153208031  0.35129352597311214  0.35924143244602269
  0.36717388947994639  0.37500331862481834  0.38274095276716458  0.39050739801074169
  0.39826349003757228  0.40617273641125823  0.41424872970996057  0.42231939255858209
  0.43040698864318372  0.43872268805687009  0.44720034306960188  0.45590969763347949
  0.46483238882177902  0.47365459275520350  0.48228047618711889  0.49067287681219768
  0.49882542211234998  0.50679294501097061  0.51475218526903710  0.52274551099114586
  0.53072012223220544  0.53879755888720349  0.54709504333324366  0.55561852411824630
  0.56426447317308115  0.57303999029007868  0.58176505029375059  0.59082442233280053
  0.60001398844608933  0.60943386812297773  0.61891352234783925  0.62829105409172148
  0.63791740377439632  0.64785611861140757  0.65783220557122835  0.66800050324242766
  0.67838984822073745  0.68909635046139661  0.70038514278801922  0.71160624760162849
  0.72303695780161481  0.73508321259020815  0.74785076825483177  0.76127586827412641
  0.77527254789514555  0.78950884141410271  0.80395610269294393  0.81884506563160497
  0.83418934119514887  0.85015392462478823  0.86773373493178274  0.88660645380229530
  0.90766383104986226  0.93120692911259983  0.96315647533313364  1.00000000000000000
 -0.00280555547849127  0.01056378367059671  0.02090771574823667  0.03187626801740135
  0.04268128916229016  0.05410523781031309  0.06545490441193076  0.07661640484283842
  0.08776630192548145  0.09899846191659137  0.11025159625048840  0.12113824968974647
  0.13166501464512634  0.14239277866762895  0.15375350759154585  0.16562618426599091
  0.17734744228582650  0.18850197417374720  0.19917069227024944  0.20969615858071003
  0.22044940995358447  0.23136101965669212  0.24195051959292346  0.25205794722488334
  0.26192012988652541  0.27207423563833688  0.28273725614871487  0.29316774108864591
  0.30323527779119691  0.31323617030553813  0.32355726215942826  0.33412082831489853
  0.34447082106929949  0.35474439494075272  0.36476509103694654  0.37507637108231662
  0.38532672648791144  0.39525263703475400  0.40472354429824653  0.41413368425637825
  0.42441423520501964  0.43561196362587185  0.44725283041073227  0.45872486928830603
  0.46985603960918737  0.48085492887606657  0.49174419544185988  0.50269988726335302
  0.51373276996714645  0.52463100138131868  0.53526883923914492  0.54538702750964496
  0.55540895472736174  0.56590407316109026  0.57635351036034022  0.58666415850742382
  0.59686972010776429  0.60732398948582045  0.61898840344454986  0.63027650835976146
  0.64216701062209502  0.65253064191646060  0.66320708746881052  0.67365195841532932
  0.68436973894720321  0.69475890375776395  0.70396336265476611  0.71288731568698283
  0.72222423893285392  0.73202486297065694  0.74165884165599538  0.75117720832575741
  0.76060832247108412  0.76995578915817309  0.77935843751406719  0.78916771052499191
  0.79991376393033431  0.81132981662618131  0.82295190689392328  0.83412004725012168
  0.84462306533400211  0.85510884168805279  0.86587443430626365  0.87616825993197134
  0.88553693337139239  0.89488226335337240  0.90428882581725800  0.91395030033035440
  0.92371366935494625  0.93333969339797707  0.94315215019655096  0.95349117763001356
  0.96375153995537133  0.97506309639828126  0.98715752844031102  1.00000000000000000
 -0.00796755722554629  0.05757735249449696  0.09248283105302214  0.11840130160142470
  0.14006759188864754  0.15899554558929019  0.17637991157159744  0.19238812286765070
  0.20676637969711956  0.21984074955552421  0.23173133923850875  0.24259666017203904
  0.25321447424556565  0.26356637500825947  0.27342071077674590  0.28335676248417868
  0.29268262764765102  0.30235801091202280  0.31169935095910484  0.32155303828565462
  0.33174244476194187  0.34116931897974279  0.35052519990130809  0.35958734385735197
  0.36879144650557277  0.37739765140789638  0.38530617093757019  0.39297503960375357
  0.40037309986337394  0.40770277092377788  0.41501580994342463  0.42231212496075937
  0.42949801200185783  0.43680227258375931  0.44434839073044796  0.45183684935397556
  0.45947387992221084  0.46760386440213259  0.47571490132088812  0.48350211190099746
  0.49103705258691999  0.49848080961637425  0.50594613296173807  0.51336196845652682
  0.52073566470113075  0.52797902730605362  0.53528648313343441  0.54239083003913702
  0.54951016034023659  0.55662271858505663  0.56387370618806865  0.57132750098850715
  0.57889243491976117  0.58664811226401670  0.59471552639706771  0.60275795720253333
  0.61039475190730230  0.61772626569627298  0.62486862303545287  0.63208863959876926
  0.63934079476261774  0.64665634380455306  0.65370274268647954  0.66061539815871795
  0.66750470421030317  0.67423660680904085  0.68086602548056041  0.68747309689720881
  0.69376426373839517  0.70020536815035717  0.70687683679573121  0.71390505918747038
  0.72118127458553805  0.72845407638323456  0.73603409262413944  0.74365149365837269
  0.75129171881229906  0.75908719805881386  0.76714178879535289  0.77529837930513690
  0.78368706245329878  0.79217540613477999  0.80107170456220300  0.81033407116270051
  0.81950484150555902  0.82957014677960261  0.83997447313961071  0.85068097868903803
  0.86145608903741777  0.87267519625993317  0.88513480263966027  0.89842660026736820
  0.91386887415295981  0.93172560880610600  0.95612798582761127  1.00000000000000000
 -0.02061489379387983  0.13964029354949428  0.19079197723700364  0.22452359095349372
  0.24819576678799962  0.26732129826098017  0.28431252205814417  0.29929223451582176
  0.31298909053944257  0.32548138129206061  0.33685437331465617  0.34710429071854371
  0.35691505006323909  0.36627321460079076  0.37512582530192073  0.38396732232212022
  0.39275661224001923  0.40171335916245160  0.41065224270363515  0.41905907690601418
  0.42705632239979807  0.43479371707505637  0.44213801000833225  0.44943038085482545
  0.45676708215184825  0.46398072224723169  0.47100632481011906  0.47775479792718129
  0.48416821156741197  0.49046050777161382  0.49671338232402595  0.50331165704110736
  0.50990540474784618  0.51636505936426502  0.52282385993262592  0.52925969148971064
  0.53559157460589213  0.54169938094775727  0.54720790422363186  0.55246968244095951
  0.55788232912609270  0.56338082291456393  0.56903106342418119  0.57450090288428002
  0.57977102641860634  0.58491807397204687  0.58989481659453369  0.59478987234137048
  0.59982128755311515  0.60485030030587261  0.60996711022625172  0.61527400213640060
  0.62074633694546977  0.62579397025510319  0.63051719172254428  0.63509443750457195
  0.63974277504798094  0.64454349143983847  0.64957365436854830  0.65458261930119976
  0.65938939014966202  0.66417401881883043  0.66895542370534089  0.67381972540719004
  0.67863094325074669  0.68325884441492912  0.68828252131776380  0.69372426756173011
  0.69949020105667181  0.70536824976079793  0.71112192951696163  0.71667016318246968
  0.72213868402347292  0.72764192631907021  0.73304185893065288  0.73847902514338881
  0.74377427770081916  0.74917001354667589  0.75487197380470372  0.76101496606495922
  0.76712795465314210  0.77329997003060191  0.77964318550640765  0.78591064469418948
  0.79266054589241797  0.80008676078690855  0.80796680859047509  0.81644770582142434
  0.82553631190721932  0.83569492099361964  0.84734956770356562  0.86043447920288740
  0.87538444703266138  0.89410215321981923  0.92570259488950490  1.00000000000000000
   6.1601781921623958E-009  -1.0000000000000000     
 T T T T T T T T
  <DiscreteSampler_grid>
  grouped_processes
  1 # 1 for a reference and 2 for a running grid.
  10 # Attribute 'min_bin_probing_points' of the grid.
  1 # Attribute 'grid_mode' of the grid. 1=='default',2=='initialization'
  0.0000000000000000 # Attribute 'small_contrib_threshold' of the grid.
  0.5000000000000000 # Attribute 'damping_power' of the grid.
 # binID   n_entries weight   weight_sqr   abs_weight
    10   10   8.373258139722142E+003   2.222973107364252E+008   8.373258139722142E+003
    11   10   8.373258139722142E+003   2.222973107364252E+008   8.373258139722142E+003
  </DiscreteSampler_grid>
