  0.00893488997521574  0.01719785750971300  0.02829907482263658  0.03998551332826557
  0.05136919739228618  0.06261411252809168  0.07340107368116772  0.08421078212026323
  0.09510953854549502  0.10566344131302863  0.11568484354407561  0.12587439767089798
  0.13753750788130750  0.14893156037543684  0.15944769732067368  0.16954121867111632
  0.18010037279301921  0.19043231659498719  0.20067670952491382  0.21113661126604516
  0.22151152607305716  0.23171402436238284  0.24193319168713234  0.25236422313062223
  0.26322148939023388  0.27390952199278407  0.28406250818233819  0.29415147614245157
  0.30455948758072293  0.31549412359313961  0.32621048745824810  0.33703299328374775
  0.34791666040123964  0.35869479054038705  0.36936560633048277  0.38022174633348593
  0.39142350901804751  0.40236319460395192  0.41295673000163152  0.42359499988918314
  0.43402507883371050  0.44447025119929651  0.45499272769058857  0.46631744101555278
  0.47810189319015667  0.48997022634521731  0.50137077258055840  0.51192232619446498
  0.52213147636776636  0.53216537468747138  0.54197981653170302  0.55156464785670112
  0.56159841182046510  0.57237999041271215  0.58315418780896988  0.59310014790929122
  0.60307526614887685  0.61360792739138181  0.62450660189470020  0.63427228601051011
  0.64374462928888965  0.65334804478234842  0.66324498646353880  0.67321889111386346
  0.68337752416126152  0.69354417336066243  0.70379889184024114  0.71356921035868393
  0.72287601247485345  0.73214148843211346  0.74174333287704186  0.75180276838178894
  0.76231538447051339  0.77242053000164779  0.78211254800126850  0.79156837604210173
  0.80109965482243461  0.81081523729624938  0.82057671548248612  0.83030053922668268
  0.84021745739335663  0.85013624253090991  0.85986936167524142  0.86955604816858512
  0.87974267409252960  0.89045674983163459  0.90133521836368180  0.91191033092826801
  0.92221968823136469  0.93242198565368772  0.94257013850477067  0.95286348531115583
  0.96357601250799974  0.97495647493769277  0.98683873276711653  1.00000000000000000
 -0.00088018236944319  0.00457032658121820  0.00707688015927122  0.00983078609300647
  0.01284317044797035  0.01607500896583505  0.01950066475753910  0.02376404545745173
  0.02816607485015585  0.03270657405739143  0.03766095289923223  0.04302959586198262
  0.04859249004424564  0.05434192404192137  0.06060243193674802  0.06695736359867425
  0.07346791399448105  0.08036860112766001  0.08723527337715500  0.09415331875088563
  0.10135034437464073  0.10895107723312694  0.11675734826033876  0.12467889137465998
  0.13282387432412837  0.14124075954618798  0.14984068000555681  0.15851346853159043
  0.16710139352937661  0.17559950300069882  0.18432283307640487  0.19346703182556976
  0.20270153125026116  0.21216981002193180  0.22157456022904917  0.23102021920130394
  0.24097857748952176  0.25091443026821181  0.26090251735147840  0.27090361652126022
  0.28084942365261650  0.29108164843509848  0.30199270151295454  0.31327846640797491
  0.32480852601515847  0.33659441007573149  0.34828658765956444  0.36000232538811738
  0.37177900550728754  0.38359890885230785  0.39503411720731546  0.40643050598177050
  0.41808253382971500  0.42962951659407717  0.44125623636330147  0.45299832007971708
  0.46599653660755008  0.47800321660830436  0.48974757958456899  0.50142565728924160
  0.51342877114687602  0.52586615333699938  0.53810568918761759  0.54993517965455552
  0.56192405710855120  0.57441139196134106  0.58726363699732365  0.59980392392246273
  0.61254303498455664  0.62515098824975468  0.63808820114193532  0.65144429441817797
  0.66494701589107086  0.67820016516007098  0.69208417021849133  0.70605150686073603
  0.71992891634865630  0.73370650854156061  0.74746432969765042  0.76134240985614576
  0.77584224853751271  0.79052131461550501  0.80563438726809988  0.82091022246058931
  0.83624608057090499  0.85191750427256463  0.86852466764670322  0.88490301280368677
  0.90075507223681073  0.91593112585494074  0.93056408349798447  0.94463458800404920
  0.95839718873594570  0.97210456736631368  0.98597532980497204  1.00000000000000000
 -0.00227431733459038  0.00972085520090450  0.01991577697842963  0.03014937464649053
  0.04009733481549094  0.05143451843356433  0.06257844299738027  0.07294635018608547
  0.08334255395221825  0.09429561405750393  0.10542529793220434  0.11595515928557307
  0.12610265013010702  0.13536772233339001  0.14440485463786101  0.15367862286485703
  0.16340150031626893  0.17305847756473133  0.18276853717525376  0.19324212836880938
  0.20453277765229516  0.21538248994896639  0.22617109720157216  0.23721244969730487
  0.24814363686789342  0.25850229970590977  0.26850426077661405  0.27862712450884003
  0.28912761304254414  0.29984986419855220  0.31105963725186353  0.32290255179107213
  0.33501894189602927  0.34705166378168345  0.35939892621250308  0.37190884252713652
  0.38393288705268835  0.39535091702375830  0.40712388310024200  0.41834118658118935
  0.42855556884843515  0.43853094126517306  0.44885651625754597  0.45956896022400795
  0.47012308885797338  0.48040380406701377  0.49057558134092416  0.50092463203695148
  0.51164212359391081  0.52242759440812614  0.53295551672753205  0.54335882788637346
  0.55366658311092598  0.56455827687313476  0.57565521558864163  0.58689059368745766
  0.59672647837765980  0.60655693101810215  0.61640309074712185  0.62610340467899861
  0.63542636282090093  0.64500972438365289  0.65521851544294640  0.66568120153551302
  0.67597901416444850  0.68580919256743589  0.69536351840018396  0.70513449740964396
  0.71577603608100904  0.72692416053169928  0.73811789695208463  0.74906792489811103
  0.76066310428832151  0.77154545122541407  0.78145324151752182  0.79135320891143035
  0.80157379387548666  0.81208173378747606  0.82240075594246864  0.83248509434494733
  0.84320169227540187  0.85398252239843242  0.86531033269690139  0.87641889737319911
  0.88772601698194065  0.89865256162739426  0.90937796221082290  0.91996948780934218
  0.93005407503977100  0.94013450241823837  0.95013949102725392  0.96038360054601946
  0.97056879529611084  0.98020852405735515  0.99006588056427869  1.00000000000000000
 -0.00170064137065405  0.00841015884689009  0.01788587523680519  0.02844252903901514
  0.03918754295147209  0.04940907673529952  0.05935779250202479  0.06870500696919399
  0.07789335647982606  0.08705698534031719  0.09647423524310446  0.10632702341130659
  0.11629169778283345  0.12631946223816312  0.13661841068340566  0.14695223320225334
  0.15731469677825999  0.16732562986498989  0.17785369975820911  0.18835447268882385
  0.20013901784216179  0.21195458290458513  0.22404684887343304  0.23616353483765590
  0.24844899216038133  0.25998604728704705  0.27116904842642564  0.28174974683275478
  0.29221246923970590  0.30178909172116075  0.31133738098845676  0.32024361101253196
  0.32995564857835463  0.33983466031176551  0.35013034467040516  0.36050929590306463
  0.37126172947530739  0.38210430926206701  0.39301415723131772  0.40437607904586775
  0.41574413357987905  0.42659480075446593  0.43711099762873068  0.44828663368049798
  0.45973664019248650  0.47115082341518894  0.48268146207938817  0.49446946170121786
  0.50496766677385896  0.51573187604070303  0.52666861478525573  0.53844501080699170
  0.54987080733750060  0.56153979520711628  0.57265879285610422  0.58332444813447282
  0.59371432110371114  0.60430521090083933  0.61537586101807751  0.62634592790646126
  0.63719045590270407  0.64763636406653402  0.65810282734802183  0.66901709458092717
  0.68042315090754135  0.69174963356382413  0.70277983163777547  0.71393142821069777
  0.72538809417572869  0.73631662860241864  0.74682633018390976  0.75739292923245416
  0.76789238672567717  0.77812709255431467  0.78803991886848690  0.79777694718156444
  0.80768297163893077  0.81796678515576082  0.82882555229763644  0.83972025582312304
  0.85029695235274694  0.86086159249585570  0.87123184335427761  0.88182738144197903
  0.89247006580753452  0.90290193157950271  0.91335852875260015  0.92364756273572091
  0.93400407689046638  0.94372742047934877  0.95319458205381935  0.96280691947855868
  0.97207220434261599  0.98159220438247308  0.99059874404117754  1.00000000000000000
 -0.00253409959055614  0.00976295289768045  0.02018321878737760  0.03166210023097621
  0.04318118015302693  0.05553374603753162  0.06711190062929558  0.07825370422750565
  0.08926631064267455  0.09992554362784208  0.10994197524538674  0.11922690118715258
  0.12851255593479716  0.13807046136976503  0.14792897184960693  0.15782243713472807
  0.16770959199103491  0.17752961659524719  0.18734669463098091  0.19747588339876276
  0.20776592306227046  0.21816085783931963  0.22862564004550565  0.23970511973312805
  0.25084480605328535  0.26262469127671928  0.27404189312940208  0.28568779002038402
  0.29681597953750793  0.30795155150944775  0.31910905858425725  0.32996827425828018
  0.34058755875923613  0.35091731960768369  0.36183780681049016  0.37333300397688357
  0.38500457100662971  0.39648086927126813  0.40670018821172949  0.41689590155483425
  0.42698540492870996  0.43723655281343571  0.44735116682457082  0.45745841303681911
  0.46763681012635527  0.47765032898590337  0.48781788611326288  0.49861040461940365
  0.50985708081705738  0.52067320365139613  0.53087684767565069  0.54085590530225880
  0.55030261369031686  0.55937233232987560  0.56865818603204499  0.57859267490737520
  0.58889630012987737  0.59911144074005152  0.60960607463437999  0.62032342635819249
  0.63071577831690695  0.64063280240377130  0.64997545440833715  0.65874535305118864
  0.66761071121312843  0.67693149862752022  0.68686620336673765  0.69772338801472467
  0.70858656722743296  0.71954335690273086  0.73031039965873867  0.74069228475626281
  0.75107450290795896  0.76231750993637959  0.77376355237121863  0.78554067367324965
  0.79710584801329154  0.80819044927391848  0.81922605286636918  0.82985710498022203
  0.84141170854969005  0.85307381782620417  0.86453792065232393  0.87564030993401898
  0.88651229334781212  0.89728246638547393  0.90792697372558839  0.91876972946491375
  0.92960647124477003  0.94047736957603401  0.95048744163939913  0.96008093413042017
  0.96992825999410615  0.97981120128434007  0.99009451974924712  1.00000000000000000
  0.00342726624454119  0.03506807194077418  0.05053340400058835  0.06149898063896201
  0.07118546988256401  0.08042791285969575  0.08908896044157225  0.09710904801717245
  0.10468488105213244  0.11188087014425419  0.11883040700445102  0.12567467704257990
  0.13260468552080762  0.13953827432031074  0.14636932838440669  0.15303542802353340
  0.15932539662118522  0.16571152097899969  0.17218324603612845  0.17877512176148430
  0.18533010676824369  0.19176185888131667  0.19817271612106582  0.20466889255191059
  0.21122723026324844  0.21774843102758579  0.22389835889310034  0.23004777111695229
  0.23631178215545884  0.24276368254353084  0.24912830644784259  0.25533368796427369
  0.26153083247629577  0.26772653275507369  0.27382446667265681  0.27983945351688633
  0.28583889165564724  0.29180877967093571  0.29756471409579527  0.30325611389276036
  0.30907825947996481  0.31481286900362493  0.32070611621588052  0.32665355127152013
  0.33261990157766680  0.33884740249642586  0.34534599018957124  0.35191173952513605
  0.35839429950591034  0.36504509267280977  0.37136646667529294  0.37795146023803777
  0.38435042213492260  0.39107280334931077  0.39773268692939340  0.40443279555175127
  0.41116714217053635  0.41814607379233437  0.42523374385043966  0.43229011698652808
  0.43958716613819543  0.44742740452235963  0.45555718015445934  0.46365402463819227
  0.47172326374288415  0.47983581114741752  0.48805315848221714  0.49652231173590894
  0.50517051676055957  0.51364167402982908  0.52244015893525908  0.53126786471805276
  0.54030300698061384  0.54974560130045125  0.55941212611363467  0.56917518306993320
  0.57909637921285539  0.58903342566271832  0.59887638225347750  0.60938263698777617
  0.62062000466672207  0.63212445343169121  0.64393216730849212  0.65567331304220144
  0.66796415056771119  0.68103790452977142  0.69449053003469752  0.70875485379110970
  0.72446053695419754  0.74118480857889546  0.76086151448358319  0.78433313811264249
  0.81024876227072562  0.84313797679485081  0.89210985278060095  1.00000000000000000
 -0.01618625159336213  0.10046274853152530  0.14033191222732566  0.16704662773757009
  0.18774643466739557  0.20448547819428090  0.21860610969435934  0.23114586204209198
  0.24303638201639838  0.25388079769048472  0.26357348986822027  0.27294421774790334
  0.28198939813790397  0.29092876855715216  0.29877248777471255  0.30632995139831903
  0.31359420582248587  0.32056302400453635  0.32752381534468350  0.33441145918227100
  0.34121694045237194  0.34810624735251405  0.35488538731133795  0.36144526228861978
  0.36772253849690512  0.37389003682149835  0.37988056206811749  0.38570728697929513
  0.39147460025953201  0.39717611683627418  0.40278059319991255  0.40835446378600038
  0.41386804928656340  0.41930220769588866  0.42480313552040411  0.43026621445940633
  0.43567297571380814  0.44101325112721973  0.44647889329254331  0.45196663065981729
  0.45757597151571716  0.46335352667812851  0.46928087341202218  0.47498387550703663
  0.48069667379256398  0.48650776703279830  0.49230341456116483  0.49811368761646452
  0.50394749343195833  0.50982036571807687  0.51533996516751712  0.52112778122827830
  0.52688278788936171  0.53259365478915954  0.53839523363504860  0.54418326625095470
  0.54973278586216334  0.55558037590968745  0.56156156146084135  0.56764546506263669
  0.57369479558203806  0.57987508312621383  0.58605368781190115  0.59225070986182793
  0.59850817298952830  0.60467931433196442  0.61067050619682461  0.61658110576082059
  0.62241564439325336  0.62827660851941858  0.63407477788575739  0.64010607162612465
  0.64629560435445244  0.65269070629913706  0.65911395800294614  0.66567111751854680
  0.67241176691897797  0.67940997049390695  0.68671680746550490  0.69400858719473701
  0.70131038375008803  0.70878581792470696  0.71686748571288195  0.72530195425954636
  0.73445645822532835  0.74436509563732689  0.75505876670688954  0.76637191828001994
  0.77829164104533366  0.79076441088907845  0.80486123003823984  0.82197098212686370
  0.84370379714997568  0.86958348553911158  0.90592775093476274  1.00000000000000000
   1.6808383809553270E-035  -1.0000000000000000     
 T T T T T T T T T T T T T T T T T T T T F T T F T T T T T T T T
  <DiscreteSampler_grid>
  grouped_processes
  1 # 1 for a reference and 2 for a running grid.
  10 # Attribute 'min_bin_probing_points' of the grid.
  1 # Attribute 'grid_mode' of the grid. 1=='default',2=='initialization'
  0.0000000000000000 # Attribute 'small_contrib_threshold' of the grid.
  0.5000000000000000 # Attribute 'damping_power' of the grid.
 # binID   n_entries weight   weight_sqr   abs_weight
    10   10   9.755751551616183E-022   1.255772938552483E-042   9.755751551616183E-022
    11   10   9.755751551616183E-022   1.255772938552486E-042   9.755751551616183E-022
  </DiscreteSampler_grid>
