 -0.00141285803154736  0.01727467876685434  0.03494620211882109  0.05077787128634102
  0.06571565679929087  0.07944510871964559  0.09211000685831057  0.10445009778219434
  0.11620295020559870  0.12746488200388903  0.13840823995166557  0.14898878528853343
  0.15929788399454015  0.16918178843778794  0.17895691387834961  0.18866252369865946
  0.19835706827646693  0.20784602717406303  0.21695124443877939  0.22579839982448968
  0.23458620235246291  0.24328992205788272  0.25193849025765730  0.26059112142090102
  0.26914605878298442  0.27778182805368995  0.28644482739646188  0.29512265473413185
  0.30381725645100888  0.31239326368088594  0.32082126422294699  0.32908837281731629
  0.33717678717174349  0.34516157249379642  0.35306958359304702  0.36088130788628703
  0.36871232166438206  0.37658163801681560  0.38434726718379303  0.39183055939239458
  0.39920270200813851  0.40656628952551771  0.41400980349973682  0.42155344296284597
  0.42919131869910737  0.43678941038328067  0.44430527498368727  0.45175200970441115
  0.45934981282207438  0.46718370099481260  0.47509710320371840  0.48295771005211918
  0.49081220675929738  0.49873831211955766  0.50674996309533860  0.51492075581051577
  0.52305733274466926  0.53127822981016981  0.53945622036887220  0.54773446332115872
  0.55602584878623362  0.56427107830974432  0.57246686049920326  0.58060348279130725
  0.58876855940156547  0.59716823311053668  0.60577834332298508  0.61436992500141308
  0.62294416128165142  0.63156665108922261  0.64011592854914734  0.64909617283324395
  0.65824343190666645  0.66745610106363196  0.67677012657120950  0.68622061555243552
  0.69583733490948751  0.70567478643707704  0.71605810188973706  0.72650106614415311
  0.73713656660626492  0.74791002033487630  0.75885003904034309  0.77023568695922118
  0.78196014359989519  0.79407317635137631  0.80665819731949262  0.81957445719108246
  0.83309152335799808  0.84794028538507071  0.86457975258241060  0.88246166133547510
  0.90232229126426333  0.92561360474072674  0.95784022202180130  1.00000000000000000
 -0.00223436458074729  0.00937838906131455  0.01866837067828131  0.02875250926438468
  0.03872582573203044  0.04915364884649082  0.05966729743040565  0.07026229020685275
  0.08063456828803608  0.09108571868964367  0.10140222235426062  0.11192959664561210
  0.12267488655127615  0.13324589121847705  0.14393122264726765  0.15447911153994770
  0.16531358261491022  0.17556221688023149  0.18600424718634870  0.19639148744276869
  0.20714067543067868  0.21736947025912992  0.22799347436598105  0.23852964647985730
  0.24934411044689894  0.25985737983498719  0.27046740290959059  0.28062114101473939
  0.29076054881707575  0.30123526158803177  0.31188427550770687  0.32269963513579414
  0.33332978422457732  0.34383401405764563  0.35430514936484170  0.36482191100015371
  0.37523097507190173  0.38540470314299985  0.39560730018392193  0.40614098263404763
  0.41715566589440833  0.42835232492641262  0.43949958356766955  0.45023247752648532
  0.46046807000332446  0.47056058453270949  0.48090789073765922  0.49143920432553045
  0.50196623015543740  0.51271190789503907  0.52365776897663796  0.53586003796955872
  0.54777719096360222  0.55992156487711520  0.57110547301999059  0.58201941783998634
  0.59328637023905728  0.60444128005416020  0.61568881991595159  0.62640026428237483
  0.63676680177361344  0.64708506588706416  0.65748996817204686  0.66772113947729073
  0.67775145826620220  0.68800230523638972  0.69825543199349049  0.70843086044345249
  0.71796740682481353  0.72737254615788949  0.73732600308640051  0.74742678269605900
  0.75801103525352920  0.76862990392209696  0.77918065475971532  0.78980588583454958
  0.80015389272914672  0.81073227613489340  0.82104010640580760  0.83124235525496559
  0.84177166369091716  0.85236210393103373  0.86311556115089771  0.87354392168847028
  0.88450027853096880  0.89559324223137093  0.90703509913712732  0.91829169594543592
  0.92872529473647603  0.93946816895272278  0.94993765564162169  0.96021290811020166
  0.96976858066372884  0.97933573340363966  0.98984423906454500  1.00000000000000000
 -0.01404891112719813  0.07360933235531888  0.11304809195899809  0.14055258641417701
  0.16322482838149968  0.18322510111948101  0.20159132780167921  0.21832315775751276
  0.23393164418478918  0.24875389657223912  0.26228950378732357  0.27471562855390591
  0.28640102790161254  0.29761930340435405  0.30827815997558061  0.31884042382284361
  0.32914045617116749  0.33931455510277081  0.34924998007218883  0.35914329575507165
  0.36916340848164614  0.37868044889997299  0.38767755940132770  0.39648375408299991
  0.40515487580951165  0.41365811689913556  0.42211603290212690  0.43036996282379120
  0.43865832116701814  0.44723250947114362  0.45580024347602216  0.46404578024363408
  0.47208311912679057  0.47988822356658684  0.48758813582944999  0.49512189694662090
  0.50262731843602459  0.51017059747036175  0.51762887180302131  0.52533259825963396
  0.53325051011922087  0.54104973576903048  0.54864172229708918  0.55621041704860630
  0.56366961556282791  0.57088134368385590  0.57795010885930753  0.58487018428132864
  0.59162096115176865  0.59840718605874288  0.60524182551068251  0.61199911426057685
  0.61872331589395857  0.62547661636197693  0.63230928176620194  0.63919528719456142
  0.64613451109347431  0.65307475943356830  0.65998956966478106  0.66683866473050213
  0.67323493287116243  0.67981061142128063  0.68642052335023607  0.69292340799494245
  0.69930849581860000  0.70575910743579351  0.71229328204945264  0.71884178917071162
  0.72540132741195296  0.73222819782354442  0.73926301614671419  0.74636022991714546
  0.75342986456012384  0.76049302300640520  0.76761540230955383  0.77477307143679452
  0.78201447555006620  0.78935991721029852  0.79676859920190501  0.80424123036689799
  0.81179689125853549  0.81946458994417937  0.82721195515821666  0.83510066000803118
  0.84328175632229196  0.85184435644330314  0.86089012979203816  0.87028485647471410
  0.87985754592692345  0.88967482381109875  0.90017422890147702  0.91181309464282190
  0.92477206201437390  0.94014994831482812  0.96234408355457535  1.00000000000000000
 -0.03388227992223278  0.17200438994713113  0.22750442763917514  0.26316307926739319
  0.29024343878619629  0.31338019362566738  0.33308007405488804  0.35066636258758821
  0.36630708479677260  0.38107420968363082  0.39542341298297062  0.40862227085741959
  0.42081655574859217  0.43225022301321397  0.44319815983840355  0.45361454707522669
  0.46340782636325201  0.47270585059700210  0.48145315214434181  0.48979762855931575
  0.49793175350825958  0.50584182612034323  0.51334832849926948  0.52059772690356954
  0.52764658404971354  0.53462748137349081  0.54163337318474969  0.54851229307771388
  0.55517321174319467  0.56160576025288156  0.56779691561195389  0.57382192190539061
  0.57970384671817754  0.58554929785022447  0.59139956156075713  0.59723187022578861
  0.60296868615695109  0.60847820383451634  0.61386020392254281  0.61918201996494482
  0.62443000008043192  0.62974707152248965  0.63495886806728452  0.64016841107642908
  0.64538608770111283  0.65052770007191518  0.65559392803392791  0.66056319869039115
  0.66540920247548563  0.67018813757562590  0.67494834611800980  0.67967481328412138
  0.68443426516823136  0.68931556442359043  0.69405852950574976  0.69872663852863781
  0.70328695605373015  0.70781876120320275  0.71230080057838319  0.71674926325839461
  0.72115260678287174  0.72558574975356993  0.73008059771550571  0.73462980815537682
  0.73917734273735303  0.74368833929264244  0.74816339748563088  0.75261271934523866
  0.75708467994857531  0.76163259798565830  0.76623718308216604  0.77085030891532857
  0.77539142124374105  0.78000775020488478  0.78463737020320068  0.78928310117757583
  0.79402416846658264  0.79881467486640012  0.80366871798030903  0.80854971336328574
  0.81362565070427872  0.81896530056769024  0.82447771765482369  0.83015427436776090
  0.83613098200572133  0.84245298372933741  0.84904866338221041  0.85591568515965011
  0.86312888843730806  0.87067592409502637  0.87902261356228417  0.88866531235949631
  0.89991931458583696  0.91453788574121642  0.93779542704494256  1.00000000000000000
   2.9676792770731801E-008  -1.0000000000000000     
 T T T T T T T T
  <DiscreteSampler_grid>
  grouped_processes
  1 # 1 for a reference and 2 for a running grid.
  10 # Attribute 'min_bin_probing_points' of the grid.
  1 # Attribute 'grid_mode' of the grid. 1=='default',2=='initialization'
  0.0000000000000000 # Attribute 'small_contrib_threshold' of the grid.
  0.5000000000000000 # Attribute 'damping_power' of the grid.
 # binID   n_entries weight   weight_sqr   abs_weight
    10   10   2.117141850622874E+004   7.235965675365700E+008   2.117141850622874E+004
    11   10   2.117141850622874E+004   7.235965675365700E+008   2.117141850622874E+004
  </DiscreteSampler_grid>
