  0.00870922526776959  0.01726052954945586  0.02917440918517752  0.04156302156760451
  0.05320243374622605  0.06438457127890072  0.07663556604148855  0.08814265711069033
  0.09929074774113855  0.11113712807012630  0.12283345087531458  0.13423775343404942
  0.14527381357117228  0.15624934049807931  0.16719859899579420  0.17796851955954512
  0.18863525681582391  0.19910990572043824  0.20926174581092527  0.21926039293765540
  0.22932193995227476  0.23905938439286534  0.24870030872742693  0.25836327174322532
  0.26790719273864327  0.27736005529519708  0.28690567020372382  0.29674399393342527
  0.30747421231143590  0.31755791262303235  0.32740002493038994  0.33695931494789000
  0.34629104740446326  0.35661074185016473  0.36691210190906909  0.37641323018723594
  0.38551535494960826  0.39437557580529942  0.40346872590331673  0.41242644226704328
  0.42198123573357788  0.43202562408925049  0.44303848258335748  0.45487827269679348
  0.46619006150666370  0.47682628387799103  0.48743704564204765  0.49815752393817847
  0.50922819029686306  0.52034840353167777  0.53207842265369198  0.54398481863579029
  0.55540864340736706  0.56647738811169446  0.57773083878070464  0.58859174752864152
  0.59993732489356499  0.61165797111957698  0.62417353407061771  0.63615944882184505
  0.64825284020134155  0.65969697251840276  0.67099263560033373  0.68181955591501942
  0.69177789277258050  0.70119851739920913  0.71080155941265688  0.72094304344597926
  0.73109230394339175  0.74134031660937305  0.75157769997819546  0.76196574221822877
  0.77150346622185551  0.78069774237223266  0.78941483018446268  0.79934857835271400
  0.80956484168973664  0.82079273813046083  0.83190803047225281  0.84260873188939611
  0.85342428780050128  0.86345281366747639  0.87370488138501834  0.88405683468621798
  0.89446874447181790  0.90454702637927453  0.91445961373659557  0.92424401804576761
  0.93400854053235827  0.94362836958807705  0.95321134698326038  0.96264320239515544
  0.97214096436286279  0.98148126554185600  0.99139927405166706  1.00000000000000000
 -0.00085576169846228  0.00456380342901590  0.00703787235439719  0.00961157133425777
  0.01261963967370368  0.01594239251773802  0.01964223529304625  0.02374281267505726
  0.02810239958933693  0.03282508278331314  0.03802100465137200  0.04337056286137000
  0.04867295665316523  0.05409179562644866  0.05988675664136865  0.06582749647278117
  0.07227684461320645  0.07970262099086196  0.08723501225875248  0.09480705432470332
  0.10246856221439500  0.11007675917900667  0.11770941264939645  0.12545503560082719
  0.13340205402009922  0.14169035891264317  0.14999596622970227  0.15830595140921191
  0.16682091459109027  0.17574754073656013  0.18522875306517467  0.19511271551225953
  0.20536719927344715  0.21589124598498979  0.22636843216374289  0.23682602277332765
  0.24715643013017768  0.25766003467366139  0.26784901538434441  0.27784280567786523
  0.28817555045571103  0.29908262953629156  0.31038678471777237  0.32165916315253956
  0.33270593309897806  0.34365783051143661  0.35470825500497366  0.36588339342293585
  0.37634306658267835  0.38669390344239774  0.39673320089077729  0.40742774290514872
  0.41916172087710896  0.43127284824661211  0.44407533815404066  0.45691876114673541
  0.46938468664184280  0.48142056677236844  0.49305119104303541  0.50465951986746482
  0.51667042956871301  0.52862801534758153  0.54101102979808879  0.55456760362246871
  0.56844049282361031  0.58263920310787487  0.59672822257538660  0.61042858800851563
  0.62387915336291710  0.63755294104454974  0.65084209278909111  0.66419152221384226
  0.67758014655860022  0.69094631120071726  0.70438756311032036  0.71815298466433375
  0.73201029191139466  0.74582718560706829  0.76075780999962728  0.77579109863680173
  0.79057888496628503  0.80523047076423171  0.81995420454036960  0.83452511447448430
  0.84880344787260942  0.86281370249145417  0.87672888289172968  0.89085729449657813
  0.90504291886914867  0.91905920199693225  0.93291709928190669  0.94644538941580936
  0.95982698496411134  0.97324847114073465  0.98665507153572618  1.00000000000000000
 -0.00187515735145126  0.00912777429612950  0.01860786503427012  0.02907449312747331
  0.03963946595004920  0.04969977521160350  0.05962409611934383  0.07053018442080203
  0.08165614801037088  0.09183421329132452  0.10195160759973336  0.11325411620467941
  0.12478060282409105  0.13562627128028240  0.14659203968237941  0.15810825181696350
  0.16970784740338690  0.18156931830715298  0.19333593343892361  0.20519385179053920
  0.21607925316133930  0.22647559618822349  0.23604810255955247  0.24546154814514920
  0.25503479375638499  0.26492097548527571  0.27481121921028684  0.28456611378701790
  0.29428786101199617  0.30482343035271031  0.31576561987117574  0.32851286856970036
  0.34075207780442407  0.35253756376665546  0.36370574766423386  0.37489629287415316
  0.38617631310191969  0.39702027838775000  0.40694424388596750  0.41699870708925335
  0.42705492846693122  0.43738438517526601  0.44774133722781079  0.45788865570692910
  0.46844606805155592  0.47908390938014955  0.49058360052134931  0.50191743914259712
  0.51398513494818943  0.52467970694468380  0.53450995412316948  0.54470716188071722
  0.55528286790292458  0.56562995114275905  0.57549730139020905  0.58528827454612808
  0.59530799200902684  0.60523687911113822  0.61489049353434067  0.62456999966092719
  0.63450913779234208  0.64472095338254232  0.65510624162008402  0.66547343206092346
  0.67536479972823382  0.68561828139920833  0.69602905909271839  0.70657872343480188
  0.71660316995531781  0.72647017548307202  0.73688480659980460  0.74740418235355299
  0.75815024547543619  0.76902441425143453  0.78018126409377131  0.79127720169252880
  0.80230710695054697  0.81333683306812610  0.82404583976752099  0.83475680241689798
  0.84470225618939088  0.85495199061693150  0.86460183730644946  0.87457538565890303
  0.88435314523522557  0.89376487962998252  0.90340542176182526  0.91302448710855255
  0.92303781747481961  0.93298251382743957  0.94309909419158322  0.95316210718080929
  0.96379502268679518  0.97502367722483885  0.98739739020657169  1.00000000000000000
 -0.00176738411263721  0.00835149684495128  0.01742695660977653  0.02670976624711301
  0.03592294423439997  0.04535527557138650  0.05537451949125165  0.06522999260275902
  0.07472411498273124  0.08422607170894926  0.09445978476664438  0.10500600417699238
  0.11534648354325799  0.12536090223564345  0.13506037434696425  0.14462353029301012
  0.15429661528750868  0.16403970061460985  0.17432418957887147  0.18502295367602395
  0.19695558793142717  0.20908332338740632  0.22202348985862821  0.23379434381320172
  0.24515225223914572  0.25580245057207490  0.26661802772457932  0.27722788789846314
  0.28752237021174404  0.29843658802316758  0.30988879021493942  0.32116142406326920
  0.33233664212933200  0.34288809854744223  0.35310881709880826  0.36315977231312230
  0.37395610655076977  0.38535824087382836  0.39668593471672731  0.40730994492270028
  0.41812817010356584  0.42924738280651042  0.44077802276145117  0.45245497394516188
  0.46451263310712199  0.47705575970336078  0.48808453685883774  0.49938228448602934
  0.50996940371123300  0.52065491510915374  0.53173596202784690  0.54321264982354345
  0.55507089463090475  0.56645022333649631  0.57765974885882110  0.58831572008872812
  0.59913296900850643  0.61035264088888830  0.62199129397379194  0.63359847545115977
  0.64523752112509913  0.65658986490888516  0.66728509992775675  0.67766472187498017
  0.68757671883149774  0.69747519833298943  0.70726686608853540  0.71785003094083155
  0.72860574019212720  0.73922792002000726  0.74935564399692278  0.75971719856911479
  0.77000108578033866  0.77984997063587014  0.78961045810981845  0.79977679648739186
  0.81048600405785753  0.82155572685048683  0.83258868128954100  0.84306706451045443
  0.85273537197854266  0.86167897942354410  0.87040472256818990  0.87936021393598784
  0.88860364009259230  0.89794654120090189  0.90796483496489133  0.91797497221165525
  0.92847208178987051  0.93928793198233018  0.95034080444154301  0.96113170099731604
  0.97118060123622385  0.98096975437925404  0.99068783040447106  1.00000000000000000
 -0.00271216444617992  0.01052940880927478  0.02166135907969976  0.03178681249098453
  0.04182953383604447  0.05143454582831989  0.06115800819890189  0.07076887542691468
  0.08045068155067762  0.09089432445637070  0.10145134327702075  0.11147099459956984
  0.12124759287765671  0.13153733661840769  0.14184532676513945  0.15207230177875652
  0.16237963140016504  0.17340131506883458  0.18452006882986008  0.19568459680221312
  0.20642440358712710  0.21690192373634695  0.22712037997650683  0.23772235063720409
  0.24883444774764366  0.25958843840583806  0.27003929693562939  0.28038736707953271
  0.29097343655375885  0.30123633500004549  0.31113722901220442  0.32088815677813359
  0.33079183109293708  0.34115225428416984  0.35187101660111714  0.36387768962511968
  0.37623478441643804  0.38796271669062016  0.39957756479903894  0.41113713808252772
  0.42248895642004874  0.43368846599060590  0.44447561694910787  0.45527134870152886
  0.46564614359510204  0.47592757294656296  0.48589932176666212  0.49624500536436822
  0.50675380515657853  0.51800478050265464  0.52947073114658960  0.54152029068618457
  0.55301627313408519  0.56392041233164469  0.57393693978327631  0.58418760233380063
  0.59517264326191732  0.60697329280266554  0.61873352842567531  0.63011048984300022
  0.64117273169568589  0.65224443645340169  0.66328812657633318  0.67434379506515563
  0.68574591499145643  0.69793461897142528  0.70974313997588823  0.72046077899476868
  0.73063088273467369  0.74077892318712113  0.75080762434321457  0.76061278130952614
  0.77063175413384533  0.78112225710299354  0.79168022089325851  0.80231439477833222
  0.81313446069449757  0.82412956787684666  0.83501556043177594  0.84556474524307002
  0.85592416132050397  0.86608247692233142  0.87592843296971978  0.88584889656011523
  0.89581569130898886  0.90535813866260539  0.91464282193432345  0.92385493992335876
  0.93290416406626275  0.94163901844489539  0.95038866032831626  0.95921863311884514
  0.96903230890443981  0.97880489193125697  0.98940235641030583  1.00000000000000000
  0.00453111385041113  0.03464530259417888  0.05051564903281197  0.06176514369198832
  0.07110303133746274  0.07948774942270628  0.08753932059553406  0.09518400179632411
  0.10280288703487007  0.11003268475473819  0.11689160076661394  0.12371759434746858
  0.13057942400379963  0.13714616890981943  0.14350402151889063  0.14994341842833725
  0.15656907588380728  0.16305950424143270  0.16952362623514050  0.17604803094765431
  0.18243906408288790  0.18887458996369222  0.19551504753732163  0.20225865924206907
  0.20891198534608141  0.21524674489225376  0.22108058651487605  0.22683062853253341
  0.23253045284709078  0.23826328527088142  0.24404145560259302  0.24988052123266216
  0.25573170196131323  0.26147932939702950  0.26724387228986074  0.27293670387481583
  0.27886331162311806  0.28477370574285227  0.29071551750220354  0.29681063568209581
  0.30319862642323459  0.30976899990884382  0.31627953475322018  0.32253556199505901
  0.32847627545235097  0.33440665874135544  0.34072687020434939  0.34715937474037450
  0.35388459544722706  0.36026981343620024  0.36656580152495699  0.37302874748795817
  0.37965419344154955  0.38673479252888698  0.39355869493680423  0.40011980488624899
  0.40643752934858252  0.41286787979132167  0.41984776280988634  0.42720482129201748
  0.43479292562031313  0.44257080405433646  0.45048037606794711  0.45863278564894877
  0.46696481123165851  0.47527845615540543  0.48330056956633166  0.49106838044020262
  0.49895296028948893  0.50715500136999581  0.51571712725961061  0.52456002760895282
  0.53387429252891527  0.54357829085953790  0.55367218048710398  0.56382166693479197
  0.57432290557595744  0.58506415601181438  0.59596702076816666  0.60728354304996723
  0.61890878021355455  0.63055470254005896  0.64197869828271159  0.65405743955366658
  0.66744017800824429  0.68223264826042851  0.69767000949891589  0.71322480788720732
  0.72950405486231606  0.74699010544907418  0.76602695912415431  0.78796016178030193
  0.81330189924202889  0.84552295426850665  0.89276484094004638  1.00000000000000000
 -0.01627961842449004  0.09812468373288878  0.13921328809862907  0.16610942255758157
  0.18680959843920877  0.20401335979481616  0.21906461870390115  0.23277015785165159
  0.24536997867731933  0.25699829316055584  0.26751760621448878  0.27709170153883617
  0.28603387048384249  0.29450809330847716  0.30255853490229467  0.31038428718486299
  0.31782458276150316  0.32492391369444834  0.33172991401153323  0.33808095486331236
  0.34408755417937831  0.35010085263104990  0.35637691448150455  0.36297482131605568
  0.36974228264667869  0.37646571883205582  0.38300759266028317  0.38928295968252430
  0.39530025274179520  0.40113974868970492  0.40691590624814900  0.41273476438161566
  0.41859787705336854  0.42461019852198106  0.43047853558064347  0.43635939223814918
  0.44196522709730818  0.44768612078416531  0.45353294223660368  0.45931150699086420
  0.46491455934542991  0.47034266019212351  0.47573486999535869  0.48111434993348223
  0.48622441015535134  0.49132142128851120  0.49634996685506244  0.50164092041774055
  0.50706091720387803  0.51244276952481704  0.51769625907816075  0.52297743391556584
  0.52845703428767721  0.53409478296583801  0.53990544950011310  0.54546420848651289
  0.55084417654645779  0.55603813317016848  0.56133382880789051  0.56645878997978671
  0.57190251890503396  0.57749656022048035  0.58306744276289157  0.58855142228089596
  0.59404288894265889  0.59970990057610707  0.60558370475905232  0.61155234238186806
  0.61741161136671319  0.62317108136796184  0.62902212123897339  0.63501993735920903
  0.64108879069723679  0.64722297488408342  0.65360818765890016  0.66011930196045099
  0.66685516307611958  0.67428918995312115  0.68192886784707185  0.68987812416918182
  0.69815751525028080  0.70660743359664613  0.71506693437460511  0.72362844416554040
  0.73258427236849921  0.74174601794471262  0.75148458745956725  0.76183403537971317
  0.77330949607415678  0.78601188470711025  0.80021406666960715  0.81710152121222124
  0.83786557320595123  0.86563289699965573  0.90707305924295478  1.00000000000000000
   2.3208526146794741E-035  -1.0000000000000000     
 T T T T F T T F F T T F T T T T T T T T F T T F F T T F T T T T
  <DiscreteSampler_grid>
  grouped_processes
  1 # 1 for a reference and 2 for a running grid.
  10 # Attribute 'min_bin_probing_points' of the grid.
  1 # Attribute 'grid_mode' of the grid. 1=='default',2=='initialization'
  0.0000000000000000 # Attribute 'small_contrib_threshold' of the grid.
  0.5000000000000000 # Attribute 'damping_power' of the grid.
 # binID   n_entries weight   weight_sqr   abs_weight
    10   10   1.513368646277150E-021   3.260960701737589E-042   1.513368646277150E-021
    11   10   1.513368646277151E-021   3.260960701737597E-042   1.513368646277151E-021
  </DiscreteSampler_grid>
