 -0.00014437206714150  0.00595124875860626  0.01609312888312743  0.02707606591730842
  0.03830705111348954  0.04943482819862857  0.06026049669142995  0.07066510760425691
  0.08074778126387425  0.09099626742838120  0.10113387289734845  0.11113412082666507
  0.12103933047378383  0.13108545367946320  0.14142827091974652  0.15174327966819356
  0.16156131206778629  0.17093695751646831  0.18004201472142109  0.18884836546842745
  0.19753864916726932  0.20620372153932756  0.21476335215498835  0.22348571791405256
  0.23216036595232176  0.24107884600760371  0.25018160055131577  0.25929434213074676
  0.26821630459032553  0.27699084339352359  0.28552786005148140  0.29406405481578607
  0.30260704596285048  0.31088590840722502  0.31933564556986876  0.32790694458731290
  0.33645122462979382  0.34493980668114910  0.35336841368282768  0.36178937146442164
  0.37024924957130267  0.37869691141165313  0.38708835228878924  0.39553132213789899
  0.40395460996866989  0.41246882705158044  0.42096042543546836  0.42940190156449637
  0.43780115611373077  0.44614620475856814  0.45444796593596609  0.46281338455442639
  0.47114268710891838  0.47929081192272760  0.48759710568781595  0.49604966311904397
  0.50451632415319803  0.51300989421484411  0.52172464298875154  0.53065173827710044
  0.53971917183972573  0.54864905297998001  0.55741130481245815  0.56608437794801469
  0.57469990380332248  0.58329984058548734  0.59208724548050418  0.60092066003516420
  0.61011418328767331  0.61955343343497216  0.62893032205748878  0.63822243920688704
  0.64772983758814984  0.65750344795117621  0.66756758946470551  0.67791746253501362
  0.68848666422535165  0.69903342176990124  0.70968134723311904  0.72012655407689563
  0.73105020061836135  0.74259902265630007  0.75451043191184852  0.76658040866502775
  0.77894420151688859  0.79172185563681319  0.80513677861678912  0.81984692475645371
  0.83590553568354853  0.85295357145357709  0.87054722344167224  0.88874907837907813
  0.90917471728247101  0.93342602306353417  0.96301768044073766  1.00000000000000000
 -0.00247407886616485  0.01010477447658994  0.02011082189703799  0.03111438610669419
  0.04140855210524827  0.05325943084650520  0.06466995452173101  0.07557937356539976
  0.08646233461658284  0.09668909183606186  0.10695003229514985  0.11717654648389061
  0.12760985249574472  0.13844453635872517  0.14887772552815523  0.15897644887384435
  0.16933546583316092  0.17959588848768696  0.18990259036769344  0.20008890313748703
  0.21034625107523525  0.22096958751235155  0.23202532553994323  0.24309027904910119
  0.25394281595321422  0.26419889727471274  0.27515878196337756  0.28649174140696437
  0.29768685139876733  0.30831421725515235  0.31887947213503487  0.32963472372493546
  0.34032423713407650  0.35136724745286274  0.36272074037712188  0.37383601703429387
  0.38437474431386953  0.39485598302122255  0.40472665487654119  0.41479731344051640
  0.42477012896739408  0.43474452014686721  0.44475914057704974  0.45491579276270788
  0.46556514150143746  0.47700637404736684  0.48756818994303608  0.49825137500205513
  0.50874462470886461  0.51961422689823367  0.52972894722310404  0.54005396139191664
  0.55033995517059642  0.56056323300105992  0.57085119835503517  0.58136675671472771
  0.59231288756113243  0.60330625858621612  0.61482189658369080  0.62641473864888031
  0.63668406042816017  0.64690852713098002  0.65716816185464089  0.66774274701270786
  0.67726127714708806  0.68672644543858530  0.69614841635144842  0.70582960984794063
  0.71603102459590628  0.72656304671783056  0.73748401697356136  0.74840728669644274
  0.75886447279316949  0.76897367677945927  0.77884465282892323  0.78867237397542389
  0.79855927249506375  0.80841689018726581  0.81853891173326232  0.82883518747681761
  0.83877763710505437  0.84847906997869171  0.85858984294478569  0.86934431711571192
  0.88002585990251869  0.89037026592120971  0.90121895880122305  0.91316882845104774
  0.92484311991356116  0.93623327294816350  0.94756674111852912  0.95890783737066654
  0.96928375389924626  0.97974539979725750  0.98987022589041185  1.00000000000000000
 -0.00873705148947813  0.05550764926724713  0.08817070308312407  0.11205543876446145
  0.13206856708886222  0.14954618478750845  0.16584647356118537  0.18168364776149867
  0.19665499495100791  0.21043526416239183  0.22339271142779130  0.23599059512923060
  0.24840109859653145  0.26063015047642796  0.27240406333775841  0.28421638135567995
  0.29558793129565553  0.30607481034154455  0.31656186933149266  0.32667922183943754
  0.33690064044395890  0.34698437806477350  0.35691474322352135  0.36627831854976717
  0.37549618391131273  0.38439343322967168  0.39341945914461413  0.40229013477573133
  0.41110482255659231  0.41980164603498421  0.42847821572047673  0.43717179758800895
  0.44569051452001340  0.45422547680406200  0.46266246610936995  0.47105315798027980
  0.47940792596037862  0.48772346809782513  0.49582445609538489  0.50364042680206644
  0.51133827489879269  0.51907733540823131  0.52697177796469585  0.53507075375328839
  0.54291578007800345  0.55077464636757689  0.55847646412805874  0.56597756135799326
  0.57316942200584320  0.58050505818365006  0.58803171664632981  0.59569303625347125
  0.60331136867383439  0.61091492124601288  0.61860861070210893  0.62662529897830310
  0.63499023256760712  0.64325101838567189  0.65096331502598381  0.65837983373643150
  0.66584192759395577  0.67344219277680351  0.68112909335300520  0.68860660086828263
  0.69573640153029148  0.70301342541320744  0.71059850128145752  0.71818763015384179
  0.72565986324395770  0.73319618338955961  0.74089640792230038  0.74878804624426620
  0.75674493005195032  0.76462889764009312  0.77268824034268557  0.78114994215261557
  0.78973047660848317  0.79825572474070083  0.80680614627017577  0.81550665014978663
  0.82440428930793808  0.83342054421874534  0.84227816742265260  0.85141902915720524
  0.86001869953282939  0.86856763291758643  0.87739528906734676  0.88684536210651055
  0.89652206222697772  0.90651924837612685  0.91701050370050563  0.92839395302844274
  0.94073774250522635  0.95532682667814162  0.97456588132300614  1.00000000000000000
 -0.02123824882437884  0.13350264991760241  0.18290301646928978  0.21475056505219631
  0.24088587643494827  0.26387700371850609  0.28513556576489163  0.30384868005565091
  0.32059701004113011  0.33633246173573106  0.35098616537378868  0.36472995016409226
  0.37752547479491771  0.38951111163242241  0.40127759099314847  0.41316830083868938
  0.42471331128563278  0.43583469351108534  0.44702781620578347  0.45788452710749461
  0.46800995438916820  0.47781004431945823  0.48825570082695446  0.49851330987493886
  0.50748312437013809  0.51621484482556002  0.52485256978873496  0.53312955204890777
  0.54101008919623605  0.54810739028466049  0.55496441390497808  0.56178754523330388
  0.56856959957085007  0.57522990342011471  0.58171902758893412  0.58818787665666106
  0.59467774960566988  0.60126329553641711  0.60796627584640872  0.61466316915001751
  0.62121246484686488  0.62763322240813790  0.63412461314972646  0.64049427529042713
  0.64677918289571967  0.65265930193158384  0.65843964911960429  0.66428210065507742
  0.67002906366454396  0.67563524682575304  0.68109734218263918  0.68636174389736426
  0.69136820470024518  0.69617642634501531  0.70116681455063623  0.70620577123152650
  0.71145788826406764  0.71663016445758077  0.72169794825219058  0.72675896446281796
  0.73194058134379336  0.73721193566419463  0.74246911597235254  0.74766917974993141
  0.75282021408345934  0.75790369301646598  0.76298415288669408  0.76814242337204663
  0.77328344875538435  0.77838679199703154  0.78344588966089024  0.78845867507834055
  0.79346711322621610  0.79858218108631174  0.80377626777760403  0.80900192963377759
  0.81422378173708443  0.81962492446816182  0.82498105201519634  0.83037819583437300
  0.83586050928781874  0.84135481061545037  0.84694005995371546  0.85266597201088867
  0.85823869351683779  0.86399676199073350  0.87001685310593502  0.87647969722187891
  0.88344579479431373  0.89085767756002854  0.89884052922308000  0.90767089552726932
  0.91789818413672442  0.93180014303148107  0.95355708348094215  1.00000000000000000
   2.7176444021441242E-007  -1.0000000000000000     
 T T T T T T T T
  <DiscreteSampler_grid>
  grouped_processes
  1 # 1 for a reference and 2 for a running grid.
  10 # Attribute 'min_bin_probing_points' of the grid.
  1 # Attribute 'grid_mode' of the grid. 1=='default',2=='initialization'
  0.0000000000000000 # Attribute 'small_contrib_threshold' of the grid.
  0.5000000000000000 # Attribute 'damping_power' of the grid.
 # binID   n_entries weight   weight_sqr   abs_weight
    10   10   6.940429968196583E+003   1.867605416597982E+008   6.940429968196583E+003
    11   10   6.940429968196583E+003   1.867605416597982E+008   6.940429968196583E+003
  </DiscreteSampler_grid>
