 -0.00009109758192490  0.00089671713128851  0.00206749911811660  0.00373762321317326
  0.00593769740163473  0.00854832080573505  0.01159201584339129  0.01526596776176857
  0.01921339789529383  0.02329444929916128  0.02770268250260275  0.03252544606368449
  0.03784757657174680  0.04344488949489152  0.04943934942530569  0.05566025494921097
  0.06214166003857939  0.06901381146248708  0.07626114529057436  0.08364426062454866
  0.09099837253763668  0.09855761955054763  0.10670662529374364  0.11518037416430738
  0.12351417251101257  0.13158378204083490  0.13988724620058002  0.14846794273484748
  0.15764638602081774  0.16752583176616842  0.17759595370121423  0.18756230652418859
  0.19749276358149909  0.20737062701701808  0.21730964588439342  0.22754588853848806
  0.23806290695323490  0.24804121259661729  0.25785256655206196  0.26753921458236046
  0.27744418677063748  0.28778327601221498  0.29847052979113498  0.30944103780280208
  0.32050738229610015  0.33161538126026935  0.34271237838446211  0.35386008344962661
  0.36496804620626777  0.37604934203655188  0.38736227378622129  0.39915730865785287
  0.41146917157159119  0.42421111124018873  0.43648859274681590  0.44857143549078066
  0.46096952018264031  0.47356035087960480  0.48643409944770022  0.49949825664130754
  0.51264456950165604  0.52620614170159707  0.53964032665501238  0.55354368231376749
  0.56763448648504700  0.58196121795305145  0.59660925434320222  0.61093489688957814
  0.62507500954888817  0.63904167451621552  0.65270144732007529  0.66605484730998432
  0.67933772924300906  0.69253882625356100  0.70581802436828278  0.71932687841002108
  0.73323378253355764  0.74742465213262343  0.76128665316540367  0.77557076835616967
  0.79012399701738567  0.80484576198764013  0.81946532172300257  0.83379837528831557
  0.84786906107388638  0.86174328056352900  0.87571928766112594  0.88986502272242873
  0.90418613956335014  0.91862834165532159  0.93287898017503279  0.94671467758320849
  0.96034719894426501  0.97378408366631697  0.98698802703031419  1.00000000000000000
 -0.00237442613653479  0.00955873771146024  0.01925475932225512  0.02983694120476210
  0.04019278112761212  0.04985870724034356  0.05926892058076581  0.06894588941263312
  0.07900170935258199  0.08927176185034524  0.09951615159148014  0.10968840644022140
  0.11965181905730997  0.12988448300766292  0.14095010602484881  0.15211337775179426
  0.16311570116460539  0.17430613350272942  0.18587089282799282  0.19607026411594008
  0.20598357909922102  0.21607278889076612  0.22674493444607138  0.23690949191123489
  0.24663444283060285  0.25650497227447827  0.26676716707933384  0.27795126569045503
  0.28952269674390002  0.30125412619636849  0.31301775503605817  0.32503735797805600
  0.33673584984822913  0.34765799985451162  0.35898834773622640  0.37044763532928054
  0.38102941134170060  0.39066202441220871  0.40075362738348802  0.41107142634326826
  0.42150316656136194  0.43187831051322356  0.44276352963587851  0.45426030271695267
  0.46526725315675965  0.47608806460849917  0.48720595973430603  0.49878111005963388
  0.51108084514440544  0.52217065865951040  0.53299681372522556  0.54324941582439568
  0.55392297469362828  0.56503554591684946  0.57632327790451343  0.58724872150585516
  0.59797004298001299  0.60862390007085831  0.61988272674803924  0.63033103668232837
  0.64077873992508572  0.65100213954451913  0.66121186987792746  0.67094482068406003
  0.68046164630210049  0.69038236766467109  0.70099303437543703  0.71169234371707246
  0.72217897052934610  0.73241079647349105  0.74278221035089365  0.75317091086493360
  0.76336155608841949  0.77353418290345277  0.78352500330094099  0.79391981087585628
  0.80428301970944449  0.81458271345367772  0.82496506682431681  0.83516266299541231
  0.84541395998095614  0.85649424925336093  0.86840820726623080  0.87933810807538348
  0.88951672935643633  0.89975592375203639  0.91028359000675829  0.92040146989265292
  0.92988355780661525  0.93909609926203774  0.94860310270679449  0.95818968828328532
  0.96805996527654448  0.97765802666221668  0.98880440812032500  1.00000000000000000
 -0.00144481450777011  0.01197506681087113  0.02210379624932415  0.03126378602183994
  0.04044459979431461  0.04940697274838738  0.05792582904402942  0.06608933152955433
  0.07410395927823885  0.08185750442167240  0.08900644774505358  0.09588630800448794
  0.10297547270144529  0.10997649286309491  0.11692615191201032  0.12370414474075851
  0.13000457092830345  0.13614738845783114  0.14251543244217815  0.14905599326249427
  0.15575708170371647  0.16243581256167638  0.16897247173982427  0.17547054572392654
  0.18185252063692478  0.18817090230930869  0.19469899918705727  0.20135247082373686
  0.20831710016865290  0.21569494520717417  0.22306950265901546  0.23012071703473588
  0.23684588506107429  0.24348516298279724  0.25034665305040626  0.25747997141475942
  0.26450733654251657  0.27144336987807188  0.27832155042895601  0.28523132512239030
  0.29223684336042116  0.29912264372220326  0.30598175729250704  0.31295537848745003
  0.31913191038836769  0.32552432880060650  0.33186233404366838  0.33811109443073734
  0.34437277262406663  0.35070043499152975  0.35700687184747981  0.36330748647510946
  0.36982466836926292  0.37669635266828566  0.38363204557711089  0.39031375493757475
  0.39697595274616676  0.40391980206787603  0.41096535049948257  0.41812411836100855
  0.42543754386542698  0.43283917419194418  0.44052549858093215  0.44874749815761839
  0.45758309927494922  0.46683304487967586  0.47678164409399520  0.48657015250148339
  0.49629244677649254  0.50518274634779858  0.51359531686907001  0.52257012039183515
  0.53191135031364234  0.54147157916657440  0.55153828400707106  0.56181032049779633
  0.57311046301154556  0.58437808555205961  0.59566634024836895  0.60764819642002132
  0.62057046637733382  0.63340070890084388  0.64597966047277078  0.65926338788252759
  0.67306205833820798  0.68796488658354538  0.70413271674413225  0.72043833268609969
  0.73774268771512941  0.75639541306481461  0.77640981831711953  0.80004092599458865
  0.82821825113036229  0.86099795112725430  0.90525107289746909  1.00000000000000000
 -0.02272600504193777  0.14559293076115909  0.19758369337133469  0.23169330960983997
  0.25961876102842107  0.28346816214663517  0.30457148433923947  0.32354466313419367
  0.34085181006338089  0.35703421289506182  0.37262279593814085  0.38623137981190431
  0.39917978684819166  0.41199771181561617  0.42402056862690157  0.43521587328700595
  0.44616329336530836  0.45701911722489330  0.46735617961236675  0.47719202140528105
  0.48703390374379268  0.49678191608294520  0.50572695645466725  0.51398787353081465
  0.52224575061504497  0.53039632379512724  0.53834605257531942  0.54595241588625243
  0.55306872807808416  0.56020259368791259  0.56685947646238644  0.57331621950029166
  0.57969072417760403  0.58593373554675732  0.59209946518863421  0.59822744269087935
  0.60423551052206737  0.61006870012874237  0.61583430886047841  0.62148402584580076
  0.62699702088156817  0.63244506354925367  0.63782758880179269  0.64313050787927928
  0.64845370710856853  0.65378201290541860  0.65914541431109874  0.66446973607172033
  0.66961333168317383  0.67461277624454774  0.67958647351996615  0.68458468413375184
  0.68942503506661668  0.69406453790993261  0.69866925076792741  0.70325482172378340
  0.70787470815707088  0.71251954153461372  0.71729826529795015  0.72199819746857063
  0.72664779931589896  0.73128474380383801  0.73594809572876385  0.74062921514200442
  0.74532469388443146  0.75000559624235652  0.75468550410765378  0.75947814416857062
  0.76407527632711070  0.76857268296263448  0.77303991584176912  0.77770905485639763
  0.78254597546125948  0.78750521043419619  0.79248363407855127  0.79753230391072694
  0.80261975697443055  0.80775539455975842  0.81311010195751321  0.81864873600363364
  0.82424422451715873  0.82975349876809035  0.83522044030005549  0.84059323689100396
  0.84626346872377955  0.85212269507420646  0.85836293886376303  0.86493359343112475
  0.87163064448249372  0.87892516164478240  0.88724172296456039  0.89664647532306208
  0.90822079060611549  0.92312532968824679  0.94513036999679689  1.00000000000000000
   1.6612859653808194E-017  -1.0000000000000000     
 T T T T T F F T
  <DiscreteSampler_grid>
  grouped_processes
  1 # 1 for a reference and 2 for a running grid.
  10 # Attribute 'min_bin_probing_points' of the grid.
  1 # Attribute 'grid_mode' of the grid. 1=='default',2=='initialization'
  0.0000000000000000 # Attribute 'small_contrib_threshold' of the grid.
  0.5000000000000000 # Attribute 'damping_power' of the grid.
 # binID   n_entries weight   weight_sqr   abs_weight
    10   10   1.148650755619076E-005   1.679934986289536E-010   1.148650755619076E-005
    11   10   1.148650755619076E-005   1.679934986289536E-010   1.148650755619076E-005
  </DiscreteSampler_grid>
