 -0.00030926757869539  0.00697585653468527  0.01718847836232431  0.02819036343482275
  0.03959461681007326  0.05054564430187183  0.06156105022572190  0.07292383965207021
  0.08410318624192256  0.09500275359869809  0.10550653607678091  0.11570574981058625
  0.12568668034717151  0.13557994238875271  0.14534440589300404  0.15506978766761917
  0.16481891684885489  0.17435591019675620  0.18360467820366894  0.19265196987960956
  0.20160536800003209  0.21059024202570753  0.21942265984419634  0.22803894431032734
  0.23639780626404444  0.24508930396075002  0.25388675935324517  0.26257271362967283
  0.27124685991997699  0.27981627764702416  0.28838378992416686  0.29696892468838765
  0.30558439178281654  0.31422028744788116  0.32277287317128645  0.33118223097166399
  0.33944251907758266  0.34758392984701325  0.35566023250419082  0.36372585600848839
  0.37221150947227838  0.38061312556378973  0.38894979941228058  0.39711234951331137
  0.40515769161656934  0.41315819762153877  0.42120597322771086  0.42938955202110124
  0.43770042074356419  0.44618140378317050  0.45449157721247696  0.46272169755492248
  0.47114794824682660  0.47976577366483131  0.48846644994685051  0.49717873442848598
  0.50586982303821659  0.51453285350139644  0.52319156619132501  0.53183485006959164
  0.54058716817488328  0.54949312163885411  0.55842273879392790  0.56747397535449873
  0.57649237774459428  0.58548366931230400  0.59439073535178000  0.60335450464737361
  0.61250931817035481  0.62181238760875279  0.63116259921199536  0.64039430260084029
  0.64978206521909687  0.65942750601416789  0.66940178224189761  0.67966640141504564
  0.68992759756442634  0.70027204156335576  0.71064009021126118  0.72140702562036196
  0.73248459302664382  0.74373508384380127  0.75520591354602518  0.76686805693849125
  0.77897512645420419  0.79206817796999907  0.80573061132495050  0.81975965025215558
  0.83410780002638840  0.84941545899636306  0.86716106134384052  0.88581605075278735
  0.90618070957766739  0.92984816162801964  0.96194360958624825  1.00000000000000000
 -0.00239892079728166  0.00962565053062753  0.01983400395018373  0.03050437544872565
  0.04138253267418317  0.05180932487506611  0.06240300982900846  0.07278627615920873
  0.08337320306743955  0.09387693290732489  0.10424397833906981  0.11438099464831106
  0.12439134188467814  0.13432608212443936  0.14432638390088698  0.15424950177096280
  0.16417828950528540  0.17390198275560320  0.18334032300789113  0.19298175405134538
  0.20305247211912550  0.21344766825394823  0.22422906098223336  0.23509884931336633
  0.24604126383108113  0.25665558373827924  0.26708245378359841  0.27758580357489537
  0.28783098451638328  0.29819493778233241  0.30869495479779413  0.31915883008811213
  0.32955194355106732  0.33961038455037301  0.34940597945159252  0.35917684832722940
  0.36892415510593601  0.37895426319013303  0.38916912472294524  0.39970602493544810
  0.41081993821130053  0.42173222802332089  0.43258090163219065  0.44303094346384914
  0.45319317606788045  0.46349830693612315  0.47375401473431938  0.48388140882500663
  0.49391824302378040  0.50422708724260645  0.51489661361312511  0.52588197112331614
  0.53700193250452610  0.54788742186714112  0.55869630828633055  0.56961900528790665
  0.58081894339997198  0.59193081956319471  0.60305821128586701  0.61423406029645522
  0.62542047299752135  0.63640474522033730  0.64713050398420324  0.65808855419987033
  0.66895282131097444  0.67979966227677968  0.69061553410399479  0.70148628848958050
  0.71206524097149115  0.72228382318888973  0.73250791173752960  0.74288529891217892
  0.75326154963413416  0.76361193648068815  0.77428226913240417  0.78526033497244130
  0.79622756407289974  0.80714988614248739  0.81790778630529826  0.82857040647042890
  0.83934637228841102  0.84999158298227784  0.86057511872780490  0.87089378549665752
  0.88165094933988752  0.89289418714459656  0.90425353713813794  0.91584311325056900
  0.92724824672023276  0.93832835427903449  0.94866074986191851  0.95891866642906420
  0.96902360518705200  0.97934403710358309  0.98979087100295193  1.00000000000000000
 -0.00963471618497771  0.06353624122192686  0.10075385535454488  0.12866310440437834
  0.15029874665323920  0.16926416311308151  0.18683193681237428  0.20321638915041135
  0.21868712611287910  0.23336504769741140  0.24765405614572428  0.26124068550186952
  0.27429173967919424  0.28670899568951724  0.29815384430692882  0.30914465526259910
  0.31927816590086011  0.32924884989761655  0.33882260255162538  0.34820174265928916
  0.35745361649060642  0.36664713518122827  0.37559253568591355  0.38473519877022139
  0.39373998567167973  0.40281561680077926  0.41172526086861067  0.42033413312047108
  0.42893674764557704  0.43731254313063278  0.44563138863317497  0.45380220727898052
  0.46192389662795857  0.46998366346255949  0.47779992401426885  0.48528327743011151
  0.49248788227511842  0.49967037074556581  0.50714394322117762  0.51493348263008132
  0.52269093899945251  0.53013129254508518  0.53745521415467967  0.54454288039190102
  0.55149248520603233  0.55848227408715601  0.56541837602914113  0.57235513330824739
  0.57942131314416578  0.58669673644393394  0.59434832987844199  0.60198849109713304
  0.60961096094819278  0.61704767303952890  0.62423059686775095  0.63130276043455835
  0.63844465270533124  0.64565652045504685  0.65278939601762054  0.65975195854573421
  0.66661703769651026  0.67337261779972113  0.68018387862197316  0.68716513333607754
  0.69410776809221308  0.70118158290733945  0.70822583763624969  0.71510603049926602
  0.72195587011432449  0.72887618680672173  0.73589059047038285  0.74302837744244699
  0.75015697413262838  0.75716566146030728  0.76423885818143766  0.77141560984004687
  0.77857204744789321  0.78563724698423576  0.79276315701702993  0.80035516855032551
  0.80816021014124229  0.81623856917326676  0.82451036979429704  0.83289969801700303
  0.84141023444413854  0.85030398866999968  0.85969547341002062  0.86920613129104152
  0.87907506635253285  0.88890659735352762  0.89959982113573755  0.91187101444524443
  0.92556265077641520  0.94191653259123953  0.96480655662443215  1.00000000000000000
 -0.02287198469212403  0.15043957826365822  0.20386445071970277  0.23962780947778847
  0.26844024271079298  0.29206383919361611  0.31232544132896667  0.33034732549779600
  0.34703335505779676  0.36210737405665527  0.37639352675851562  0.39033553490258588
  0.40316196442916946  0.41505442333401588  0.42649792938341091  0.43739510856844888
  0.44772202199244221  0.45748634163486884  0.46682384901693674  0.47586461149980863
  0.48452444927059196  0.49282581406463727  0.50093192296947109  0.50870753220593501
  0.51608286000230763  0.52302706909048180  0.52969975818050186  0.53638188383808916
  0.54320756331763609  0.55007219091804893  0.55675659253729048  0.56316919494648499
  0.56927162053113012  0.57523678078930385  0.58111638795115839  0.58683426926742388
  0.59252682361269393  0.59823521027798532  0.60390833436855840  0.60923511897425942
  0.61444455262588116  0.61966793564715494  0.62496553890375628  0.63035270195544058
  0.63580387604730060  0.64126634270946792  0.64670427891800486  0.65202735501941678
  0.65713307427334333  0.66212373779272859  0.66703981074317897  0.67192356904408346
  0.67679457920559638  0.68168034576489711  0.68666489816507825  0.69151674459576262
  0.69621027547791092  0.70083380856634381  0.70541006545062457  0.70995250603041793
  0.71445351199689822  0.71892997895278721  0.72339287623895465  0.72791042541839679
  0.73253661584920038  0.73716766621949392  0.74175297106172089  0.74634947712682354
  0.75102538289165832  0.75579584348539475  0.76061793752175388  0.76545313556883043
  0.77031140241102103  0.77519101010677682  0.78007167443241165  0.78490257978623623
  0.78979591867548382  0.79487227297081375  0.80010521481914676  0.80538128503738649
  0.81069910823413072  0.81640146911568434  0.82249197992873735  0.82872117727575778
  0.83518953850113431  0.84190898193535046  0.84887040645528578  0.85599779157230926
  0.86356037669079944  0.87157357639621291  0.88056661200067332  0.89053723234438031
  0.90202228559836517  0.91756364135450397  0.94270847428799509  1.00000000000000000
   3.4152103832443913E-008  -1.0000000000000000     
 T T T T T T T T
  <DiscreteSampler_grid>
  grouped_processes
  1 # 1 for a reference and 2 for a running grid.
  10 # Attribute 'min_bin_probing_points' of the grid.
  1 # Attribute 'grid_mode' of the grid. 1=='default',2=='initialization'
  0.0000000000000000 # Attribute 'small_contrib_threshold' of the grid.
  0.5000000000000000 # Attribute 'damping_power' of the grid.
 # binID   n_entries weight   weight_sqr   abs_weight
    10   10   2.182572371482027E+004   7.611458279775321E+008   2.182572371482027E+004
    11   10   2.182572371482027E+004   7.611458279775321E+008   2.182572371482027E+004
  </DiscreteSampler_grid>
