 -0.00121937441944749  0.01672184579204917  0.03498029139760604  0.05132326237123432
  0.06646061836845622  0.08065979518377399  0.09380158543207827  0.10616386022377017
  0.11810864177133373  0.12967305984747479  0.14082445016481315  0.15165347530506915
  0.16222979431944815  0.17254374939291303  0.18262384226873160  0.19266359479518694
  0.20242301314441652  0.21200331336977349  0.22134714280092116  0.23057488876934293
  0.23978377340295962  0.24873375849802340  0.25745398853664309  0.26613349537985531
  0.27469511090070264  0.28318422619115008  0.29155899076293562  0.29985680191551484
  0.30802755252202069  0.31613922410254824  0.32425942786776002  0.33231656033985718
  0.34029666213987025  0.34825376198888774  0.35633847167548699  0.36447715051970303
  0.37245519925359871  0.38033170389748799  0.38822433793316291  0.39632664589027905
  0.40450727071555342  0.41260563157971580  0.42067279375753258  0.42872450869227424
  0.43668036721720205  0.44449275015050255  0.45228837356234541  0.46003108065029336
  0.46766796843716940  0.47542322659360403  0.48317221077810729  0.49093708944058168
  0.49871357245698344  0.50648493985848664  0.51426414600405146  0.52198402163553104
  0.52969502873209851  0.53745122510796595  0.54527399095952978  0.55317578561244563
  0.56109006868567213  0.56897270394873622  0.57677075659957233  0.58458415575639711
  0.59245253545758636  0.60075528065190875  0.60927176552677653  0.61794881173858596
  0.62669329551760511  0.63543890319013308  0.64414866869520582  0.65292853839134035
  0.66188543801588862  0.67102976497340516  0.68033572338850845  0.68975610353137418
  0.69926448652745521  0.70891133052946242  0.71853256862045156  0.72857822698977304
  0.73892446565022618  0.74954640288513519  0.76048595501624405  0.77167233689991632
  0.78309514446859863  0.79466642715608560  0.80677978318027865  0.82044739362578445
  0.83483782048291455  0.84980118407235672  0.86549119258660490  0.88230220334694864
  0.90185799484461471  0.92584065694631923  0.95794403029808406  1.00000000000000000
 -0.00218128168778747  0.00895622803570609  0.01874608138438680  0.02930439326549130
  0.04005607969933103  0.05066618245560710  0.06138262353262756  0.07189077561408343
  0.08226147200497054  0.09275346146424478  0.10334264848355604  0.11407143575926303
  0.12504387139268522  0.13617747470834071  0.14720657648427837  0.15780816040302689
  0.16866278384273697  0.17999747266080235  0.19092420512253747  0.20183702356635583
  0.21249708467537412  0.22315016546575914  0.23366769593171141  0.24416783508272955
  0.25458296512202172  0.26492250866424577  0.27535436680319914  0.28588868307272930
  0.29663995762185080  0.30748008213573841  0.31841294179638963  0.32935288548292802
  0.34044856861816791  0.35161696452653302  0.36274156302895427  0.37372209288028302
  0.38442989723253052  0.39494574333771071  0.40548218835272493  0.41615867770806075
  0.42693470125153710  0.43790378161783006  0.44917796343097349  0.46054167572563187
  0.47171580777663363  0.48242266233384823  0.49267930159060469  0.50280373361557462
  0.51296307308020128  0.52328129524364353  0.53356442134476001  0.54419013040860398
  0.55524469054649683  0.56622918393011779  0.57699339339392974  0.58753509517834968
  0.59784007857055732  0.60801434458879700  0.61812007061600160  0.62838690988206158
  0.63898235717283058  0.64972499139276840  0.66047190889492235  0.67090858543085874
  0.68093047801961137  0.69093650938059825  0.70116270688347582  0.71169960815224986
  0.72257644026989287  0.73314947581885415  0.74339646938829329  0.75359259029477899
  0.76376710998926178  0.77396614377165329  0.78423859208156432  0.79472369838947476
  0.80527026427760484  0.81576442402689764  0.82592718334944437  0.83604136716949418
  0.84597785710159323  0.85614457853304071  0.86645656394884751  0.87669494422307537
  0.88667583733077127  0.89668898022989707  0.90696167785811210  0.91712536394016786
  0.92743491351886120  0.93778108200450649  0.94851873481235116  0.95894101147422584
  0.96927164061943516  0.97957572445226393  0.98988281632505226  1.00000000000000000
 -0.01533507797443018  0.07945645164816080  0.12054766679620323  0.15028325824075003
  0.17507540441083994  0.19616936280703276  0.21500221767658739  0.23230503850338777
  0.24923614381890763  0.26611453911041461  0.28175401302066394  0.29540234883885036
  0.30802069994962306  0.31990304230202188  0.33122447011341077  0.34222032160128119
  0.35314732834669760  0.36422003497184241  0.37525732066535000  0.38593868401874487
  0.39636475525475440  0.40659621906603632  0.41627399503546592  0.42522662323900773
  0.43390475551602298  0.44266218093390991  0.45131050874137185  0.45975719978845825
  0.46810520119767224  0.47659589166647343  0.48527890088686088  0.49396138747896973
  0.50248844374084389  0.51083486732140193  0.51906969081234189  0.52724262374601594
  0.53542630462184515  0.54343574802171646  0.55127904930599503  0.55895770713658322
  0.56659818800472128  0.57453275680615290  0.58217604829730119  0.58934715724068465
  0.59639264690930482  0.60335723712128464  0.61028354577293220  0.61721407734413503
  0.62411217685588583  0.63087056686696030  0.63743491055813406  0.64392991575760405
  0.65053856146457278  0.65718620619757118  0.66391546103303034  0.67098614177968996
  0.67827828164793635  0.68553107709433081  0.69262714135523806  0.69959437493562449
  0.70648645707006652  0.71311529106156679  0.71949165418235306  0.72603002472636613
  0.73247467351119377  0.73886189238863442  0.74515097250929119  0.75144727991466065
  0.75778176397749064  0.76411593231968100  0.77047280015124275  0.77689272497113382
  0.78338063760316112  0.78998892293577960  0.79686490969182067  0.80390251619770436
  0.81099957830296554  0.81810135732357947  0.82528127896103387  0.83240282022097856
  0.83990372701784566  0.84724986156726290  0.85462313088072683  0.86203855754635306
  0.86950091719096334  0.87730892431924912  0.88548660153562220  0.89408163061488777
  0.90328659248176579  0.91302906219896995  0.92298413713227290  0.93325899449484939
  0.94454537079981715  0.95764287395656678  0.97475371124343668  1.00000000000000000
 -0.03122106223947235  0.15558458619327040  0.20779670936420178  0.24183170417071140
  0.26884530032716947  0.29213404711295327  0.31279024204081002  0.33138729651992760
  0.34833874183552777  0.36373951740302263  0.37817000174909560  0.39162722937852174
  0.40422524499598916  0.41636202009750012  0.42825085215365138  0.43970155992025528
  0.45062279342642025  0.46118476671974884  0.47135347235938430  0.48121408255350229
  0.49057273399150692  0.49961098361802891  0.50834248673103044  0.51677330528862597
  0.52507327441395957  0.53343632296182586  0.54165217226928375  0.54940682454026391
  0.55701152721767899  0.56434220847284267  0.57140535892938238  0.57830572766528787
  0.58492126801293165  0.59119786702109889  0.59730733076596021  0.60336835455671711
  0.60938469213975777  0.61534356206015894  0.62120519596799906  0.62698205939095242
  0.63267692301055267  0.63825451556921209  0.64377887103955134  0.64940693519185511
  0.65513655573022211  0.66077748354808952  0.66640059149713138  0.67207266044000147
  0.67780331989801124  0.68335631436596200  0.68869504349640753  0.69381376519905202
  0.69879246029822961  0.70366718751284096  0.70845762053927441  0.71317346191651887
  0.71784861690035762  0.72252567069415508  0.72722147828543870  0.73192385852198505
  0.73660819710589254  0.74125247755825585  0.74584257472419146  0.75038506632114466
  0.75489503152830228  0.75941847771260851  0.76391916170826346  0.76840831836146362
  0.77295153905192937  0.77749676490919384  0.78194622222168186  0.78648346497293198
  0.79105403148255815  0.79560452370465484  0.80015291096002872  0.80467433579690439
  0.80922817790258539  0.81398166600628208  0.81897432120203140  0.82400414541226397
  0.82911597881904220  0.83427584720406278  0.83960978892952476  0.84516680313775772
  0.85094944448343668  0.85690185840477184  0.86302309132370647  0.86937202099091249
  0.87610987210805447  0.88333771699750030  0.89116190071454959  0.90017131906838010
  0.91080102825996423  0.92412287300327778  0.94540939245301447  1.00000000000000000
   3.7873226999812603E-007  -1.0000000000000000     
 T T T T T T T T
  <DiscreteSampler_grid>
  grouped_processes
  1 # 1 for a reference and 2 for a running grid.
  10 # Attribute 'min_bin_probing_points' of the grid.
  1 # Attribute 'grid_mode' of the grid. 1=='default',2=='initialization'
  0.0000000000000000 # Attribute 'small_contrib_threshold' of the grid.
  0.5000000000000000 # Attribute 'damping_power' of the grid.
 # binID   n_entries weight   weight_sqr   abs_weight
    10   10   1.133936345579026E+004   3.791354187930582E+008   1.133936345579026E+004
    11   10   1.133936345579026E+004   3.791354187930582E+008   1.133936345579026E+004
  </DiscreteSampler_grid>
