  0.00895225371291297  0.01681381423065993  0.02752821552930723  0.03852564438864126
  0.04828728245677637  0.05716387948111051  0.06625330289412246  0.07559975325551235
  0.08517375475027772  0.09521000821972350  0.10594055400915985  0.11709817865841160
  0.12858983926612505  0.14017000239594118  0.15165697787817056  0.16215283858984408
  0.17265907794182334  0.18323532732614209  0.19389411572533780  0.20490725138485308
  0.21613826165079988  0.22749223922690504  0.23849055010678666  0.24945867453170142
  0.26024897446453510  0.27075615723914381  0.28138663933704200  0.29234017166125453
  0.30358237290136103  0.31484199421920483  0.32565778828688280  0.33639018965917034
  0.34708694585499011  0.35811933898717385  0.36879825072864852  0.37997280031632985
  0.39139867264226252  0.40194103573709622  0.41188598144824773  0.42183244442776852
  0.43203706063171737  0.44181344410813167  0.45134968285689381  0.46128654396735669
  0.47177583952012436  0.48197003957886947  0.49177315602814869  0.50211567225540343
  0.51273755723677594  0.52294369563473875  0.53229156007788425  0.54187784643600345
  0.55131474877179121  0.56086890893306229  0.57029041007209558  0.57967467841742459
  0.58897340053861691  0.59815440548751109  0.60745810417834412  0.61703838245187770
  0.62684414948155054  0.63666011470603234  0.64698461732568124  0.65801263894291240
  0.66894654168559287  0.67927220522301179  0.68942991872910742  0.69953964211587616
  0.70918726499911322  0.71851276749840054  0.72803115019381737  0.73771449744504691
  0.74752087540728518  0.75716112517639556  0.76652379126961112  0.77557850923346805
  0.78476955891999733  0.79495581797362824  0.80501740821813339  0.81476389473274202
  0.82457244826526277  0.83523947001080578  0.84676013482979084  0.85861011577783142
  0.87061878943981896  0.88293742389494889  0.89484078101405673  0.90628173487815722
  0.91787464630853166  0.92974013258779897  0.94144967987154538  0.95286386750346075
  0.96467832209067750  0.97696533256875506  0.98866202482669407  1.00000000000000000
 -0.00085704699867588  0.00453621420192697  0.00721501602264856  0.00986981016282015
  0.01287508823199864  0.01613887501910810  0.01979251653549164  0.02383391853478223
  0.02810872896793130  0.03266230632242458  0.03752718890717257  0.04271523958962389
  0.04835914866858167  0.05415012101942789  0.06028326222656161  0.06661700008999268
  0.07304283592967196  0.07952819151660458  0.08655705405929816  0.09369996927481467
  0.10083928571165193  0.10819764716005327  0.11616129415515924  0.12453110085785105
  0.13295657248508877  0.14124375162844446  0.14968545674823985  0.15850592402110006
  0.16741888164585944  0.17633774230023508  0.18503729929746984  0.19387133963798678
  0.20305481666154793  0.21273085127985317  0.22270799725522217  0.23317111206503546
  0.24438210247003161  0.25586493087760592  0.26715650363694249  0.27801339010583809
  0.28832569760827442  0.29884893698558679  0.30937785764368797  0.32027825509909807
  0.33153528543273031  0.34296966012661678  0.35430442497864578  0.36574220935464785
  0.37742927601989779  0.38920055694895683  0.40115330074882211  0.41346345101684007
  0.42579778836335969  0.43782800152380580  0.44970286764201689  0.46150004419859908
  0.47357453993779497  0.48597969469346963  0.49870873284595946  0.51185700433475179
  0.52536650826165543  0.53829042660849513  0.55086139984462046  0.56315758216056566
  0.57498172493848410  0.58672589458669155  0.59871559195602164  0.61094929766956230
  0.62335747994318624  0.63604793927852299  0.64897630265184736  0.66162361286146443
  0.67417022144466743  0.68686032704654620  0.69943165199518986  0.71239560965246584
  0.72585833860085747  0.73948378111915403  0.75276248012489322  0.76804576287019855
  0.78321406522710024  0.79812423357265228  0.81288539867704501  0.82767013728437921
  0.84224636333710390  0.85681440592582936  0.87116577503018022  0.88544780972346404
  0.89979413877254366  0.91401006542189622  0.92858215109033204  0.94309015498900128
  0.95756622645207345  0.97190634441597623  0.98601747259895789  1.00000000000000000
 -0.00262468275812425  0.01005630184462945  0.02098973495811469  0.03190688266795932
  0.04256924597766752  0.05326833595344874  0.06415164173230738  0.07562630730860669
  0.08725278428833413  0.09849174472389441  0.10938852743695412  0.12000420788442566
  0.13110859970307506  0.14196271596689836  0.15390356364280139  0.16558377079581041
  0.17695374092416574  0.18805096062546423  0.19884764241208822  0.20959583085199585
  0.22018607486609637  0.23027258227719713  0.24023147851649457  0.25056429644112627
  0.26189785641414332  0.27326914941817904  0.28431108805236766  0.29546385346365106
  0.30695255912996355  0.31837137676941907  0.32956715679222548  0.34039270899448787
  0.35120902271575816  0.36208507640624871  0.37291355470919318  0.38351742489868457
  0.39409138741750022  0.40471613247868188  0.41547267565479651  0.42659264744726766
  0.43807580194231427  0.44961348922273714  0.46073645016409459  0.47139013441440281
  0.48185269351373133  0.49209063146913812  0.50197190620510024  0.51163753795759648
  0.52137380172661829  0.53148308428716384  0.54201647591017199  0.55274468419433775
  0.56306052515868454  0.57303782625990451  0.58294250596484953  0.59271514010055504
  0.60216797490518359  0.61150097203735920  0.62104146828891105  0.63087196990808803
  0.64088962511161551  0.65108680578390166  0.66147810589298761  0.67183664685388056
  0.68216791774790031  0.69244980466787287  0.70251966065565907  0.71221911882180844
  0.72126212780792309  0.73030204117980013  0.74013952631062929  0.75042839199702083
  0.76017681165998729  0.77004790316304061  0.78004405792856268  0.78999394144446222
  0.79968848334740206  0.80907245159578234  0.81869748383292129  0.82844788812794234
  0.83861120315204962  0.84915447193899918  0.86015560532020563  0.87070388647179831
  0.88143250750386481  0.89200611104848204  0.90225530643770180  0.91230860572686290
  0.92285584060975068  0.93400067928582720  0.94560671467716828  0.95739833698640853
  0.96851729830503541  0.97939490567924936  0.98979707903230973  1.00000000000000000
 -0.00224532742690300  0.00794985155104424  0.01763187786071416  0.02684437365903101
  0.03630698998428934  0.04586221627307063  0.05499081134624799  0.06419329121477010
  0.07361421154897888  0.08337730901887339  0.09353569028337205  0.10380263277500675
  0.11446710808930625  0.12573411947012400  0.13754395095881761  0.14896888460043337
  0.15962754716148714  0.17027829803240283  0.18130128182874705  0.19276802038504859
  0.20432339143882527  0.21595260743635694  0.22708566723044177  0.23735890353642808
  0.24720603283274520  0.25712662260569019  0.26731114070333106  0.27774002002769249
  0.28828148548867200  0.29970225188944793  0.31128559522162863  0.32245074143887331
  0.33350093583367119  0.34484448839804749  0.35580341743748739  0.36631367286466249
  0.37682273200625643  0.38738065624809759  0.39805628266960030  0.40856489898252285
  0.41914743581018826  0.42981573757517422  0.44082932534661123  0.45164725172157799
  0.46214843014451806  0.47242636132831428  0.48295561017384803  0.49341923810740168
  0.50456131227691692  0.51700822686187875  0.52974674187704041  0.54241005381895024
  0.55372616072110503  0.56467399862563139  0.57557725410488203  0.58645186831667662
  0.59774656146795802  0.60983154591732502  0.62256733659213104  0.63387719135372167
  0.64477383729894022  0.65488764222279461  0.66525084460519301  0.67520293636710815
  0.68518787719128160  0.69550770012436836  0.70601123796565357  0.71758327466032645
  0.72898928530792617  0.74006841064012252  0.75096319267216471  0.76105099291226430
  0.77114937979276821  0.78008815901506723  0.78969089804417703  0.79907928405181505
  0.80873564144700705  0.81867960244985372  0.82940645304828930  0.83979279874620594
  0.84985367620150631  0.85983022225898309  0.86960578972259495  0.87927466907095841
  0.88859100802209423  0.89808323376387389  0.90826123441992157  0.91896707730578897
  0.92980700486468082  0.94056420997577528  0.95080687054602486  0.96121896471802215
  0.97102068676849218  0.98095260978986110  0.99053990119217827  1.00000000000000000
 -0.00261147407901858  0.01028134127404019  0.02190893485971077  0.03338219458520614
  0.04490234452927849  0.05696242556588541  0.06816989378566368  0.07875882798377208
  0.08906496753584132  0.09930929193824023  0.10979196719638970  0.12002881664546206
  0.12955361399496798  0.13847484937153925  0.14761735453756264  0.15712110767964882
  0.16719138185304022  0.17727761870921718  0.18787874405897870  0.19907304985491731
  0.21051352573452856  0.22156903853960033  0.23236075292383229  0.24342924465081200
  0.25433740669654537  0.26513865575545220  0.27566019231812733  0.28585356533696504
  0.29641043718448595  0.30757757821054232  0.31860877174763708  0.32963590055652164
  0.34070125548112640  0.35216562741827018  0.36364423388123240  0.37508822964097455
  0.38627912668373804  0.39744185781610242  0.40855500261487165  0.41980676483607071
  0.43114670235494024  0.44258766973691810  0.45423214247635557  0.46548451560942000
  0.47599025202384715  0.48621359348778859  0.49625109347434770  0.50637064789437769
  0.51619212875710097  0.52613031920862896  0.53639235387407114  0.54643090020297169
  0.55653263751580906  0.56659802703840434  0.57678776667687692  0.58695045112426081
  0.59697660604132385  0.60708466764625568  0.61741338832789927  0.62786514437338536
  0.63855585361334211  0.64950023665905243  0.66072513433237223  0.67188457271461210
  0.68293718902465550  0.69412742526596738  0.70521080833398464  0.71581213285842205
  0.72578759516187130  0.73562058188684964  0.74556104851860128  0.75602511296639685
  0.76676528688439838  0.77726223908597281  0.78780412786203868  0.79875651229404976
  0.81008614199228512  0.82102595040137694  0.83105361899202435  0.84060616026036017
  0.84992755025266253  0.85935607644500911  0.86856375727829749  0.87806282620048226
  0.88749671895823667  0.89718569080112309  0.90719333417494719  0.91755778401452004
  0.92811501059175006  0.93825855936971847  0.94813955437000175  0.95827707099373360
  0.96872426147264312  0.97920665948828456  0.98939717182498021  1.00000000000000000
  0.00441234939473917  0.03765966011676439  0.05369411778188217  0.06472154440608129
  0.07421773388335325  0.08313571797228521  0.09182643678670842  0.10035510291629093
  0.10857591392465535  0.11664792514183051  0.12456745972955717  0.13235495149075235
  0.14010054123234789  0.14759814600401661  0.15474026523970891  0.16148136182099340
  0.16802278694252346  0.17446024257920481  0.18091597215861122  0.18749019903240843
  0.19425636831618293  0.20116932118041919  0.20771478410303815  0.21469984102516618
  0.22159328064244432  0.22853066035649708  0.23542891644379457  0.24206218883883177
  0.24849214140485329  0.25476936244745418  0.26109718654788849  0.26763008898420393
  0.27423760806290082  0.28060490362041807  0.28679898462820036  0.29287907128802954
  0.29897356283690102  0.30521621751298750  0.31151170756691060  0.31803960945589360
  0.32471581930710153  0.33137422167655733  0.33815699917957576  0.34488308406241142
  0.35155339484623177  0.35808380178198496  0.36480382660357530  0.37160059627358316
  0.37850372181668102  0.38541198098283586  0.39226830231562038  0.39919560949300442
  0.40624038582729433  0.41343773364120323  0.42092484549974291  0.42864503790199165
  0.43632098801880936  0.44378630908005545  0.45101723365338270  0.45822567532898772
  0.46556127792557050  0.47309636171631569  0.48071886204990188  0.48872850015608105
  0.49709871253571608  0.50520376166087488  0.51324747687718486  0.52169728598284770
  0.53088870525820642  0.54059394692082297  0.55034698926233250  0.56011188746067730
  0.56998693619557494  0.57975582608702991  0.58949899722988153  0.59943325438344708
  0.60994238022315994  0.62038512558348979  0.63076668395911628  0.64132333405752673
  0.65223626362696030  0.66383712320570309  0.67548750601165375  0.68772853444895021
  0.70028933181412278  0.71318010752615058  0.72652351021981953  0.74110608061199246
  0.75699306857210602  0.77403693253549344  0.79181407789374769  0.81105363910657469
  0.83316460311636842  0.86009103844529800  0.90106693384960390  1.00000000000000000
 -0.01983265057576639  0.14519672911802622  0.20006904165611764  0.23210653302792009
  0.25591206315266851  0.27566780112232453  0.29197829702968681  0.30646532234982493
  0.31971705519519900  0.33214108018150890  0.34348734208618248  0.35405322860999572
  0.36384541364527684  0.37341758582995122  0.38249421082516560  0.39125870931038131
  0.39952442513929604  0.40748345028850624  0.41545779984931908  0.42333707321328468
  0.43079640188678892  0.43796408260301378  0.44487449981025773  0.45161441274332181
  0.45817354962899032  0.46447025854872726  0.47059056335628369  0.47661315988030217
  0.48235609586899836  0.48778866709701768  0.49335118103699832  0.49892284503403805
  0.50438795563042638  0.50967337804311108  0.51467778927482288  0.51961253821059117
  0.52463232162167961  0.52979966727884864  0.53490023793233954  0.53990753392717761
  0.54505522820308372  0.55028384265657249  0.55542945507742747  0.56049373941377345
  0.56554834565533763  0.57053376263321220  0.57541716491874784  0.58056084981850986
  0.58568822421603639  0.59084106838285722  0.59622477488613446  0.60165180142450858
  0.60682321505554959  0.61171205868127299  0.61658509416685670  0.62148395427532388
  0.62620395180420430  0.63050786244061807  0.63485303953670669  0.63905951744755818
  0.64344494983029754  0.64794121922037073  0.65253137639350423  0.65718344430415365
  0.66188971058339041  0.66670389486177883  0.67165375448532905  0.67663576377290813
  0.68155427008499458  0.68659811465554688  0.69206435053175053  0.69787240746371926
  0.70358377710299402  0.70911720348097118  0.71443091959394256  0.71990523167467024
  0.72572525908597341  0.73208110216644040  0.73876758927785213  0.74535265606198609
  0.75193673551751394  0.75865398160781561  0.76544131894427792  0.77227404024902502
  0.77914926073666047  0.78625525329648027  0.79400121399161094  0.80219681984293756
  0.81098686208788784  0.82112677469975326  0.83299238962226529  0.84697850169205047
  0.86311404224401744  0.88387294068507583  0.91770176181989016  1.00000000000000000
   2.8835340170660951E-034  -1.0000000000000000     
 T T T T F F F F F F F F T T T T T T T T F F F F F F F F T T T T
  <DiscreteSampler_grid>
  grouped_processes
  1 # 1 for a reference and 2 for a running grid.
  10 # Attribute 'min_bin_probing_points' of the grid.
  1 # Attribute 'grid_mode' of the grid. 1=='default',2=='initialization'
  0.0000000000000000 # Attribute 'small_contrib_threshold' of the grid.
  0.5000000000000000 # Attribute 'damping_power' of the grid.
 # binID   n_entries weight   weight_sqr   abs_weight
    10   10   8.385887108722118E-022   1.222379582246544E-042   8.385887108722118E-022
    11   10   8.385887108722118E-022   1.222379582246544E-042   8.385887108722118E-022
  </DiscreteSampler_grid>
