 -0.00026116904079537  0.00657728746232366  0.01639656870859076  0.02712926185233677
  0.03832414266700909  0.04941846181649674  0.06025715500522530  0.07109533715000553
  0.08180623637239037  0.09308961827994473  0.10410558505363916  0.11400444593301354
  0.12333876110475689  0.13235956408314345  0.14177906187161213  0.15125431339555614
  0.16032654881788969  0.16997203818782236  0.17953767440744317  0.18922886714240769
  0.19925204378171874  0.20912851711601227  0.21841862332190604  0.22735439253716996
  0.23595986601113239  0.24459005208412743  0.25331900505878779  0.26239045947480921
  0.27148632493979441  0.27988698337344009  0.28810164140441946  0.29626650650120678
  0.30442885682200072  0.31251212648553189  0.32054077507123913  0.32858320443617328
  0.33670322207549486  0.34492498467819427  0.35320891259290199  0.36149830815701250
  0.36994363949127224  0.37810741245861812  0.38634142131305971  0.39502958509369923
  0.40379760701966805  0.41258567615918879  0.42141372923062520  0.43006654910630171
  0.43835039438325285  0.44673516131952784  0.45502024908458949  0.46337107929662780
  0.47165884287818882  0.47975184141172461  0.48764065965167019  0.49539680424258531
  0.50312792723911970  0.51119744169438919  0.51930425040688100  0.52757761367484834
  0.53580509813650812  0.54417136852838821  0.55280136920541900  0.56153718181420398
  0.57008430892048434  0.57876875048130239  0.58723691690139335  0.59637500571892732
  0.60591359899831143  0.61562230870157841  0.62548125076231220  0.63482745425430498
  0.64430440626024454  0.65415877107407805  0.66419607372313216  0.67434205002022762
  0.68471296816008509  0.69598736733559974  0.70742973784551522  0.71920387406316899
  0.73106177605241707  0.74287298190770101  0.75473740424033631  0.76673104560251082
  0.77939841261622778  0.79250023746714982  0.80577207937217854  0.81914000100201911
  0.83326308789306847  0.84917794718479744  0.86662246364018602  0.88553318379138901
  0.90582702742866539  0.93014937230141381  0.96201834146855447  1.00000000000000000
 -0.00269930948516825  0.01052163135439281  0.02138956183654890  0.03297572394351471
  0.04472455723947139  0.05654188795421017  0.06804315423148762  0.07987724161407542
  0.09149057441489707  0.10306316563226825  0.11527269132574341  0.12734256529242496
  0.13871240089122874  0.14975471554385550  0.16073028303745762  0.17195672407838647
  0.18284255416970635  0.19307898920401712  0.20294020114377442  0.21275348968190963
  0.22264228529805657  0.23252531175980726  0.24256103466023352  0.25315017722592098
  0.26480195344428215  0.27574037011536418  0.28598972745516621  0.29704955595315569
  0.30871640052649579  0.31992230691188733  0.33068775560207481  0.34140081506202802
  0.35204319619860069  0.36227982657285890  0.37213755315569574  0.38204656621846095
  0.39267247074556322  0.40433435510506205  0.41647917141428903  0.42834933773677425
  0.43969234640985250  0.45048296328514231  0.46047316259472737  0.46976301629641554
  0.47894567384678044  0.48834632437105363  0.49796311338393290  0.50755135881585867
  0.51707420623748579  0.52715021669769568  0.53803131050529140  0.54874252518549005
  0.55936968404036380  0.57044641965384901  0.58173304122788316  0.59236186482024211
  0.60265775959293610  0.61347362025150454  0.62466602459629395  0.63574071050981040
  0.64620612285469436  0.65606051869722926  0.66568653172199976  0.67532190731706632
  0.68511361922570346  0.69458876992587049  0.70391261095406177  0.71346886732512882
  0.72333385638977910  0.73298471809325327  0.74240314133531393  0.75213466708904142
  0.76199099842540507  0.77214494482915719  0.78190421561225809  0.79140128849476421
  0.80158165090364941  0.81171727834245633  0.82168514493881351  0.83138782491183261
  0.84202304520370985  0.85279290794032581  0.86444861676765861  0.87659216194325029
  0.88804692951685227  0.89933087748596019  0.90971142960998019  0.92006888693115307
  0.93007010402034551  0.94026376452675653  0.95107538058963992  0.96136578289837649
  0.97124396935517388  0.98092414853520227  0.99037343211035256  1.00000000000000000
 -0.00956082127572438  0.06218418263710877  0.10093764584220601  0.12933615549601205
  0.15193967652420831  0.17080981107967277  0.18735188097962238  0.20264017974472653
  0.21683941589703865  0.23083451821175152  0.24476973094342944  0.25783702439912787
  0.27082981826091834  0.28453266753501483  0.29725475297785608  0.30840141779919261
  0.31913630542866933  0.32959819049290512  0.33920154832976002  0.34806641292523999
  0.35698557268895814  0.36604735150314122  0.37494259547882836  0.38306681412958465
  0.39069627100798071  0.39848671797134516  0.40688814955865854  0.41557880155291865
  0.42433212055921560  0.43280710154567481  0.44157675884421443  0.45118064322209178
  0.46032339589763466  0.46927478814703627  0.47827705480208388  0.48740579720931460
  0.49674657185606164  0.50541833377908818  0.51353894029546610  0.52206787925535258
  0.53021205211112332  0.53810077049824068  0.54550591457303210  0.55259847079168800
  0.55952608756829980  0.56678121525743597  0.57403768061931515  0.58158093462473170
  0.58941492180113553  0.59754760826587894  0.60611419672434164  0.61507184117971436
  0.62402075476595864  0.63210598809890894  0.63970353147417991  0.64675171195287506
  0.65364722683730392  0.66086327927187427  0.66785867503433760  0.67458395636239232
  0.68102475181371613  0.68720602593450275  0.69373506623020120  0.70028512285410593
  0.70699902016310201  0.71404629137934339  0.72116837333286943  0.72823276875263820
  0.73519433401943768  0.74189927242833864  0.74891592859166334  0.75538798470564628
  0.76182693404002855  0.76816892999184316  0.77460882693415056  0.78124819806475798
  0.78810409133185588  0.79519551068310501  0.80270277934515288  0.80958329990544198
  0.81749114174792248  0.82564797476862029  0.83419379002707805  0.84272331151882462
  0.85126305023164084  0.85983223380838425  0.86838426553880321  0.87787083727194382
  0.88742659292753079  0.89765332967798650  0.90839169612688819  0.92019958192496576
  0.93410677603943149  0.95036046812838648  0.97069462092165082  1.00000000000000000
 -0.02338555952642912  0.14949039672581857  0.19687593903017186  0.23241615436126808
  0.26065368153606550  0.28289755855144449  0.30258979502278344  0.32094806509018231
  0.33794409298723338  0.35469106392578831  0.36924584840186014  0.38369796734244305
  0.39718572020559106  0.40902528576407260  0.41973616955698384  0.42982954235776977
  0.43914263067561315  0.44787752858532481  0.45643945909439415  0.46519125101550346
  0.47398977632441558  0.48321268970345072  0.49136497247096300  0.49928336247580096
  0.50725716859901082  0.51559435322300950  0.52339587102626495  0.53104067967790336
  0.53839501721868166  0.54568111023300947  0.55297372429480829  0.55998995538475838
  0.56653717807937631  0.57266486390664073  0.57881407605695800  0.58488566514242046
  0.59084051823510253  0.59665201307654203  0.60236339387875648  0.60785157536040679
  0.61321460774898018  0.61854712531500655  0.62382481290794189  0.62917873434992533
  0.63463670356202739  0.64005674344267782  0.64563762673086655  0.65093553409965654
  0.65605990206605913  0.66108755924951945  0.66613336139304546  0.67126363016843849
  0.67643026980511611  0.68164642636403416  0.68704903591294864  0.69202563752088497
  0.69689649268113885  0.70163539381213180  0.70614009905566533  0.71071014192160409
  0.71517095964573840  0.71964918296935343  0.72419073851173910  0.72875208639259381
  0.73340427740807346  0.73817016044043671  0.74284913902215011  0.74755620630357200
  0.75235814338573015  0.75698003123278412  0.76179945551134709  0.76649897010653989
  0.77135939727503755  0.77625461910065985  0.78118761551035476  0.78613748102278747
  0.79118591734524168  0.79642253246512673  0.80176576837540581  0.80720765872654421
  0.81290758965443255  0.81884115500991517  0.82478264040683902  0.83086604430743571
  0.83692671614891911  0.84310389031374078  0.84957167066242456  0.85668096612650946
  0.86480994449890336  0.87358463850335155  0.88327822847831816  0.89409860413680575
  0.90657329224811045  0.92208896236745597  0.94593987873576335  1.00000000000000000
   2.4203409402476135E-007  -1.0000000000000000     
 T T T T T T T T
  <DiscreteSampler_grid>
  grouped_processes
  1 # 1 for a reference and 2 for a running grid.
  10 # Attribute 'min_bin_probing_points' of the grid.
  1 # Attribute 'grid_mode' of the grid. 1=='default',2=='initialization'
  0.0000000000000000 # Attribute 'small_contrib_threshold' of the grid.
  0.5000000000000000 # Attribute 'damping_power' of the grid.
 # binID   n_entries weight   weight_sqr   abs_weight
    10   10   1.757542453650141E+004   1.049321307893819E+009   1.757542453650141E+004
    11   10   1.757542453650141E+004   1.049321307893819E+009   1.757542453650141E+004
  </DiscreteSampler_grid>
