 -0.00093829322928393  0.00447951357165626  0.00686114738791558  0.00922290993787317
  0.01183269405905903  0.01480391437941268  0.01800580184629447  0.02164636900359801
  0.02576247476401247  0.03031056659052679  0.03471711728225209  0.03921853293234801
  0.04393528887215371  0.04932917344153673  0.05486697048131840  0.06068106767062344
  0.06689219874613442  0.07331431554252126  0.07970837890907845  0.08634108811403404
  0.09367012211769357  0.10124656621464828  0.10903710690008855  0.11707758361325234
  0.12514858546779475  0.13345678476399614  0.14186316064049154  0.15075661649855038
  0.15926549670739362  0.16795441181340981  0.17655535570293743  0.18534032536280959
  0.19489191445165696  0.20472596702368132  0.21453995667567691  0.22447276521548939
  0.23435008518288056  0.24401948648971611  0.25380084162980510  0.26361457786553377
  0.27388520041658226  0.28420178664509305  0.29478770968535012  0.30539230835815084
  0.31622356766410592  0.32735914089484169  0.33885430795995392  0.35027075115655071
  0.36168652615510888  0.37331759811258614  0.38528236132557048  0.39750185861702936
  0.40987031252799960  0.42253154104591251  0.43553645511382483  0.44858432741285487
  0.46158429691002550  0.47480577189243800  0.48775497529349204  0.50063274588836326
  0.51364877398659314  0.52689284402261605  0.53994314528341403  0.55266701554390640
  0.56537808235109566  0.57843636347284388  0.59176331537981575  0.60543530615079955
  0.61897112528649356  0.63301224090751373  0.64708658646485018  0.66118617652517786
  0.67509433216219916  0.68863106805650165  0.70217463223457666  0.71584426184656158
  0.72998402088476144  0.74428297208603134  0.75869552181294952  0.77323783669501911
  0.78792185540869286  0.80229339531022525  0.81643011669783683  0.83038390725778988
  0.84443151808883299  0.85908180041993276  0.87361069145361880  0.88819423623386196
  0.90257518795058389  0.91667483098362146  0.93052420309775774  0.94420559520274150
  0.95817223428953557  0.97220227883006560  0.98617362030866351  1.00000000000000000
 -0.00235748313248737  0.01084052895368068  0.02170299611633589  0.03299604030582573
  0.04445319222509039  0.05625240482823762  0.06745497177683629  0.07815205713390901
  0.08862800107879211  0.09906928392082819  0.10895988834704833  0.11864919661109916
  0.12915174946343050  0.13987949514408571  0.15021641155768775  0.16046420912009451
  0.17102373726099301  0.18198167369068144  0.19283608799179919  0.20379337785687593
  0.21494715522586386  0.22621549772554736  0.23823082590124947  0.25045759094738418
  0.26228564277607064  0.27347331822160675  0.28415372172427461  0.29492249350822797
  0.30609785608152157  0.31696326025389110  0.32737649595463092  0.33798461793871271
  0.34881850010901744  0.35940847379138158  0.36989125586120303  0.38094058132069564
  0.39220502829766152  0.40328595236818932  0.41391320455476543  0.42483674508892705
  0.43545018476803871  0.44554299573578193  0.45565371160622059  0.46626562016975953
  0.47675850803953218  0.48731412996525192  0.49793012160871891  0.50822843437108356
  0.51816681373604567  0.52768804800687041  0.53723329517827978  0.54699126855975089
  0.55670678237954840  0.56655288971695017  0.57641727936928766  0.58652843056441650
  0.59723557588504850  0.60764925374160617  0.61761418155739012  0.62741910718588711
  0.63740800697208533  0.64757509860503404  0.65761153275438367  0.66752467558330808
  0.67839287147223348  0.68905390550372692  0.69995306880632802  0.71074828902133358
  0.72171491461462978  0.73212232842879832  0.74245298856345032  0.75282650636203663
  0.76387501001721059  0.77420299984473795  0.78449263930285795  0.79445427734308527
  0.80499139337120695  0.81499835220479144  0.82547904072639833  0.83590711653649841
  0.84650435941331814  0.85701226881457282  0.86760422380291324  0.87820311238623638
  0.88891707908624773  0.89986806865606539  0.91113032622315693  0.92092172256830751
  0.92992358411644260  0.93891396802963245  0.94847927286141365  0.95889646412781726
  0.96937858711599112  0.97918444952037487  0.98971869722867178  1.00000000000000000
  0.00586747784172369  0.01852559053157994  0.03043994801096969  0.04155400676600222
  0.05164351208001611  0.06102771279006770  0.06983160099072755  0.07826781441760665
  0.08659861829731688  0.09505899220224000  0.10329072187324043  0.11108872515100959
  0.11867867687247387  0.12613449727075249  0.13341562779211280  0.14041167698607682
  0.14709738014539123  0.15370270570240116  0.16040373449577372  0.16741880817561020
  0.17481906167519093  0.18227297689613697  0.18970329935620817  0.19697156764687695
  0.20390818959954321  0.21092600245974505  0.21757330961726901  0.22521576482672104
  0.23221598356517367  0.23885138471790157  0.24513754000104504  0.25137456092243565
  0.25762929968875609  0.26413417789572469  0.27100914064883525  0.27813354862963330
  0.28528930269670794  0.29240301103588828  0.29964667104928283  0.30690898163749791
  0.31394814356495165  0.32090411521938100  0.32779503274637661  0.33463303283001439
  0.34159187936418345  0.34861366870165944  0.35576946123693748  0.36294431983743353
  0.37015664044824831  0.37777621740784806  0.38566701862915875  0.39374398298803404
  0.40136762787804442  0.40862943409160468  0.41567858103824723  0.42246775903179107
  0.42919719963744296  0.43603946535405563  0.44340225088784918  0.45104778093474207
  0.45885552675031643  0.46696401541111937  0.47526380189564971  0.48378622841974495
  0.49251692586643708  0.50125799030823426  0.50996954870663813  0.51877165696839056
  0.52758940208084526  0.53649705735236086  0.54574131642247625  0.55520253894628779
  0.56491311185518289  0.57474268918746962  0.58462648077299484  0.59544119794882666
  0.60668275065124755  0.61701183603211440  0.62780928850814666  0.63827838083303390
  0.64912069301440645  0.66013926323913241  0.67241566383170792  0.68597966851615189
  0.69982419120532768  0.71369789133470329  0.72792302044309132  0.74260211359814665
  0.75821181323632658  0.77472966151514411  0.79281890337454419  0.81313989784622287
  0.83680853305768177  0.86533674774611824  0.90585586335065615  1.00000000000000000
 -0.02177574544301138  0.15731942544758701  0.21516444775986984  0.25054673576922198
  0.27502709281119020  0.29532861308038333  0.31383559470366207  0.33021455591253895
  0.34560757484003102  0.35953595843002617  0.37235881528178605  0.38441883113631736
  0.39557575890307234  0.40590264050164770  0.41576041307562500  0.42506561147621835
  0.43377762334194447  0.44195996195306869  0.44984435753061164  0.45757841423185053
  0.46491156135849848  0.47197263650392862  0.47894571620806403  0.48571317102526473
  0.49233856995572728  0.49888631469978439  0.50540329940816020  0.51187874110107823
  0.51813754208913931  0.52427402301401349  0.53052332337736752  0.53698461714133039
  0.54355253618448252  0.55009358876540537  0.55633822103473185  0.56232490034977556
  0.56805383117844876  0.57358723746582907  0.57905553671321774  0.58448316223177388
  0.58989300118622612  0.59534801472087906  0.60078343925529265  0.60587846982625515
  0.61052198471394514  0.61510682899449187  0.61982845679869869  0.62442005678670509
  0.62887009047228037  0.63323697318744132  0.63760596758778565  0.64195252861128749
  0.64636767868955225  0.65101972704579314  0.65568571361544203  0.66049491359955914
  0.66540256087904426  0.67028719925618152  0.67534778271750229  0.68022342113854184
  0.68510484706505559  0.69013157695753169  0.69533221211121288  0.70069763921427175
  0.70625559538550786  0.71161349503012239  0.71691981920603465  0.72213122501983851
  0.72727035982747712  0.73212722572446054  0.73669462895805271  0.74136621773321121
  0.74603084903588335  0.75082362143142700  0.75569215295405123  0.76057625837226328
  0.76537307109156094  0.77035473583765623  0.77557384405766416  0.78105587113303920
  0.78685716680251139  0.79312167380748366  0.79972456641243461  0.80635333534594855
  0.81322882342280722  0.82059805074167391  0.82834097174745425  0.83651117770362049
  0.84510947406303838  0.85431181809393009  0.86435049346932924  0.87542678970636478
  0.88781702687558495  0.90425468756669247  0.93235877008145074  1.00000000000000000
   1.4546986401121956E-008  -1.0000000000000000     
 T T T T F F F F F F F F T T T T T T T T F F F F F F F F T T T T
  <DiscreteSampler_grid>
  grouped_processes
  1 # 1 for a reference and 2 for a running grid.
  10 # Attribute 'min_bin_probing_points' of the grid.
  1 # Attribute 'grid_mode' of the grid. 1=='default',2=='initialization'
  0.0000000000000000 # Attribute 'small_contrib_threshold' of the grid.
  0.5000000000000000 # Attribute 'damping_power' of the grid.
 # binID   n_entries weight   weight_sqr   abs_weight
    10   10   6.706910496891978E+005   4.631477661256188E+011   6.706910496891978E+005
    11   10   6.706910496891978E+005   4.631477661256190E+011   6.706910496891978E+005
  </DiscreteSampler_grid>
