 -0.00032351188403873  0.00691628667271000  0.01696510574807795  0.02775131984548131
  0.03894676890892097  0.04989588149715536  0.06075038388220825  0.07167367190861863
  0.08227031647097373  0.09265916254707214  0.10278289715049004  0.11310585969564997
  0.12316011049381687  0.13293480331470592  0.14247570429206341  0.15176657090160611
  0.16085145307988474  0.16980188072093541  0.17887211917840945  0.18807456269453840
  0.19707672676292975  0.20604218914395728  0.21481605440191753  0.22354654146438060
  0.23212326097003294  0.24057433792419913  0.24904698799811359  0.25754831453364407
  0.26620259240164562  0.27503633142353728  0.28383241826798361  0.29254178167799011
  0.30104247018883401  0.30950160205962302  0.31801357052620161  0.32669030379233099
  0.33516421838410182  0.34361949397508840  0.35209202275847196  0.36047243360267883
  0.36881483522902808  0.37718655657843458  0.38551581898361570  0.39382236918119473
  0.40207012280890791  0.41063078949838755  0.41913199766971609  0.42750308101405698
  0.43585959266940122  0.44429209383930340  0.45276663377600718  0.46120524596972434
  0.46967374612841573  0.47821751410403346  0.48676812157832666  0.49525975705112968
  0.50368748640802585  0.51213743816323620  0.52066287184743998  0.52920448303299494
  0.53792698457385713  0.54660854163425376  0.55516607072195057  0.56370402179018142
  0.57241840470059935  0.58127652682389452  0.59011953777857795  0.59887378636135469
  0.60773897863879944  0.61679021929410915  0.62597729120073053  0.63532595991199670
  0.64479972574752131  0.65443904850801937  0.66418922408321068  0.67429329762322876
  0.68480206609372629  0.69534087879050932  0.70581290519946416  0.71709187210009129
  0.72874689709569740  0.74079288736892801  0.75326175766967274  0.76594462022354071
  0.77911274727207569  0.79262375494517767  0.80669221596525009  0.82120466795139291
  0.83599114615656989  0.85135785624961913  0.86943422504298584  0.88817446203007611
  0.90857361628494304  0.93219031952468467  0.96277911348968181  1.00000000000000000
 -0.00234995756668011  0.00937240684337058  0.01922300730572679  0.03065894590266275
  0.04170911616472942  0.05183923636762112  0.06215424156505484  0.07299455695201071
  0.08377383373963662  0.09442073052936600  0.10491903373585089  0.11556016437935841
  0.12582329007670001  0.13662643743686859  0.14740002472879227  0.15832837717337206
  0.16950602237109785  0.18137639981006276  0.19290764220872772  0.20446893247711345
  0.21518774940750765  0.22586300109756799  0.23616905090855039  0.24632196385611410
  0.25633648612809251  0.26601015676682921  0.27597146423769692  0.28645658921327305
  0.29763623382594984  0.30936578681674182  0.31997106552145610  0.33033648263685628
  0.34069471956878195  0.35067601358028383  0.36069735126937363  0.37082580079137972
  0.38143206032868943  0.39220242520694953  0.40319810736062123  0.41404151159674413
  0.42448260407954869  0.43467187883746222  0.44496154442254471  0.45503186767530701
  0.46456669904153802  0.47388848653872867  0.48391164336439035  0.49462603032310831
  0.50562958937911351  0.51619832334227922  0.52670350468337079  0.53708475024898672
  0.54762942346136101  0.55811150934613363  0.56874882230352275  0.57931189937260219
  0.59018600439587543  0.60150897326978403  0.61250024532849601  0.62354375279624874
  0.63375811609833532  0.64377130567292340  0.65354116644700078  0.66334247763121523
  0.67357076571567986  0.68368765254027009  0.69436168358087191  0.70540434752751291
  0.71670266215131062  0.72810202189495854  0.73907777002551156  0.75029428292686473
  0.76192355283246138  0.77318487604922692  0.78378972326601803  0.79413723296025418
  0.80435711666565801  0.81425408205681993  0.82313940984214706  0.83205620866257624
  0.84197292859557160  0.85204123804926790  0.86217854899465096  0.87214338948818115
  0.88281101474108137  0.89395337420238796  0.90443759745539087  0.91469621104771992
  0.92489664612121070  0.93550308891569844  0.94608073643862745  0.95662595262231187
  0.96727483162130323  0.97796214719425267  0.98867524115304428  1.00000000000000000
 -0.00987456419223641  0.06229084803651921  0.09734946377528644  0.12435498526014693
  0.14799860258567374  0.16816532682593388  0.18539770847589954  0.20052198804964519
  0.21458952119975264  0.22782930835434512  0.24085784780241284  0.25332997710131733
  0.26543623237656166  0.27736896790209586  0.28917916860131876  0.30060495547467331
  0.31145020337865453  0.32165811849870651  0.33145319931739464  0.34093108495107638
  0.35012675542294430  0.35911686480729427  0.36798698909028060  0.37689288200852417
  0.38598603404621451  0.39501369020052646  0.40386420574361581  0.41267991348856814
  0.42176033814606723  0.43104241133581622  0.44007501925275633  0.44850602449840177
  0.45680479843825095  0.46495118961182685  0.47272062881049148  0.48028503573216791
  0.48761591574207686  0.49505553958787113  0.50257067697355473  0.51018814816104929
  0.51774654529609254  0.52507532117305311  0.53231215320133929  0.53947772914129966
  0.54652659982780394  0.55353646022487779  0.56056053593866262  0.56747523187144733
  0.57423546932774105  0.58115972784976511  0.58806037433920488  0.59512993217987509
  0.60182572429200076  0.60863332502579892  0.61536341394283611  0.62221556701342062
  0.62931527667501896  0.63675000813286797  0.64435328388700575  0.65187325482578840
  0.65928569830636119  0.66665408399495762  0.67383326317438785  0.68102944844141167
  0.68815075734541375  0.69518559602135555  0.70213698441472494  0.70906936753675232
  0.71593641178352108  0.72284999333688416  0.73000944264426459  0.73729594252787700
  0.74445950889186563  0.75162387138323383  0.75874554464738264  0.76600148245751298
  0.77344315900250349  0.78118886423574152  0.78901228832684012  0.79673433829366636
  0.80432371496365163  0.81214202166909188  0.82056789562622900  0.82926591632838975
  0.83805397596832620  0.84690296912324248  0.85611212158044836  0.86596541335106159
  0.87630450874084886  0.88698158886103062  0.89830402724957370  0.91095036271658647
  0.92500486575820628  0.94163201752100667  0.96465829715176643  1.00000000000000000
 -0.02127043522684619  0.14919891616010675  0.20106318038960805  0.23690360501246335
  0.26445168745902881  0.28752326122686261  0.30770763037218529  0.32583247927527492
  0.34285869905264560  0.35885760168620356  0.37347678771382053  0.38708647639033372
  0.39950567469580556  0.41097016109959728  0.42181889202723893  0.43202307886601155
  0.44169693297273793  0.45102346900069018  0.46034140305500004  0.46958527714890064
  0.47860363042064541  0.48742968319989599  0.49605417678419472  0.50420982069561338
  0.51192768923050957  0.51937072388051431  0.52640787847340575  0.53317573957303732
  0.53981907522268457  0.54643816068984252  0.55312069428607702  0.55981600933508668
  0.56637959856098063  0.57270699965138916  0.57879581397854463  0.58474178950544453
  0.59062000194497721  0.59642014389141651  0.60241970368350140  0.60808906557277131
  0.61375560538699847  0.61936188862745589  0.62494463891628549  0.63043394401081099
  0.63586586729989036  0.64119520966107180  0.64640774764228714  0.65157182718874884
  0.65673377571466818  0.66197622157223601  0.66725509040325715  0.67238130795080553
  0.67740312134718816  0.68236873896686112  0.68727828567864491  0.69212126308489730
  0.69692184817187142  0.70171902079586801  0.70648049938829727  0.71127254718670341
  0.71600720631321313  0.72079208028688002  0.72564409259399554  0.73039238857534927
  0.73499600045807734  0.73955765015970654  0.74416798063214973  0.74882955780053517
  0.75351235187444177  0.75820883667830963  0.76284124986879442  0.76756189139304498
  0.77232367019942960  0.77715820938273383  0.78203827487115840  0.78692414158782054
  0.79192417173421081  0.79712602131053745  0.80248086679071051  0.80793898586131252
  0.81357119807530109  0.81940680680231048  0.82529932587820065  0.83117792448666572
  0.83712660863987431  0.84339839318654852  0.84993028871242904  0.85707472366972193
  0.86471192868967062  0.87268479583400382  0.88186158946780424  0.89185520447240052
  0.90322803956438846  0.91796322164532995  0.94203082174441466  1.00000000000000000
   2.8054758222974195E-008  -1.0000000000000000     
 T T T T T T T T
  <DiscreteSampler_grid>
  grouped_processes
  1 # 1 for a reference and 2 for a running grid.
  10 # Attribute 'min_bin_probing_points' of the grid.
  1 # Attribute 'grid_mode' of the grid. 1=='default',2=='initialization'
  0.0000000000000000 # Attribute 'small_contrib_threshold' of the grid.
  0.5000000000000000 # Attribute 'damping_power' of the grid.
 # binID   n_entries weight   weight_sqr   abs_weight
    10   10   4.304554575715483E+004   5.238027789615382E+009   4.304554575715483E+004
    11   10   4.304554575715483E+004   5.238027789615382E+009   4.304554575715483E+004
  </DiscreteSampler_grid>
