 -0.00014568583948376  0.00592782553547670  0.01619436398350528  0.02731700948557074
  0.03858797801863886  0.05005020516325667  0.06159272528867613  0.07241145307402004
  0.08247564255113268  0.09244801580538159  0.10245938707577749  0.11246682945176430
  0.12246078858159436  0.13260269315762843  0.14291727443140906  0.15316947598304773
  0.16288317875387939  0.17218130905116633  0.18122428320471656  0.19012480200221443
  0.19894394633284093  0.20760428900090439  0.21608245070325199  0.22452254695852444
  0.23294541931622961  0.24125579144822976  0.24956392505079439  0.25788482500708959
  0.26639893809754106  0.27501929801139458  0.28355586162099233  0.29199014217905833
  0.30053651182708679  0.30890276012794221  0.31713870141519757  0.32547613442965156
  0.33442346809760165  0.34354863126595458  0.35268570518047498  0.36179746622759151
  0.37085387556692589  0.37984833541498386  0.38881037508423816  0.39788658618382444
  0.40741699080790911  0.41700439716003446  0.42645880858208424  0.43572518089540102
  0.44413299503755288  0.45244970818981950  0.46053339483399541  0.46872284641653006
  0.47707961040613939  0.48555771635455580  0.49420635706478488  0.50311482271969421
  0.51192767602774847  0.52067706983599438  0.52935775142991726  0.53791346534437090
  0.54623565012783715  0.55426497862233892  0.56270729187851332  0.57129439665749482
  0.57995546099827888  0.58833922984028719  0.59685127753225475  0.60568652533802014
  0.61446805467300225  0.62328927439541382  0.63218796140862565  0.64127998041099565
  0.65052782014425348  0.66003524857394558  0.66987172674988293  0.67986568055174068
  0.68994362294153500  0.70007466232352733  0.71016358863255924  0.72010011630909776
  0.73058380081652063  0.74186515356717009  0.75359704265742566  0.76589136453088891
  0.77876585646080343  0.79205763022731579  0.80583866680369398  0.82044748050204030
  0.83604488065590254  0.85237760575089916  0.86912645618645834  0.88656041316818324
  0.90707367677904749  0.93205810494195185  0.96281167988314176  1.00000000000000000
 -0.00180573138091515  0.00818513418981328  0.01669560522546770  0.02583328564523603
  0.03483010830300052  0.04377415072429423  0.05232905568099618  0.06118384953207576
  0.07073199864722982  0.08053084424906719  0.09030719752578863  0.09992833560382594
  0.10947481240105281  0.11906009409710379  0.12875323979553885  0.13897617540303303
  0.14977844342249202  0.16072243801716060  0.17131848896866356  0.18178395975391057
  0.19210796770286723  0.20245389050891180  0.21285413722658053  0.22343262790861992
  0.23401007177783659  0.24417807897669000  0.25433027738449665  0.26507181941978714
  0.27590459185982069  0.28651885512367498  0.29691854301324744  0.30763472292454719
  0.31809962545145215  0.32776096834991680  0.33710915289806942  0.34662104906183777
  0.35651938643885833  0.36677895568011343  0.37795731772529556  0.39000446372613323
  0.40199913522047026  0.41350004227210968  0.42491609351273080  0.43647544100757912
  0.44782442370988368  0.45895554400600896  0.46940225750895814  0.47927331085755931
  0.48906345612304530  0.49880920465345840  0.50849176215293423  0.51795884606097986
  0.52818243093552097  0.53901386296408460  0.54931271045710983  0.55902129512958521
  0.56860043348176759  0.57851522332348460  0.58907138578850871  0.59960603939492452
  0.60974690944685872  0.61958585937613120  0.62953821254697639  0.64003045906516320
  0.65120958507934823  0.66285125181531179  0.67457879481655159  0.68650565464626856
  0.69887367486227148  0.71114158229584368  0.72277413236718124  0.73406670011379760
  0.74546243443744720  0.75702880244055148  0.76875582496672301  0.78112197311510378
  0.79315424493315334  0.80410257004374230  0.81432974220944820  0.82376559698370422
  0.83313494906696250  0.84252521192248253  0.85194129444633959  0.86174321995026237
  0.87199122074510460  0.88269247491379643  0.89395243390053769  0.90534016373949111
  0.91659200458572598  0.92734945401087854  0.93805221108943093  0.94960835844413150
  0.96208306744331629  0.97504167079792570  0.98751022041366732  1.00000000000000000
 -0.00964592983579401  0.05510924361082732  0.08752094992887426  0.11170489974147438
  0.13253583569167665  0.14980714858365085  0.16553170864175845  0.18031921442936782
  0.19450023340234593  0.20803364410706268  0.22049228990142886  0.23204516484959103
  0.24294758621073215  0.25393936611157636  0.26514719970308925  0.27591592544378546
  0.28645200723975695  0.29596831704290205  0.30486135387921814  0.31354543254696482
  0.32244276217824003  0.33157106060111174  0.34098069985053703  0.35005228726962984
  0.35859333942075289  0.36684300658043306  0.37477842195100058  0.38274141127162314
  0.39071220568360521  0.39894245106843501  0.40728218463397853  0.41566336675492010
  0.42409429900450446  0.43225576947928873  0.44019598633978857  0.44815354733135349
  0.45612588427481388  0.46409040705676607  0.47200853453350966  0.48002596524002439
  0.48833614951372667  0.49676537619341682  0.50519846650131772  0.51382699192368786
  0.52225187527146044  0.53037071598648622  0.53828737956727235  0.54581487332286593
  0.55319312572972823  0.56054236804302404  0.56736844348917537  0.57424860957547152
  0.58081702169165050  0.58780777465123635  0.59479891400668372  0.60198361747481588
  0.60951988710532501  0.61729442622427089  0.62446254817202784  0.63358709734329111
  0.64268624654192585  0.65126766331039998  0.65970607169003692  0.66803149101981851
  0.67598253193371260  0.68412882538095487  0.69239511979656598  0.70074030191978010
  0.70915615705776258  0.71771165308233564  0.72613690491364102  0.73427436378487310
  0.74223990805971141  0.75028309200150911  0.75843155537127438  0.76654010124271943
  0.77441387579615739  0.78215054866095624  0.79028081322703903  0.79950247460226831
  0.80972708997280141  0.81960019900485648  0.82938760095341657  0.83874232286479700
  0.84804293742729231  0.85750347378447866  0.86737108062546542  0.87731990269216520
  0.88769378032918189  0.89894073721450296  0.91138003229280951  0.92418413178354819
  0.93721128940107645  0.95215658256037206  0.97182352792555016  1.00000000000000000
 -0.01884984887353991  0.11958388318144145  0.16552581462906166  0.19496062074332918
  0.21898467709248604  0.23764129505341577  0.25329959541868657  0.26754911083307681
  0.28094800270937242  0.29373964250014867  0.30675210825910115  0.31889963884031386
  0.33049652000476859  0.34158557378373500  0.35225892658775199  0.36266695709498015
  0.37274604824988017  0.38267997049477054  0.39241918335201309  0.40185683481273804
  0.41104689831606744  0.42000770236134410  0.42860324962603752  0.43707050195303210
  0.44549025565820294  0.45388758549414820  0.46220709799453175  0.47021068568120067
  0.47785813421988649  0.48529604747728322  0.49263805284611806  0.49992912328122779
  0.50694199987872990  0.51377403554408374  0.52051394344974078  0.52700459187973481
  0.53348625332991462  0.53988013971627957  0.54617606828339138  0.55244053474286015
  0.55864707367339894  0.56487854332033938  0.57122732433048795  0.57749888682007944
  0.58386050370639153  0.59072976210329142  0.59768410945497619  0.60453219743136200
  0.61100394688682291  0.61725007844469904  0.62343057786850342  0.62934370429618069
  0.63520227521941497  0.64094542043290159  0.64653043609976479  0.65176433253385002
  0.65701471305432735  0.66225442319442118  0.66742690485933753  0.67253672261678721
  0.67772615615465293  0.68300745574461419  0.68826803477645671  0.69376340535451297
  0.69925022621926292  0.70479316123696367  0.71043647868770743  0.71611969200574999
  0.72181180929332778  0.72759757887866017  0.73399815720755102  0.74064571527921774
  0.74727069427936221  0.75372152377729307  0.76005559402219747  0.76659416419265625
  0.77346756399048411  0.78032496806093932  0.78721258222890378  0.79397822558130515
  0.80012935600385582  0.80669775793546916  0.81327789433554543  0.82013534735437110
  0.82730555360033620  0.83475319549587801  0.84235994690942262  0.85003577406287545
  0.85803224629869446  0.86655591753396399  0.87583170226107943  0.88625983070246017
  0.89873291707351788  0.91448942428365543  0.93974272030530615  1.00000000000000000
   6.1683129034784665E-007  -1.0000000000000000     
 T T T T T T T T
  <DiscreteSampler_grid>
  grouped_processes
  1 # 1 for a reference and 2 for a running grid.
  10 # Attribute 'min_bin_probing_points' of the grid.
  1 # Attribute 'grid_mode' of the grid. 1=='default',2=='initialization'
  0.0000000000000000 # Attribute 'small_contrib_threshold' of the grid.
  0.5000000000000000 # Attribute 'damping_power' of the grid.
 # binID   n_entries weight   weight_sqr   abs_weight
    10   10   8.973608742434288E+003   2.946796088793228E+008   8.973608742434288E+003
    11   10   8.973608742434288E+003   2.946796088793228E+008   8.973608742434288E+003
  </DiscreteSampler_grid>
