  0.01113515779580619  0.05008574870410103  0.07775456860129264  0.09961300428712004
  0.11944193253557860  0.13799072742564239  0.15617023845521710  0.17355449517709223
  0.18993615704807507  0.20542205066979469  0.22022586177234685  0.23518803694273854
  0.25048631603246962  0.26414349563702544  0.27672739892799286  0.28841167960321390
  0.30028202826030542  0.31274117840614329  0.32556063313543893  0.33876940557005841
  0.35270263293997556  0.36583101840070148  0.37873976869459164  0.39128242325049112
  0.40324885693163315  0.41493712704898883  0.42620100511528547  0.43762458601669618
  0.44906684144290304  0.46099268963630946  0.47301442287460937  0.48482009507483342
  0.49649659851983541  0.50781532568042798  0.51923489949927992  0.53062967333176281
  0.54287675767801102  0.55574735565827638  0.56924977830720014  0.58260904631749189
  0.59408257373198403  0.60496424959192496  0.61514301978825614  0.62537134580571596
  0.63549265396450472  0.64586968576292958  0.65684039058574706  0.66778278297487648
  0.67868517027460395  0.68981441873113580  0.70045413658086109  0.71066168965026499
  0.72026072670219543  0.73055521135886425  0.74121734789990845  0.75162229476296227
  0.76271793687533185  0.77306899230806636  0.78310959548449599  0.79264788648010331
  0.80179933799489544  0.81121804071407477  0.82001650587443231  0.82922742119560477
  0.83804954674683141  0.84661924493189655  0.85484475569655483  0.86272947196556271
  0.87056645698604018  0.87803767629228557  0.88504421517177556  0.89192818751565106
  0.89860828724270936  0.90506672260542631  0.91145884585787307  0.91771230134978166
  0.92391390905140280  0.92994689306752409  0.93566570809963601  0.94076023033522038
  0.94565307555211342  0.95050654478249363  0.95545879943962941  0.96035405355687109
  0.96498376989345480  0.96937625707257891  0.97364860699889644  0.97773711238148531
  0.98136756397525848  0.98449184227578812  0.98728469606176461  0.98988921595963175
  0.99226426376716570  0.99454509623074128  0.99685100337133026  1.00000000000000000
  0.00856682042024365  0.01716504592493572  0.02844345422074996  0.03978596475936394
  0.05137537662145815  0.06243677111829214  0.07254658258737964  0.08245824139824792
  0.09231071254460910  0.10202881766707345  0.11148049865272618  0.12090128232547728
  0.13112263473451091  0.14201280961038959  0.15312414996439394  0.16444597239731820
  0.17534676002209659  0.18640039991527702  0.19933738788013058  0.21175266734499140
  0.22331047794754486  0.23448742387577917  0.24548125530314438  0.25614864278084321
  0.26653162138564251  0.27689966662481919  0.28758313039562339  0.29874193928225040
  0.30916717411781947  0.31934637285589429  0.32988266316673759  0.34065103481030423
  0.35192609185259738  0.36333223468210762  0.37500829164496002  0.38638036691327143
  0.39716643296004961  0.40704077181480514  0.41781998263112163  0.42790707368332342
  0.43903496144887222  0.44985721986068611  0.46067535852724339  0.47089963651248073
  0.48127122834583219  0.49228647372391132  0.50334054615240320  0.51489243243170391
  0.52615237105231139  0.53670010154288283  0.54677490023070840  0.55646711111332581
  0.56567448840280965  0.57457000587852070  0.58371252661894313  0.59337693923992341
  0.60286218815470105  0.61151821413589647  0.61973087312436392  0.62811548910541393
  0.63650226197021664  0.64498769397659783  0.65369401648457315  0.66261172017789971
  0.67213383857529130  0.68239340391769043  0.69230651557564438  0.70237685816935491
  0.71235294581175934  0.72211002195345475  0.73212071859148564  0.74256202998078313
  0.75316071571978860  0.76356178459714019  0.77378283162110306  0.78417250273754735
  0.79442551980028375  0.80447305611889719  0.81435847389020533  0.82403572724524088
  0.83380034255655389  0.84389880720111776  0.85438247882291474  0.86528239685582620
  0.87636051838198081  0.88702804853907702  0.89742943486949878  0.90797665537078431
  0.91843262895990496  0.92877650836369763  0.93927483888273122  0.95010754298707734
  0.96099068924123998  0.97109777683944043  0.98107026585312440  1.00000000000000000
 -0.00088801847377723  0.00431281712633201  0.00673797221645541  0.00931721166775734
  0.01213440671262807  0.01537944074917220  0.01904382876841990  0.02325686933406824
  0.02738441112386821  0.03165223256421430  0.03627627114095881  0.04108801011889759
  0.04609648111861793  0.05150778572665599  0.05728410800254172  0.06375046481129849
  0.07078122533482605  0.07753904356280923  0.08361480668472836  0.08990936825310884
  0.09687609898735418  0.10426682076743500  0.11210279378508249  0.11994439154026733
  0.12744223652952380  0.13536795241552002  0.14379207908372965  0.15313655961205810
  0.16257987218104628  0.17217693724932237  0.18190885521317737  0.19183405084926403
  0.20186903013754576  0.21225362943335457  0.22322964326373593  0.23489143486667841
  0.24553198101250029  0.25572499954002059  0.26542064352086459  0.27498499491841200
  0.28475563143441007  0.29516021031517636  0.30574951947807633  0.31639241028444454
  0.32705016753663640  0.33778711938137812  0.34868939556506995  0.35960628748115792
  0.37019274932500240  0.38049027751216702  0.39111230308685041  0.40209015820433536
  0.41249344639363539  0.42279361062569265  0.43341834321504963  0.44412763587980131
  0.45618359069600606  0.46748834492512448  0.47961503039409825  0.49260404364371252
  0.50516206139957087  0.51752666391694535  0.53032378687118431  0.54377178224127876
  0.55738487256378055  0.57158290704875470  0.58546215414660263  0.59837374273539878
  0.61079670149818022  0.62315508831208277  0.63569314833009849  0.64908774431518357
  0.66269165424488774  0.67638839383848792  0.69038881564806798  0.70463268205378127
  0.71924005041762762  0.73444457846288691  0.75067357804734947  0.76705509085206824
  0.78380070618941933  0.80036665722593181  0.81630548291453076  0.83155763920495718
  0.84688857878631774  0.86144068707126931  0.87528091923275286  0.88912112404374011
  0.90286485664100502  0.91650079340038393  0.93022217070317703  0.94393747420784069
  0.95764835184343644  0.97146382856271274  0.98548334152430794  1.00000000000000000
 -0.00216127976353682  0.00931138892063552  0.01897590889681110  0.02962436859536681
  0.04021500721268242  0.05037618010855723  0.06031186613857274  0.07097247672505200
  0.08223841425364449  0.09344087938334801  0.10457130774201820  0.11667695990221273
  0.12876805560277052  0.14063496680512824  0.15231818356323570  0.16424610277416360
  0.17541104722615036  0.18605989299315970  0.19669336183398203  0.20730163730503584
  0.21793078073898078  0.22954971297693433  0.24021777782787859  0.25053436427345155
  0.26071378525221761  0.27072157530033564  0.28059062710719324  0.29060054388268519
  0.30102581657052663  0.31082749002156940  0.31926583158861688  0.32720020916501397
  0.33561728822258863  0.34439231613675275  0.35354542635324010  0.36276779799920639
  0.37185353496893442  0.38078207945901854  0.38971929441848296  0.39878336839716089
  0.40882206686443695  0.42034698528357262  0.43200280835289157  0.44294731103182827
  0.45361496054697903  0.46427409546434512  0.47550568723009395  0.48759188226939382
  0.49940759301375026  0.51008220595207010  0.52080041479476524  0.53221875600814239
  0.54392199044387668  0.55540584672038162  0.56594840699165150  0.57710345411389163
  0.58787933597259168  0.59919852307723531  0.61022644833099349  0.62096929330730755
  0.63150059931012714  0.64222488924734222  0.65277450638445411  0.66311272388260456
  0.67373300674492298  0.68405361861439540  0.69435626300566611  0.70498096698297674
  0.71534372264526314  0.72533791077849041  0.73533975553934672  0.74538461693870295
  0.75569407198490524  0.76624788461615734  0.77733477165670195  0.78898423240780113
  0.80071625472526120  0.81230380737540819  0.82290668151258717  0.83312626877693696
  0.84311548254942137  0.85274960699668545  0.86211881522272227  0.87102300023026102
  0.88069411150056509  0.89099495946356833  0.90219655941253285  0.91341451243536709
  0.92501220369741977  0.93661474995472283  0.94738314580732275  0.95762164566281538
  0.96819833469178518  0.97888571699063109  0.98974396543986787  1.00000000000000000
 -0.00231187522960304  0.00838066678503256  0.01798306660219519  0.02806526642441718
  0.03908272757820880  0.05046068466648228  0.06140952543711330  0.07206578458272597
  0.08265297824530114  0.09296482800373891  0.10322591117161811  0.11334928655053796
  0.12304625021977827  0.13349735312745567  0.14383926731290222  0.15389146778476998
  0.16364937398851606  0.17373596448267972  0.18424764579788219  0.19455507761725827
  0.20466204800137736  0.21545490938136724  0.22662632043114866  0.23706428955170136
  0.24607113168703060  0.25509010394752479  0.26403132299865956  0.27336822583605808
  0.28333535989619468  0.29326469100635572  0.30302672781587459  0.31293470740369467
  0.32321094209622991  0.33441462320033327  0.34588703636583612  0.35713561038439340
  0.36865951891504162  0.38038874454908334  0.39141767299367847  0.40260267293444379
  0.41333692900708496  0.42448366585755104  0.43574229239730905  0.44729714724441999
  0.45893471195444568  0.47060139747237167  0.48075929093414876  0.48961448240336775
  0.49792899283009995  0.50650258377925272  0.51532912453937429  0.52457001191332164
  0.53359756078396658  0.54212192439523799  0.55252687353072738  0.56324953634928421
  0.57357226001566020  0.58326064446670400  0.59362863302734226  0.60470552436329428
  0.61709894744712390  0.62963958653064278  0.64184527609771691  0.65358965633515309
  0.66554131341666967  0.67676127745765802  0.68732022390597203  0.69746615311247451
  0.70776995064947168  0.71831561779245945  0.72970751192911998  0.74257899307734587
  0.75593627713186184  0.76893257666332115  0.78151518111505580  0.79400028481982832
  0.80610323269790740  0.81710775359633470  0.82720365585238897  0.83719351419689025
  0.84718126352627543  0.85679151712771207  0.86605855570759060  0.87565380970037954
  0.88647065089748034  0.89816898638337594  0.91049595361953894  0.92173179755087919
  0.93165473102161467  0.94104673837917518  0.95042269770171650  0.96027205935112991
  0.97025967611992825  0.98073238890168568  0.99052603760870339  1.00000000000000000
 -0.00223799588489636  0.01032739003564752  0.02037537635046910  0.03074908682523393
  0.04109260996601391  0.05217740489618119  0.06306398094530438  0.07433201766525448
  0.08475512596656569  0.09464141158867406  0.10486408357565498  0.11534048087291450
  0.12599603819705454  0.13624138600463453  0.14606179534217301  0.15540134721934273
  0.16502978410406563  0.17512213104812968  0.18531533492793323  0.19524052307598727
  0.20511147505461266  0.21561165018628420  0.22637212350393598  0.23604752789560468
  0.24552823867795162  0.25537520079734843  0.26573515416410159  0.27664500589677449
  0.28790690671965380  0.29928262611734141  0.31043624438059397  0.32109385207310004
  0.33155416424856499  0.34166264998795953  0.35171578179641133  0.36218582141925776
  0.37265765181863486  0.38199169559211005  0.39073025264033789  0.39870939975846159
  0.40619229243629928  0.41406902540855306  0.42223162757707261  0.43059905256884923
  0.43946264655348943  0.44902803437746475  0.45869077980528233  0.46871090418040373
  0.47899505624680039  0.48959321514960924  0.50080865334129321  0.51199852381160738
  0.52311196334716414  0.53414954875170562  0.54475619473482861  0.55532191006416787
  0.56635456746421686  0.57763983436007993  0.58910302972583084  0.60071162048377702
  0.61283904701325276  0.62459547639663326  0.63579559229638516  0.64683395737633431
  0.65777567938583315  0.66824109877997206  0.67851653700446890  0.68906576354125260
  0.70067019303685218  0.71283791840270427  0.72494899841430704  0.73620374624247209
  0.74731898580368317  0.75816752043081892  0.76965953124510533  0.78157371148584487
  0.79343837430714603  0.80539101725478224  0.81763541825223141  0.83024444883659598
  0.84264344854022277  0.85429202498951062  0.86524843656987294  0.87606072524286438
  0.88675766434468217  0.89733695161908722  0.90762161194818769  0.91753388264112412
  0.92812245430947249  0.93835903784624985  0.94891845553351528  0.95916349188827077
  0.96947093793692296  0.97967100980798494  0.98979152345884891  1.00000000000000000
 -0.00210872288414530  0.00872577271998962  0.01767243197792424  0.02738123048352696
  0.03756893371253457  0.04669292618672914  0.05600221699135070  0.06480176996595088
  0.07366555379925796  0.08323096577986994  0.09294920855227168  0.10285504566720814
  0.11260682071590422  0.12216195771436499  0.13263792647469408  0.14327579369557752
  0.15326618919352258  0.16292997346799240  0.17300826045063189  0.18385179388116088
  0.19454691235246460  0.20487385725668919  0.21637777289575658  0.22835754920625109
  0.24064213233775994  0.25257009464544850  0.26387558628491481  0.27521999169412109
  0.28643041031375061  0.29724637792020314  0.30776321846927579  0.31842319807314545
  0.32959717011100287  0.34096860448466249  0.35209712599023413  0.36338532126603063
  0.37469074336511493  0.38610328042238712  0.39706895783457485  0.40776214685756657
  0.41885409208361185  0.43090820329965113  0.44246191838239185  0.45394561736743355
  0.46466522127795656  0.47577562518380645  0.48609309748418217  0.49628818074982040
  0.50639854823196861  0.51675403611424042  0.52747494740386880  0.53904704946444570
  0.55006018352208508  0.56086909630909487  0.57190266138130064  0.58323993535311247
  0.59503967734081686  0.60662905203881134  0.61791659950760613  0.62984654210643642
  0.64257775667963957  0.65526341351464479  0.66677434463656426  0.67759411120897972
  0.68845118468595923  0.69941591593896602  0.71016584030180208  0.72047747390734485
  0.73131739304099075  0.74250193693287159  0.75425012128423052  0.76528473413547959
  0.77633622739369634  0.78679561957710709  0.79787406441441366  0.80857944065027054
  0.81855303749464858  0.82790677140210112  0.83739467220697050  0.84617706932004622
  0.85478885607828403  0.86303940728385864  0.87133331233549216  0.88005037729517177
  0.88880485162663803  0.89766233868572165  0.90705238935019705  0.91626715017736260
  0.92607277373850072  0.93611555151064219  0.94608720155334802  0.95628028152740707
  0.96683305356788962  0.97776565559467876  0.98892362613010709  1.00000000000000000
 -0.00185744504538188  0.00947079638122745  0.01970837140197956  0.03082855391074199
  0.04178362675664520  0.05175098024806891  0.06106628432657295  0.07012809820313642
  0.07906366272460949  0.08823413283902715  0.09754993862016884  0.10728276182043354
  0.11820845983235093  0.12823326989423001  0.13749378971311674  0.14667263827516422
  0.15610473731904628  0.16582700121119864  0.17593910107010641  0.18659968162548657
  0.19794159804909237  0.20946951639121517  0.22070695126617110  0.23209702207812644
  0.24320733928535182  0.25401915932615715  0.26484996338112626  0.27566913225808659
  0.28638285448160627  0.29679280271649644  0.30708143306820018  0.31765050394068312
  0.32824353405770312  0.33821179370385229  0.34781058822327726  0.35767590910803798
  0.36809118510598715  0.37895535812293879  0.39012559717753437  0.40096527835378759
  0.41143718639127630  0.42213543961383326  0.43329274398022932  0.44476625064254799
  0.45632795097481227  0.46832881065104481  0.48004218401606502  0.49122531205601255
  0.50204857646689283  0.51225130820035880  0.52277798384516139  0.53302546509806115
  0.54292365551387478  0.55220514208507854  0.56136739977393302  0.57102811942731868
  0.58107366585588449  0.59147398097753179  0.60202725477002139  0.61262654939339589
  0.62331881875489770  0.63354576976167820  0.64388920286242701  0.65451777236069963
  0.66511506845259516  0.67577603302803102  0.68615006010134805  0.69636044716900980
  0.70686051030392416  0.71756776162033964  0.72831617093916645  0.73909113994415576
  0.74967226563488909  0.75980321478463098  0.76985542007177488  0.78035220038796083
  0.79116104343782812  0.80188261697690388  0.81263004431169727  0.82375832509776070
  0.83499679875201294  0.84560610933959335  0.85563649013668486  0.86563921239047203
  0.87618727134748176  0.88785337668782804  0.90042450680117181  0.91299298590348210
  0.92460480783142418  0.93575965221163848  0.94669781997957525  0.95720054820198552
  0.96722491620844697  0.97720749317371225  0.98843393665927026  1.00000000000000000
  0.00490480280181839  0.03653993511704390  0.05152838110199390  0.06206375480723158
  0.07127354182746420  0.07985440191918686  0.08827205381315895  0.09661395138207346
  0.10493095968527535  0.11306286528950867  0.12074929137816862  0.12802900052174768
  0.13503735870313602  0.14200508049118019  0.14913545633193012  0.15638274995951781
  0.16372137135805215  0.17104425756889330  0.17819486171626620  0.18581529657972115
  0.19231539476050311  0.19870153594229514  0.20493679615436527  0.21135852055377982
  0.21818448569643792  0.22512709474605849  0.23204888567247831  0.23906755985481115
  0.24615378788403849  0.25334985551192740  0.26058213650627654  0.26769116999286535
  0.27404192215458251  0.27997841032090581  0.28575354526979124  0.29137089105586672
  0.29672349823783900  0.30205657805646080  0.30770473406475818  0.31350102520054507
  0.31936013556073706  0.32522564990657093  0.33085317915591050  0.33642550145112482
  0.34211308073919972  0.34777068769564257  0.35379162219086668  0.36067211862488507
  0.36760954379294219  0.37455844640445496  0.38137615771555644  0.38848320548627741
  0.39574853767511375  0.40327565227385220  0.41099956258572307  0.41909253248470768
  0.42746106063946981  0.43591129757009556  0.44446321683120221  0.45352544267290484
  0.46173862060774024  0.46998468124852294  0.47820051129201530  0.48655261377688608
  0.49508698420169056  0.50379721599390537  0.51275539673338888  0.52159245179064806
  0.53018000220467210  0.53887318100881387  0.54795162969758260  0.55732212944930226
  0.56683235657513986  0.57654574016554561  0.58658007379576949  0.59676161256221871
  0.60679931057715419  0.61676491637932984  0.62702605807515821  0.63799074553673418
  0.64911407724875025  0.66011059794153515  0.67153333577931473  0.68419497001754992
  0.69716980549991581  0.70991076298770073  0.72313357352655594  0.73744203830460475
  0.75266516592013510  0.76980032470000903  0.78726918821289704  0.80736263704881905
  0.83220678012988014  0.86200344599120038  0.90114539852797404  1.00000000000000000
 -0.01764381775216472  0.13978245682406459  0.19684892746689886  0.23210932521105937
  0.25805196695490357  0.27828292885333150  0.29473826113337087  0.30925880395333899
  0.32303654177048285  0.33571383137141120  0.34693562089878877  0.35689060618619983
  0.36616520347398301  0.37508520983985005  0.38389938049772004  0.39239121570006458
  0.40067709730390622  0.40861401769069899  0.41614688726333388  0.42383271947124135
  0.43160832881619593  0.43905011299453034  0.44586104221421213  0.45228397154574645
  0.45826887699521424  0.46391200162926582  0.46939800775893925  0.47500222659586200
  0.48053969761708137  0.48618693063131413  0.49175583442540083  0.49681433873582287
  0.50173389867903839  0.50654008430339359  0.51149502319325757  0.51636771226645017
  0.52156356985062813  0.52705632875175012  0.53266010269998953  0.53819130329958387
  0.54339453628507628  0.54828116554804907  0.55290490672304238  0.55781607862285965
  0.56254583559191473  0.56744096357154039  0.57220187423886903  0.57689946533920622
  0.58161598675299242  0.58634482201235372  0.59112511067596452  0.59603919946560824
  0.60087586550146621  0.60530354846116974  0.61001513734362978  0.61481215430857417
  0.61958288271246376  0.62445345551139808  0.62894125830226966  0.63337613341010912
  0.63785059440440517  0.64230834644170909  0.64690752458953948  0.65168531788284390
  0.65651186067687994  0.66142932302141833  0.66628906039717684  0.67119074796828260
  0.67603115615566067  0.68086443074793834  0.68595046138613247  0.69143768392638760
  0.69724057946302942  0.70319207000988027  0.70937722667470715  0.71565827167117102
  0.72191651417943992  0.72819823980284903  0.73430399520526601  0.74065741704278421
  0.74733800393143102  0.75430242553484850  0.76161340975589842  0.76913989729084331
  0.77695326294111555  0.78552118474986576  0.79420858436432051  0.80342015792099508
  0.81336037413566087  0.82447949062655046  0.83670074138424100  0.85001960413784050
  0.86600986457391549  0.88505108952746125  0.91743973859297623  1.00000000000000000
   2.5590594095406376E-055  -1.0000000000000000     
 F F F F T T T T F T F F T T T T F F F F F F F F F F F F F F F F F F F F F F F F F F F F F F F F F F F F T T T T F F F F T T T T T F F F T T T T T T F F T T T T F F F F F F F F F F F F F F F F F F F F F F F F F F F F F F F F F F F F T T T T F F F F T T T T
  <DiscreteSampler_grid>
  grouped_processes
  1 # 1 for a reference and 2 for a running grid.
  10 # Attribute 'min_bin_probing_points' of the grid.
  1 # Attribute 'grid_mode' of the grid. 1=='default',2=='initialization'
  0.0000000000000000 # Attribute 'small_contrib_threshold' of the grid.
  0.5000000000000000 # Attribute 'damping_power' of the grid.
 # binID   n_entries weight   weight_sqr   abs_weight
    10   10   2.404271457958341E-044   9.439242376707279E-088   2.404271457958341E-044
    11   10   2.404271457958377E-044   9.439242376707654E-088   2.404271457958377E-044
  </DiscreteSampler_grid>
