 -0.00020489627307443  0.00625771253870475  0.01628891760644192  0.02701159361834691
  0.03821369185933706  0.04893836413704340  0.05967619462473826  0.07031056171953098
  0.08048256606754471  0.09055226709181075  0.10079727930728319  0.11086561411901308
  0.12065906026753589  0.13029729397117476  0.14000746049866372  0.14987982119521198
  0.15962311961677184  0.16952452871862883  0.17922293861774619  0.18855605168521386
  0.19735183702401221  0.20587051882865678  0.21416701132721161  0.22238409317375835
  0.23075311080626479  0.23930234360753402  0.24796103882838594  0.25668042432413396
  0.26529580873787006  0.27385782916621337  0.28243801324481466  0.29096756990752476
  0.29943657803847934  0.30778255839944624  0.31617571695566610  0.32450934962039651
  0.33280703722211374  0.34130108121289066  0.34964905316379236  0.35811308496174260
  0.36677833028316725  0.37550206826051341  0.38414036124076217  0.39267352457537857
  0.40112832490274819  0.40959151221585993  0.41802078110957080  0.42646560612691520
  0.43494354012859832  0.44352944767722785  0.45223889108443199  0.46093681942000259
  0.46964139321381071  0.47818016411047487  0.48655033447617047  0.49480380092968340
  0.50302458933872218  0.51133899193734622  0.51987668462704695  0.52865419795729662
  0.53782115663663133  0.54665200209385167  0.55539814680530419  0.56414405945594448
  0.57289923295447187  0.58174501557358549  0.59064760376681447  0.59950970257970271
  0.60841099241118402  0.61737613236145794  0.62641310483833701  0.63560833113629733
  0.64543153497874739  0.65522566872784638  0.66512261400322936  0.67508775128654741
  0.68529183138261740  0.69608013826764537  0.70707384484591618  0.71808417707858663
  0.72929564086807275  0.74068910547371858  0.75227473451893201  0.76421056878527072
  0.77684508345390346  0.79018670069775621  0.80396095429859205  0.81844953679000676
  0.83386690898523808  0.85066667424577536  0.86911763641555684  0.88796245881404212
  0.90863516625408902  0.93258600672586933  0.96285512465129364  1.00000000000000000
 -0.00250496379790114  0.01020473580627948  0.02020367888567982  0.03135958287878460
  0.04187241129596690  0.05351317286635458  0.06465437804666066  0.07556622385826912
  0.08662309979727939  0.09746114363380452  0.10817659340925644  0.11868791272010974
  0.12956122887301433  0.14047202394170211  0.15075274703902300  0.16070728052316929
  0.17073390698076674  0.18079579068857130  0.19095504180014633  0.20113134756195042
  0.21126086038206326  0.22182716610993394  0.23260227399503283  0.24361714575398072
  0.25444381659621418  0.26473055940244400  0.27521380531909234  0.28617330468209029
  0.29716283086059214  0.30776736152435952  0.31824264255304963  0.32886504263410693
  0.33960207441881923  0.35060239432906343  0.36225704773263523  0.37402465014631875
  0.38507142375223607  0.39548171283787953  0.40527024912255866  0.41524386232356231
  0.42524376238070039  0.43496726285757303  0.44489680436255635  0.45466230807376240
  0.46542731984509234  0.47708427693316491  0.48740443584836107  0.49790587904886280
  0.50831302717300908  0.51922238698953027  0.52934873809145955  0.53956196109560306
  0.54981609297629930  0.55990926300091048  0.57015178816662893  0.58076309572913432
  0.59155991187873402  0.60227461315207398  0.61342655201394458  0.62508484824040500
  0.63517965239712837  0.64518880459662342  0.65567238069836498  0.66622820586834153
  0.67612650461192902  0.68566684999174310  0.69525908095693578  0.70534577913538266
  0.71580814453801300  0.72652339222408091  0.73726440255112113  0.74786746855159503
  0.75816564523329111  0.76814117242624691  0.77793977356524791  0.78770156054202078
  0.79755302320793831  0.80735053419892089  0.81727307640716573  0.82726540873545962
  0.83715572786617110  0.84708955478408166  0.85744252525465536  0.86831213817144015
  0.87916727182950738  0.88979288860795824  0.90090613344321135  0.91293940459744549
  0.92481471257972458  0.93618434513588422  0.94736569070030874  0.95828443054254053
  0.96882324906216000  0.97933590612360033  0.98973622009975581  1.00000000000000000
 -0.00929140838881994  0.05965652427387202  0.09408183536783304  0.11895626419909854
  0.13962148481298034  0.15768476612257443  0.17514343564355978  0.19224571979099100
  0.20798310530147354  0.22199400987950896  0.23528659733550256  0.24829161698651311
  0.26132183716981416  0.27394268816691042  0.28629353077049569  0.29790452192790678
  0.30890794137993360  0.31982774194857660  0.33033798403334447  0.34113885865588839
  0.35178827872381441  0.36190801120965893  0.37178652099609927  0.38119008003608029
  0.39023820996777858  0.39894457788507071  0.40766010079042092  0.41631766554669603
  0.42515935637465979  0.43398272804556409  0.44260319244229607  0.45129304180243651
  0.45981000523458598  0.46807954302103366  0.47636542655863179  0.48418105522100974
  0.49187470904274827  0.49952919727936834  0.50698280382364569  0.51435631709619123
  0.52180864979401675  0.52938677620849772  0.53708719260552773  0.54480569381199040
  0.55244466624929034  0.56008796865254928  0.56746611542132297  0.57477558913911431
  0.58173359215591347  0.58920188143781460  0.59643343371621338  0.60392006286442723
  0.61134602606879573  0.61871081772284464  0.62639600633112047  0.63451648322871512
  0.64280011311883101  0.65069751278669197  0.65812173801431162  0.66549814107192728
  0.67311041626883228  0.68078684636125619  0.68826914235412096  0.69536862923379483
  0.70224124654420261  0.70931030802093187  0.71643290974345153  0.72361880859235328
  0.73084931691879274  0.73807888325633331  0.74540122029682954  0.75283630122578371
  0.76025370162853501  0.76771008562336562  0.77534756212702649  0.78318018847144688
  0.79113575437226802  0.79900898383987562  0.80694508383204444  0.81517262818251746
  0.82406292358990574  0.83302695472522892  0.84171430396856717  0.85069023391215526
  0.85929872627033366  0.86780050628621208  0.87643189048217418  0.88544116339977386
  0.89486161993716440  0.90459286507717152  0.91469303730812312  0.92553026028287477
  0.93747543480018813  0.95172763583060860  0.97160267491839569  1.00000000000000000
 -0.02222557302983450  0.14149297425563501  0.19285351978660167  0.22608293170908375
  0.25303592099653083  0.27619851538897178  0.29653669253182985  0.31468380648680633
  0.33147140965394578  0.34726360768315095  0.36174319915776221  0.37493426914633943
  0.38706691273559402  0.39870607346514697  0.41031625047810855  0.42181791020140580
  0.43299550972647333  0.44418873557734162  0.45507914945640804  0.46523176254109277
  0.47481145213248288  0.48453044724612360  0.49437283300568891  0.50359673428227258
  0.51215752421916683  0.52049697841308606  0.52856870665210831  0.53624394660940733
  0.54347659022042294  0.55017493679837415  0.55671945543123658  0.56328980891923985
  0.56986966478244061  0.57632509734765636  0.58253702945733254  0.58864354629463433
  0.59475003104312552  0.60087583122930366  0.60706821753178741  0.61323956938821611
  0.61932032168070394  0.62522592293568990  0.63126556599300132  0.63714541257536539
  0.64297478308192302  0.64859538300459119  0.65403041891832969  0.65946114144186929
  0.66494409183579761  0.67029698857498499  0.67543232730551561  0.68051125580126770
  0.68546445289332569  0.69022868060455456  0.69502653539622616  0.69991998180089765
  0.70479135579070995  0.70966678671072259  0.71452910872065378  0.71936525230769821
  0.72422219795941389  0.72914196519907259  0.73414219249686963  0.73928928043797626
  0.74438559874847066  0.74940765804079112  0.75438284890713403  0.75936661924065363
  0.76444702889521088  0.76960995386297970  0.77460974156447271  0.77955857747084134
  0.78445935207602124  0.78939583285629245  0.79450566168366765  0.79972976230805326
  0.80495309474543630  0.81022574105894218  0.81561164044439649  0.82102778157876333
  0.82645091673958626  0.83207003248924383  0.83767083152279154  0.84351157873142146
  0.84945747877732747  0.85551307009781097  0.86184614830692230  0.86853118574621846
  0.87558550042187044  0.88354785288235060  0.89191673813518357  0.90118810622330559
  0.91203011475683515  0.92646723292618038  0.94958039843284003  1.00000000000000000
   5.2545444177529643E-008  -1.0000000000000000     
 T T T T T T T T
  <DiscreteSampler_grid>
  grouped_processes
  1 # 1 for a reference and 2 for a running grid.
  10 # Attribute 'min_bin_probing_points' of the grid.
  1 # Attribute 'grid_mode' of the grid. 1=='default',2=='initialization'
  0.0000000000000000 # Attribute 'small_contrib_threshold' of the grid.
  0.5000000000000000 # Attribute 'damping_power' of the grid.
 # binID   n_entries weight   weight_sqr   abs_weight
    10   10   6.160318726827702E+003   1.371790032727646E+008   6.160318726827702E+003
    11   10   6.160318726827702E+003   1.371790032727646E+008   6.160318726827702E+003
  </DiscreteSampler_grid>
