 -0.00030286558975115  0.00668799816268681  0.01654866528813483  0.02722889173734451
  0.03816058312505174  0.04916090306401622  0.06068968628820494  0.07220485010153979
  0.08272961325066840  0.09280072579993674  0.10292363358064840  0.11287696154299562
  0.12272027945656427  0.13227757184653210  0.14147234750264381  0.15042594591922478
  0.15945226653236258  0.16859813066437648  0.17785041239836186  0.18691564463738963
  0.19585562713803220  0.20475918173822696  0.21358872070351576  0.22241360713083055
  0.23125384891848863  0.24009321771677455  0.24888152892498069  0.25754823209289973
  0.26613986526992944  0.27471995130188404  0.28323905136369448  0.29177163155134911
  0.30031076546690288  0.30875672006314536  0.31753749171495854  0.32622458932501747
  0.33486603156862255  0.34362218944725748  0.35227513554936590  0.36084061454724287
  0.36934857848107455  0.37786276235198174  0.38638234848301739  0.39478222448176964
  0.40313484583031201  0.41143808006426108  0.41971746925908149  0.42813929498896702
  0.43662629450174928  0.44520742403117713  0.45382638688409987  0.46237896493444125
  0.47099389406988723  0.48004619266193743  0.48910559655316965  0.49819763298498393
  0.50732803881070276  0.51638054665843325  0.52512218919229847  0.53387102403830300
  0.54247540064822175  0.55110575944919782  0.55977787453706862  0.56855045007141658
  0.57748005321001938  0.58645332968233732  0.59546979933348809  0.60453822307416027
  0.61351701803500636  0.62245664650463672  0.63145576641279777  0.64051558417816079
  0.64947316455746029  0.65894315645733037  0.66867228283782509  0.67864248260761795
  0.68874486395119816  0.69892202312516161  0.70924220530651505  0.71978697759965860
  0.73062005839293032  0.74156230804921808  0.75257071049293311  0.76372790016733771
  0.77524364668264056  0.78744271880169381  0.80119325144180920  0.81498088081571352
  0.82936521701066246  0.84483863818577387  0.86223386841895167  0.88209497137653436
  0.90324362099072897  0.92769319983074405  0.96138803937404216  1.00000000000000000
 -0.00248649624315288  0.00960730155671826  0.01973882187677220  0.03015954741908563
  0.04055472210214239  0.05110344864936838  0.06180229070071157  0.07259896169498360
  0.08325363867829778  0.09410098719263900  0.10482125090125484  0.11518265856909544
  0.12557391796209405  0.13605779667224041  0.14652864961501938  0.15673692297379105
  0.16739981248423264  0.17902840216564908  0.19057472986685287  0.20199192954575096
  0.21288228759923294  0.22340285925708539  0.23360679281690425  0.24373122488863880
  0.25358456298302923  0.26348516486154094  0.27361697756913500  0.28457915548241286
  0.29531127294133874  0.30515076330942470  0.31553261672264804  0.32639180008057345
  0.33685901688248410  0.34677355781270636  0.35698646831204417  0.36773096937900668
  0.37850513624485244  0.38886138766892503  0.39891210637804619  0.40873862461136129
  0.41876820368340140  0.42930796153784284  0.44009692412288187  0.45119409913674458
  0.46241260737972628  0.47343740997207406  0.48406231793516424  0.49423686010612272
  0.50434169154336728  0.51450579444908595  0.52517889659589401  0.53660478782820176
  0.54761557247742076  0.55845231322665045  0.56952988150292905  0.58065825069602350
  0.59105624870060769  0.60092775415199962  0.61090741098255563  0.62100497343510264
  0.63103542967604287  0.64133759484676656  0.65192582910713814  0.66289767672149313
  0.67332408828544532  0.68338100571890625  0.69355171105009639  0.70382420704969462
  0.71438792026833442  0.72535911185301727  0.73633019130783861  0.74759784053954370
  0.75807737193534175  0.76839316978396976  0.77871200547297381  0.78897827470314263
  0.79867546939236744  0.80823449170255179  0.81820710205252156  0.82835959880449317
  0.83826301206876863  0.84801602663157416  0.85806768956861157  0.86826985061253237
  0.87867340472863520  0.88927460510682865  0.89968309659937140  0.90990101216128705
  0.92066458238373605  0.93204032127008574  0.94332355691262371  0.95392321096389210
  0.96535089087687953  0.97735396401670915  0.98897477314628601  1.00000000000000000
 -0.00953613205874676  0.06162820481450618  0.09834865868558150  0.12363630307879508
  0.14486379914086495  0.16387433054903491  0.18113078212471814  0.19702072296243101
  0.21203274326190938  0.22623132597176077  0.23964159214156253  0.25250201621700963
  0.26484882411550670  0.27663157127093135  0.28755202419634368  0.29801443584930271
  0.30804694025495244  0.31795199452534695  0.32760277649496988  0.33736684578661419
  0.34734710703150662  0.35692337500442389  0.36581574888160034  0.37492434677755465
  0.38406613286286906  0.39310405550664584  0.40169037570532184  0.41019262525195938
  0.41861533710427440  0.42735967256381657  0.43595555394536478  0.44373225705396191
  0.45153634960769617  0.45907916836321477  0.46641432606080857  0.47374422677997202
  0.48121626742062190  0.48874552538365895  0.49614151824323277  0.50335617250961351
  0.51043363970982991  0.51753621648887238  0.52476350279523309  0.53213068152212006
  0.53947645847493597  0.54684380339059846  0.55413813053049898  0.56129492688864613
  0.56845318532282607  0.57560023096099411  0.58292432126382254  0.59072754944865769
  0.59892437813407728  0.60703199825917464  0.61460057833229187  0.62209764641840681
  0.62950980782552290  0.63697014329812052  0.64434027509241887  0.65144512856024550
  0.65859719343940282  0.66589353298411980  0.67314282830891814  0.68016529614617660
  0.68717418657665452  0.69421935455598260  0.70115400578135378  0.70831740329444826
  0.71574479161400240  0.72360651943602938  0.73129691569444044  0.73869480859333359
  0.74600613486967937  0.75336525218622397  0.76080713237251141  0.76841961328121300
  0.77616496555106329  0.78402319046019542  0.79210253504933825  0.80022862299814612
  0.80823362897048001  0.81612134031660322  0.82384326223366267  0.83189887105369376
  0.84045182669679819  0.84919444696110657  0.85828736650451931  0.86786456388294397
  0.87806765140086918  0.88899627774264778  0.90024288616838721  0.91224698084601907
  0.92608716516647904  0.94273587688643556  0.96524040775121911  1.00000000000000000
 -0.02148487111535826  0.14738218246847171  0.19884806833421592  0.23318373044549182
  0.25967897990743954  0.28296217204381380  0.30425069620601264  0.32330654175020879
  0.34105958021911387  0.35746307472341221  0.37218119760887314  0.38551133454497316
  0.39786935661700051  0.40973482560314328  0.42125188088292687  0.43203429992877562
  0.44216082339334939  0.45183778840705013  0.46101012988976603  0.46945294339930083
  0.47766229940549082  0.48566530177628026  0.49368087194306459  0.50168602373361837
  0.50961024559712687  0.51713612271624565  0.52523538525018021  0.53365518874938567
  0.54166993032940247  0.54935988548470183  0.55672908264704668  0.56375878402657942
  0.57036881435909770  0.57671317682526901  0.58288695165494853  0.58861383714348525
  0.59432804063003708  0.60000164091641472  0.60571717455507668  0.61134289565709343
  0.61680040124320168  0.62219476082791614  0.62780005791777471  0.63354527049923637
  0.63918126644231954  0.64464441848620946  0.65001354227505603  0.65540223597106950
  0.66095620666286869  0.66635589960925345  0.67146182275994626  0.67639321539201225
  0.68120817342045537  0.68593296004724980  0.69052560678656449  0.69505377458917061
  0.69970520125329205  0.70444138319531291  0.70913471051970989  0.71362177395214998
  0.71806201169708017  0.72246014027099703  0.72689857378904121  0.73150454853728364
  0.73620642335536035  0.74093351020385601  0.74566913857874695  0.75038730547500709
  0.75506281992494617  0.75975143093171582  0.76444992796930145  0.76916971024761649
  0.77405029165214734  0.77905554838918800  0.78411149545498449  0.78921662750361909
  0.79442438427792095  0.79972253114445879  0.80498487229189419  0.81027621327086807
  0.81564796567208742  0.82123496242491123  0.82708047128319273  0.83306834138267705
  0.83932701284404232  0.84571789379703433  0.85231953298174268  0.85936344250201668
  0.86661848546865128  0.87435499836045816  0.88295536531460006  0.89259167772299786
  0.90460721094178753  0.92048471621938821  0.94448703101188713  1.00000000000000000
   1.2129859661636898E-008  -1.0000000000000000     
 T T T T T T T T
  <DiscreteSampler_grid>
  grouped_processes
  1 # 1 for a reference and 2 for a running grid.
  10 # Attribute 'min_bin_probing_points' of the grid.
  1 # Attribute 'grid_mode' of the grid. 1=='default',2=='initialization'
  0.0000000000000000 # Attribute 'small_contrib_threshold' of the grid.
  0.5000000000000000 # Attribute 'damping_power' of the grid.
 # binID   n_entries weight   weight_sqr   abs_weight
    10   10   9.506389735823708E+003   1.913918656810602E+008   9.506389735823708E+003
    11   10   9.506389735823708E+003   1.913918656810602E+008   9.506389735823708E+003
  </DiscreteSampler_grid>
