 -0.00027274337623697  0.00664000423557424  0.01671509368646931  0.02772988803728646
  0.03902090141503482  0.05032641655793414  0.06148938523049333  0.07205504888301097
  0.08261822380462971  0.09344136260386922  0.10390610109028922  0.11417953298180139
  0.12406628955222866  0.13386321730861098  0.14341024562762317  0.15279052018725292
  0.16231640015766294  0.17174640770481708  0.18086626117748195  0.18976952581817613
  0.19857759910962128  0.20722409734456890  0.21582689989280804  0.22448618373678694
  0.23318787362950752  0.24191242433469989  0.25069880912763792  0.25981151871694697
  0.26900202804982593  0.27795801975640905  0.28679623532825826  0.29550086596450892
  0.30414155572932194  0.31267972608307859  0.32104189154036478  0.32971172071558574
  0.33838236302378488  0.34697353999668923  0.35554070578902852  0.36403358669564684
  0.37239072105373849  0.38067278491984113  0.38901771520738915  0.39748814685021394
  0.40611142381698651  0.41463172009398169  0.42307357518416394  0.43144939451822412
  0.43970907680435622  0.44785634976600308  0.45601948765760314  0.46421120227782559
  0.47250637503434684  0.48082567822889921  0.48916538654614428  0.49751310682489658
  0.50587077837247452  0.51425002656675900  0.52263553638176830  0.53107952861872432
  0.53957483644354298  0.54814275307923865  0.55680156150906523  0.56554433646315327
  0.57433551606143440  0.58310665088082392  0.59187947774815486  0.60100814860442331
  0.61018168670548933  0.61932524606432027  0.62848693192933103  0.63770558394426846
  0.64731162048767232  0.65714025545908061  0.66730545311077905  0.67756021692410240
  0.68777029278341884  0.69802384524713801  0.70880862416987744  0.71997064104789521
  0.73143663209296628  0.74302042553631686  0.75476919470912673  0.76692664770762087
  0.77942054604690003  0.79277229359610835  0.80648130291420783  0.82067626013682660
  0.83554150362096269  0.85145222969204293  0.86906184389705443  0.88758917888827848
  0.90765829497315675  0.93157573911984681  0.96256759556271754  1.00000000000000000
 -0.00236113284386906  0.00968445196566181  0.01933067578454807  0.02962336374866577
  0.03969676257993673  0.05111507118533429  0.06255671305233612  0.07400660439233867
  0.08519714203138336  0.09660124201691114  0.10812921265454672  0.11972387849648532
  0.13106761300523331  0.14213952686434822  0.15314397428264670  0.16435370612131664
  0.17559784581934684  0.18680844179416828  0.19746494618873259  0.20781540979047788
  0.21785343600195500  0.22750037171581369  0.23671515132342005  0.24571610301518290
  0.25553330466198920  0.26578915647669699  0.27624233611567189  0.28664337403492940
  0.29728386816099422  0.30856919493219853  0.31945199665679280  0.33004266403464683
  0.34039670905613539  0.35040474650455233  0.36050710740462399  0.37100813803222937
  0.38165796957381076  0.39282300137177567  0.40384328904276368  0.41521972301694382
  0.42588128294128508  0.43614370312297218  0.44642860400568574  0.45666037113614616
  0.46679993238950418  0.47706876100045825  0.48729926925541189  0.49731749367772754
  0.50694396560152943  0.51651213591931977  0.52639209353324123  0.53669994845702684
  0.54752828137645471  0.55859881702866787  0.56944857052516118  0.58029102978739011
  0.59119038848630989  0.60200148327476022  0.61224468296878753  0.62225345417171307
  0.63261996841072243  0.64302708441796397  0.65308234775740581  0.66285234807314231
  0.67310890441738946  0.68350383705842788  0.69368307584149169  0.70374072524332820
  0.71377859255584841  0.72427093961328337  0.73426607883694206  0.74398659673584622
  0.75395762987274850  0.76411004491762369  0.77413765602861040  0.78412889375450845
  0.79457912557474619  0.80601708477687539  0.81718198911759687  0.82800570507817495
  0.83932778518079609  0.85055862969752138  0.86173770404092742  0.87289349208339184
  0.88328391400018902  0.89349422843098791  0.90390981534633275  0.91450574804339935
  0.92495978430855041  0.93531474548435611  0.94614900921308243  0.95726711227468853
  0.96781843946419654  0.97831557060378738  0.98910559196413428  1.00000000000000000
 -0.01023614948630141  0.06394670060370505  0.10312546883417381  0.13043789640682743
  0.15172525359732394  0.16965397640274910  0.18685278855405293  0.20317762037733664
  0.21892627604615994  0.23374184206445239  0.24782591649933675  0.26199636292401973
  0.27546641222273011  0.28749414022150555  0.29946521931906295  0.31116031274449013
  0.32168872426453377  0.33184917084210908  0.34184673072999910  0.35190714885748270
  0.36170435104835419  0.37154900397958796  0.38102980146946652  0.39045200948396863
  0.39936184740256997  0.40825731166687845  0.41689281510658183  0.42547200250580580
  0.43381810938080101  0.44218450917011465  0.45040161396097644  0.45869306967017270
  0.46709911357656037  0.47526286996843869  0.48349736203565086  0.49168150495008045
  0.49993833981677499  0.50826994334752940  0.51652767048580062  0.52473053635675881
  0.53283904098002544  0.54092716415205855  0.54864515023594829  0.55645479387331576
  0.56380754178652026  0.57119741532131774  0.57856265372956672  0.58583327738752811
  0.59300437868608946  0.60001980561000379  0.60674355239517319  0.61317975343201492
  0.61955417418437464  0.62616196743057961  0.63308469641381515  0.64011179811193530
  0.64713012106405166  0.65412804325880569  0.66115335918599605  0.66807344884998521
  0.67500775108255506  0.68173650906522576  0.68836754928963528  0.69514802514087737
  0.70193813029434871  0.70889662339460535  0.71590015871903578  0.72306672339061651
  0.73018576230166365  0.73722580500992263  0.74443680265977030  0.75167108782830527
  0.75878538282384123  0.76573618221828155  0.77285314449580778  0.78035040675067346
  0.78802480390298268  0.79569908384280630  0.80331935467701554  0.81089681613062314
  0.81856550970343844  0.82629326900147315  0.83415243741952327  0.84215291166736794
  0.85028155611342637  0.85882305150611482  0.86790184967981776  0.87746232822858850
  0.88776495617129558  0.89853881970712735  0.90953225669823690  0.92112488364899359
  0.93384232552261981  0.94839515310555533  0.96833265988660078  1.00000000000000000
 -0.02220191675973767  0.14604508622808249  0.19714176253500082  0.23358540096953889
  0.26228285956628572  0.28591190819604662  0.30635345222148380  0.32461574692799933
  0.34115061670431879  0.35633153363275760  0.37043417090652014  0.38396550729778001
  0.39683090432943519  0.40902863444744059  0.42054730107462512  0.43156836045726582
  0.44197650694855301  0.45190729556298198  0.46145519853452271  0.47072317367914090
  0.47988391164954936  0.48900942902700484  0.49792692476676687  0.50653826231281507
  0.51488697189792276  0.52266787898648193  0.52977893975195423  0.53675278020949591
  0.54376403223701053  0.55059472446767543  0.55734093069129176  0.56390016385520547
  0.57036180302789341  0.57676530393913428  0.58322943280132755  0.58976031532280981
  0.59618210707893071  0.60238208486703571  0.60830019158665671  0.61379158992272531
  0.61947964986999693  0.62497709316532502  0.63052752327846429  0.63594058457440528
  0.64123448255615811  0.64637238220854532  0.65135598921669768  0.65631505101841980
  0.66132325343562837  0.66638324898184942  0.67144905417397727  0.67644146102503522
  0.68140069830572203  0.68639313770742116  0.69135349104071464  0.69624175278705103
  0.70114948334875604  0.70604853637413700  0.71092329079877847  0.71573661176312608
  0.72048636489180462  0.72521983992501959  0.72983741088386012  0.73452496636142517
  0.73914522885930845  0.74373142154388350  0.74830802463755808  0.75282933426611898
  0.75732091986014194  0.76181605116727469  0.76634219614083821  0.77098447272430137
  0.77583203964026315  0.78083143409414812  0.78579353875850888  0.79064324789511564
  0.79570755194792808  0.80082921441830845  0.80600176292404213  0.81129819092872490
  0.81690427498368756  0.82281951233059436  0.82890142586171400  0.83512357625954226
  0.84137764345307930  0.84776852729543439  0.85419560836587582  0.86096538986847915
  0.86804671966371039  0.87593489081287024  0.88487796124593210  0.89453829308363320
  0.90604571882802665  0.92083559618811650  0.94455791275907486  1.00000000000000000
   6.0085981693319625E-008  -1.0000000000000000     
 T T T T T T T T
  <DiscreteSampler_grid>
  grouped_processes
  1 # 1 for a reference and 2 for a running grid.
  10 # Attribute 'min_bin_probing_points' of the grid.
  1 # Attribute 'grid_mode' of the grid. 1=='default',2=='initialization'
  0.0000000000000000 # Attribute 'small_contrib_threshold' of the grid.
  0.5000000000000000 # Attribute 'damping_power' of the grid.
 # binID   n_entries weight   weight_sqr   abs_weight
    10   10   1.856903524972492E+004   1.182412104138127E+009   1.856903524972492E+004
    11   10   1.856903524972492E+004   1.182412104138127E+009   1.856903524972492E+004
  </DiscreteSampler_grid>
