 -0.00031175388595321  0.00682285678827407  0.01670178554443829  0.02742986108065092
  0.03836664349454690  0.04923029878191248  0.06026541849195725  0.07078852880100713
  0.08119768853429729  0.09139867362382069  0.10128313930379725  0.11132131240318362
  0.12137594492606309  0.13140519901688588  0.14137766790642931  0.15124210789493350
  0.16105647821366972  0.17081957336548628  0.18023171604860685  0.18944605943178922
  0.19871342410895593  0.20788961357537769  0.21690474997483472  0.22581952713217854
  0.23461922044743616  0.24330282180320345  0.25202398765158696  0.26073431929826207
  0.26930015763909926  0.27782378642487465  0.28628304435395080  0.29488159247530277
  0.30329275953492030  0.31151016094368394  0.31947677331102564  0.32740279945400708
  0.33537257608663817  0.34347483367891590  0.35164507777109399  0.35976991077826947
  0.36792036850070858  0.37624567916959978  0.38443458509204437  0.39255141610124700
  0.40061279740186145  0.40864620047257177  0.41673902778693772  0.42489109872919967
  0.43312545878205549  0.44155679233329598  0.45025094648603009  0.45856336675817161
  0.46679956336057810  0.47501451167615871  0.48324593148275924  0.49151435108821373
  0.49979921101907965  0.50809553827756948  0.51652624878322140  0.52517914489951556
  0.53390120039508293  0.54276562822959329  0.55180531224044294  0.56102726424342741
  0.57041541708780374  0.57987685864646055  0.58946207056125899  0.59912157760115559
  0.60887634255444489  0.61878690796007640  0.62882337803952837  0.63873759609365488
  0.64842179641197839  0.65871499849962623  0.66921691658314375  0.67981721829651809
  0.69051450289147831  0.70125848589401607  0.71209601361938923  0.72293515765990057
  0.73385063318028554  0.74490274606422957  0.75612184000891791  0.76750196581756991
  0.77979527747487565  0.79257709985755720  0.80609975678487455  0.82008097477765718
  0.83448516596859235  0.84987503660882735  0.86686574747245926  0.88506530112798432
  0.90487469222284977  0.92815144716648956  0.96080822220552109  1.00000000000000000
 -0.00244359890916307  0.00949102193185588  0.01982762212032660  0.03053175287837492
  0.04116742493144035  0.05227457287905087  0.06346290934075770  0.07457577129471682
  0.08574976776555952  0.09685312336033121  0.10798375488525513  0.11888720851855412
  0.12966153410815406  0.14022729432415160  0.15068069510934534  0.16086832239365800
  0.17108387017684309  0.18139484424640129  0.19180294034534248  0.20282405884880481
  0.21475544310454314  0.22732715122592426  0.23905203239941178  0.24990088757826048
  0.26072262448053840  0.27137171158800455  0.28197768573509441  0.29258059027663419
  0.30347401816062208  0.31455183813391818  0.32541782457459401  0.33630137697690371
  0.34720532957531614  0.35791501372818341  0.36808762443668069  0.37785436817298279
  0.38753855842768936  0.39734234540180802  0.40726439500499734  0.41717454605260845
  0.42704000121350377  0.43691275696747539  0.44700903077542975  0.45721333611719678
  0.46765778207616532  0.47839693333547673  0.48940037782857454  0.50031358132632842
  0.51094888811747530  0.52164230908018938  0.53229227023771042  0.54255715650210168
  0.55257473498403997  0.56258649990841059  0.57265580369877433  0.58273537951101473
  0.59276928017155828  0.60274443470979122  0.61257310137231780  0.62250236265267922
  0.63286794502995780  0.64347180801925852  0.65418266858769591  0.66516174102122427
  0.67629174967696259  0.68732389104234448  0.69810422361071833  0.70882899001035338
  0.71961836353335074  0.73054001219628539  0.74186666721208150  0.75292309393759427
  0.76353420808015460  0.77386894657047456  0.78440460783724819  0.79525040148931614
  0.80606470558432253  0.81674897366514776  0.82723485497861737  0.83754623729267141
  0.84752227646053802  0.85741306750000879  0.86744904716862703  0.87766148079318318
  0.88786773454127177  0.89802452968059743  0.90824300341296682  0.91831419604069808
  0.92823104986412641  0.93819059994314957  0.94833582363317714  0.95815107699742175
  0.96867554566525016  0.97893397929690984  0.98970210067398701  1.00000000000000000
 -0.00959661718673784  0.06110625448065717  0.09738922217637599  0.12381773379877205
  0.14584159014541470  0.16462927055014659  0.18083307413244076  0.19524845729952470
  0.20906247128437072  0.22254500686293041  0.23573987985626527  0.24886969440548540
  0.26160104114750438  0.27391796540982527  0.28555455690608966  0.29669149504967840
  0.30747682669335052  0.31788266082517525  0.32794605791142961  0.33799007411959336
  0.34776221167634569  0.35719948090905423  0.36622710148700621  0.37522948873519513
  0.38464436350143943  0.39384453861798224  0.40274130058733082  0.41155240640186258
  0.42012129037467966  0.42834053398408256  0.43629431983725031  0.44397518881952397
  0.45160140201836890  0.45939524520908503  0.46734832006447891  0.47532303117978936
  0.48316875487395422  0.49104282427529122  0.49875626449417187  0.50612894035940670
  0.51335690960834546  0.52053208976813092  0.52775095454775711  0.53506191444360984
  0.54231110990326103  0.54941811630912851  0.55644417014452685  0.56351581858962041
  0.57072118386724147  0.57793536267413526  0.58498363220038052  0.59196341706554811
  0.59888691316276288  0.60595780532954646  0.61309341210969659  0.62031502369681890
  0.62743510665820912  0.63441170174139083  0.64142018448073168  0.64854012157127972
  0.65564946320431872  0.66258222863093175  0.66949215132675266  0.67679179483934493
  0.68438737066447941  0.69215341644690864  0.69997676359562044  0.70748129919821590
  0.71461936727976383  0.72165073270189017  0.72882762145980928  0.73601640593657613
  0.74320106114512607  0.75041755115290032  0.75770505426243351  0.76506537000964503
  0.77273837171956761  0.78075698758259537  0.78886910165580848  0.79692286807098656
  0.80503846193168738  0.81333452303201348  0.82178165840792217  0.83041051915503561
  0.83925467914776031  0.84837487000978695  0.85773251749737955  0.86732281928367105
  0.87732694816025825  0.88794752172870006  0.89931541457101838  0.91178115971091167
  0.92620466990224815  0.94336005245157506  0.96565501892748895  1.00000000000000000
 -0.02188428508889718  0.14917877033283289  0.20406745689053032  0.23856328212760888
  0.26543524907424138  0.28860194324436356  0.30932551943917391  0.32808293514858544
  0.34482939396901674  0.35980684457265089  0.37363731216223550  0.38691479716090416
  0.39926424732944410  0.41069531051182034  0.42148631282458454  0.43199372859216911
  0.44217184231966328  0.45204001646065101  0.46166724817046823  0.47108580776289571
  0.48032306335788416  0.48934175731330121  0.49805399431156322  0.50637110694797893
  0.51439321331555588  0.52218418874957684  0.52951355740002182  0.53677158984837403
  0.54369173117325198  0.55000109194764113  0.55627764182126260  0.56240651576359002
  0.56836606038568094  0.57419830326007437  0.57995053696246213  0.58568471169512026
  0.59130946838353182  0.59704852229113536  0.60275902383171498  0.60855933462935341
  0.61424420904071608  0.61975310417272034  0.62513315194877916  0.63035646746078633
  0.63543379531948074  0.64053683802977790  0.64570676356575663  0.65086669028190425
  0.65601121141308416  0.66116018109610419  0.66619129194748328  0.67090737876794582
  0.67566972003556669  0.68045035383167196  0.68522301591545987  0.69004569963534779
  0.69483742646213531  0.69960100325371455  0.70420755225970066  0.70876202124862497
  0.71342815819207250  0.71814646785970959  0.72292068091251960  0.72767187854934956
  0.73241439407291420  0.73720001934493151  0.74202008429703981  0.74681450145563821
  0.75174840736728032  0.75691869099712494  0.76214681248824168  0.76738884909408411
  0.77273265123577028  0.77795100704355480  0.78318391339403615  0.78850545444995568
  0.79390775339527775  0.79938382263790952  0.80502170254958361  0.81086055065200557
  0.81646704709381501  0.82207120345246887  0.82764064682787908  0.83323064288936610
  0.83914023493945922  0.84520425909426833  0.85157840824313613  0.85849332242487530
  0.86600505387168325  0.87386492965346041  0.88313453915988493  0.89291933174811167
  0.90490401696422162  0.92040464073397521  0.94411933385246427  1.00000000000000000
   1.1076884550888206E-008  -1.0000000000000000     
 T T T T T T T T
  <DiscreteSampler_grid>
  grouped_processes
  1 # 1 for a reference and 2 for a running grid.
  10 # Attribute 'min_bin_probing_points' of the grid.
  1 # Attribute 'grid_mode' of the grid. 1=='default',2=='initialization'
  0.0000000000000000 # Attribute 'small_contrib_threshold' of the grid.
  0.5000000000000000 # Attribute 'damping_power' of the grid.
 # binID   n_entries weight   weight_sqr   abs_weight
    10   10   9.547129339271194E+003   2.732750803776871E+008   9.547129339271194E+003
    11   10   9.547129339271194E+003   2.732750803776871E+008   9.547129339271194E+003
  </DiscreteSampler_grid>
