 -0.00013914430697865  0.00580902379857568  0.01583901549500311  0.02722082835895671
  0.03867607324554543  0.04963585681559737  0.06078775949101133  0.07230422382573562
  0.08331485701645908  0.09403218059090734  0.10467645052485071  0.11483927643481104
  0.12504628158204742  0.13527734238334543  0.14538887291344155  0.15548821362359078
  0.16545049721179936  0.17520680468738239  0.18429661052418173  0.19316388244245289
  0.20219789545607827  0.21107226412698282  0.21961370816828552  0.22808486619105095
  0.23657992131499919  0.24526334581811057  0.25384968744086078  0.26267765063527548
  0.27150032756981429  0.28017352046861960  0.28871551523811301  0.29742440116442215
  0.30607757383518969  0.31463344184443592  0.32304103236430720  0.33111879809970685
  0.33897533323437096  0.34704509618312746  0.35505811161765782  0.36311900389273943
  0.37112094136461732  0.37889307491542018  0.38672361354621665  0.39474935080535822
  0.40293486794742561  0.41126727249133033  0.41962805654216412  0.42774226544660571
  0.43591647837127440  0.44416886589484245  0.45246959430456046  0.46067168915981310
  0.46871739544747171  0.47660525942495130  0.48442907327036244  0.49231648192600203
  0.50036304605364301  0.50859037776840055  0.51710835554399481  0.52567383337604900
  0.53426854171690241  0.54303187580217382  0.55192699534674750  0.56075087926178302
  0.56956420437997657  0.57862215398369365  0.58762030476630667  0.59675670751571208
  0.60614976943046628  0.61576512792879945  0.62538252838157282  0.63459828717228006
  0.64389359465390827  0.65338692619120609  0.66336243366198056  0.67372464969214851
  0.68441584311123738  0.69554915250084826  0.70658027236821164  0.71777439708356361
  0.72889544270561302  0.74041033489408148  0.75254547128917404  0.76488714907234800
  0.77758378880198664  0.79062690132941360  0.80408788030627731  0.81812795054270215
  0.83348906601150696  0.85020399647145428  0.86755949672938015  0.88576167134822648
  0.90555134801676573  0.93108855505506927  0.96274722320653960  1.00000000000000000
 -0.00268558069017458  0.01155893423280270  0.02289868455966521  0.03479291225139908
  0.04668005801055382  0.05883101094369884  0.07089810928872960  0.08325485955460639
  0.09532349488803904  0.10724766168510400  0.11978734233201002  0.13143947835765921
  0.14274247202747964  0.15375560294025342  0.16479466679874002  0.17582781687480584
  0.18650963137260509  0.19635725822273187  0.20623089991752888  0.21624054505351850
  0.22619067635075382  0.23591399454102852  0.24586977441813557  0.25690471842942991
  0.26852669801400003  0.27877244225763242  0.28890426382417622  0.30024635173874892
  0.31200223565005114  0.32313055302128307  0.33390955862072735  0.34476162471275418
  0.35572611639275165  0.36617135933403777  0.37623011439552329  0.38641204787286648
  0.39759502500549831  0.40984179334411380  0.42231303974307055  0.43425576705761321
  0.44537744512812283  0.45584279575975006  0.46537765777162771  0.47419500983774376
  0.48350961032981316  0.49307619635813610  0.50270777663780486  0.51202162509408844
  0.52141583582713158  0.53166988272082427  0.54242482601574171  0.55288287090175081
  0.56356275866110139  0.57486860685770369  0.58600119173989096  0.59630669083597165
  0.60645836420207189  0.61701893677451269  0.62772788362198362  0.63830845680419468
  0.64859095580794790  0.65854194677377442  0.66820474901957938  0.67772647436718769
  0.68736487296123794  0.69679840778685620  0.70626223302404068  0.71595031991120506
  0.72577534906594088  0.73537945839644236  0.74487757206961080  0.75445595536453747
  0.76390851834339402  0.77363565021881364  0.78332371325403016  0.79264095886799690
  0.80256614813237570  0.81277377688445229  0.82286193401794738  0.83260182315951958
  0.84365710175956821  0.85446248674648828  0.86643658973705551  0.87841379560576582
  0.88921265953221407  0.90053145930413825  0.91069125558583475  0.92068534433868154
  0.93036663877690950  0.94027769260133387  0.95089991903072424  0.96116030413860465
  0.97103136447300309  0.98066453477800619  0.99026008074590199  1.00000000000000000
 -0.01046234004130829  0.06655913059738150  0.10853340841342501  0.13853862118152521
  0.16248276427797545  0.18198726307197799  0.19987824345015692  0.21609322397646227
  0.23121166271968821  0.24645935341087274  0.26066118939411670  0.27501503405023781
  0.29028564543115315  0.30333929979001567  0.31587991921873715  0.32777023624513990
  0.33859927293368297  0.34840779386687853  0.35851484490657726  0.36891646318350618
  0.37841115986898466  0.38685454074579090  0.39554089699348094  0.40432341980007314
  0.41306404722037060  0.42187009998001801  0.43074083266413227  0.44038978044793836
  0.45087355728792239  0.46143412336351258  0.47170915512813349  0.48172143556036240
  0.49157607499640249  0.50110484296735791  0.50881090017425024  0.51682753235136003
  0.52485251320764359  0.53297801763398422  0.54125604298849284  0.54908976881244498
  0.55650457068283044  0.56376995205415292  0.57109073677322020  0.57848013240640239
  0.58605932818308859  0.59395450473957068  0.60217357359427970  0.61093171777959987
  0.62048606260088635  0.62967982974042058  0.63879809766941431  0.64697467192279845
  0.65409845932332100  0.66086293203018487  0.66751007014663477  0.67409462957656963
  0.68076528002015768  0.68758837954300200  0.69444606072710280  0.70154257891593297
  0.70806005567934116  0.71504058868947395  0.72182792038114407  0.72860545399090371
  0.73526534811616839  0.74181869848537296  0.74851269303701362  0.75459042053784087
  0.76070868965824001  0.76674846511284811  0.77310257890574696  0.77956981906842382
  0.78594188547374466  0.79233323345210516  0.79901690202260856  0.80588211829744361
  0.81307162844370806  0.82066302612579078  0.82825000005693805  0.83577911004099581
  0.84350129316212963  0.85138316805607406  0.85924418506951283  0.86670214430271941
  0.87424786475602867  0.88187086505054801  0.88999504237420812  0.89881170774423380
  0.90812368603079074  0.91752129787696746  0.92780128058846734  0.93865896276592875
  0.95043154410772124  0.96332660340174570  0.97883119559050913  1.00000000000000000
 -0.02228534931673191  0.13615942252436891  0.18194544946929264  0.21589502705739644
  0.24440671656657126  0.26811943690171591  0.28740231310321274  0.30565237115649557
  0.32274263902922257  0.33945014991163575  0.35550236741188318  0.36992204044838239
  0.38378506094303466  0.39695953928858624  0.40867989848502045  0.41972531672811159
  0.43004727422447736  0.43968508581752763  0.44885868458170952  0.45816119266219785
  0.46761717528019575  0.47754973854127664  0.48678371719675362  0.49542593501355658
  0.50395602475873980  0.51313757568780927  0.52169999049088089  0.53007008215642715
  0.53815867404197104  0.54630159307670356  0.55449665450752406  0.56228078375644464
  0.56938825705918683  0.57614261192298044  0.58295811445209633  0.58980775900450877
  0.59654479229034851  0.60311637499192405  0.60913691909989953  0.61516102960566721
  0.62125050098117074  0.62739595195430109  0.63346566627412115  0.63943729282335482
  0.64531865981548853  0.65114251309291016  0.65691294854544602  0.66255557732820514
  0.66801528298210677  0.67353859738479471  0.67907698207037770  0.68461930199317655
  0.69012902027988476  0.69547777605699002  0.70071901346694687  0.70582826132798082
  0.71084715144391020  0.71587670886758115  0.72086372079135508  0.72575522856516927
  0.73047014403367205  0.73506634142097538  0.73966856405382675  0.74444186599776074
  0.74925125791865821  0.75379747370061423  0.75835353936012673  0.76297035232349775
  0.76767706953370929  0.77252580175189911  0.77746141630645593  0.78237755521473007
  0.78721772534946732  0.79197511646417884  0.79681431255662671  0.80176644774662853
  0.80685045593057036  0.81202858890599261  0.81720301855570154  0.82250386297390954
  0.82795434452984096  0.83347205020430093  0.83917144768325280  0.84475015586205149
  0.85027813827593601  0.85616791980231044  0.86277093803725347  0.86992919768004118
  0.87797922487262214  0.88658359229686245  0.89552363698934390  0.90528170931893548
  0.91648473962914434  0.93012156962242720  0.95265820142344826  1.00000000000000000
   2.7716349904530008E-006  -1.0000000000000000     
 T T T T T T T T
  <DiscreteSampler_grid>
  grouped_processes
  1 # 1 for a reference and 2 for a running grid.
  10 # Attribute 'min_bin_probing_points' of the grid.
  1 # Attribute 'grid_mode' of the grid. 1=='default',2=='initialization'
  0.0000000000000000 # Attribute 'small_contrib_threshold' of the grid.
  0.5000000000000000 # Attribute 'damping_power' of the grid.
 # binID   n_entries weight   weight_sqr   abs_weight
    10   10   1.225647773904464E+004   5.757497041661789E+008   1.225647773904464E+004
    11   10   1.225647773904464E+004   5.757497041661789E+008   1.225647773904464E+004
  </DiscreteSampler_grid>
