 -0.00046346876722008  0.00752920361280382  0.01717739841031748  0.02786950878946762
  0.03840234005080395  0.04902243312469013  0.05996758714341125  0.07041794881733819
  0.08060153955431583  0.09080389710645685  0.10126450850179408  0.11197982167577836
  0.12238523882203939  0.13235190871387398  0.14172902539616608  0.15080031410409322
  0.15968928842616065  0.16874864229521741  0.17828432071563527  0.18801821162129209
  0.19734565337012941  0.20658755186006403  0.21573946048261161  0.22444997844761880
  0.23260786053629903  0.24077332876996654  0.24884990812628432  0.25684376829725214
  0.26506495156013216  0.27324429063453715  0.28213209896513936  0.29119155268700214
  0.30003228629444090  0.30951827265549875  0.31886028161802316  0.32805617773623247
  0.33720835754158329  0.34622670387763654  0.35500826819021902  0.36367103041867266
  0.37243798168757836  0.38139671993279906  0.39039587857040098  0.39941983441759454
  0.40856972788638929  0.41769446494158075  0.42675508192006556  0.43576552840426419
  0.44467785661872739  0.45358007691691321  0.46241288926787288  0.47109175254488372
  0.47958563324404030  0.48793501993196114  0.49623457174225816  0.50453232766007305
  0.51236308868811165  0.52006736114235519  0.52803845574851072  0.53614654640859361
  0.54434992723520059  0.55270792499334720  0.56123207443845857  0.56983218734231167
  0.57842048924896539  0.58714996956199006  0.59609523308203760  0.60495323857200711
  0.61367869107525486  0.62251583175733161  0.63152484726917968  0.64092523468316520
  0.65068614797017787  0.66062616906663352  0.67055376044958326  0.68033795628682836
  0.68991406846408376  0.70000456450575210  0.71025359661660681  0.72067625523326195
  0.73124533679675008  0.74217641675355139  0.75358011020944093  0.76518255378368605
  0.77669765270481539  0.78837453583646666  0.80124529676371048  0.81566418078788350
  0.83083665751193370  0.84663929295389184  0.86361969489516177  0.88247886079729621
  0.90305442631370259  0.92567307163449741  0.95995346858680541  1.00000000000000000
 -0.00264509696626041  0.01176203927541427  0.02329851924208732  0.03417141476568854
  0.04527198285235102  0.05598423227999754  0.06674645882437366  0.07727474884101899
  0.08832007209064134  0.10044536588261610  0.11316322132110042  0.12650997670819966
  0.13967144898186581  0.15213136148284517  0.16384767259118471  0.17536459725420597
  0.18706157097997395  0.19885164187462584  0.21049426252613104  0.22136318358205809
  0.23159618781387836  0.24056909304191298  0.24916872234688367  0.25816729749123263
  0.26728196622833689  0.27653247985263957  0.28577595512623094  0.29552580004149848
  0.30557093945457914  0.31554224445940404  0.32550155886355131  0.33558575614441760
  0.34594680300764263  0.35707176618551806  0.36892307963663185  0.37987950398861658
  0.38953780998296422  0.39907163108926896  0.40909348228305997  0.41927198072739735
  0.42904920007728486  0.43870961085155225  0.44825939512596252  0.45764274401123484
  0.46678146720731806  0.47600162635371779  0.48625523891446620  0.49606011505260189
  0.50563061686053357  0.51578310162500918  0.52579015900102966  0.53596029951799351
  0.54594864421625788  0.55607673854866402  0.56634779808693392  0.57621347605178674
  0.58609912914306839  0.59587492516539342  0.60515063647382816  0.61436905399478614
  0.62399852713477444  0.63478117513299992  0.64634692135703931  0.65768921051885354
  0.66837924781046776  0.67863461293459038  0.68895178549933167  0.69930701733195855
  0.70980126839142466  0.72038021479455605  0.73155666942625197  0.74360374654428185
  0.75519796996411570  0.76631894637256026  0.77748054345714201  0.78861521310494453
  0.79889046472972158  0.80814451168115897  0.81733790438238463  0.82654432601794314
  0.83562155574046781  0.84473105509467339  0.85454860564174040  0.86531555432859986
  0.87691026999035881  0.88912278338976303  0.90171279001100313  0.91461018353724644
  0.92622408156135205  0.93760485355489953  0.94906531995784083  0.96008618441238869
  0.97029439053605249  0.97999870441734449  0.98992991113247530  1.00000000000000000
 -0.00736691480040898  0.05431192339645639  0.08741675254077526  0.11212635609324133
  0.13226440517325921  0.14962037023978206  0.16563077397185080  0.17996695026729961
  0.19369226128382860  0.20734196989994744  0.22072325801127801  0.23326075346552977
  0.24518877528339927  0.25714106922255542  0.26919732669950086  0.28053297003374567
  0.29193569532643848  0.30398020208711640  0.31529002061101324  0.32506272998060082
  0.33480237566409626  0.34447220068533901  0.35418269355104753  0.36243523412246464
  0.37094052862169818  0.37959547095782714  0.38852614965069737  0.39691520917734252
  0.40457628330965911  0.41194001263140390  0.41959141748087320  0.42744096057540809
  0.43535806540721478  0.44323728168986226  0.45116466936015337  0.45914659454727563
  0.46742799126895268  0.47572004395601913  0.48366111173850707  0.49135401865274664
  0.49897486124007406  0.50644177983212280  0.51361464548680924  0.52052925194368915
  0.52755878192721584  0.53450954771163284  0.54150160574482875  0.54862709418388023
  0.55566225296566418  0.56305380503400981  0.57065319820069538  0.57825128477528476
  0.58562909607740443  0.59274477708538453  0.59975998010125942  0.60687623325828211
  0.61414190776031397  0.62139908069377592  0.62915552818716491  0.63690554703617319
  0.64462500982867854  0.65177974012088724  0.65853052923049105  0.66516916225604994
  0.67176897067594865  0.67847453482628561  0.68542429800340954  0.69217012451203319
  0.69899561978481695  0.70599088091972484  0.71335677018597932  0.72118299088970972
  0.72906404219697929  0.73680528969562431  0.74449789798751953  0.75209999107647008
  0.75992734728586753  0.76795735691979061  0.77592825836862378  0.78388036538790085
  0.79202437753858268  0.80041961408089934  0.80924666912329513  0.81786209059541937
  0.82696587497659624  0.83612907636915967  0.84611597586821763  0.85579555331829915
  0.86647273997445251  0.87726428382493482  0.88858011836047968  0.90114784781258872
  0.91581021644960348  0.93392286642266364  0.95937381684680356  1.00000000000000000
 -0.02255635172758781  0.15236975941189851  0.20895988100665705  0.24301282619355816
  0.26971442300855897  0.29078544236740378  0.31002114259724173  0.32831601078807693
  0.34592238398263708  0.36254327684221543  0.37754212689109934  0.39099817737335818
  0.40378254176423017  0.41595795488207882  0.42769592333760137  0.43837951360315547
  0.44842504178379716  0.45816129143918694  0.46770126798672546  0.47677768201284265
  0.48516614879988013  0.49334624737290295  0.50127292499232123  0.50872774867856585
  0.51582389755695046  0.52274482514185183  0.52927587238288498  0.53570427641030183
  0.54194344090416180  0.54794479779719363  0.55398171255816331  0.55994812005583683
  0.56582319242958179  0.57166556882690733  0.57763769695329004  0.58343850964157906
  0.58885393563379795  0.59396622619559036  0.59897714450503559  0.60393307359838921
  0.60882913613374079  0.61381465452327000  0.61879160564240732  0.62375687797019819
  0.62869158831305638  0.63357191106329969  0.63844003123355031  0.64325640990139010
  0.64794047942172539  0.65248811812497864  0.65694941147188557  0.66138671122734849
  0.66580322299416306  0.67023060941785040  0.67456739712878733  0.67893799457931969
  0.68340848411395350  0.68815821660265331  0.69316880368751510  0.69803087472374348
  0.70267744281865796  0.70724928478845128  0.71187562709296104  0.71655905096155148
  0.72114183584333069  0.72566002567530263  0.73021546885268374  0.73495441943038053
  0.73989638311773598  0.74496102563950284  0.74988328465491028  0.75472145097266796
  0.75954198254651328  0.76441693427179314  0.76945810414325511  0.77448928808066153
  0.77962824844347056  0.78466259366987923  0.78970698110135729  0.79489229143447027
  0.80033874842362052  0.80591885995151225  0.81185972069729451  0.81820529884469828
  0.82477465927615623  0.83157447185265887  0.83879751373704736  0.84655098697074604
  0.85492461423739663  0.86419145790047769  0.87422473439300585  0.88531122196200873
  0.89822555219275346  0.91545052985273112  0.94101738275416569  1.00000000000000000
   1.2377998526272207E-008  -1.0000000000000000     
 T T T T T T T T
  <DiscreteSampler_grid>
  grouped_processes
  1 # 1 for a reference and 2 for a running grid.
  10 # Attribute 'min_bin_probing_points' of the grid.
  1 # Attribute 'grid_mode' of the grid. 1=='default',2=='initialization'
  0.0000000000000000 # Attribute 'small_contrib_threshold' of the grid.
  0.5000000000000000 # Attribute 'damping_power' of the grid.
 # binID   n_entries weight   weight_sqr   abs_weight
    10   10   4.570261506926317E+003   8.344451963678972E+007   4.570261506926317E+003
    11   10   4.570261506926317E+003   8.344451963678972E+007   4.570261506926317E+003
  </DiscreteSampler_grid>
