 -0.00020284046952061  0.00645497516935226  0.01657463085761145  0.02764054755375689
  0.03896220169955226  0.05015313968156258  0.06152294824092475  0.07245867800309336
  0.08326021468270722  0.09374881377232275  0.10400902632858358  0.11406824295207563
  0.12376921153589829  0.13328014178069825  0.14279471797636056  0.15224694564369978
  0.16151811247020936  0.17083434235979461  0.18006607637773828  0.18937931093068056
  0.19861180548423937  0.20778108735527132  0.21674511948408820  0.22558889690100140
  0.23447828106324195  0.24328031883952581  0.25213010082521836  0.26085304294888723
  0.26956501070906375  0.27849350775669673  0.28774774289554167  0.29676894493150913
  0.30549548432180657  0.31396263578852962  0.32225667189884705  0.33045988551700928
  0.33845640019956991  0.34640475741857180  0.35440953025702482  0.36228809716956134
  0.36996211845659677  0.37749118738906007  0.38485272629370132  0.39229398761941026
  0.39991513715088950  0.40808587857622652  0.41618280965198917  0.42420847162951419
  0.43221314470958472  0.44029801985145844  0.44846568967597739  0.45660175925353264
  0.46462048099581127  0.47263127916541486  0.48094292871571159  0.48948899185367711
  0.49808146381928975  0.50653440836739749  0.51484931417276636  0.52306425079207441
  0.53120235528444837  0.53940599863960981  0.54768040375156668  0.55587235916270061
  0.56423421327875622  0.57272593428602170  0.58145906334618302  0.59049144173370460
  0.59953589304494370  0.60869107766221331  0.61788722850178335  0.62768182526767913
  0.63777814347727635  0.64794979186583324  0.65809331811964233  0.66792064567277087
  0.67781240593912451  0.68781889855358114  0.69836457450614953  0.70947434254965447
  0.72078376256175902  0.73219415521198328  0.74368732270936821  0.75559112447979193
  0.76858410542302047  0.78226844499581416  0.79557224858245223  0.80934035059580922
  0.82374276147132863  0.84024414669784608  0.85844315671828997  0.87781435472217784
  0.89885953978285105  0.92654246663766382  0.96101745194484411  1.00000000000000000
 -0.00226065531010055  0.01101974989551556  0.02193689372383323  0.03198381833719841
  0.04182764876644322  0.05149769600292327  0.06127098846067325  0.07113535360866799
  0.08116704823286221  0.09206422025334612  0.10325525439395153  0.11431517733770719
  0.12526694398108423  0.13668696489642027  0.14819609342210141  0.15942741642810251
  0.17010060588531406  0.18074089500734844  0.19110377474329052  0.20093097530267540
  0.21049956986787449  0.22033480322908777  0.23025844104175991  0.23992863763124739
  0.24959584135935009  0.25985821300412715  0.26972102253130326  0.27957133558119418
  0.28922311881511203  0.30090742510417401  0.31271050935150735  0.32364872506055137
  0.33479629740408240  0.34625375816270387  0.35711660363397557  0.36707142941513016
  0.37704466169042278  0.38729196611308303  0.39754516499824677  0.40721538389811740
  0.41724805408228133  0.42791869270454413  0.43831501132071932  0.44857966517758652
  0.45910285788100391  0.47108178317426946  0.48268801519576465  0.49265192280413855
  0.50263570390173462  0.51247900488826226  0.52257426502150450  0.53268368259810950
  0.54261761947932308  0.55271099879636310  0.56292930484265835  0.57370666159443329
  0.58465316974586556  0.59551686792236558  0.60624287287644529  0.61666147372750924
  0.62697309594382367  0.63772973556625701  0.64829461595967697  0.65862527816376926
  0.66935391405472022  0.68102985405041672  0.69285917493360605  0.70418101145266232
  0.71672052080279813  0.72921593449008049  0.74166949681658345  0.75320223208247450
  0.76390097964863102  0.77457524127575172  0.78530782680762012  0.79607975524343488
  0.80681008943997778  0.81787746784680593  0.82904509588786102  0.83942107825890078
  0.84907323378521504  0.85915470082409440  0.86971351522410245  0.87995946945642423
  0.88912404960234093  0.89882308062829297  0.90912801945709210  0.91973484167784625
  0.93012735763582954  0.94030522218900381  0.95032731414819915  0.96014349452581571
  0.97032784027852881  0.98025371521053384  0.99014809084680133  1.00000000000000000
 -0.00898569731368066  0.05557981627667338  0.08971936191653701  0.11465053102007491
  0.13518222185796067  0.15403410548728863  0.17022213511271633  0.18499357625925039
  0.19865985033791175  0.21170277411805463  0.22371757899434855  0.23562950115433329
  0.24770797919939627  0.25921415965819877  0.27020035610107690  0.28081110727356823
  0.29108223277317602  0.30069967695623634  0.30995274314404897  0.31877078576092788
  0.32709171804273574  0.33510653231927351  0.34311559938040587  0.35135660354188630
  0.35977989142434502  0.36826956950559642  0.37664325798832571  0.38458617915781845
  0.39220116516583531  0.39951073341465881  0.40657692836651421  0.41375044509422892
  0.42094954755035241  0.42812209478662921  0.43526478229811200  0.44251916691262400
  0.44986892830217862  0.45709070363389576  0.46451230372563035  0.47234836342030928
  0.48033874679837213  0.48868440917995648  0.49683107746267047  0.50449505863804578
  0.51158424732906704  0.51883475608875806  0.52547345261164669  0.53230202143004479
  0.53946821039718973  0.54658139630198344  0.55355333654397521  0.56037277304412203
  0.56705632661568817  0.57370144189069661  0.58028698449516514  0.58680028009532037
  0.59347702069302588  0.60047260768530608  0.60746068719599333  0.61426986043741605
  0.62109069878146850  0.62850999526032092  0.63650877053879085  0.64459424504773200
  0.65338805055031379  0.66211520631718590  0.67045442535963851  0.67846418406112274
  0.68636402795169349  0.69403471574681819  0.70144929775962317  0.70898988502780702
  0.71641577694425218  0.72385098963669903  0.73174515530088824  0.74031053095933153
  0.74898918203620657  0.75751124678149406  0.76590035896173148  0.77410991465891721
  0.78213643739665106  0.79030489066340193  0.79888523879124551  0.80777085589011910
  0.81673248888069672  0.82585932871237144  0.83549320926644788  0.84685321393040514
  0.85846252043774640  0.87065524920016735  0.88419641628632528  0.89877812168536608
  0.91411494177628960  0.93186634840979832  0.95633643103013777  1.00000000000000000
 -0.01930693317158106  0.10981817490968218  0.14439208756016511  0.16841193936412621
  0.18569230913821397  0.20108382822433668  0.21425044108994060  0.22584077421448573
  0.23661268115572792  0.24681096099442806  0.25665516129296723  0.26648085558069884
  0.27596125452555165  0.28544104133002524  0.29403960910527921  0.30279472905971178
  0.31112177112811262  0.31884272568360417  0.32620905722301374  0.33348557080310898
  0.34052431193649940  0.34724521629484012  0.35365511488616785  0.35948586422414580
  0.36522033392318926  0.37105404861040614  0.37704958898543661  0.38293529195046427
  0.38877441439017685  0.39457554294612934  0.40038157616393688  0.40622150527874057
  0.41202473982594029  0.41787541946950058  0.42391301945416826  0.42983643231804664
  0.43563406692615209  0.44137231457552339  0.44712793965266379  0.45302528423931010
  0.45869500495533511  0.46418101496867892  0.46963082634234504  0.47493601204354779
  0.48005924288501756  0.48497265704114961  0.48982963721349876  0.49484008887529313
  0.49984396185169017  0.50475827306955134  0.50966057016186161  0.51461538937398132
  0.51955072876719510  0.52455770377348521  0.52957139225058725  0.53467029162184154
  0.53980363706311629  0.54531417938652282  0.55082154358448354  0.55629486624587698
  0.56188551596837732  0.56777851796498446  0.57379308868855627  0.57972548880981489
  0.58562807510300863  0.59157279487962855  0.59756681603101003  0.60373217500792076
  0.60987298553139557  0.61609930962182358  0.62239717229816482  0.62859188585646841
  0.63438388397379986  0.64008162362713295  0.64587236807376036  0.65197579704101905
  0.65835254402907051  0.66512689431873817  0.67219273077015373  0.67959728869042946
  0.68727608682443453  0.69617055097655323  0.70577027928977587  0.71533779679225151
  0.72528004557628223  0.73606329080277344  0.74745791668574046  0.75928962209151785
  0.77154430570072130  0.78467457715867106  0.79899547472469379  0.81491978963350054
  0.83311511287583440  0.85480144675535685  0.88774904845413494  1.00000000000000000
   1.1594681054862044E-008  -1.0000000000000000     
 T T T T T T T T
  <DiscreteSampler_grid>
  grouped_processes
  1 # 1 for a reference and 2 for a running grid.
  10 # Attribute 'min_bin_probing_points' of the grid.
  1 # Attribute 'grid_mode' of the grid. 1=='default',2=='initialization'
  0.0000000000000000 # Attribute 'small_contrib_threshold' of the grid.
  0.5000000000000000 # Attribute 'damping_power' of the grid.
 # binID   n_entries weight   weight_sqr   abs_weight
    10   10   2.984725337025454E+003   1.789236836485542E+007   2.984725337025454E+003
    11   10   2.984725337025454E+003   1.789236836485542E+007   2.984725337025454E+003
  </DiscreteSampler_grid>
