 -0.00026831223309847  0.00663321723018713  0.01681427535962549  0.02766559783339281
  0.03901403798888288  0.05009786755132326  0.06101593699980106  0.07176900500521770
  0.08242817107026776  0.09304259145321288  0.10340497188811219  0.11362622527295543
  0.12379100417297832  0.13355724968239363  0.14299122089425093  0.15207148178242808
  0.16110203359195205  0.17018136755289956  0.17941513359055614  0.18853175128133490
  0.19752824269821148  0.20639311482840053  0.21525899358667322  0.22422514208561206
  0.23311993560718505  0.24204228389062521  0.25103833074636295  0.26017458626079187
  0.26918769752411115  0.27773473883650063  0.28607993817023714  0.29444333427499025
  0.30277199607079913  0.31104388100279973  0.31925697866778685  0.32752055787402068
  0.33581387161214515  0.34416431418306714  0.35264461795890401  0.36114318901277570
  0.36955965495413157  0.37784950971898046  0.38586789110744546  0.39390582206206193
  0.40195934407180600  0.40998883090569693  0.41808869013528654  0.42626440913102120
  0.43443266420821114  0.44245354095214839  0.45028563157975648  0.45819122036888260
  0.46628003852317973  0.47466274112377416  0.48307884115401811  0.49143911358536285
  0.49969401094678667  0.50801993143404012  0.51648767650885941  0.52474690727162077
  0.53301774073761443  0.54143821870930831  0.55034908389687931  0.55973048155515914
  0.56946809510270446  0.57940354990516418  0.58928094487776006  0.59911509353533576
  0.60900287633426875  0.61890339416367179  0.62878766695201604  0.63865636508401480
  0.64854850510198492  0.65840852043154541  0.66826977533041210  0.67826959992816827
  0.68850234819567990  0.69884659679028827  0.70923664816088572  0.72017182715437777
  0.73131347562633886  0.74259714887708395  0.75398481157144326  0.76553049391526251
  0.77767261731192838  0.79054599115034485  0.80403808278885236  0.81789504960343207
  0.83238601485780017  0.84835754646212369  0.86701232686846597  0.88643066730846953
  0.90775593303437885  0.93211909570956974  0.96332215074551486  1.00000000000000000
 -0.00194125808111924  0.00935384059622818  0.01940562297726577  0.03000985392664403
  0.04062845650588175  0.05162278671151447  0.06254191706791559  0.07455031749519449
  0.08638116228938632  0.09809222812893070  0.10913999056638535  0.11990002576994517
  0.13068580740708877  0.14128162243174938  0.15185676144187676  0.16248717685642947
  0.17442015109344836  0.18684367458736861  0.19856607900892020  0.20964792479060007
  0.22005666336899116  0.22990665557090051  0.23929989042404878  0.24888681859687756
  0.25933609148204440  0.26987055189245523  0.28034765601483536  0.29068430329988226
  0.30111695500144436  0.31175957582563413  0.32277135553522474  0.33388174481740224
  0.34502886399843619  0.35574434424031209  0.36633216252201117  0.37669273438464435
  0.38713864787403252  0.39775144987144445  0.40863619932711431  0.41950586259095202
  0.43057628237807288  0.44201826209358980  0.45376191167898949  0.46551149607314091
  0.47693428597435428  0.48798600512960638  0.49863049028445888  0.50893547326996069
  0.51889007076685278  0.52858437832254390  0.53830482064410312  0.54802084258875172
  0.55781981833570649  0.56789712548266258  0.57833284551626507  0.58906595629772363
  0.59998517148223773  0.61041962035938901  0.62050251727043060  0.63040364365662049
  0.63998069367831234  0.64937125958998787  0.65868509754519078  0.66829965749343689
  0.67885682811048420  0.68947138684879639  0.70025463815550315  0.71084046317368754
  0.72090409011033640  0.73094683224925416  0.74085656249884424  0.75083031060693972
  0.76062408537231185  0.77057666971763594  0.78110129950599028  0.79204459204074484
  0.80325540662055495  0.81424268448080961  0.82477984271000959  0.83524679412504355
  0.84533843550844712  0.85577714762893142  0.86627386522652539  0.87672638977924977
  0.88765476513592501  0.89880802059907738  0.91004576463186027  0.92094129750669462
  0.93110630498360680  0.94097695742015319  0.95015752119303454  0.95946356641467334
  0.96937809486163806  0.97985297108583402  0.99021262532335819  1.00000000000000000
 -0.00909727038853108  0.05865292366533661  0.09347692751201210  0.11817580470701367
  0.13844159812953979  0.15736134101429514  0.17534778349207306  0.19196388663064470
  0.20756517189784121  0.22224883896485836  0.23645979259569644  0.24999891451116724
  0.26234536616672793  0.27413735858346477  0.28579701269869084  0.29685283771168941
  0.30773275570206698  0.31814981850249530  0.32854609751553382  0.33808298592833075
  0.34716447016709462  0.35609728682101360  0.36496083746345009  0.37387334910573627
  0.38214998310028919  0.39025502009566826  0.39844344970926421  0.40660978688877342
  0.41473235125135155  0.42222707221436012  0.42929504579243744  0.43612511851774455
  0.44354234626705563  0.45113506333968700  0.45857362584548922  0.46612542048142280
  0.47361732880540691  0.48172480270456808  0.49054315089401579  0.49902088986043303
  0.50630416100373410  0.51344638239558926  0.52059557290476755  0.52784338246085383
  0.53518238547312447  0.54250104539297417  0.54960377538086669  0.55652665707560356
  0.56336935768551655  0.57016235857481523  0.57695177802440800  0.58375378521578958
  0.59062687400553082  0.59754391542579266  0.60453950834938008  0.61162517734976440
  0.61892752129175943  0.62605363986212115  0.63320773164466193  0.64028401804652946
  0.64749527795382189  0.65465312407882648  0.66182853570042710  0.66872548551646593
  0.67545146410538692  0.68223417813219822  0.68923811390013823  0.69644160251073262
  0.70375247599091040  0.71130859106330269  0.71909590571623228  0.72691034964004775
  0.73480189989460487  0.74285992854002891  0.75132458880054720  0.76060713210325248
  0.76971264836375730  0.77863946679483031  0.78763402793765391  0.79670347809068820
  0.80578605970958950  0.81492427558178449  0.82414336973811297  0.83343993028512275
  0.84252838436618249  0.85169819725256424  0.86075792144852104  0.87007162021469575
  0.88003686504478984  0.89072756840863276  0.90241055498637657  0.91481692251065161
  0.92876225697368264  0.94493773754114030  0.96666116971330573  1.00000000000000000
 -0.02093171278929121  0.13473905386938970  0.18142386900730298  0.21027142241503582
  0.23411169271458340  0.25450241178548438  0.27241139770643646  0.28775195244323548
  0.30196834447265253  0.31482150797901270  0.32665674300929487  0.33783149586498523
  0.34845384580960181  0.35859600184061791  0.36844901022622023  0.37822309218246980
  0.38776824709279628  0.39686032261320708  0.40520832017672276  0.41347197511647421
  0.42176980643780781  0.42984110948377191  0.43791292394912251  0.44474499918535076
  0.45197539450264834  0.45906576966358609  0.46645760549294835  0.47353635407878286
  0.48066482283229944  0.48762286063813587  0.49444898613036720  0.50129670238649249
  0.50803743642958243  0.51459952469727166  0.52113400000557941  0.52772825529786405
  0.53436013179998920  0.54085115247050886  0.54712692474585756  0.55339424440749763
  0.55962858282014338  0.56578987217255838  0.57206961705589987  0.57819801977985175
  0.58418032021513278  0.58995745062653893  0.59567027441939813  0.60137024195189215
  0.60703072218235288  0.61265930058565821  0.61819092722610836  0.62358505236477713
  0.62902915965485240  0.63452420747466698  0.64001283601113346  0.64563173180406042
  0.65093770674005247  0.65621167086273469  0.66152887798473636  0.66681191667816497
  0.67198786662266696  0.67706653441837850  0.68210521652123757  0.68711675329697497
  0.69199742140002429  0.69704722966680377  0.70218305445784801  0.70711709745934326
  0.71211824721351147  0.71710855244064120  0.72218032550455380  0.72738847996446143
  0.73296097405753491  0.73877376833463237  0.74458856768391113  0.75040465384730437
  0.75634543219033989  0.76238912587675867  0.76864301187492523  0.77482063260997081
  0.78100645849024453  0.78710577787502534  0.79331493716500490  0.79985039928701751
  0.80648209066102994  0.81334091141618270  0.82066746023668902  0.82822780580494793
  0.83697495282387047  0.84696386398089085  0.85799337220572414  0.86992649873413141
  0.88414862098075109  0.90211520944458756  0.93073048722908236  1.00000000000000000
   1.4155388459930542E-008  -1.0000000000000000     
 T T T T T T T T
  <DiscreteSampler_grid>
  grouped_processes
  1 # 1 for a reference and 2 for a running grid.
  10 # Attribute 'min_bin_probing_points' of the grid.
  1 # Attribute 'grid_mode' of the grid. 1=='default',2=='initialization'
  0.0000000000000000 # Attribute 'small_contrib_threshold' of the grid.
  0.5000000000000000 # Attribute 'damping_power' of the grid.
 # binID   n_entries weight   weight_sqr   abs_weight
    10   10   4.178884420988411E+003   3.079932631938019E+007   4.178884420988411E+003
    11   10   4.178884420988411E+003   3.079932631938019E+007   4.178884420988411E+003
  </DiscreteSampler_grid>
