 -0.00002557449180027  0.00036907666465124  0.00113263146646594  0.00239485934826710
  0.00417422779251584  0.00647010287276241  0.00928049808060052  0.01263024323608125
  0.01629871380793520  0.02025031626503223  0.02484946452355048  0.03017536787989423
  0.03562890802275252  0.04122243818166964  0.04702436524599034  0.05315776470583521
  0.05983300594281690  0.06698326405330124  0.07429908386407201  0.08172378147967055
  0.08925825240645430  0.09701051386855165  0.10494362933518570  0.11316816651360923
  0.12152815609567905  0.12989320431898074  0.13843100603896336  0.14727477476619821
  0.15604636162017976  0.16495300960122869  0.17396160204441283  0.18315454412347423
  0.19276675588199085  0.20236407723966621  0.21195750758870549  0.22159572282616058
  0.23145209284551979  0.24193826251857020  0.25202811232517558  0.26284757112098800
  0.27377776632172862  0.28521013543806883  0.29740962761196871  0.30993108354625581
  0.32227225301803497  0.33439392332561585  0.34633165086500850  0.35805684811516858
  0.36950463665384720  0.38098766181498667  0.39260603578959502  0.40447082995538242
  0.41642995263249527  0.42823426894333616  0.44070026154931580  0.45348830333767526
  0.46605020075723108  0.47863929319024501  0.49120335487361955  0.50375328997167923
  0.51643307273682226  0.52928241591197467  0.54227580854899882  0.55531669169670927
  0.56866231608160323  0.58199481383592599  0.59503040726271494  0.60765871292767837
  0.61991493595514113  0.63180618013362899  0.64324144602820910  0.65494171483553398
  0.66770993141927326  0.68100315034738912  0.69427701572487810  0.70740207355639928
  0.72057488674999182  0.73429972046140413  0.74825249251338832  0.76223023903199860
  0.77616091157150802  0.78984913034861570  0.80378605516709178  0.81851505129562996
  0.83404464601891237  0.84965428077851402  0.86533455537335413  0.88079467873393125
  0.89607810978301228  0.91108584698651374  0.92557543576625123  0.94024389824575760
  0.95513498641077244  0.97006068157362468  0.98495394147810778  1.00000000000000000
 -0.00294902336259009  0.01128233060120047  0.02336582703407125  0.03399801409750636
  0.04400815888102672  0.05339751598641902  0.06317678283091976  0.07344086394690354
  0.08460495537264312  0.09743718964577058  0.10973576252568293  0.12143974831954141
  0.13236094764503595  0.14307996141084592  0.15346236981891564  0.16363292633721491
  0.17388653822385697  0.18354811359441039  0.19354840204495913  0.20353819752552349
  0.21526643778499527  0.22761377918530573  0.23884324751046582  0.24937540453557011
  0.25978369972413651  0.27037820576548516  0.28068628446921795  0.29086034908951625
  0.30125425588197763  0.31197983043823996  0.32262949712452155  0.33317329595735823
  0.34375036594662811  0.35424632179999876  0.36503406242206737  0.37618013109374610
  0.38721198517374450  0.39814927538372585  0.40818250840183379  0.41862373011903842
  0.42998129190822637  0.44167095714397026  0.45299131718713476  0.46388613085514013
  0.47452302241158661  0.48487379913110412  0.49481193776342020  0.50436906520341651
  0.51373464976909256  0.52313571810845128  0.53261269992149574  0.54231981450005318
  0.55255412660074577  0.56299281553431146  0.57342155251616223  0.58353932046337498
  0.59304352160120244  0.60265733567928370  0.61253712957080764  0.62255241732076316
  0.63253685563696271  0.64292899408199622  0.65437380284225277  0.66648378850680734
  0.67896479415841271  0.69117264817630009  0.70270454201859645  0.71384839794504973
  0.72471317414067882  0.73500836026584204  0.74485140596979271  0.75511295301370240
  0.76640219360643647  0.77812610606235544  0.78961798779929959  0.80049354687197760
  0.81068700215636302  0.82117894098485711  0.83181754705903288  0.84225933889687088
  0.85210254832197996  0.86164817809162142  0.87138229953381274  0.88148697792751518
  0.89196916028220197  0.90274554066621848  0.91321795420163199  0.92330968967547533
  0.93354732454162315  0.94347290258094274  0.95311594632407426  0.96259865802507139
  0.97161887386626355  0.98078724425859776  0.99017317920752634  1.00000000000000000
 -0.00143357601668354  0.00703821387415302  0.01413556510582228  0.02042936034240868
  0.02641488904529491  0.03198652720495784  0.03747757380469158  0.04278612525869360
  0.04792807906486621  0.05291896854752612  0.05776069930747357  0.06270659378435817
  0.06791130041713406  0.07327298718974416  0.07841497007547381  0.08364887872184186
  0.08908791312767295  0.09462440880202913  0.10024255421009033  0.10585501576432173
  0.11124163105028287  0.11660238705156363  0.12180386979824000  0.12695320389022044
  0.13213434657331780  0.13744634217145271  0.14283612747964958  0.14796005929381736
  0.15295040814036068  0.15783330151418565  0.16282219717913374  0.16784947433242203
  0.17283422956630481  0.17789870477344366  0.18282008495891816  0.18788731415776311
  0.19330004171302684  0.19878330557051027  0.20422375201235562  0.20967627114183676
  0.21518251471843045  0.22066105878517775  0.22632515146686061  0.23226657890274438
  0.23856173827294225  0.24510642002813202  0.25176229307526599  0.25846052456956653
  0.26519420920848158  0.27205954381903458  0.27912267596639756  0.28610414207576323
  0.29265003073034185  0.29906522637929311  0.30553838484340723  0.31222739255622478
  0.31926153118836087  0.32646387763012163  0.33370255917694347  0.34103856423403189
  0.34815195551397926  0.35599067280137520  0.36487521125350314  0.37415915392547472
  0.38334102101716605  0.39239219674734493  0.40139872189694253  0.41062233577095997
  0.42016592525586732  0.43019747030340427  0.44080222283849851  0.45185255968122645
  0.46240389721124614  0.47269913812841657  0.48318374060991276  0.49386348018811538
  0.50513540885154495  0.51736266225742589  0.53088651074889281  0.54517273253260201
  0.55956705630820003  0.57378917328770762  0.58778588743281612  0.60195235584165374
  0.61718010695282044  0.63365020434372843  0.65173053008489501  0.67134571544138866
  0.69147641887975497  0.71307091652527055  0.73587670050230336  0.76213775798448846
  0.79624772517735931  0.83921396449849295  0.89299337780669230  1.00000000000000000
 -0.01728876414204833  0.11794151436454015  0.15580312242498315  0.18107986761310768
  0.20184844356931023  0.22064365915582498  0.23844524164498809  0.25531065898572747
  0.27096372729626311  0.28557139560006933  0.29899801182149133  0.31132103545321094
  0.32278086641011372  0.33376407481671316  0.34445767247897763  0.35468016219623200
  0.36444342366916621  0.37399183836583161  0.38313789145887156  0.39177206059464093
  0.40019428026204940  0.40856792341736758  0.41671612065335167  0.42486180998090739
  0.43288579248610165  0.44117335319421702  0.44950429203956543  0.45761871056872760
  0.46581473496313186  0.47414504194659485  0.48256548874629801  0.49103548475840553
  0.49941959503899430  0.50750315089715869  0.51571453717176330  0.52318148437142742
  0.53041697897955919  0.53742523443598111  0.54416470501512659  0.55062183343950311
  0.55735535876728459  0.56394962866742449  0.57046750248196443  0.57690871062038052
  0.58326520428849415  0.58948071625293663  0.59595484777428231  0.60222622311392859
  0.60877538004861975  0.61498998755326784  0.62092285323698115  0.62709815118990320
  0.63360843026790692  0.64026043395749099  0.64705309860855109  0.65430722477862657
  0.66185533849476119  0.66892720378607518  0.67592357416799276  0.68275619602008730
  0.68928627057792657  0.69559049148664132  0.70173533690214440  0.70757008699974366
  0.71349795703784191  0.71947264203323058  0.72556646210062248  0.73156635133289427
  0.73686327416723740  0.74215012440668893  0.74731075161552363  0.75283941174425228
  0.75844761346023915  0.76400015217902550  0.76962731731239620  0.77534984543702856
  0.78114690952278798  0.78703986491680722  0.79332901169937731  0.80010933832860331
  0.80696733388382713  0.81367212459131888  0.82025078563843368  0.82689389593928020
  0.83363682332832589  0.84047898867732174  0.84740209709634540  0.85490640411111707
  0.86288789788772868  0.87111490145390169  0.88001456651173182  0.89046549846168610
  0.90235046377509143  0.91669495117394673  0.93956739242525689  1.00000000000000000
   2.0533697374812756E-014  -1.0000000000000000     
 T T T T T T T T
  <DiscreteSampler_grid>
  grouped_processes
  1 # 1 for a reference and 2 for a running grid.
  10 # Attribute 'min_bin_probing_points' of the grid.
  1 # Attribute 'grid_mode' of the grid. 1=='default',2=='initialization'
  0.0000000000000000 # Attribute 'small_contrib_threshold' of the grid.
  0.5000000000000000 # Attribute 'damping_power' of the grid.
 # binID   n_entries weight   weight_sqr   abs_weight
    10   10   8.518143552811743E-004   1.218443433401973E-006   8.518143552811743E-004
    11   10   8.518143552811743E-004   1.218443433401973E-006   8.518143552811743E-004
  </DiscreteSampler_grid>
