 -0.00002936189899315  0.00040090613019839  0.00119609956785146  0.00244998265118150
  0.00416978583711641  0.00638285170250223  0.00907546223013746  0.01224783805073850
  0.01566227586359002  0.01944124630755019  0.02372172229440195  0.02824599227128045
  0.03306520357994018  0.03821761186396630  0.04355238209490956  0.04906480372171505
  0.05459157984663639  0.06038673964606086  0.06635005191364761  0.07305342047793195
  0.07977595841710558  0.08656679980457871  0.09370270568215344  0.10095992198825592
  0.10848889225613677  0.11625159184106194  0.12393007806406874  0.13236290024938982
  0.14137758848420151  0.15042571623318371  0.15989271535324506  0.16957152398783892
  0.17912801641557166  0.18873215580973998  0.19836379739959378  0.20800559802503379
  0.21775909687939779  0.22773176445264984  0.23792913558175077  0.24834835703427657
  0.25906659335861049  0.27005812294700376  0.28148356781765099  0.29337664654734846
  0.30536579393090313  0.31695297045617526  0.32819920345322684  0.33923807180413801
  0.35023026709040228  0.36134604503820378  0.37273363650448238  0.38441599323177567
  0.39606918917171341  0.40746244621344441  0.41878318920475810  0.42991454689370878
  0.44173968246122614  0.45416881714145352  0.46687929220531671  0.47990425569010753
  0.49294601621411621  0.50719233773437111  0.52121882722474222  0.53510231857492951
  0.54899923070297540  0.56295761965229441  0.57655762806961175  0.59016895016057191
  0.60370595158610030  0.61675877336972762  0.62940851632851702  0.64198018152027569
  0.65454146686386483  0.66776809561259132  0.68104807655570954  0.69478835639596992
  0.70900591670767577  0.72335693372187282  0.73777766683443535  0.75288860308557015
  0.76762045988598326  0.78187727532040330  0.79608611559902431  0.81079994293217172
  0.82612617037855107  0.84196832082683593  0.85817292578320437  0.87404767789924931
  0.88996335708704322  0.90592588905447657  0.92193785396396710  0.93794171658217085
  0.95370914926115902  0.96927827068869277  0.98468902265536729  1.00000000000000000
 -0.00304953961795778  0.01178550559606773  0.02301952826714704  0.03242434147262457
  0.04200413163818354  0.05127974025609922  0.06028374459698170  0.06924000943573572
  0.07805581650471005  0.08888230669793717  0.10100043480053117  0.11321826801779301
  0.12513424796740069  0.13731224633767103  0.14942062449698584  0.16171306399733662
  0.17389927802251259  0.18609701798516717  0.19779255345771934  0.20885249501443165
  0.21953199805208587  0.23022868792369761  0.24080343320351313  0.25107735538273707
  0.26151405136687772  0.27256131054186084  0.28389074905917533  0.29488566839160829
  0.30566780571224611  0.31645284067910573  0.32733675063554624  0.33871674938178420
  0.35055153668944017  0.36204760890537407  0.37337563013179709  0.38438046153107575
  0.39519652970321961  0.40654974922432285  0.41703763875746030  0.42671465991235219
  0.43576002154613108  0.44501166293379185  0.45451436994691857  0.46434321432385384
  0.47388761060533163  0.48457190659950222  0.49623676770724207  0.50723602760903419
  0.51761358406456004  0.52756276239559263  0.53782958572566808  0.54817627260608004
  0.55854320181377293  0.56852606516023574  0.57912483743896703  0.58953328889621659
  0.59973565200172019  0.60932257352527064  0.61847057501254799  0.62757414011653945
  0.63679300655306337  0.64641704063583949  0.65622125052192704  0.66573139324815955
  0.67575615630468466  0.68632952284715354  0.69833653436283671  0.71049979542048314
  0.72232822221409165  0.73310392511407640  0.74301273892227104  0.75310469297177618
  0.76346245225531728  0.77345801222522270  0.78330833953187196  0.79310695063462633
  0.80386924815505034  0.81393497103355184  0.82318828719691706  0.83175634705329782
  0.84145328537765729  0.85103148168447407  0.86067393473438691  0.86992925782997244
  0.87969001747017050  0.89040764233460679  0.90132980069431201  0.91224928234663871
  0.92342383293122932  0.93499167195211930  0.94685813955108333  0.95834460009205868
  0.96881689675618110  0.97930582573168934  0.98962247331146791  1.00000000000000000
 -0.00104305053503320  0.00773938064718197  0.01488194589027043  0.02134873809301409
  0.02704574972021536  0.03249359659260993  0.03794946268758134  0.04329544850428466
  0.04861303381293925  0.05386631418721058  0.05891485121411521  0.06376394141958669
  0.06847580816224826  0.07288209501379210  0.07722192521040132  0.08150048077179353
  0.08583612642028063  0.09017418219329161  0.09471697795556459  0.09945598318295594
  0.10424733283503032  0.10909871048997170  0.11391482863933688  0.11846450188739023
  0.12285882153295977  0.12743046326183222  0.13212147153497972  0.13686091286629076
  0.14171435608835922  0.14690871798550226  0.15249809285846364  0.15805058852130138
  0.16338954419186510  0.16891460567294975  0.17471535554948359  0.18061322128723067
  0.18667665566301889  0.19293353181060660  0.19930302924814097  0.20561051197602659
  0.21177571277034565  0.21764865499265998  0.22374894049888752  0.22990884241341752
  0.23593615536868753  0.24177961418780672  0.24762037584938298  0.25352138039313948
  0.25926925120871591  0.26507423964301918  0.27094911284537598  0.27701933819853874
  0.28345721981050354  0.29008878087612866  0.29686291708831658  0.30384532966279337
  0.31086132352634055  0.31818392538388401  0.32550112249815882  0.33252517462541475
  0.33950951777861971  0.34660002130702544  0.35379418779989297  0.36120549181319611
  0.36881328532866331  0.37691799963328654  0.38547651982610437  0.39445981600345931
  0.40335577694092961  0.41210152101570985  0.42084901851435746  0.42977317474803389
  0.43883545691602815  0.44838118102697727  0.45864234502462242  0.46960508558363173
  0.48053884726308554  0.49109162471374379  0.50263876611738845  0.51593292712928041
  0.52978529567486898  0.54406013886890536  0.55902272868173619  0.57384884593103647
  0.58952987446043392  0.60594207503972641  0.62362137742546009  0.64275523796770984
  0.66486188272762581  0.69262135332785080  0.72209918737726997  0.75168533805982540
  0.78228868571292465  0.81958264258283597  0.87491297489608344  1.00000000000000000
 -0.01408533554399553  0.08593959452396688  0.12023274385695279  0.14515733878852019
  0.16592174883287394  0.18206876864024577  0.19501163157213283  0.20663174160130870
  0.21768235543073017  0.22837001804534290  0.23902669639733717  0.24942745724505647
  0.25961228001304798  0.26931606232480154  0.27824997615548763  0.28685920943720516
  0.29499161397535340  0.30229556104241906  0.30956176931171320  0.31671356545371859
  0.32365173007714726  0.33046359907960093  0.33726842187323081  0.34386251216282504
  0.35035056850890389  0.35688792874586767  0.36369672895705246  0.37057635685497325
  0.37717070009780990  0.38347721085021891  0.38978779945450975  0.39628915072152276
  0.40269413586369734  0.40898042177840449  0.41539120010405067  0.42148149673507457
  0.42749304495839568  0.43355631997750188  0.43965789766720376  0.44592319764109534
  0.45262391606082947  0.45932323280750809  0.46581854385113797  0.47215185364904688
  0.47835465724157805  0.48440890110680751  0.49029145761780774  0.49597947854102453
  0.50140544348574900  0.50654863975769560  0.51163390277225917  0.51691837347488578
  0.52282029696766807  0.52912397514538712  0.53552117329540727  0.54186304228693594
  0.54816757060519106  0.55452508708656334  0.56078788632037957  0.56648813215112237
  0.57203713491667019  0.57762132150737944  0.58343949866151756  0.58956507724051155
  0.59605551370541043  0.60270203974356018  0.60906382185783714  0.61511653308768321
  0.62117719945946825  0.62731881629807440  0.63377364814067982  0.64031456035168177
  0.64687403175386249  0.65358994794361691  0.66063270745756941  0.66846564450418089
  0.67677369253184450  0.68485077706008768  0.69272542267236981  0.70077917105452281
  0.70928817065477945  0.71810850893342082  0.72699659437641251  0.73681166638600459
  0.74665804131976765  0.75868117497619747  0.77121899605654953  0.78262006790839622
  0.79499563683302854  0.80825511972169195  0.82294861397330410  0.83923406852841387
  0.85846170302262159  0.88071626759373722  0.91405400863786690  1.00000000000000000
   1.4755058712234921E-012  -1.0000000000000000     
 T T T T T T T T
  <DiscreteSampler_grid>
  grouped_processes
  1 # 1 for a reference and 2 for a running grid.
  10 # Attribute 'min_bin_probing_points' of the grid.
  1 # Attribute 'grid_mode' of the grid. 1=='default',2=='initialization'
  0.0000000000000000 # Attribute 'small_contrib_threshold' of the grid.
  0.5000000000000000 # Attribute 'damping_power' of the grid.
 # binID   n_entries weight   weight_sqr   abs_weight
    10   10   2.720133642752937E-001   1.346733967437415E-001   2.720133642752937E-001
    11   10   2.720133642752937E-001   1.346733967437415E-001   2.720133642752937E-001
  </DiscreteSampler_grid>
